5.679999828338623047e+00 -1.940000057220458984e+00 7.730000019073486328e+00 -6.750000000000000000e+00 3.375000000000000000e+00 -3.950000000000000000e+01 -6.250000000000000000e-02 6.250000000000000000e-02 -6.250000000000000000e-02
5.659999847412109375e+00 -1.929999947547912598e+00 7.719999790191650391e+00 -6.750000000000000000e+00 3.375000000000000000e+00 -3.950000000000000000e+01 -1.250000000000000000e-01 -6.250000000000000000e-02 0.000000000000000000e+00
5.690000057220458984e+00 -1.929999947547912598e+00 7.699999809265136719e+00 -6.750000000000000000e+00 3.375000000000000000e+00 -3.950000000000000000e+01 -6.250000000000000000e-02 1.250000000000000000e-01 -6.250000000000000000e-02
5.679999828338623047e+00 -1.929999947547912598e+00 7.730000019073486328e+00 -6.750000000000000000e+00 3.375000000000000000e+00 -3.950000000000000000e+01 -6.250000000000000000e-02 1.875000000000000000e-01 -1.250000000000000000e-01
5.679999828338623047e+00 -1.950000047683715820e+00 7.710000038146972656e+00 -6.750000000000000000e+00 3.375000000000000000e+00 -3.950000000000000000e+01 0.000000000000000000e+00 -6.250000000000000000e-02 0.000000000000000000e+00
5.670000076293945312e+00 -1.940000057220458984e+00 7.690000057220458984e+00 -7.187500000000000000e+00 3.062500000000000000e+00 -3.868750000000000000e+01 0.000000000000000000e+00 -6.250000000000000000e-02 0.000000000000000000e+00
5.679999828338623047e+00 -1.940000057220458984e+00 7.699999809265136719e+00 -7.187500000000000000e+00 3.062500000000000000e+00 -3.868750000000000000e+01 0.000000000000000000e+00 -1.875000000000000000e-01 6.250000000000000000e-02
5.690000057220458984e+00 -1.929999947547912598e+00 7.679999828338623047e+00 -7.187500000000000000e+00 3.062500000000000000e+00 -3.868750000000000000e+01 0.000000000000000000e+00 -6.250000000000000000e-02 0.000000000000000000e+00
5.679999828338623047e+00 -1.940000057220458984e+00 7.719999790191650391e+00 -7.187500000000000000e+00 3.062500000000000000e+00 -3.868750000000000000e+01 6.250000000000000000e-02 0.000000000000000000e+00 0.000000000000000000e+00
5.690000057220458984e+00 -1.940000057220458984e+00 7.710000038146972656e+00 -7.187500000000000000e+00 3.062500000000000000e+00 -3.868750000000000000e+01 0.000000000000000000e+00 1.250000000000000000e-01 -6.250000000000000000e-02
5.710000038146972656e+00 -1.929999947547912598e+00 7.739999771118164062e+00 -6.000000000000000000e+00 3.062500000000000000e+00 -3.825000000000000000e+01 0.000000000000000000e+00 6.250000000000000000e-02 -1.250000000000000000e-01
5.690000057220458984e+00 -1.940000057220458984e+00 7.699999809265136719e+00 -6.000000000000000000e+00 3.062500000000000000e+00 -3.825000000000000000e+01 0.000000000000000000e+00 0.000000000000000000e+00 6.250000000000000000e-02
5.679999828338623047e+00 -1.940000057220458984e+00 7.710000038146972656e+00 -6.000000000000000000e+00 3.062500000000000000e+00 -3.825000000000000000e+01 -1.250000000000000000e-01 6.250000000000000000e-02 -6.250000000000000000e-02
5.679999828338623047e+00 -1.950000047683715820e+00 7.690000057220458984e+00 -6.000000000000000000e+00 3.062500000000000000e+00 -3.825000000000000000e+01 -1.250000000000000000e-01 6.250000000000000000e-02 6.250000000000000000e-02
5.670000076293945312e+00 -1.940000057220458984e+00 7.719999790191650391e+00 -6.000000000000000000e+00 3.062500000000000000e+00 -3.825000000000000000e+01 0.000000000000000000e+00 0.000000000000000000e+00 -6.250000000000000000e-02
5.679999828338623047e+00 -1.960000038146972656e+00 7.730000019073486328e+00 -7.187500000000000000e+00 3.375000000000000000e+00 -3.825000000000000000e+01 1.250000000000000000e-01 0.000000000000000000e+00 -2.500000000000000000e-01
5.699999809265136719e+00 -1.940000057220458984e+00 7.699999809265136719e+00 -7.187500000000000000e+00 3.375000000000000000e+00 -3.825000000000000000e+01 0.000000000000000000e+00 -1.250000000000000000e-01 1.250000000000000000e-01
5.670000076293945312e+00 -1.940000057220458984e+00 7.679999828338623047e+00 -7.187500000000000000e+00 3.375000000000000000e+00 -3.825000000000000000e+01 0.000000000000000000e+00 6.250000000000000000e-02 0.000000000000000000e+00
5.690000057220458984e+00 -1.960000038146972656e+00 7.690000057220458984e+00 -7.187500000000000000e+00 3.375000000000000000e+00 -3.825000000000000000e+01 1.250000000000000000e-01 -1.250000000000000000e-01 -6.250000000000000000e-02
5.690000057220458984e+00 -1.940000057220458984e+00 7.719999790191650391e+00 -7.187500000000000000e+00 3.375000000000000000e+00 -3.825000000000000000e+01 -6.250000000000000000e-02 -6.250000000000000000e-02 6.250000000000000000e-02
5.690000057220458984e+00 -1.919999957084655762e+00 7.719999790191650391e+00 -6.375000000000000000e+00 1.875000000000000000e+00 -3.787500000000000000e+01 -1.875000000000000000e-01 0.000000000000000000e+00 6.250000000000000000e-02
5.690000057220458984e+00 -1.940000057220458984e+00 7.699999809265136719e+00 -6.375000000000000000e+00 1.875000000000000000e+00 -3.787500000000000000e+01 0.000000000000000000e+00 -6.250000000000000000e-02 6.250000000000000000e-02
5.690000057220458984e+00 -1.940000057220458984e+00 7.690000057220458984e+00 -6.375000000000000000e+00 1.875000000000000000e+00 -3.787500000000000000e+01 -6.250000000000000000e-02 6.250000000000000000e-02 0.000000000000000000e+00
5.679999828338623047e+00 -1.940000057220458984e+00 7.699999809265136719e+00 -6.375000000000000000e+00 1.875000000000000000e+00 -3.787500000000000000e+01 1.250000000000000000e-01 -1.250000000000000000e-01 -1.250000000000000000e-01
5.690000057220458984e+00 -1.929999947547912598e+00 7.719999790191650391e+00 -6.375000000000000000e+00 1.875000000000000000e+00 -3.787500000000000000e+01 6.250000000000000000e-02 1.250000000000000000e-01 -6.250000000000000000e-02
5.690000057220458984e+00 -1.950000047683715820e+00 7.699999809265136719e+00 -6.375000000000000000e+00 2.250000000000000000e+00 -3.787500000000000000e+01 -6.250000000000000000e-02 1.250000000000000000e-01 -6.250000000000000000e-02
5.679999828338623047e+00 -1.950000047683715820e+00 7.710000038146972656e+00 -6.375000000000000000e+00 2.250000000000000000e+00 -3.787500000000000000e+01 0.000000000000000000e+00 6.250000000000000000e-02 6.250000000000000000e-02
5.690000057220458984e+00 -1.919999957084655762e+00 7.690000057220458984e+00 -6.375000000000000000e+00 2.250000000000000000e+00 -3.787500000000000000e+01 6.250000000000000000e-02 6.250000000000000000e-02 -1.250000000000000000e-01
5.690000057220458984e+00 -2.000000000000000000e+00 7.699999809265136719e+00 -6.375000000000000000e+00 2.250000000000000000e+00 -3.787500000000000000e+01 6.250000000000000000e-02 0.000000000000000000e+00 -6.250000000000000000e-02
5.750000000000000000e+00 -2.109999895095825195e+00 7.679999828338623047e+00 -6.375000000000000000e+00 2.250000000000000000e+00 -3.787500000000000000e+01 0.000000000000000000e+00 0.000000000000000000e+00 0.000000000000000000e+00
6.010000228881835938e+00 -2.269999980926513672e+00 7.539999961853027344e+00 -7.500000000000000000e+00 3.062500000000000000e+00 -3.868750000000000000e+01 6.250000000000000000e-02 4.375000000000000000e-01 -6.250000000000000000e-02
5.949999809265136719e+00 -2.839999914169311523e+00 7.630000114440917969e+00 -7.500000000000000000e+00 3.062500000000000000e+00 -3.868750000000000000e+01 1.875000000000000000e-01 1.000000000000000000e+00 3.125000000000000000e-01
6.440000057220458984e+00 -3.519999980926513672e+00 7.429999828338623047e+00 -7.500000000000000000e+00 3.062500000000000000e+00 -3.868750000000000000e+01 -7.500000000000000000e-01 2.062500000000000000e+00 8.125000000000000000e-01
6.519999980926513672e+00 -3.789999961853027344e+00 7.679999828338623047e+00 -7.500000000000000000e+00 3.062500000000000000e+00 -3.868750000000000000e+01 -1.250000000000000000e-01 3.937500000000000000e+00 2.437500000000000000e+00
6.489999771118164062e+00 -3.819999933242797852e+00 8.079999923706054688e+00 -7.500000000000000000e+00 3.062500000000000000e+00 -3.868750000000000000e+01 -1.562500000000000000e+00 3.937500000000000000e+00 1.181250000000000000e+01
6.760000228881835938e+00 -4.429999828338623047e+00 7.829999923706054688e+00 -6.750000000000000000e+00 2.250000000000000000e+00 -3.787500000000000000e+01 0.000000000000000000e+00 9.375000000000000000e-01 3.462500000000000000e+01
7.630000114440917969e+00 -8.090000152587890625e+00 6.460000038146972656e+00 -6.750000000000000000e+00 2.250000000000000000e+00 -3.787500000000000000e+01 1.150000000000000000e+01 -4.187500000000000000e+00 7.243750000000000000e+01
9.069999694824218750e+00 -9.060000419616699219e+00 5.980000019073486328e+00 -6.750000000000000000e+00 2.250000000000000000e+00 -3.787500000000000000e+01 2.987500000000000000e+01 -6.937500000000000000e+00 1.221875000000000000e+02
9.779999732971191406e+00 -1.111999988555908203e+01 5.159999847412109375e+00 -6.750000000000000000e+00 2.250000000000000000e+00 -3.787500000000000000e+01 5.581250000000000000e+01 -7.312500000000000000e+00 1.751875000000000000e+02
5.840000152587890625e+00 -1.128999996185302734e+01 4.050000190734863281e+00 -6.750000000000000000e+00 2.250000000000000000e+00 -3.787500000000000000e+01 8.750000000000000000e+01 -7.937500000000000000e+00 2.226250000000000000e+02
5.150000095367431641e+00 -1.057999992370605469e+01 3.559999942779541016e+00 -7.500000000000000000e+00 3.750000000000000000e+00 -3.787500000000000000e+01 1.210625000000000000e+02 -2.025000000000000000e+01 2.609375000000000000e+02
4.719999790191650391e+00 -1.043999958038330078e+01 4.190000057220458984e+00 -7.500000000000000000e+00 3.750000000000000000e+00 -3.787500000000000000e+01 1.502500000000000000e+02 -3.975000000000000000e+01 2.929375000000000000e+02
5.650000095367431641e+00 -8.409999847412109375e+00 5.110000133514404297e+00 -7.500000000000000000e+00 3.750000000000000000e+00 -3.787500000000000000e+01 1.727500000000000000e+02 -5.668750000000000000e+01 3.120625000000000000e+02
5.449999809265136719e+00 -1.740000009536743164e+00 8.010000228881835938e+00 -7.500000000000000000e+00 3.750000000000000000e+00 -3.787500000000000000e+01 1.858750000000000000e+02 -6.487500000000000000e+01 3.169375000000000000e+02
6.469999790191650391e+00 6.000000238418579102e-01 8.819999694824218750e+00 -7.500000000000000000e+00 3.750000000000000000e+00 -3.787500000000000000e+01 1.836875000000000000e+02 -6.575000000000000000e+01 3.151875000000000000e+02
6.519999980926513672e+00 2.299999952316284180e+00 9.439999580383300781e+00 -7.500000000000000000e+00 1.562500000000000000e+00 -3.737500000000000000e+01 1.694375000000000000e+02 -6.137500000000000000e+01 3.058750000000000000e+02
7.050000190734863281e+00 3.920000076293945312e+00 9.090000152587890625e+00 -7.500000000000000000e+00 1.562500000000000000e+00 -3.737500000000000000e+01 1.508125000000000000e+02 -5.006250000000000000e+01 2.820625000000000000e+02
7.139999866485595703e+00 7.070000171661376953e+00 8.039999961853027344e+00 -7.500000000000000000e+00 1.562500000000000000e+00 -3.737500000000000000e+01 1.286875000000000000e+02 -3.968750000000000000e+01 2.460000000000000000e+02
7.489999771118164062e+00 7.969999790191650391e+00 7.909999847412109375e+00 -7.500000000000000000e+00 1.562500000000000000e+00 -3.737500000000000000e+01 1.037500000000000000e+02 -3.362500000000000000e+01 2.023125000000000000e+02
8.750000000000000000e+00 8.880000114440917969e+00 8.409999847412109375e+00 -7.500000000000000000e+00 1.562500000000000000e+00 -3.737500000000000000e+01 7.700000000000000000e+01 -2.587500000000000000e+01 1.540000000000000000e+02
8.750000000000000000e+00 8.880000114440917969e+00 8.409999847412109375e+00 -9.000000000000000000e+00 -2.875000000000000000e+00 -3.787500000000000000e+01 4.750000000000000000e+01 -1.206250000000000000e+01 1.088125000000000000e+02
8.560000419616699219e+00 7.199999809265136719e+00 8.810000419616699219e+00 -9.000000000000000000e+00 -2.875000000000000000e+00 -3.787500000000000000e+01 1.993750000000000000e+01 3.312500000000000000e+00 6.618750000000000000e+01
7.420000076293945312e+00 6.159999847412109375e+00 9.000000000000000000e+00 -9.000000000000000000e+00 -2.875000000000000000e+00 -3.787500000000000000e+01 -5.187500000000000000e+00 1.675000000000000000e+01 2.718750000000000000e+01
7.019999980926513672e+00 3.720000028610229492e+00 9.020000457763671875e+00 -9.000000000000000000e+00 -2.875000000000000000e+00 -3.787500000000000000e+01 -2.756250000000000000e+01 2.918750000000000000e+01 -2.500000000000000000e+00
3.960000038146972656e+00 -4.250000000000000000e+00 7.769999980926513672e+00 -9.000000000000000000e+00 -2.875000000000000000e+00 -3.787500000000000000e+01 -4.412500000000000000e+01 3.837500000000000000e+01 -1.081250000000000000e+01
3.960000038146972656e+00 -4.250000000000000000e+00 7.769999980926513672e+00 -1.037500000000000000e+01 -3.562500000000000000e+00 -3.706250000000000000e+01 -4.681250000000000000e+01 3.893750000000000000e+01 -6.812500000000000000e+00
2.089999914169311523e+00 -9.050000190734863281e+00 6.929999828338623047e+00 -1.037500000000000000e+01 -3.562500000000000000e+00 -3.706250000000000000e+01 -3.887500000000000000e+01 3.312500000000000000e+01 3.750000000000000000e-01
1.960000038146972656e+00 -9.680000305175781250e+00 6.610000133514404297e+00 -1.037500000000000000e+01 -3.562500000000000000e+00 -3.706250000000000000e+01 -2.387500000000000000e+01 2.331250000000000000e+01 6.062500000000000000e+00
3.059999942779541016e+00 -7.260000228881835938e+00 7.019999980926513672e+00 -1.037500000000000000e+01 -3.562500000000000000e+00 -3.706250000000000000e+01 -6.187500000000000000e+00 1.262500000000000000e+01 8.000000000000000000e+00
3.950000047683715820e+00 -4.670000076293945312e+00 7.550000190734863281e+00 -1.037500000000000000e+01 -3.562500000000000000e+00 -3.706250000000000000e+01 9.437500000000000000e+00 4.687500000000000000e+00 5.437500000000000000e+00
4.409999847412109375e+00 -2.259999990463256836e+00 8.159999847412109375e+00 -8.875000000000000000e+00 -3.250000000000000000e+00 -3.706250000000000000e+01 1.818750000000000000e+01 1.687500000000000000e+00 -1.625000000000000000e+00
5.179999828338623047e+00 3.000000119209289551e-01 8.739999771118164062e+00 -8.875000000000000000e+00 -3.250000000000000000e+00 -3.706250000000000000e+01 1.781250000000000000e+01 1.437500000000000000e+00 -8.625000000000000000e+00
5.780000209808349609e+00 5.000000074505805969e-02 8.579999923706054688e+00 -8.875000000000000000e+00 -3.250000000000000000e+00 -3.706250000000000000e+01 1.156250000000000000e+01 2.937500000000000000e+00 -1.525000000000000000e+01
5.840000152587890625e+00 -7.200000286102294922e-01 8.380000114440917969e+00 -8.875000000000000000e+00 -3.250000000000000000e+00 -3.706250000000000000e+01 4.375000000000000000e+00 6.875000000000000000e+00 -2.112500000000000000e+01
5.800000190734863281e+00 -1.429999947547912598e+00 8.210000038146972656e+00 -8.875000000000000000e+00 -3.250000000000000000e+00 -3.706250000000000000e+01 -6.875000000000000000e-01 1.187500000000000000e+01 -2.618750000000000000e+01
5.590000152587890625e+00 -1.769999980926513672e+00 8.289999961853027344e+00 -9.062500000000000000e+00 -2.500000000000000000e+00 -3.787500000000000000e+01 -3.750000000000000000e+00 1.512500000000000000e+01 -3.093750000000000000e+01
5.760000228881835938e+00 -2.049999952316284180e+00 8.300000190734863281e+00 -9.062500000000000000e+00 -2.500000000000000000e+00 -3.787500000000000000e+01 -6.750000000000000000e+00 1.762500000000000000e+01 -3.406250000000000000e+01
5.820000171661376953e+00 -2.099999904632568359e+00 8.140000343322753906e+00 -9.062500000000000000e+00 -2.500000000000000000e+00 -3.787500000000000000e+01 -9.312500000000000000e+00 2.050000000000000000e+01 -3.737500000000000000e+01
6.119999885559082031e+00 -1.690000057220458984e+00 8.180000305175781250e+00 -9.062500000000000000e+00 -2.500000000000000000e+00 -3.787500000000000000e+01 -1.087500000000000000e+01 2.343750000000000000e+01 -4.437500000000000000e+01
6.829999923706054688e+00 -1.179999947547912598e+00 8.090000152587890625e+00 -9.062500000000000000e+00 -2.500000000000000000e+00 -3.787500000000000000e+01 -1.212500000000000000e+01 2.637500000000000000e+01 -5.781250000000000000e+01
7.150000095367431641e+00 -3.199999928474426270e-01 8.130000114440917969e+00 -8.750000000000000000e+00 -2.875000000000000000e+00 -3.787500000000000000e+01 -1.450000000000000000e+01 3.181250000000000000e+01 -7.587500000000000000e+01
7.469999790191650391e+00 9.200000166893005371e-01 8.210000038146972656e+00 -8.750000000000000000e+00 -2.875000000000000000e+00 -3.787500000000000000e+01 -1.968750000000000000e+01 3.900000000000000000e+01 -9.593750000000000000e+01
6.909999847412109375e+00 2.420000076293945312e+00 8.210000038146972656e+00 -8.750000000000000000e+00 -2.875000000000000000e+00 -3.787500000000000000e+01 -2.818750000000000000e+01 4.575000000000000000e+01 -1.151875000000000000e+02
6.309999942779541016e+00 3.119999885559082031e+00 8.350000381469726562e+00 -8.750000000000000000e+00 -2.875000000000000000e+00 -3.787500000000000000e+01 -3.925000000000000000e+01 5.168750000000000000e+01 -1.345625000000000000e+02
6.280000209808349609e+00 3.009999990463256836e+00 8.079999923706054688e+00 -8.750000000000000000e+00 -2.875000000000000000e+00 -3.787500000000000000e+01 -5.175000000000000000e+01 5.512500000000000000e+01 -1.546250000000000000e+02
5.880000114440917969e+00 2.809999942779541016e+00 7.739999771118164062e+00 -8.000000000000000000e+00 -2.875000000000000000e+00 -3.825000000000000000e+01 -6.481250000000000000e+01 5.718750000000000000e+01 -1.753125000000000000e+02
5.880000114440917969e+00 1.990000009536743164e+00 7.239999771118164062e+00 -8.000000000000000000e+00 -2.875000000000000000e+00 -3.825000000000000000e+01 -7.712500000000000000e+01 5.681250000000000000e+01 -1.966875000000000000e+02
6.320000171661376953e+00 1.230000019073486328e+00 7.130000114440917969e+00 -8.000000000000000000e+00 -2.875000000000000000e+00 -3.825000000000000000e+01 -8.818750000000000000e+01 5.693750000000000000e+01 -2.176250000000000000e+02
6.349999904632568359e+00 7.500000000000000000e-01 7.230000019073486328e+00 -8.000000000000000000e+00 -2.875000000000000000e+00 -3.825000000000000000e+01 -9.781250000000000000e+01 5.656250000000000000e+01 -2.327500000000000000e+02
6.230000019073486328e+00 -1.009999990463256836e+00 7.150000095367431641e+00 -8.000000000000000000e+00 -2.875000000000000000e+00 -3.825000000000000000e+01 -1.081875000000000000e+02 5.581250000000000000e+01 -2.395000000000000000e+02
6.230000019073486328e+00 -1.009999990463256836e+00 7.150000095367431641e+00 -4.687500000000000000e+00 -2.875000000000000000e+00 -3.868750000000000000e+01 -1.153125000000000000e+02 5.531250000000000000e+01 -2.386875000000000000e+02
5.070000171661376953e+00 -3.930000066757202148e+00 6.940000057220458984e+00 -4.687500000000000000e+00 -2.875000000000000000e+00 -3.868750000000000000e+01 -1.180000000000000000e+02 5.331250000000000000e+01 -2.336250000000000000e+02
4.869999885559082031e+00 -4.920000076293945312e+00 6.639999866485595703e+00 -4.687500000000000000e+00 -2.875000000000000000e+00 -3.868750000000000000e+01 -1.163125000000000000e+02 4.937500000000000000e+01 -2.276250000000000000e+02
2.880000114440917969e+00 -6.650000095367431641e+00 7.369999885559082031e+00 -4.687500000000000000e+00 -2.875000000000000000e+00 -3.868750000000000000e+01 -1.120000000000000000e+02 4.387500000000000000e+01 -2.186875000000000000e+02
3.089999914169311523e+00 -7.670000076293945312e+00 7.210000038146972656e+00 -4.687500000000000000e+00 -2.875000000000000000e+00 -3.868750000000000000e+01 -1.063750000000000000e+02 3.556250000000000000e+01 -2.040625000000000000e+02
3.089999914169311523e+00 -7.670000076293945312e+00 7.210000038146972656e+00 -3.562500000000000000e+00 7.500000000000000000e-01 -3.787500000000000000e+01 -9.856250000000000000e+01 2.631250000000000000e+01 -1.836875000000000000e+02
2.539999961853027344e+00 -8.220000267028808594e+00 7.460000038146972656e+00 -3.562500000000000000e+00 7.500000000000000000e-01 -3.787500000000000000e+01 -8.831250000000000000e+01 1.700000000000000000e+01 -1.595000000000000000e+02
1.620000004768371582e+00 -9.850000381469726562e+00 7.059999942779541016e+00 -3.562500000000000000e+00 7.500000000000000000e-01 -3.787500000000000000e+01 -7.456250000000000000e+01 5.812500000000000000e+00 -1.318125000000000000e+02
9.900000095367431641e-01 -1.006000041961669922e+01 6.929999828338623047e+00 -3.562500000000000000e+00 7.500000000000000000e-01 -3.787500000000000000e+01 -5.818750000000000000e+01 -6.437500000000000000e+00 -1.020625000000000000e+02
4.699999988079071045e-01 -1.006000041961669922e+01 6.949999809265136719e+00 -3.562500000000000000e+00 7.500000000000000000e-01 -3.787500000000000000e+01 -4.081250000000000000e+01 -2.150000000000000000e+01 -7.162500000000000000e+01
4.699999988079071045e-01 -1.006000041961669922e+01 6.949999809265136719e+00 -2.500000000000000000e+00 3.062500000000000000e+00 -3.906250000000000000e+01 -2.375000000000000000e+01 -3.956250000000000000e+01 -4.287500000000000000e+01
1.049999952316284180e+00 -8.779999732971191406e+00 6.829999923706054688e+00 -2.500000000000000000e+00 3.062500000000000000e+00 -3.906250000000000000e+01 -5.375000000000000000e+00 -6.006250000000000000e+01 -1.762500000000000000e+01
1.610000014305114746e+00 -6.489999771118164062e+00 6.829999923706054688e+00 -2.500000000000000000e+00 3.062500000000000000e+00 -3.906250000000000000e+01 1.187500000000000000e+01 -7.843750000000000000e+01 -2.625000000000000000e+00
2.640000104904174805e+00 -3.029999971389770508e+00 7.449999809265136719e+00 -2.500000000000000000e+00 3.062500000000000000e+00 -3.906250000000000000e+01 2.418750000000000000e+01 -9.250000000000000000e+01 -7.125000000000000000e+00
7.000000000000000000e+00 -2.799999952316284180e+00 9.880000114440917969e+00 -2.500000000000000000e+00 3.062500000000000000e+00 -3.906250000000000000e+01 2.856250000000000000e+01 -1.023750000000000000e+02 -1.793750000000000000e+01
7.000000000000000000e+00 -2.799999952316284180e+00 9.880000114440917969e+00 -4.687500000000000000e+00 4.562500000000000000e+00 -3.706250000000000000e+01 3.962500000000000000e+01 -1.063125000000000000e+02 -3.831250000000000000e+01
1.814999961853027344e+01 -2.509999990463256836e+00 1.189999961853027344e+01 -4.687500000000000000e+00 4.562500000000000000e+00 -3.706250000000000000e+01 3.337500000000000000e+01 -7.306250000000000000e+01 -5.743750000000000000e+01
1.075000000000000000e+01 1.289999961853027344e+00 3.400000095367431641e+00 -4.687500000000000000e+00 4.562500000000000000e+00 -3.706250000000000000e+01 1.187500000000000000e+00 3.137500000000000000e+01 -1.468750000000000000e+01
5.820000171661376953e+00 -3.240000009536743164e+00 9.020000457763671875e+00 -4.687500000000000000e+00 4.562500000000000000e+00 -3.706250000000000000e+01 2.500000000000000000e+00 3.531250000000000000e+01 -5.250000000000000000e+00
1.143000030517578125e+01 -4.389999866485595703e+00 6.710000038146972656e+00 -4.687500000000000000e+00 4.562500000000000000e+00 -3.706250000000000000e+01 6.250000000000000000e-02 -1.856250000000000000e+01 -1.875000000000000000e-01
