5.500000000000000000e+00 -1.860000014305114746e+00 7.849999904632568359e+00 -5.750000000000000000e+00 5.000000000000000000e-01 -4.025000000000000000e+01 6.250000000000000000e-02 -6.250000000000000000e-02 1.250000000000000000e-01
5.519999980926513672e+00 -1.870000004768371582e+00 7.820000171661376953e+00 -5.750000000000000000e+00 5.000000000000000000e-01 -4.025000000000000000e+01 1.250000000000000000e-01 -2.500000000000000000e-01 6.250000000000000000e-02
5.530000209808349609e+00 -1.870000004768371582e+00 7.860000133514404297e+00 -5.750000000000000000e+00 5.000000000000000000e-01 -4.025000000000000000e+01 6.250000000000000000e-02 -1.250000000000000000e-01 6.250000000000000000e-02
5.510000228881835938e+00 -1.870000004768371582e+00 7.849999904632568359e+00 -5.750000000000000000e+00 5.000000000000000000e-01 -4.025000000000000000e+01 0.000000000000000000e+00 -1.250000000000000000e-01 0.000000000000000000e+00
5.530000209808349609e+00 -1.899999976158142090e+00 7.829999923706054688e+00 -5.750000000000000000e+00 5.000000000000000000e-01 -4.025000000000000000e+01 -6.250000000000000000e-02 0.000000000000000000e+00 6.250000000000000000e-02
5.530000209808349609e+00 -1.889999985694885254e+00 7.820000171661376953e+00 -6.187500000000000000e+00 -1.875000000000000000e-01 -3.950000000000000000e+01 0.000000000000000000e+00 -1.875000000000000000e-01 6.250000000000000000e-02
5.539999961853027344e+00 -1.899999976158142090e+00 7.849999904632568359e+00 -6.187500000000000000e+00 -1.875000000000000000e-01 -3.950000000000000000e+01 0.000000000000000000e+00 -2.500000000000000000e-01 1.250000000000000000e-01
5.519999980926513672e+00 -1.870000004768371582e+00 7.820000171661376953e+00 -6.187500000000000000e+00 -1.875000000000000000e-01 -3.950000000000000000e+01 0.000000000000000000e+00 6.250000000000000000e-02 -6.250000000000000000e-02
5.539999961853027344e+00 -1.889999985694885254e+00 7.840000152587890625e+00 -6.187500000000000000e+00 -1.875000000000000000e-01 -3.950000000000000000e+01 -6.250000000000000000e-02 6.250000000000000000e-02 6.250000000000000000e-02
5.510000228881835938e+00 -1.879999995231628418e+00 7.849999904632568359e+00 -6.187500000000000000e+00 -1.875000000000000000e-01 -3.950000000000000000e+01 6.250000000000000000e-02 6.250000000000000000e-02 0.000000000000000000e+00
5.519999980926513672e+00 -1.870000004768371582e+00 7.829999923706054688e+00 -5.750000000000000000e+00 5.000000000000000000e-01 -3.906250000000000000e+01 0.000000000000000000e+00 6.250000000000000000e-02 6.250000000000000000e-02
5.500000000000000000e+00 -1.889999985694885254e+00 7.820000171661376953e+00 -5.750000000000000000e+00 5.000000000000000000e-01 -3.906250000000000000e+01 6.250000000000000000e-02 0.000000000000000000e+00 6.250000000000000000e-02
5.519999980926513672e+00 -1.860000014305114746e+00 7.789999961853027344e+00 -5.750000000000000000e+00 5.000000000000000000e-01 -3.906250000000000000e+01 -1.875000000000000000e-01 1.875000000000000000e-01 -6.250000000000000000e-02
5.519999980926513672e+00 -1.879999995231628418e+00 7.840000152587890625e+00 -5.750000000000000000e+00 5.000000000000000000e-01 -3.906250000000000000e+01 0.000000000000000000e+00 6.250000000000000000e-02 0.000000000000000000e+00
5.519999980926513672e+00 -1.860000014305114746e+00 7.829999923706054688e+00 -5.750000000000000000e+00 5.000000000000000000e-01 -3.906250000000000000e+01 -6.250000000000000000e-02 0.000000000000000000e+00 0.000000000000000000e+00
5.500000000000000000e+00 -1.870000004768371582e+00 7.849999904632568359e+00 -6.187500000000000000e+00 5.000000000000000000e-01 -3.950000000000000000e+01 6.250000000000000000e-02 6.250000000000000000e-02 0.000000000000000000e+00
5.489999771118164062e+00 -1.899999976158142090e+00 7.849999904632568359e+00 -6.187500000000000000e+00 5.000000000000000000e-01 -3.950000000000000000e+01 1.250000000000000000e-01 -1.250000000000000000e-01 6.250000000000000000e-02
5.510000228881835938e+00 -1.870000004768371582e+00 7.820000171661376953e+00 -6.187500000000000000e+00 5.000000000000000000e-01 -3.950000000000000000e+01 1.875000000000000000e-01 -6.250000000000000000e-02 -6.250000000000000000e-02
5.530000209808349609e+00 -1.870000004768371582e+00 7.800000190734863281e+00 -6.187500000000000000e+00 5.000000000000000000e-01 -3.950000000000000000e+01 -6.250000000000000000e-02 -2.500000000000000000e-01 -6.250000000000000000e-02
5.519999980926513672e+00 -1.860000014305114746e+00 7.860000133514404297e+00 -6.187500000000000000e+00 5.000000000000000000e-01 -3.950000000000000000e+01 -6.250000000000000000e-02 -1.875000000000000000e-01 -1.250000000000000000e-01
5.510000228881835938e+00 -1.860000014305114746e+00 7.809999942779541016e+00 -5.750000000000000000e+00 1.250000000000000000e+00 -3.906250000000000000e+01 0.000000000000000000e+00 -1.250000000000000000e-01 6.250000000000000000e-02
5.519999980926513672e+00 -1.870000004768371582e+00 7.829999923706054688e+00 -5.750000000000000000e+00 1.250000000000000000e+00 -3.906250000000000000e+01 -1.875000000000000000e-01 -6.250000000000000000e-02 -1.250000000000000000e-01
5.480000019073486328e+00 -1.899999976158142090e+00 7.800000190734863281e+00 -5.750000000000000000e+00 1.250000000000000000e+00 -3.906250000000000000e+01 -6.250000000000000000e-02 6.250000000000000000e-02 0.000000000000000000e+00
4.639999866485595703e+00 -1.950000047683715820e+00 7.539999961853027344e+00 -5.750000000000000000e+00 1.250000000000000000e+00 -3.906250000000000000e+01 1.250000000000000000e-01 6.250000000000000000e-02 -1.875000000000000000e-01
3.630000114440917969e+00 -2.089999914169311523e+00 8.460000038146972656e+00 -5.750000000000000000e+00 1.250000000000000000e+00 -3.906250000000000000e+01 6.250000000000000000e-01 1.250000000000000000e-01 -1.437500000000000000e+00
4.190000057220458984e+00 -2.529999971389770508e+00 8.390000343322753906e+00 -5.750000000000000000e+00 1.250000000000000000e+00 -3.868750000000000000e+01 1.875000000000000000e+00 -2.250000000000000000e+00 -6.187500000000000000e+00
4.019999980926513672e+00 -2.230000019073486328e+00 8.710000038146972656e+00 -5.750000000000000000e+00 1.250000000000000000e+00 -3.868750000000000000e+01 2.312500000000000000e+00 -6.875000000000000000e+00 -1.200000000000000000e+01
4.969999790191650391e+00 -3.039999961853027344e+00 9.050000190734863281e+00 -5.750000000000000000e+00 1.250000000000000000e+00 -3.868750000000000000e+01 2.187500000000000000e+00 -1.237500000000000000e+01 -1.606250000000000000e+01
4.530000209808349609e+00 -2.640000104904174805e+00 9.810000419616699219e+00 -5.750000000000000000e+00 1.250000000000000000e+00 -3.868750000000000000e+01 2.187500000000000000e+00 -2.106250000000000000e+01 -1.775000000000000000e+01
4.150000095367431641e+00 -2.599999904632568359e+00 1.047000026702880859e+01 -5.750000000000000000e+00 1.250000000000000000e+00 -3.868750000000000000e+01 3.812500000000000000e+00 -3.050000000000000000e+01 -1.918750000000000000e+01
3.829999923706054688e+00 -5.099999904632568359e-01 1.226000022888183594e+01 -5.750000000000000000e+00 1.562500000000000000e+00 -3.875000000000000000e+01 1.625000000000000000e+00 -4.387500000000000000e+01 -2.056250000000000000e+01
4.949999809265136719e+00 -1.639999985694885254e+00 1.101000022888183594e+01 -5.750000000000000000e+00 1.562500000000000000e+00 -3.875000000000000000e+01 -1.137500000000000000e+01 -6.643750000000000000e+01 -2.050000000000000000e+01
4.369999885559082031e+00 -2.720000028610229492e+00 1.089000034332275391e+01 -5.750000000000000000e+00 1.562500000000000000e+00 -3.875000000000000000e+01 -2.168750000000000000e+01 -9.056250000000000000e+01 -2.062500000000000000e+01
4.260000228881835938e+00 -1.669999957084655762e+00 9.920000076293945312e+00 -5.750000000000000000e+00 1.562500000000000000e+00 -3.875000000000000000e+01 -2.081250000000000000e+01 -1.111250000000000000e+02 -1.887500000000000000e+01
5.119999885559082031e+00 -8.600000143051147461e-01 9.319999694824218750e+00 -5.750000000000000000e+00 1.562500000000000000e+00 -3.875000000000000000e+01 -1.687500000000000000e+01 -1.321875000000000000e+02 -1.856250000000000000e+01
4.969999790191650391e+00 -1.769999980926513672e+00 8.930000305175781250e+00 -7.562500000000000000e+00 5.000000000000000000e-01 -3.837500000000000000e+01 -2.081250000000000000e+01 -1.473125000000000000e+02 -1.787500000000000000e+01
6.130000114440917969e+00 -2.339999914169311523e+00 7.920000076293945312e+00 -7.562500000000000000e+00 5.000000000000000000e-01 -3.837500000000000000e+01 -2.393750000000000000e+01 -1.584375000000000000e+02 -1.850000000000000000e+01
7.579999923706054688e+00 -1.960000038146972656e+00 6.920000076293945312e+00 -7.562500000000000000e+00 5.000000000000000000e-01 -3.837500000000000000e+01 -2.287500000000000000e+01 -1.634375000000000000e+02 -2.031250000000000000e+01
6.980000019073486328e+00 -8.799999952316284180e-01 4.909999847412109375e+00 -7.562500000000000000e+00 5.000000000000000000e-01 -3.837500000000000000e+01 -2.243750000000000000e+01 -1.588750000000000000e+02 -1.975000000000000000e+01
7.579999923706054688e+00 -3.700000047683715820e-01 4.030000209808349609e+00 -7.562500000000000000e+00 5.000000000000000000e-01 -3.837500000000000000e+01 -2.575000000000000000e+01 -1.510625000000000000e+02 -1.600000000000000000e+01
8.420000076293945312e+00 -4.099999964237213135e-01 3.319999933242797852e+00 -1.200000000000000000e+01 1.562500000000000000e+00 -3.718750000000000000e+01 -3.162500000000000000e+01 -1.428750000000000000e+02 -1.275000000000000000e+01
8.210000038146972656e+00 -1.230000019073486328e+00 2.390000104904174805e+00 -1.200000000000000000e+01 1.562500000000000000e+00 -3.718750000000000000e+01 -3.775000000000000000e+01 -1.286250000000000000e+02 -8.812500000000000000e+00
8.449999809265136719e+00 -1.549999952316284180e+00 2.190000057220458984e+00 -1.200000000000000000e+01 1.562500000000000000e+00 -3.718750000000000000e+01 -3.950000000000000000e+01 -1.117500000000000000e+02 -5.687500000000000000e+00
8.989999771118164062e+00 -1.690000057220458984e+00 2.009999990463256836e+00 -1.200000000000000000e+01 1.562500000000000000e+00 -3.718750000000000000e+01 -3.787500000000000000e+01 -9.600000000000000000e+01 -2.812500000000000000e+00
9.010000228881835938e+00 -1.809999942779541016e+00 2.049999952316284180e+00 -1.200000000000000000e+01 1.562500000000000000e+00 -3.718750000000000000e+01 -3.406250000000000000e+01 -7.912500000000000000e+01 4.375000000000000000e-01
8.970000267028808594e+00 -1.879999995231628418e+00 2.029999971389770508e+00 -1.656250000000000000e+01 2.750000000000000000e+00 -3.600000000000000000e+01 -2.850000000000000000e+01 -6.143750000000000000e+01 2.437500000000000000e+00
9.220000267028808594e+00 -1.850000023841857910e+00 2.210000038146972656e+00 -1.656250000000000000e+01 2.750000000000000000e+00 -3.600000000000000000e+01 -2.187500000000000000e+01 -4.493750000000000000e+01 4.750000000000000000e+00
9.390000343322753906e+00 -1.720000028610229492e+00 2.400000095367431641e+00 -1.656250000000000000e+01 2.750000000000000000e+00 -3.600000000000000000e+01 -1.531250000000000000e+01 -2.906250000000000000e+01 6.875000000000000000e+00
9.119999885559082031e+00 -1.759999990463256836e+00 2.670000076293945312e+00 -1.656250000000000000e+01 2.750000000000000000e+00 -3.600000000000000000e+01 -9.375000000000000000e+00 -1.331250000000000000e+01 9.125000000000000000e+00
8.649999618530273438e+00 -1.379999995231628418e+00 3.180000066757202148e+00 -1.656250000000000000e+01 2.750000000000000000e+00 -3.600000000000000000e+01 -5.250000000000000000e+00 1.250000000000000000e+00 1.262500000000000000e+01
8.659999847412109375e+00 -1.909999966621398926e+00 3.529999971389770508e+00 -1.837500000000000000e+01 3.500000000000000000e+00 -3.437500000000000000e+01 -3.375000000000000000e+00 1.381250000000000000e+01 1.600000000000000000e+01
8.689999580383300781e+00 -2.460000038146972656e+00 3.680000066757202148e+00 -1.837500000000000000e+01 3.500000000000000000e+00 -3.437500000000000000e+01 -2.437500000000000000e+00 2.500000000000000000e+01 1.875000000000000000e+01
8.649999618530273438e+00 -2.990000009536743164e+00 4.019999980926513672e+00 -1.837500000000000000e+01 3.500000000000000000e+00 -3.437500000000000000e+01 1.125000000000000000e+00 3.487500000000000000e+01 1.912500000000000000e+01
8.970000267028808594e+00 -2.480000019073486328e+00 4.099999904632568359e+00 -1.837500000000000000e+01 3.500000000000000000e+00 -3.437500000000000000e+01 6.062500000000000000e+00 4.375000000000000000e+01 1.812500000000000000e+01
9.390000343322753906e+00 -2.220000028610229492e+00 3.910000085830688477e+00 -1.837500000000000000e+01 3.500000000000000000e+00 -3.437500000000000000e+01 8.625000000000000000e+00 5.281250000000000000e+01 1.837500000000000000e+01
9.550000190734863281e+00 -1.639999985694885254e+00 3.420000076293945312e+00 -1.806250000000000000e+01 3.875000000000000000e+00 -3.437500000000000000e+01 9.812500000000000000e+00 6.468750000000000000e+01 1.968750000000000000e+01
7.690000057220458984e+00 -9.599999785423278809e-01 3.230000019073486328e+00 -1.806250000000000000e+01 3.875000000000000000e+00 -3.437500000000000000e+01 1.081250000000000000e+01 7.887500000000000000e+01 2.350000000000000000e+01
8.140000343322753906e+00 -4.360000133514404297e+00 4.130000114440917969e+00 -1.806250000000000000e+01 3.875000000000000000e+00 -3.437500000000000000e+01 1.131250000000000000e+01 9.181250000000000000e+01 2.568750000000000000e+01
8.069999694824218750e+00 -6.730000019073486328e+00 4.889999866485595703e+00 -1.806250000000000000e+01 3.875000000000000000e+00 -3.437500000000000000e+01 2.231250000000000000e+01 1.020000000000000000e+02 1.743750000000000000e+01
6.079999923706054688e+00 -5.690000057220458984e+00 5.940000057220458984e+00 -1.806250000000000000e+01 3.875000000000000000e+00 -3.437500000000000000e+01 3.843750000000000000e+01 1.134375000000000000e+02 1.000000000000000000e+01
6.320000171661376953e+00 -2.460000038146972656e+00 8.119999885559082031e+00 -1.656250000000000000e+01 3.062500000000000000e+00 -3.468750000000000000e+01 4.387500000000000000e+01 1.159375000000000000e+02 3.625000000000000000e+00
6.099999904632568359e+00 -2.019999980926513672e+00 8.350000381469726562e+00 -1.656250000000000000e+01 3.062500000000000000e+00 -3.468750000000000000e+01 3.631250000000000000e+01 1.123125000000000000e+02 -1.000000000000000000e+00
5.739999771118164062e+00 -1.090000033378601074e+00 8.069999694824218750e+00 -1.656250000000000000e+01 3.062500000000000000e+00 -3.468750000000000000e+01 2.650000000000000000e+01 1.077500000000000000e+02 -6.250000000000000000e-01
6.610000133514404297e+00 2.630000114440917969e+00 8.069999694824218750e+00 -1.656250000000000000e+01 3.062500000000000000e+00 -3.468750000000000000e+01 2.062500000000000000e+01 1.008750000000000000e+02 2.937500000000000000e+00
6.699999809265136719e+00 2.890000104904174805e+00 8.130000114440917969e+00 -1.656250000000000000e+01 3.062500000000000000e+00 -3.468750000000000000e+01 1.281250000000000000e+01 9.181250000000000000e+01 1.225000000000000000e+01
6.610000133514404297e+00 8.600000143051147461e-01 8.119999885559082031e+00 -1.287500000000000000e+01 2.750000000000000000e+00 -3.718750000000000000e+01 2.375000000000000000e+00 8.487500000000000000e+01 2.500000000000000000e+01
6.519999980926513672e+00 -2.230000019073486328e+00 7.860000133514404297e+00 -1.287500000000000000e+01 2.750000000000000000e+00 -3.718750000000000000e+01 -2.250000000000000000e+00 7.881250000000000000e+01 3.456250000000000000e+01
5.989999771118164062e+00 -3.299999952316284180e+00 7.090000152587890625e+00 -1.287500000000000000e+01 2.750000000000000000e+00 -3.718750000000000000e+01 5.625000000000000000e+00 7.412500000000000000e+01 3.700000000000000000e+01
6.150000095367431641e+00 -4.510000228881835938e+00 6.920000076293945312e+00 -1.287500000000000000e+01 2.750000000000000000e+00 -3.718750000000000000e+01 1.231250000000000000e+01 7.081250000000000000e+01 3.562500000000000000e+01
6.110000133514404297e+00 -6.019999980926513672e+00 6.780000209808349609e+00 -1.287500000000000000e+01 2.750000000000000000e+00 -3.718750000000000000e+01 1.956250000000000000e+01 7.031250000000000000e+01 3.018750000000000000e+01
5.929999828338623047e+00 -5.389999866485595703e+00 6.590000152587890625e+00 -1.056250000000000000e+01 2.375000000000000000e+00 -3.800000000000000000e+01 3.300000000000000000e+01 7.200000000000000000e+01 2.075000000000000000e+01
6.309999942779541016e+00 -4.400000095367431641e+00 7.440000057220458984e+00 -1.056250000000000000e+01 2.375000000000000000e+00 -3.800000000000000000e+01 4.131250000000000000e+01 7.500000000000000000e+01 1.093750000000000000e+01
-2.460000038146972656e+00 1.059999942779541016e+00 1.464000034332275391e+01 -1.056250000000000000e+01 2.375000000000000000e+00 -3.800000000000000000e+01 4.425000000000000000e+01 8.056250000000000000e+01 1.625000000000000000e+00
2.359999895095825195e+00 -1.919999957084655762e+00 1.177999973297119141e+01 -1.056250000000000000e+01 2.375000000000000000e+00 -3.800000000000000000e+01 2.425000000000000000e+01 7.031250000000000000e+01 -3.375000000000000000e+00
3.299999952316284180e+00 -8.999999761581420898e-01 9.869999885559082031e+00 -1.056250000000000000e+01 2.375000000000000000e+00 -3.800000000000000000e+01 1.306250000000000000e+01 2.056250000000000000e+01 -3.562500000000000000e+00
4.590000152587890625e+00 -2.750000000000000000e+00 7.760000228881835938e+00 -8.062500000000000000e+00 2.000000000000000000e+00 -3.956250000000000000e+01 -3.125000000000000000e-01 7.250000000000000000e+00 2.062500000000000000e+00
6.829999923706054688e+00 -4.010000228881835938e+00 6.250000000000000000e+00 -8.062500000000000000e+00 2.000000000000000000e+00 -3.956250000000000000e+01 -3.250000000000000000e+00 -4.562500000000000000e+00 -3.125000000000000000e-01
6.349999904632568359e+00 -3.480000019073486328e+00 6.500000000000000000e+00 -8.062500000000000000e+00 2.000000000000000000e+00 -3.956250000000000000e+01 2.500000000000000000e-01 -2.187500000000000000e+00 -2.875000000000000000e+00
5.699999809265136719e+00 -1.809999942779541016e+00 7.570000171661376953e+00 -8.062500000000000000e+00 2.000000000000000000e+00 -3.956250000000000000e+01 4.750000000000000000e+00 4.125000000000000000e+00 -4.562500000000000000e+00
5.440000057220458984e+00 -1.620000004768371582e+00 7.780000209808349609e+00 -8.062500000000000000e+00 2.000000000000000000e+00 -3.956250000000000000e+01 5.500000000000000000e+00 6.625000000000000000e+00 -5.687500000000000000e+00
5.539999961853027344e+00 -1.549999952316284180e+00 7.769999980926513672e+00 -7.687500000000000000e+00 1.562500000000000000e+00 -3.718750000000000000e+01 4.437500000000000000e+00 8.250000000000000000e+00 -6.062500000000000000e+00
5.679999828338623047e+00 -1.610000014305114746e+00 7.670000076293945312e+00 -7.687500000000000000e+00 1.562500000000000000e+00 -3.718750000000000000e+01 3.812500000000000000e+00 8.062500000000000000e+00 -5.937500000000000000e+00
5.650000095367431641e+00 -1.899999976158142090e+00 7.739999771118164062e+00 -7.687500000000000000e+00 1.562500000000000000e+00 -3.718750000000000000e+01 3.375000000000000000e+00 7.937500000000000000e+00 -5.062500000000000000e+00
5.579999923706054688e+00 -2.019999980926513672e+00 7.780000209808349609e+00 -7.687500000000000000e+00 1.562500000000000000e+00 -3.718750000000000000e+01 3.125000000000000000e+00 7.625000000000000000e+00 -4.625000000000000000e+00
5.579999923706054688e+00 -2.049999952316284180e+00 7.800000190734863281e+00 -7.687500000000000000e+00 1.562500000000000000e+00 -3.718750000000000000e+01 2.875000000000000000e+00 6.812500000000000000e+00 -4.375000000000000000e+00
5.590000152587890625e+00 -1.990000009536743164e+00 7.820000171661376953e+00 -6.562500000000000000e+00 5.000000000000000000e-01 -3.868750000000000000e+01 2.875000000000000000e+00 6.375000000000000000e+00 -4.562500000000000000e+00
5.590000152587890625e+00 -1.919999957084655762e+00 7.780000209808349609e+00 -6.562500000000000000e+00 5.000000000000000000e-01 -3.868750000000000000e+01 2.562500000000000000e+00 5.500000000000000000e+00 -4.562500000000000000e+00
5.579999923706054688e+00 -1.860000014305114746e+00 7.800000190734863281e+00 -6.562500000000000000e+00 5.000000000000000000e-01 -3.868750000000000000e+01 2.687500000000000000e+00 5.062500000000000000e+00 -4.625000000000000000e+00
5.599999904632568359e+00 -1.720000028610229492e+00 7.860000133514404297e+00 -6.562500000000000000e+00 5.000000000000000000e-01 -3.868750000000000000e+01 2.562500000000000000e+00 4.875000000000000000e+00 -4.437500000000000000e+00
5.570000171661376953e+00 -1.700000047683715820e+00 7.889999866485595703e+00 -6.562500000000000000e+00 5.000000000000000000e-01 -3.868750000000000000e+01 2.187500000000000000e+00 4.437500000000000000e+00 -4.000000000000000000e+00
5.579999923706054688e+00 -1.690000057220458984e+00 7.860000133514404297e+00 -7.000000000000000000e+00 5.000000000000000000e-01 -3.787500000000000000e+01 1.875000000000000000e+00 3.875000000000000000e+00 -3.062500000000000000e+00
5.570000171661376953e+00 -1.759999990463256836e+00 7.860000133514404297e+00 -7.000000000000000000e+00 5.000000000000000000e-01 -3.787500000000000000e+01 1.625000000000000000e+00 3.000000000000000000e+00 -2.375000000000000000e+00
5.579999923706054688e+00 -1.850000023841857910e+00 7.820000171661376953e+00 -7.000000000000000000e+00 5.000000000000000000e-01 -3.787500000000000000e+01 1.500000000000000000e+00 2.562500000000000000e+00 -1.937500000000000000e+00
5.570000171661376953e+00 -1.909999966621398926e+00 7.800000190734863281e+00 -7.000000000000000000e+00 5.000000000000000000e-01 -3.787500000000000000e+01 1.187500000000000000e+00 2.125000000000000000e+00 -1.500000000000000000e+00
5.559999942779541016e+00 -1.879999995231628418e+00 7.789999961853027344e+00 -7.000000000000000000e+00 5.000000000000000000e-01 -3.787500000000000000e+01 1.187500000000000000e+00 1.875000000000000000e+00 -1.500000000000000000e+00
5.570000171661376953e+00 -1.850000023841857910e+00 7.820000171661376953e+00 -5.000000000000000000e+00 8.750000000000000000e-01 -3.825000000000000000e+01 1.062500000000000000e+00 1.500000000000000000e+00 -1.250000000000000000e+00
5.570000171661376953e+00 -1.769999980926513672e+00 7.809999942779541016e+00 -5.000000000000000000e+00 8.750000000000000000e-01 -3.825000000000000000e+01 7.500000000000000000e-01 1.250000000000000000e+00 -1.000000000000000000e+00
5.559999942779541016e+00 -1.789999961853027344e+00 7.800000190734863281e+00 -5.000000000000000000e+00 8.750000000000000000e-01 -3.825000000000000000e+01 6.875000000000000000e-01 9.375000000000000000e-01 -8.125000000000000000e-01
5.539999961853027344e+00 -1.820000052452087402e+00 7.800000190734863281e+00 -5.000000000000000000e+00 8.750000000000000000e-01 -3.825000000000000000e+01 6.875000000000000000e-01 1.000000000000000000e+00 -6.875000000000000000e-01
5.550000190734863281e+00 -1.830000042915344238e+00 7.809999942779541016e+00 -5.000000000000000000e+00 8.750000000000000000e-01 -3.825000000000000000e+01 4.375000000000000000e-01 9.375000000000000000e-01 -3.750000000000000000e-01
