5.650000095367431641e+00 -2.009999990463256836e+00 7.730000019073486328e+00 -5.687500000000000000e+00 1.387500000000000000e+01 -3.787500000000000000e+01 0.000000000000000000e+00 -6.250000000000000000e-02 -6.250000000000000000e-02
5.639999866485595703e+00 -2.009999990463256836e+00 7.730000019073486328e+00 -6.500000000000000000e+00 1.306250000000000000e+01 -3.706250000000000000e+01 -6.250000000000000000e-02 6.250000000000000000e-02 0.000000000000000000e+00
5.650000095367431641e+00 -1.990000009536743164e+00 7.719999790191650391e+00 -6.500000000000000000e+00 1.306250000000000000e+01 -3.706250000000000000e+01 6.250000000000000000e-02 -1.875000000000000000e-01 1.250000000000000000e-01
5.650000095367431641e+00 -1.990000009536743164e+00 7.699999809265136719e+00 -6.500000000000000000e+00 1.306250000000000000e+01 -3.706250000000000000e+01 1.250000000000000000e-01 -1.250000000000000000e-01 6.250000000000000000e-02
5.650000095367431641e+00 -2.019999980926513672e+00 7.710000038146972656e+00 -6.500000000000000000e+00 1.306250000000000000e+01 -3.706250000000000000e+01 1.250000000000000000e-01 0.000000000000000000e+00 0.000000000000000000e+00
5.650000095367431641e+00 -2.009999990463256836e+00 7.710000038146972656e+00 -6.500000000000000000e+00 1.306250000000000000e+01 -3.706250000000000000e+01 1.250000000000000000e-01 1.250000000000000000e-01 -1.250000000000000000e-01
5.650000095367431641e+00 -1.990000009536743164e+00 7.710000038146972656e+00 -5.687500000000000000e+00 1.387500000000000000e+01 -3.868750000000000000e+01 -6.250000000000000000e-02 0.000000000000000000e+00 0.000000000000000000e+00
5.650000095367431641e+00 -2.009999990463256836e+00 7.699999809265136719e+00 -5.687500000000000000e+00 1.387500000000000000e+01 -3.868750000000000000e+01 0.000000000000000000e+00 -6.250000000000000000e-02 -6.250000000000000000e-02
5.650000095367431641e+00 -2.000000000000000000e+00 7.719999790191650391e+00 -5.687500000000000000e+00 1.387500000000000000e+01 -3.868750000000000000e+01 0.000000000000000000e+00 -1.250000000000000000e-01 -6.250000000000000000e-02
5.639999866485595703e+00 -2.009999990463256836e+00 7.690000057220458984e+00 -5.687500000000000000e+00 1.387500000000000000e+01 -3.868750000000000000e+01 -1.250000000000000000e-01 -1.875000000000000000e-01 1.250000000000000000e-01
5.650000095367431641e+00 -2.000000000000000000e+00 7.710000038146972656e+00 -5.687500000000000000e+00 1.387500000000000000e+01 -3.868750000000000000e+01 0.000000000000000000e+00 0.000000000000000000e+00 6.250000000000000000e-02
5.659999847412109375e+00 -1.990000009536743164e+00 7.730000019073486328e+00 -6.500000000000000000e+00 1.425000000000000000e+01 -3.625000000000000000e+01 6.250000000000000000e-02 -1.250000000000000000e-01 6.250000000000000000e-02
5.650000095367431641e+00 -2.009999990463256836e+00 7.739999771118164062e+00 -6.500000000000000000e+00 1.425000000000000000e+01 -3.625000000000000000e+01 0.000000000000000000e+00 6.250000000000000000e-02 -1.250000000000000000e-01
5.630000114440917969e+00 -2.029999971389770508e+00 7.730000019073486328e+00 -6.500000000000000000e+00 1.425000000000000000e+01 -3.625000000000000000e+01 -1.250000000000000000e-01 -1.875000000000000000e-01 6.250000000000000000e-02
5.670000076293945312e+00 -1.960000038146972656e+00 7.980000019073486328e+00 -6.500000000000000000e+00 1.425000000000000000e+01 -3.625000000000000000e+01 -7.500000000000000000e-01 -5.625000000000000000e-01 1.250000000000000000e-01
5.949999809265136719e+00 -1.629999995231628418e+00 8.319999694824218750e+00 -6.500000000000000000e+00 1.425000000000000000e+01 -3.625000000000000000e+01 -3.562500000000000000e+00 -2.250000000000000000e+00 1.000000000000000000e+00
6.449999809265136719e+00 -1.490000009536743164e+00 8.529999732971191406e+00 -6.500000000000000000e+00 1.425000000000000000e+01 -3.625000000000000000e+01 -1.006250000000000000e+01 -4.125000000000000000e+00 5.250000000000000000e+00
1.205000019073486328e+01 3.899999856948852539e-01 8.369999885559082031e+00 -6.500000000000000000e+00 1.387500000000000000e+01 -3.706250000000000000e+01 -2.343750000000000000e+01 -2.937500000000000000e+00 1.712500000000000000e+01
1.905999946594238281e+01 1.159999966621398926e+00 9.170000076293945312e+00 -6.500000000000000000e+00 1.387500000000000000e+01 -3.706250000000000000e+01 -4.406250000000000000e+01 3.125000000000000000e+01 3.481250000000000000e+01
2.395000076293945312e+01 -6.999999880790710449e-01 8.699999809265136719e+00 -6.500000000000000000e+00 1.387500000000000000e+01 -3.706250000000000000e+01 -5.418750000000000000e+01 1.033750000000000000e+02 5.543750000000000000e+01
2.362000083923339844e+01 -7.869999885559082031e+00 7.980000019073486328e+00 -6.500000000000000000e+00 1.387500000000000000e+01 -3.706250000000000000e+01 -2.856250000000000000e+01 1.675000000000000000e+02 4.993750000000000000e+01
8.409999847412109375e+00 -5.699999809265136719e+00 8.199999809265136719e+00 -6.062500000000000000e+00 1.500000000000000000e+01 -3.750000000000000000e+01 -1.043750000000000000e+01 1.998125000000000000e+02 4.062500000000000000e+01
1.629999995231628418e+00 -5.710000038146972656e+00 7.889999866485595703e+00 -6.062500000000000000e+00 1.500000000000000000e+01 -3.750000000000000000e+01 -1.875000000000000000e+00 1.981875000000000000e+02 4.131250000000000000e+01
-3.199999928474426270e-01 -6.400000095367431641e+00 7.349999904632568359e+00 -6.062500000000000000e+00 1.500000000000000000e+01 -3.750000000000000000e+01 9.250000000000000000e+00 1.773750000000000000e+02 3.943750000000000000e+01
-9.100000262260437012e-01 -3.009999990463256836e+00 7.179999828338623047e+00 -6.062500000000000000e+00 1.500000000000000000e+01 -3.750000000000000000e+01 2.331250000000000000e+01 1.542500000000000000e+02 2.631250000000000000e+01
-1.120000004768371582e+00 -1.779999971389770508e+00 7.360000133514404297e+00 -6.062500000000000000e+00 1.500000000000000000e+01 -3.750000000000000000e+01 2.556250000000000000e+01 1.350000000000000000e+02 1.700000000000000000e+01
-6.000000238418579102e-01 -9.200000166893005371e-01 7.210000038146972656e+00 -6.062500000000000000e+00 1.500000000000000000e+01 -3.750000000000000000e+01 2.156250000000000000e+01 1.200000000000000000e+02 1.312500000000000000e+01
-5.000000000000000000e-01 -7.200000286102294922e-01 7.000000000000000000e+00 -6.250000000000000000e-02 1.425000000000000000e+01 -3.668750000000000000e+01 1.731250000000000000e+01 1.075000000000000000e+02 9.500000000000000000e+00
-2.500000000000000000e-01 -7.900000214576721191e-01 7.179999828338623047e+00 -6.250000000000000000e-02 1.425000000000000000e+01 -3.668750000000000000e+01 1.343750000000000000e+01 9.618750000000000000e+01 4.437500000000000000e+00
3.199999928474426270e-01 -7.900000214576721191e-01 7.590000152587890625e+00 -6.250000000000000000e-02 1.425000000000000000e+01 -3.668750000000000000e+01 1.012500000000000000e+01 8.568750000000000000e+01 5.000000000000000000e-01
1.470000028610229492e+00 -1.220000028610229492e+00 8.180000305175781250e+00 -6.250000000000000000e-02 1.425000000000000000e+01 -3.668750000000000000e+01 7.375000000000000000e+00 7.800000000000000000e+01 -1.562500000000000000e+00
2.019999980926513672e+00 -1.620000004768371582e+00 8.380000114440917969e+00 -6.250000000000000000e-02 1.425000000000000000e+01 -3.668750000000000000e+01 6.250000000000000000e+00 7.337500000000000000e+01 -4.000000000000000000e+00
1.570000052452087402e+00 -2.029999971389770508e+00 8.579999923706054688e+00 4.687500000000000000e+00 1.456250000000000000e+01 -3.706250000000000000e+01 5.625000000000000000e+00 6.850000000000000000e+01 -6.000000000000000000e+00
1.000000000000000000e+00 -2.049999952316284180e+00 8.350000381469726562e+00 4.687500000000000000e+00 1.456250000000000000e+01 -3.706250000000000000e+01 6.625000000000000000e+00 6.150000000000000000e+01 -8.375000000000000000e+00
5.799999833106994629e-01 -2.079999923706054688e+00 8.340000152587890625e+00 4.687500000000000000e+00 1.456250000000000000e+01 -3.706250000000000000e+01 7.125000000000000000e+00 5.293750000000000000e+01 -1.031250000000000000e+01
1.340000033378601074e+00 -1.840000033378601074e+00 8.640000343322753906e+00 4.687500000000000000e+00 1.456250000000000000e+01 -3.706250000000000000e+01 5.125000000000000000e+00 4.568750000000000000e+01 -9.750000000000000000e+00
1.710000038146972656e+00 -2.140000104904174805e+00 8.670000076293945312e+00 4.687500000000000000e+00 1.456250000000000000e+01 -3.706250000000000000e+01 3.187500000000000000e+00 4.150000000000000000e+01 -8.437500000000000000e+00
1.710000038146972656e+00 -2.420000076293945312e+00 8.699999809265136719e+00 6.500000000000000000e+00 1.350000000000000000e+01 -3.706250000000000000e+01 2.937500000000000000e+00 3.793750000000000000e+01 -7.625000000000000000e+00
1.580000042915344238e+00 -2.410000085830688477e+00 8.619999885559082031e+00 6.500000000000000000e+00 1.350000000000000000e+01 -3.706250000000000000e+01 3.750000000000000000e+00 3.393750000000000000e+01 -7.000000000000000000e+00
9.599999785423278809e-01 -2.000000000000000000e+00 8.550000190734863281e+00 6.500000000000000000e+00 1.350000000000000000e+01 -3.706250000000000000e+01 4.187500000000000000e+00 2.862500000000000000e+01 -5.562500000000000000e+00
8.299999833106994629e-01 -1.889999985694885254e+00 8.539999961853027344e+00 6.500000000000000000e+00 1.350000000000000000e+01 -3.706250000000000000e+01 3.312500000000000000e+00 2.325000000000000000e+01 -3.562500000000000000e+00
6.800000071525573730e-01 -1.860000014305114746e+00 8.479999542236328125e+00 6.500000000000000000e+00 1.350000000000000000e+01 -3.706250000000000000e+01 1.625000000000000000e+00 1.762500000000000000e+01 -1.500000000000000000e+00
4.099999964237213135e-01 -1.789999961853027344e+00 8.239999771118164062e+00 8.000000000000000000e+00 1.350000000000000000e+01 -3.675000000000000000e+01 5.000000000000000000e-01 1.118750000000000000e+01 -1.875000000000000000e-01
-1.429999947547912598e+00 -1.470000028610229492e+00 7.719999790191650391e+00 8.000000000000000000e+00 1.350000000000000000e+01 -3.675000000000000000e+01 -1.250000000000000000e-01 1.062500000000000000e+00 4.375000000000000000e-01
-1.610000014305114746e+00 -1.269999980926513672e+00 7.679999828338623047e+00 8.000000000000000000e+00 1.350000000000000000e+01 -3.675000000000000000e+01 -1.812500000000000000e+00 -1.175000000000000000e+01 1.187500000000000000e+00
-1.450000047683715820e+00 -1.240000009536743164e+00 7.570000171661376953e+00 8.000000000000000000e+00 1.350000000000000000e+01 -3.675000000000000000e+01 -4.062500000000000000e+00 -2.350000000000000000e+01 1.500000000000000000e+00
-2.240000009536743164e+00 -8.500000238418579102e-01 6.800000190734863281e+00 8.000000000000000000e+00 1.350000000000000000e+01 -3.675000000000000000e+01 -5.687500000000000000e+00 -3.600000000000000000e+01 8.125000000000000000e-01
-4.130000114440917969e+00 -3.899999856948852539e-01 5.909999847412109375e+00 8.687500000000000000e+00 1.387500000000000000e+01 -3.675000000000000000e+01 -6.187500000000000000e+00 -5.318750000000000000e+01 -9.375000000000000000e-01
-7.079999923706054688e+00 2.599999904632568359e-01 4.960000038146972656e+00 8.687500000000000000e+00 1.387500000000000000e+01 -3.675000000000000000e+01 -5.625000000000000000e+00 -8.106250000000000000e+01 -4.312500000000000000e+00
-9.460000038146972656e+00 8.600000143051147461e-01 5.090000152587890625e+00 8.687500000000000000e+00 1.387500000000000000e+01 -3.675000000000000000e+01 -8.937500000000000000e+00 -1.203750000000000000e+02 -9.937500000000000000e+00
-7.780000209808349609e+00 1.309999942779541016e+00 7.119999885559082031e+00 8.687500000000000000e+00 1.387500000000000000e+01 -3.675000000000000000e+01 -2.000000000000000000e+01 -1.601875000000000000e+02 -1.462500000000000000e+01
-1.860000014305114746e+00 1.360000014305114746e+00 8.680000305175781250e+00 8.687500000000000000e+00 1.387500000000000000e+01 -3.675000000000000000e+01 -4.362500000000000000e+01 -1.896875000000000000e+02 -1.412500000000000000e+01
4.699999809265136719e+00 9.399999976158142090e-01 5.880000114440917969e+00 6.875000000000000000e+00 1.387500000000000000e+01 -3.637500000000000000e+01 -6.081250000000000000e+01 -1.889375000000000000e+02 -4.500000000000000000e+00
2.829999923706054688e+00 -8.399999737739562988e-01 6.130000114440917969e+00 6.875000000000000000e+00 1.387500000000000000e+01 -3.637500000000000000e+01 -5.981250000000000000e+01 -1.934375000000000000e+02 -2.812500000000000000e+00
3.150000095367431641e+00 -7.090000152587890625e+00 8.979999542236328125e+00 6.875000000000000000e+00 1.387500000000000000e+01 -3.637500000000000000e+01 -4.362500000000000000e+01 -2.174375000000000000e+02 -1.587500000000000000e+01
6.590000152587890625e+00 -7.510000228881835938e+00 8.189999580383300781e+00 6.875000000000000000e+00 1.387500000000000000e+01 -3.637500000000000000e+01 -2.193750000000000000e+01 -2.345000000000000000e+02 -4.106250000000000000e+01
7.989999771118164062e+00 -6.809999942779541016e+00 7.789999961853027344e+00 6.875000000000000000e+00 1.387500000000000000e+01 -3.637500000000000000e+01 -4.437500000000000000e+00 -2.300625000000000000e+02 -5.768750000000000000e+01
1.572000026702880859e+01 -1.460000038146972656e+01 1.234000015258789062e+01 1.687500000000000000e+00 1.387500000000000000e+01 -3.718750000000000000e+01 3.043750000000000000e+01 -2.221875000000000000e+02 -6.837500000000000000e+01
3.638999938964843750e+01 -2.089999961853027344e+01 1.603000068664550781e+01 1.687500000000000000e+00 1.387500000000000000e+01 -3.718750000000000000e+01 8.512500000000000000e+01 -1.973750000000000000e+02 -9.050000000000000000e+01
3.941999816894531250e+01 3.269999980926513672e+00 -3.089999914169311523e+00 1.687500000000000000e+00 1.387500000000000000e+01 -3.718750000000000000e+01 2.237500000000000000e+01 -2.243750000000000000e+01 -3.875000000000000000e+01
1.277999973297119141e+01 1.879999995231628418e+00 -1.269999980926513672e+00 1.687500000000000000e+00 1.387500000000000000e+01 -3.718750000000000000e+01 1.862500000000000000e+01 1.239375000000000000e+02 6.375000000000000000e+00
-1.919999957084655762e+00 3.210000038146972656e+00 9.630000114440917969e+00 1.687500000000000000e+00 1.387500000000000000e+01 -3.718750000000000000e+01 8.750000000000000000e+00 1.718750000000000000e+01 6.250000000000000000e+00
8.409999847412109375e+00 -2.059999942779541016e+00 9.300000190734863281e+00 -6.750000000000000000e+00 1.425000000000000000e+01 -3.668750000000000000e+01 1.437500000000000000e+00 -1.843750000000000000e+01 1.212500000000000000e+01
6.909999847412109375e+00 4.199999868869781494e-01 1.025000000000000000e+01 -6.750000000000000000e+00 1.425000000000000000e+01 -3.668750000000000000e+01 -5.625000000000000000e+00 7.187500000000000000e+00 7.625000000000000000e+00
3.619999885559082031e+00 -3.999999910593032837e-02 9.609999656677246094e+00 -6.750000000000000000e+00 1.425000000000000000e+01 -3.668750000000000000e+01 -1.318750000000000000e+01 4.437500000000000000e+00 6.250000000000000000e+00
3.609999895095825195e+00 -4.260000228881835938e+00 6.539999961853027344e+00 -6.750000000000000000e+00 1.425000000000000000e+01 -3.668750000000000000e+01 -7.250000000000000000e+00 -4.500000000000000000e+00 8.125000000000000000e-01
5.239999771118164062e+00 -5.860000133514404297e+00 6.769999980926513672e+00 -6.750000000000000000e+00 1.425000000000000000e+01 -3.668750000000000000e+01 -7.250000000000000000e+00 -4.500000000000000000e+00 8.125000000000000000e-01
6.099999904632568359e+00 -5.900000095367431641e+00 6.829999923706054688e+00 -5.687500000000000000e+00 1.456250000000000000e+01 -3.756250000000000000e+01 9.625000000000000000e+00 -8.875000000000000000e+00 -3.875000000000000000e+00
4.980000019073486328e+00 -2.230000019073486328e+00 7.760000228881835938e+00 -5.687500000000000000e+00 1.456250000000000000e+01 -3.756250000000000000e+01 1.493750000000000000e+01 -4.937500000000000000e+00 -9.375000000000000000e+00
5.969999790191650391e+00 -1.149999976158142090e+00 8.109999656677246094e+00 -5.687500000000000000e+00 1.456250000000000000e+01 -3.756250000000000000e+01 1.487500000000000000e+01 -5.812500000000000000e+00 -1.206250000000000000e+01
6.750000000000000000e+00 -6.499999761581420898e-01 8.140000343322753906e+00 -5.687500000000000000e+00 1.456250000000000000e+01 -3.756250000000000000e+01 1.056250000000000000e+01 -2.812500000000000000e+00 -1.006250000000000000e+01
6.329999923706054688e+00 -7.400000095367431641e-01 8.039999961853027344e+00 -5.687500000000000000e+00 1.456250000000000000e+01 -3.756250000000000000e+01 6.000000000000000000e+00 1.875000000000000000e-01 -6.375000000000000000e+00
5.710000038146972656e+00 -1.809999942779541016e+00 7.829999923706054688e+00 -5.250000000000000000e+00 1.425000000000000000e+01 -3.756250000000000000e+01 3.625000000000000000e+00 -1.062500000000000000e+00 -3.562500000000000000e+00
5.920000076293945312e+00 -2.069999933242797852e+00 7.690000057220458984e+00 -5.250000000000000000e+00 1.425000000000000000e+01 -3.756250000000000000e+01 2.375000000000000000e+00 -1.750000000000000000e+00 -1.500000000000000000e+00
5.840000152587890625e+00 -2.079999923706054688e+00 7.739999771118164062e+00 -5.250000000000000000e+00 1.425000000000000000e+01 -3.756250000000000000e+01 1.750000000000000000e+00 -6.250000000000000000e-01 -8.125000000000000000e-01
5.630000114440917969e+00 -2.069999933242797852e+00 7.739999771118164062e+00 -5.250000000000000000e+00 1.425000000000000000e+01 -3.756250000000000000e+01 1.375000000000000000e+00 -6.875000000000000000e-01 -3.750000000000000000e-01
5.679999828338623047e+00 -2.099999904632568359e+00 7.730000019073486328e+00 -4.875000000000000000e+00 1.425000000000000000e+01 -3.756250000000000000e+01 1.187500000000000000e+00 -8.750000000000000000e-01 -1.875000000000000000e-01
5.639999866485595703e+00 -2.089999914169311523e+00 7.750000000000000000e+00 -4.875000000000000000e+00 1.425000000000000000e+01 -3.756250000000000000e+01 1.062500000000000000e+00 -6.250000000000000000e-01 0.000000000000000000e+00
5.559999942779541016e+00 -2.099999904632568359e+00 7.739999771118164062e+00 -4.875000000000000000e+00 1.425000000000000000e+01 -3.756250000000000000e+01 1.000000000000000000e+00 -3.750000000000000000e-01 -3.750000000000000000e-01
5.639999866485595703e+00 -2.089999914169311523e+00 7.710000038146972656e+00 -4.875000000000000000e+00 1.425000000000000000e+01 -3.756250000000000000e+01 1.187500000000000000e+00 -4.375000000000000000e-01 -6.250000000000000000e-01
5.630000114440917969e+00 -2.029999971389770508e+00 7.739999771118164062e+00 -4.875000000000000000e+00 1.425000000000000000e+01 -3.756250000000000000e+01 1.062500000000000000e+00 -2.500000000000000000e-01 -8.750000000000000000e-01
5.659999847412109375e+00 -1.960000038146972656e+00 7.690000057220458984e+00 -6.000000000000000000e+00 1.387500000000000000e+01 -3.718750000000000000e+01 1.000000000000000000e+00 -1.875000000000000000e-01 -6.250000000000000000e-01
5.650000095367431641e+00 -1.960000038146972656e+00 7.739999771118164062e+00 -6.000000000000000000e+00 1.387500000000000000e+01 -3.718750000000000000e+01 8.125000000000000000e-01 -1.875000000000000000e-01 -2.500000000000000000e-01
5.610000133514404297e+00 -2.029999971389770508e+00 7.739999771118164062e+00 -6.000000000000000000e+00 1.387500000000000000e+01 -3.718750000000000000e+01 6.250000000000000000e-01 -4.375000000000000000e-01 1.875000000000000000e-01
5.610000133514404297e+00 -2.130000114440917969e+00 7.710000038146972656e+00 -6.000000000000000000e+00 1.387500000000000000e+01 -3.718750000000000000e+01 5.625000000000000000e-01 6.250000000000000000e-02 1.875000000000000000e-01
5.570000171661376953e+00 -2.150000095367431641e+00 7.739999771118164062e+00 -6.000000000000000000e+00 1.387500000000000000e+01 -3.718750000000000000e+01 5.625000000000000000e-01 -6.250000000000000000e-02 6.250000000000000000e-02
5.599999904632568359e+00 -2.079999923706054688e+00 7.760000228881835938e+00 -6.000000000000000000e+00 1.456250000000000000e+01 -3.756250000000000000e+01 6.875000000000000000e-01 -1.250000000000000000e-01 -6.250000000000000000e-02
5.639999866485595703e+00 -2.009999990463256836e+00 7.719999790191650391e+00 -6.000000000000000000e+00 1.456250000000000000e+01 -3.756250000000000000e+01 5.000000000000000000e-01 -2.500000000000000000e-01 -1.250000000000000000e-01
5.650000095367431641e+00 -1.980000019073486328e+00 7.730000019073486328e+00 -6.000000000000000000e+00 1.456250000000000000e+01 -3.756250000000000000e+01 3.125000000000000000e-01 -1.250000000000000000e-01 -6.250000000000000000e-02
5.639999866485595703e+00 -1.970000028610229492e+00 7.739999771118164062e+00 -6.000000000000000000e+00 1.456250000000000000e+01 -3.756250000000000000e+01 1.250000000000000000e-01 -1.250000000000000000e-01 1.250000000000000000e-01
5.630000114440917969e+00 -2.029999971389770508e+00 7.730000019073486328e+00 -6.000000000000000000e+00 1.456250000000000000e+01 -3.756250000000000000e+01 -1.250000000000000000e-01 -3.750000000000000000e-01 3.125000000000000000e-01
5.630000114440917969e+00 -2.089999914169311523e+00 7.719999790191650391e+00 -6.000000000000000000e+00 1.350000000000000000e+01 -3.756250000000000000e+01 -1.875000000000000000e-01 -3.125000000000000000e-01 4.375000000000000000e-01
5.619999885559082031e+00 -2.130000114440917969e+00 7.719999790191650391e+00 -6.000000000000000000e+00 1.350000000000000000e+01 -3.756250000000000000e+01 -1.875000000000000000e-01 -1.875000000000000000e-01 4.375000000000000000e-01
5.619999885559082031e+00 -2.119999885559082031e+00 7.719999790191650391e+00 -6.000000000000000000e+00 1.350000000000000000e+01 -3.756250000000000000e+01 -1.250000000000000000e-01 -1.250000000000000000e-01 3.750000000000000000e-01
5.610000133514404297e+00 -2.079999923706054688e+00 7.710000038146972656e+00 -6.000000000000000000e+00 1.350000000000000000e+01 -3.756250000000000000e+01 -6.250000000000000000e-02 -1.875000000000000000e-01 6.250000000000000000e-02
5.610000133514404297e+00 -2.079999923706054688e+00 7.719999790191650391e+00 -6.000000000000000000e+00 1.350000000000000000e+01 -3.756250000000000000e+01 6.250000000000000000e-02 -1.875000000000000000e-01 1.875000000000000000e-01
5.619999885559082031e+00 -2.079999923706054688e+00 7.719999790191650391e+00 -6.000000000000000000e+00 1.387500000000000000e+01 -3.756250000000000000e+01 0.000000000000000000e+00 -1.250000000000000000e-01 6.250000000000000000e-02
5.619999885559082031e+00 -2.059999942779541016e+00 7.739999771118164062e+00 -6.000000000000000000e+00 1.387500000000000000e+01 -3.756250000000000000e+01 1.250000000000000000e-01 -1.250000000000000000e-01 0.000000000000000000e+00
5.630000114440917969e+00 -2.059999942779541016e+00 7.710000038146972656e+00 -6.000000000000000000e+00 1.387500000000000000e+01 -3.756250000000000000e+01 0.000000000000000000e+00 -1.250000000000000000e-01 2.500000000000000000e-01
5.619999885559082031e+00 -2.059999942779541016e+00 7.659999847412109375e+00 -6.000000000000000000e+00 1.387500000000000000e+01 -3.756250000000000000e+01 -6.250000000000000000e-02 -1.250000000000000000e-01 1.250000000000000000e-01
