5.510000228881835938e+00 -1.909999966621398926e+00 7.849999904632568359e+00 -6.562500000000000000e+00 1.000000000000000000e+00 -3.856250000000000000e+01 0.000000000000000000e+00 1.250000000000000000e-01 6.250000000000000000e-02
5.530000209808349609e+00 -1.909999966621398926e+00 7.820000171661376953e+00 -6.562500000000000000e+00 1.000000000000000000e+00 -3.856250000000000000e+01 -6.250000000000000000e-02 6.250000000000000000e-02 6.250000000000000000e-02
5.500000000000000000e+00 -1.909999966621398926e+00 7.829999923706054688e+00 -6.187500000000000000e+00 -6.250000000000000000e-02 -3.975000000000000000e+01 -6.250000000000000000e-02 1.875000000000000000e-01 -6.250000000000000000e-02
5.500000000000000000e+00 -1.899999976158142090e+00 7.840000152587890625e+00 -6.187500000000000000e+00 -6.250000000000000000e-02 -3.975000000000000000e+01 0.000000000000000000e+00 -1.250000000000000000e-01 0.000000000000000000e+00
5.500000000000000000e+00 -1.919999957084655762e+00 7.800000190734863281e+00 -6.187500000000000000e+00 -6.250000000000000000e-02 -3.975000000000000000e+01 1.875000000000000000e-01 0.000000000000000000e+00 6.250000000000000000e-02
5.500000000000000000e+00 -1.919999957084655762e+00 7.840000152587890625e+00 -6.187500000000000000e+00 -6.250000000000000000e-02 -3.975000000000000000e+01 6.250000000000000000e-02 0.000000000000000000e+00 -6.250000000000000000e-02
5.519999980926513672e+00 -1.909999966621398926e+00 7.840000152587890625e+00 -6.875000000000000000e+00 1.875000000000000000e-01 -3.937500000000000000e+01 -6.250000000000000000e-02 1.875000000000000000e-01 0.000000000000000000e+00
5.510000228881835938e+00 -1.919999957084655762e+00 7.820000171661376953e+00 -6.875000000000000000e+00 1.875000000000000000e-01 -3.937500000000000000e+01 1.875000000000000000e-01 6.250000000000000000e-02 6.250000000000000000e-02
5.500000000000000000e+00 -1.899999976158142090e+00 7.820000171661376953e+00 -6.875000000000000000e+00 1.875000000000000000e-01 -3.937500000000000000e+01 1.250000000000000000e-01 0.000000000000000000e+00 0.000000000000000000e+00
5.500000000000000000e+00 -1.919999957084655762e+00 7.840000152587890625e+00 -6.875000000000000000e+00 1.875000000000000000e-01 -3.937500000000000000e+01 1.250000000000000000e-01 -6.250000000000000000e-02 1.250000000000000000e-01
5.519999980926513672e+00 -1.919999957084655762e+00 7.849999904632568359e+00 -6.875000000000000000e+00 1.875000000000000000e-01 -3.937500000000000000e+01 6.250000000000000000e-02 0.000000000000000000e+00 -1.250000000000000000e-01
5.519999980926513672e+00 -1.919999957084655762e+00 7.840000152587890625e+00 -6.875000000000000000e+00 1.875000000000000000e-01 -3.937500000000000000e+01 6.250000000000000000e-02 6.250000000000000000e-02 6.250000000000000000e-02
5.500000000000000000e+00 -1.899999976158142090e+00 7.820000171661376953e+00 -6.875000000000000000e+00 5.625000000000000000e-01 -4.018750000000000000e+01 0.000000000000000000e+00 -1.875000000000000000e-01 0.000000000000000000e+00
5.510000228881835938e+00 -1.909999966621398926e+00 7.849999904632568359e+00 -6.875000000000000000e+00 5.625000000000000000e-01 -4.018750000000000000e+01 0.000000000000000000e+00 0.000000000000000000e+00 -1.250000000000000000e-01
5.510000228881835938e+00 -1.919999957084655762e+00 7.829999923706054688e+00 -6.875000000000000000e+00 5.625000000000000000e-01 -4.018750000000000000e+01 6.250000000000000000e-02 2.500000000000000000e-01 -6.250000000000000000e-02
5.500000000000000000e+00 -1.929999947547912598e+00 7.829999923706054688e+00 -6.875000000000000000e+00 5.625000000000000000e-01 -4.018750000000000000e+01 1.250000000000000000e-01 1.250000000000000000e-01 1.250000000000000000e-01
5.539999961853027344e+00 -1.990000009536743164e+00 7.820000171661376953e+00 -6.187500000000000000e+00 1.000000000000000000e+00 -3.975000000000000000e+01 6.250000000000000000e-02 0.000000000000000000e+00 0.000000000000000000e+00
5.579999923706054688e+00 -2.019999980926513672e+00 7.849999904632568359e+00 -6.187500000000000000e+00 1.000000000000000000e+00 -3.975000000000000000e+01 0.000000000000000000e+00 6.250000000000000000e-02 2.500000000000000000e-01
5.690000057220458984e+00 -2.079999923706054688e+00 7.849999904632568359e+00 -6.187500000000000000e+00 1.000000000000000000e+00 -3.975000000000000000e+01 -6.875000000000000000e-01 6.250000000000000000e-02 3.750000000000000000e-01
5.900000095367431641e+00 -2.220000028610229492e+00 7.780000209808349609e+00 -6.187500000000000000e+00 1.000000000000000000e+00 -3.975000000000000000e+01 -1.812500000000000000e+00 2.500000000000000000e-01 1.625000000000000000e+00
6.179999828338623047e+00 -2.690000057220458984e+00 8.069999694824218750e+00 -6.187500000000000000e+00 1.000000000000000000e+00 -3.975000000000000000e+01 -5.437500000000000000e+00 -1.312500000000000000e+00 5.937500000000000000e+00
6.590000152587890625e+00 -3.109999895095825195e+00 7.900000095367431641e+00 -6.187500000000000000e+00 1.000000000000000000e+00 -3.975000000000000000e+01 -5.437500000000000000e+00 -1.312500000000000000e+00 5.937500000000000000e+00
6.920000076293945312e+00 -2.920000076293945312e+00 8.270000457763671875e+00 -6.187500000000000000e+00 1.875000000000000000e-01 -3.900000000000000000e+01 -8.937500000000000000e+00 -3.562500000000000000e+00 1.506250000000000000e+01
8.409999847412109375e+00 -6.329999923706054688e+00 7.019999980926513672e+00 -6.187500000000000000e+00 1.875000000000000000e-01 -3.900000000000000000e+01 -1.062500000000000000e+00 -2.312500000000000000e+00 7.612500000000000000e+01
9.789999961853027344e+00 -5.829999923706054688e+00 8.000000000000000000e+00 -6.187500000000000000e+00 1.875000000000000000e-01 -3.900000000000000000e+01 1.125000000000000000e+01 3.812500000000000000e+00 1.219375000000000000e+02
1.318999958038330078e+01 -7.170000076293945312e+00 7.170000076293945312e+00 -6.187500000000000000e+00 1.875000000000000000e-01 -3.900000000000000000e+01 2.056250000000000000e+01 1.312500000000000000e+01 1.860000000000000000e+02
1.402999973297119141e+01 -1.118999958038330078e+01 5.300000190734863281e+00 -6.187500000000000000e+00 1.875000000000000000e-01 -3.900000000000000000e+01 2.056250000000000000e+01 1.312500000000000000e+01 1.860000000000000000e+02
8.699999809265136719e+00 -1.490999984741210938e+01 3.039999961853027344e+00 -7.187500000000000000e+00 5.625000000000000000e-01 -3.806250000000000000e+01 4.300000000000000000e+01 2.718750000000000000e+01 2.552500000000000000e+02
7.000000000000000000e+00 -1.505000019073486328e+01 2.980000019073486328e+00 -7.187500000000000000e+00 5.625000000000000000e-01 -3.806250000000000000e+01 1.235000000000000000e+02 9.875000000000000000e+00 3.447500000000000000e+02
4.519999980926513672e+00 -1.546000003814697266e+01 3.210000038146972656e+00 -7.187500000000000000e+00 5.625000000000000000e-01 -3.806250000000000000e+01 1.604375000000000000e+02 -7.937500000000000000e+00 3.691875000000000000e+02
1.330000042915344238e+00 -7.900000095367431641e+00 4.550000190734863281e+00 -7.187500000000000000e+00 5.625000000000000000e-01 -3.806250000000000000e+01 1.880000000000000000e+02 -2.975000000000000000e+01 3.771875000000000000e+02
5.600000023841857910e-01 -3.680000066757202148e+00 6.110000133514404297e+00 -7.187500000000000000e+00 5.625000000000000000e-01 -3.806250000000000000e+01 1.880000000000000000e+02 -2.975000000000000000e+01 3.771875000000000000e+02
1.549999952316284180e+00 -4.900000095367431641e-01 6.949999809265136719e+00 -6.187500000000000000e+00 1.875000000000000000e-01 -3.900000000000000000e+01 1.965000000000000000e+02 -5.018750000000000000e+01 3.799375000000000000e+02
1.470000028610229492e+00 3.319999933242797852e+00 8.579999923706054688e+00 -6.187500000000000000e+00 1.875000000000000000e-01 -3.900000000000000000e+01 1.699375000000000000e+02 -6.675000000000000000e+01 3.603125000000000000e+02
3.390000104904174805e+00 5.929999828338623047e+00 8.590000152587890625e+00 -6.187500000000000000e+00 1.875000000000000000e-01 -3.900000000000000000e+01 1.495625000000000000e+02 -6.887500000000000000e+01 3.308750000000000000e+02
4.809999942779541016e+00 9.909999847412109375e+00 9.520000457763671875e+00 -6.187500000000000000e+00 1.875000000000000000e-01 -3.900000000000000000e+01 1.282500000000000000e+02 -6.906250000000000000e+01 2.810000000000000000e+02
7.800000190734863281e+00 1.127999973297119141e+01 9.649999618530273438e+00 -6.187500000000000000e+00 1.875000000000000000e-01 -3.900000000000000000e+01 1.282500000000000000e+02 -6.906250000000000000e+01 2.810000000000000000e+02
9.260000228881835938e+00 1.203999996185302734e+01 9.340000152587890625e+00 -8.000000000000000000e+00 -3.500000000000000000e+00 -3.937500000000000000e+01 9.731250000000000000e+01 -6.018750000000000000e+01 2.247500000000000000e+02
1.040999984741210938e+01 1.161999988555908203e+01 8.979999542236328125e+00 -8.000000000000000000e+00 -3.500000000000000000e+00 -3.937500000000000000e+01 3.575000000000000000e+01 -3.156250000000000000e+01 9.950000000000000000e+01
1.027999973297119141e+01 1.139000034332275391e+01 9.569999694824218750e+00 -8.000000000000000000e+00 -3.500000000000000000e+00 -3.937500000000000000e+01 6.000000000000000000e+00 -1.562500000000000000e+01 3.475000000000000000e+01
1.000000000000000000e+01 1.002000045776367188e+01 1.035000038146972656e+01 -8.000000000000000000e+00 -3.500000000000000000e+00 -3.937500000000000000e+01 -2.506250000000000000e+01 6.437500000000000000e+00 -1.756250000000000000e+01
5.909999847412109375e+00 3.999999910593032837e-02 9.079999923706054688e+00 -8.000000000000000000e+00 -3.500000000000000000e+00 -3.937500000000000000e+01 -2.506250000000000000e+01 6.437500000000000000e+00 -1.756250000000000000e+01
3.410000085830688477e+00 -4.110000133514404297e+00 7.989999771118164062e+00 -1.100000000000000000e+01 -6.000000000000000000e+00 -3.856250000000000000e+01 -5.037500000000000000e+01 2.687500000000000000e+01 -3.762500000000000000e+01
2.220000028610229492e+00 -7.280000209808349609e+00 7.500000000000000000e+00 -1.100000000000000000e+01 -6.000000000000000000e+00 -3.856250000000000000e+01 -5.475000000000000000e+01 2.831250000000000000e+01 -3.618750000000000000e+01
1.799999952316284180e+00 -9.659999847412109375e+00 7.170000076293945312e+00 -1.100000000000000000e+01 -6.000000000000000000e+00 -3.856250000000000000e+01 -4.137500000000000000e+01 2.106250000000000000e+01 -2.993750000000000000e+01
2.299999952316284180e+00 -1.034000015258789062e+01 6.650000095367431641e+00 -1.100000000000000000e+01 -6.000000000000000000e+00 -3.856250000000000000e+01 -2.381250000000000000e+01 1.262500000000000000e+01 -2.050000000000000000e+01
2.839999914169311523e+00 -9.670000076293945312e+00 6.730000019073486328e+00 -1.100000000000000000e+01 -6.000000000000000000e+00 -3.856250000000000000e+01 -2.381250000000000000e+01 1.262500000000000000e+01 -2.050000000000000000e+01
3.809999942779541016e+00 -7.920000076293945312e+00 7.309999942779541016e+00 -9.375000000000000000e+00 -4.187500000000000000e+00 -3.906250000000000000e+01 -6.875000000000000000e+00 3.250000000000000000e+00 -6.625000000000000000e+00
4.449999809265136719e+00 -5.309999942779541016e+00 8.010000228881835938e+00 -9.375000000000000000e+00 -4.187500000000000000e+00 -3.906250000000000000e+01 1.712500000000000000e+01 -5.437500000000000000e+00 6.062500000000000000e+00
5.150000095367431641e+00 -1.199999973177909851e-01 9.010000228881835938e+00 -9.375000000000000000e+00 -4.187500000000000000e+00 -3.906250000000000000e+01 1.768750000000000000e+01 -2.812500000000000000e+00 -8.125000000000000000e-01
5.320000171661376953e+00 1.240000009536743164e+00 9.199999809265136719e+00 -9.375000000000000000e+00 -4.187500000000000000e+00 -3.906250000000000000e+01 1.125000000000000000e+01 2.250000000000000000e+00 -1.187500000000000000e+01
5.360000133514404297e+00 1.100000023841857910e+00 9.159999847412109375e+00 -9.375000000000000000e+00 -4.187500000000000000e+00 -3.906250000000000000e+01 1.125000000000000000e+01 2.250000000000000000e+00 -1.187500000000000000e+01
6.849999904632568359e+00 -1.149999976158142090e+00 8.460000038146972656e+00 -9.875000000000000000e+00 -4.562500000000000000e+00 -3.856250000000000000e+01 3.250000000000000000e+00 7.500000000000000000e+00 -2.593750000000000000e+01
7.429999828338623047e+00 1.299999952316284180e-01 8.229999542236328125e+00 -9.875000000000000000e+00 -4.562500000000000000e+00 -3.856250000000000000e+01 3.312500000000000000e+00 1.912500000000000000e+01 -8.737500000000000000e+01
8.600000381469726562e+00 2.079999923706054688e+00 8.510000228881835938e+00 -9.875000000000000000e+00 -4.562500000000000000e+00 -3.856250000000000000e+01 -3.125000000000000000e-01 2.893750000000000000e+01 -1.315625000000000000e+02
9.409999847412109375e+00 4.019999980926513672e+00 8.609999656677246094e+00 -9.875000000000000000e+00 -4.562500000000000000e+00 -3.856250000000000000e+01 -1.362500000000000000e+01 4.131250000000000000e+01 -1.755000000000000000e+02
8.970000267028808594e+00 6.329999923706054688e+00 8.449999809265136719e+00 -9.875000000000000000e+00 -4.562500000000000000e+00 -3.856250000000000000e+01 -1.362500000000000000e+01 4.131250000000000000e+01 -1.755000000000000000e+02
8.569999694824218750e+00 6.760000228881835938e+00 8.000000000000000000e+00 -1.006250000000000000e+01 -4.187500000000000000e+00 -3.950000000000000000e+01 -3.293750000000000000e+01 5.193750000000000000e+01 -2.173125000000000000e+02
7.190000057220458984e+00 7.650000095367431641e+00 7.250000000000000000e+00 -1.006250000000000000e+01 -4.187500000000000000e+00 -3.950000000000000000e+01 -7.756250000000000000e+01 6.000000000000000000e+01 -2.930625000000000000e+02
6.389999866485595703e+00 7.650000095367431641e+00 6.219999790191650391e+00 -1.006250000000000000e+01 -4.187500000000000000e+00 -3.950000000000000000e+01 -1.020000000000000000e+02 5.562500000000000000e+01 -3.277500000000000000e+02
4.610000133514404297e+00 6.869999885559082031e+00 5.250000000000000000e+00 -1.006250000000000000e+01 -4.187500000000000000e+00 -3.950000000000000000e+01 -1.293750000000000000e+02 4.768750000000000000e+01 -3.575000000000000000e+02
5.400000095367431641e+00 5.860000133514404297e+00 5.039999961853027344e+00 -1.006250000000000000e+01 -4.187500000000000000e+00 -3.950000000000000000e+01 -1.293750000000000000e+02 4.768750000000000000e+01 -3.575000000000000000e+02
6.960000038146972656e+00 3.289999961853027344e+00 4.900000095367431641e+00 -6.750000000000000000e+00 -6.000000000000000000e+00 -3.937500000000000000e+01 -1.587500000000000000e+02 3.243750000000000000e+01 -3.790000000000000000e+02
8.289999961853027344e+00 -3.029999971389770508e+00 6.360000133514404297e+00 -6.750000000000000000e+00 -6.000000000000000000e+00 -3.937500000000000000e+01 -1.986250000000000000e+02 2.350000000000000000e+01 -3.844375000000000000e+02
7.610000133514404297e+00 -7.800000190734863281e+00 6.309999942779541016e+00 -6.750000000000000000e+00 -6.000000000000000000e+00 -3.937500000000000000e+01 -2.010625000000000000e+02 2.568750000000000000e+01 -3.590625000000000000e+02
5.230000019073486328e+00 -1.202999973297119141e+01 6.659999847412109375e+00 -6.750000000000000000e+00 -6.000000000000000000e+00 -3.937500000000000000e+01 -1.925625000000000000e+02 2.456250000000000000e+01 -3.258125000000000000e+02
3.609999895095825195e+00 -1.575000000000000000e+01 6.340000152587890625e+00 -6.750000000000000000e+00 -6.000000000000000000e+00 -3.937500000000000000e+01 -1.925625000000000000e+02 2.456250000000000000e+01 -3.258125000000000000e+02
2.599999904632568359e-01 -1.886000061035156250e+01 5.429999828338623047e+00 -5.250000000000000000e+00 -2.000000000000000000e+00 -3.950000000000000000e+01 -1.701875000000000000e+02 1.362500000000000000e+01 -2.861250000000000000e+02
-6.700000166893005371e-01 -1.988999938964843750e+01 5.590000152587890625e+00 -5.250000000000000000e+00 -2.000000000000000000e+00 -3.950000000000000000e+01 -9.437500000000000000e+01 -2.843750000000000000e+01 -1.822500000000000000e+02
8.799999952316284180e-01 -2.260000038146972656e+01 7.329999923706054688e+00 -5.250000000000000000e+00 -2.000000000000000000e+00 -3.950000000000000000e+01 -3.218750000000000000e+01 -5.706250000000000000e+01 -1.226875000000000000e+02
7.380000114440917969e+00 -2.937999916076660156e+01 9.010000228881835938e+00 -5.250000000000000000e+00 -2.000000000000000000e+00 -3.950000000000000000e+01 3.268750000000000000e+01 -7.112500000000000000e+01 -6.437500000000000000e+01
1.617000007629394531e+01 -1.190000057220458984e+00 1.860000014305114746e+00 -5.250000000000000000e+00 -2.000000000000000000e+00 -3.950000000000000000e+01 3.268750000000000000e+01 -7.112500000000000000e+01 -6.437500000000000000e+01
3.980000019073486328e+00 1.194999980926513672e+01 9.510000228881835938e+00 -4.562500000000000000e+00 1.250000000000000000e+00 -3.906250000000000000e+01 3.000000000000000000e+01 -3.656250000000000000e+01 -9.937500000000000000e+00
3.740000009536743164e+00 7.789999961853027344e+00 9.189999580383300781e+00 -4.562500000000000000e+00 1.250000000000000000e+00 -3.906250000000000000e+01 1.825000000000000000e+01 -1.493750000000000000e+01 -1.437500000000000000e+00
7.210000038146972656e+00 4.000000000000000000e+00 8.680000305175781250e+00 -4.562500000000000000e+00 1.250000000000000000e+00 -3.906250000000000000e+01 1.187500000000000000e+00 -2.625000000000000000e+00 -7.625000000000000000e+00
3.160000085830688477e+00 -3.660000085830688477e+00 8.229999542236328125e+00 -4.562500000000000000e+00 1.250000000000000000e+00 -3.906250000000000000e+01 -7.500000000000000000e+00 5.812500000000000000e+00 2.937500000000000000e+00
4.769999980926513672e+00 -3.940000057220458984e+00 7.780000209808349609e+00 -4.562500000000000000e+00 1.250000000000000000e+00 -3.906250000000000000e+01 -7.500000000000000000e+00 5.812500000000000000e+00 2.937500000000000000e+00
6.849999904632568359e+00 -3.150000095367431641e+00 7.239999771118164062e+00 -6.750000000000000000e+00 1.375000000000000000e+00 -3.975000000000000000e+01 -5.125000000000000000e+00 -4.250000000000000000e+00 2.625000000000000000e+00
4.739999771118164062e+00 -2.819999933242797852e+00 7.940000057220458984e+00 -6.750000000000000000e+00 1.375000000000000000e+00 -3.975000000000000000e+01 -1.375000000000000000e+00 1.750000000000000000e+00 -6.250000000000000000e-01
5.219999790191650391e+00 -2.839999914169311523e+00 7.849999904632568359e+00 -6.750000000000000000e+00 1.375000000000000000e+00 -3.975000000000000000e+01 3.750000000000000000e-01 -6.250000000000000000e-01 -2.750000000000000000e+00
5.329999923706054688e+00 -2.410000085830688477e+00 7.860000133514404297e+00 -6.750000000000000000e+00 1.375000000000000000e+00 -3.975000000000000000e+01 1.375000000000000000e+00 -5.000000000000000000e-01 -5.187500000000000000e+00
5.320000171661376953e+00 -2.049999952316284180e+00 7.869999885559082031e+00 -6.750000000000000000e+00 1.375000000000000000e+00 -3.975000000000000000e+01 1.375000000000000000e+00 -5.000000000000000000e-01 -5.187500000000000000e+00
5.699999809265136719e+00 -1.759999990463256836e+00 7.840000152587890625e+00 -6.562500000000000000e+00 2.500000000000000000e-01 -3.975000000000000000e+01 1.750000000000000000e+00 -4.375000000000000000e-01 -6.250000000000000000e+00
5.630000114440917969e+00 -1.590000033378601074e+00 7.869999885559082031e+00 -6.562500000000000000e+00 2.500000000000000000e-01 -3.975000000000000000e+01 1.312500000000000000e+00 -9.375000000000000000e-01 -5.000000000000000000e+00
5.519999980926513672e+00 -1.590000033378601074e+00 7.900000095367431641e+00 -6.562500000000000000e+00 2.500000000000000000e-01 -3.975000000000000000e+01 6.875000000000000000e-01 -1.187500000000000000e+00 -4.312500000000000000e+00
5.739999771118164062e+00 -2.029999971389770508e+00 7.730000019073486328e+00 -6.562500000000000000e+00 2.500000000000000000e-01 -3.975000000000000000e+01 3.125000000000000000e-01 -1.375000000000000000e+00 -3.687500000000000000e+00
5.630000114440917969e+00 -2.140000104904174805e+00 7.739999771118164062e+00 -6.562500000000000000e+00 2.500000000000000000e-01 -3.975000000000000000e+01 3.125000000000000000e-01 -1.375000000000000000e+00 -3.687500000000000000e+00
5.510000228881835938e+00 -2.029999971389770508e+00 7.789999961853027344e+00 -7.250000000000000000e+00 7.500000000000000000e-01 -3.856250000000000000e+01 6.875000000000000000e-01 -3.125000000000000000e-01 -3.750000000000000000e+00
5.480000019073486328e+00 -1.850000023841857910e+00 7.889999866485595703e+00 -7.250000000000000000e+00 7.500000000000000000e-01 -3.856250000000000000e+01 1.125000000000000000e+00 -2.500000000000000000e-01 -4.000000000000000000e+00
5.480000019073486328e+00 -1.840000033378601074e+00 7.880000114440917969e+00 -7.250000000000000000e+00 7.500000000000000000e-01 -3.856250000000000000e+01 8.125000000000000000e-01 -9.375000000000000000e-01 -3.687500000000000000e+00
5.599999904632568359e+00 -1.870000004768371582e+00 7.849999904632568359e+00 -7.250000000000000000e+00 7.500000000000000000e-01 -3.856250000000000000e+01 5.625000000000000000e-01 -1.125000000000000000e+00 -3.437500000000000000e+00
5.539999961853027344e+00 -1.899999976158142090e+00 7.789999961853027344e+00 -7.250000000000000000e+00 7.500000000000000000e-01 -3.856250000000000000e+01 5.625000000000000000e-01 -1.125000000000000000e+00 -3.437500000000000000e+00
5.500000000000000000e+00 -1.970000028610229492e+00 7.829999923706054688e+00 -7.250000000000000000e+00 3.750000000000000000e-01 -3.900000000000000000e+01 3.750000000000000000e-01 -1.062500000000000000e+00 -3.250000000000000000e+00
5.260000228881835938e+00 -2.190000057220458984e+00 7.900000095367431641e+00 -7.250000000000000000e+00 3.750000000000000000e-01 -3.900000000000000000e+01 1.062500000000000000e+00 -1.000000000000000000e+00 -5.062500000000000000e+00
5.230000019073486328e+00 -2.279999971389770508e+00 7.889999866485595703e+00 -7.250000000000000000e+00 3.750000000000000000e-01 -3.900000000000000000e+01 1.250000000000000000e+00 -1.437500000000000000e+00 -6.312500000000000000e+00
5.409999847412109375e+00 -2.150000095367431641e+00 7.889999866485595703e+00 -7.250000000000000000e+00 3.750000000000000000e-01 -3.900000000000000000e+01 1.562500000000000000e+00 -2.125000000000000000e+00 -7.312500000000000000e+00
5.579999923706054688e+00 -1.789999961853027344e+00 7.869999885559082031e+00 -7.250000000000000000e+00 3.750000000000000000e-01 -3.900000000000000000e+01 1.562500000000000000e+00 -2.125000000000000000e+00 -7.312500000000000000e+00
5.670000076293945312e+00 -1.740000009536743164e+00 7.849999904632568359e+00 -7.000000000000000000e+00 1.562500000000000000e+00 -3.925000000000000000e+01 1.562500000000000000e+00 -2.562500000000000000e+00 -7.187500000000000000e+00
5.670000076293945312e+00 -1.610000014305114746e+00 7.820000171661376953e+00 -7.000000000000000000e+00 1.562500000000000000e+00 -3.925000000000000000e+01 1.187500000000000000e+00 -2.687500000000000000e+00 -5.500000000000000000e+00
5.559999942779541016e+00 -1.629999995231628418e+00 7.849999904632568359e+00 -7.000000000000000000e+00 1.562500000000000000e+00 -3.925000000000000000e+01 7.500000000000000000e-01 -2.875000000000000000e+00 -4.562500000000000000e+00
