5.480000019073486328e+00 -1.870000004768371582e+00 7.860000133514404297e+00 -6.375000000000000000e+00 8.750000000000000000e-01 -3.868750000000000000e+01 -1.250000000000000000e-01 -6.250000000000000000e-02 -6.250000000000000000e-02
5.460000038146972656e+00 -1.850000023841857910e+00 7.860000133514404297e+00 -6.375000000000000000e+00 8.750000000000000000e-01 -3.868750000000000000e+01 0.000000000000000000e+00 6.250000000000000000e-02 -6.250000000000000000e-02
5.469999790191650391e+00 -1.840000033378601074e+00 7.860000133514404297e+00 -6.375000000000000000e+00 8.750000000000000000e-01 -3.868750000000000000e+01 1.250000000000000000e-01 1.250000000000000000e-01 -1.250000000000000000e-01
5.480000019073486328e+00 -1.870000004768371582e+00 7.869999885559082031e+00 -6.375000000000000000e+00 8.750000000000000000e-01 -3.868750000000000000e+01 6.250000000000000000e-02 1.875000000000000000e-01 -6.250000000000000000e-02
5.489999771118164062e+00 -1.850000023841857910e+00 7.889999866485595703e+00 -5.250000000000000000e+00 8.750000000000000000e-01 -3.950000000000000000e+01 6.250000000000000000e-02 1.250000000000000000e-01 -6.250000000000000000e-02
5.480000019073486328e+00 -1.870000004768371582e+00 7.869999885559082031e+00 -5.250000000000000000e+00 8.750000000000000000e-01 -3.950000000000000000e+01 1.875000000000000000e-01 6.250000000000000000e-02 -1.875000000000000000e-01
5.469999790191650391e+00 -1.870000004768371582e+00 7.840000152587890625e+00 -5.250000000000000000e+00 8.750000000000000000e-01 -3.950000000000000000e+01 6.250000000000000000e-02 -6.250000000000000000e-02 -1.250000000000000000e-01
5.469999790191650391e+00 -1.870000004768371582e+00 7.869999885559082031e+00 -5.250000000000000000e+00 8.750000000000000000e-01 -3.950000000000000000e+01 -6.250000000000000000e-02 -6.250000000000000000e-02 -1.250000000000000000e-01
5.469999790191650391e+00 -1.860000014305114746e+00 7.909999847412109375e+00 -5.250000000000000000e+00 8.750000000000000000e-01 -3.950000000000000000e+01 0.000000000000000000e+00 1.875000000000000000e-01 -1.250000000000000000e-01
5.480000019073486328e+00 -1.850000023841857910e+00 7.900000095367431641e+00 -6.375000000000000000e+00 8.750000000000000000e-01 -3.868750000000000000e+01 0.000000000000000000e+00 0.000000000000000000e+00 -6.250000000000000000e-02
5.469999790191650391e+00 -1.850000023841857910e+00 7.860000133514404297e+00 -6.375000000000000000e+00 8.750000000000000000e-01 -3.868750000000000000e+01 -1.250000000000000000e-01 -1.875000000000000000e-01 0.000000000000000000e+00
5.460000038146972656e+00 -1.840000033378601074e+00 7.869999885559082031e+00 -6.375000000000000000e+00 8.750000000000000000e-01 -3.868750000000000000e+01 0.000000000000000000e+00 6.250000000000000000e-02 -6.250000000000000000e-02
5.480000019073486328e+00 -1.850000023841857910e+00 7.849999904632568359e+00 -6.375000000000000000e+00 8.750000000000000000e-01 -3.868750000000000000e+01 -1.250000000000000000e-01 0.000000000000000000e+00 0.000000000000000000e+00
5.469999790191650391e+00 -1.850000023841857910e+00 7.860000133514404297e+00 -6.375000000000000000e+00 8.750000000000000000e-01 -3.868750000000000000e+01 6.250000000000000000e-02 -1.250000000000000000e-01 0.000000000000000000e+00
5.469999790191650391e+00 -1.850000023841857910e+00 7.880000114440917969e+00 -5.687500000000000000e+00 1.250000000000000000e+00 -4.075000000000000000e+01 6.250000000000000000e-02 0.000000000000000000e+00 -1.875000000000000000e-01
5.369999885559082031e+00 -1.870000004768371582e+00 7.829999923706054688e+00 -5.687500000000000000e+00 1.250000000000000000e+00 -4.075000000000000000e+01 0.000000000000000000e+00 -6.250000000000000000e-02 -2.500000000000000000e-01
5.130000114440917969e+00 -1.879999995231628418e+00 7.869999885559082031e+00 -5.687500000000000000e+00 1.250000000000000000e+00 -4.075000000000000000e+01 6.250000000000000000e-02 -5.000000000000000000e-01 -5.000000000000000000e-01
5.170000076293945312e+00 -1.889999985694885254e+00 7.949999809265136719e+00 -5.687500000000000000e+00 1.250000000000000000e+00 -4.075000000000000000e+01 1.875000000000000000e-01 -1.187500000000000000e+00 -1.500000000000000000e+00
5.070000171661376953e+00 -1.879999995231628418e+00 7.849999904632568359e+00 -5.687500000000000000e+00 1.250000000000000000e+00 -4.075000000000000000e+01 3.750000000000000000e-01 -2.437500000000000000e+00 -2.125000000000000000e+00
4.019999980926513672e+00 -1.559999942779541016e+00 8.069999694824218750e+00 -6.750000000000000000e+00 2.000000000000000000e+00 -3.868750000000000000e+01 5.625000000000000000e-01 -5.062500000000000000e+00 -4.375000000000000000e+00
3.509999990463256836e+00 -1.789999961853027344e+00 8.710000038146972656e+00 -6.750000000000000000e+00 2.000000000000000000e+00 -3.868750000000000000e+01 8.125000000000000000e-01 -8.812500000000000000e+00 -9.812500000000000000e+00
3.710000038146972656e+00 -1.889999985694885254e+00 9.319999694824218750e+00 -6.750000000000000000e+00 2.000000000000000000e+00 -3.868750000000000000e+01 1.187500000000000000e+00 -1.431250000000000000e+01 -1.568750000000000000e+01
4.989999771118164062e+00 -3.059999942779541016e+00 9.119999885559082031e+00 -6.750000000000000000e+00 2.000000000000000000e+00 -3.868750000000000000e+01 -1.562500000000000000e+00 -2.393750000000000000e+01 -1.706250000000000000e+01
4.250000000000000000e+00 -3.730000019073486328e+00 1.022000026702880859e+01 -6.750000000000000000e+00 2.000000000000000000e+00 -3.868750000000000000e+01 -1.187500000000000000e+00 -3.381250000000000000e+01 -1.737500000000000000e+01
4.250000000000000000e+00 -3.730000019073486328e+00 1.022000026702880859e+01 -5.687500000000000000e+00 1.875000000000000000e-01 -3.918750000000000000e+01 -3.500000000000000000e+00 -4.812500000000000000e+01 -1.943750000000000000e+01
4.039999961853027344e+00 -2.150000095367431641e+00 1.122000026702880859e+01 -5.687500000000000000e+00 1.875000000000000000e-01 -3.918750000000000000e+01 -1.831250000000000000e+01 -7.181250000000000000e+01 -1.868750000000000000e+01
5.199999809265136719e+00 -1.330000042915344238e+00 1.077999973297119141e+01 -5.687500000000000000e+00 1.875000000000000000e-01 -3.918750000000000000e+01 -1.831250000000000000e+01 -7.181250000000000000e+01 -1.868750000000000000e+01
4.699999809265136719e+00 -1.389999985694885254e+00 1.007999992370605469e+01 -5.687500000000000000e+00 1.875000000000000000e-01 -3.918750000000000000e+01 -2.862500000000000000e+01 -1.186250000000000000e+02 -1.331250000000000000e+01
4.900000095367431641e+00 -1.259999990463256836e+00 9.210000038146972656e+00 -5.687500000000000000e+00 1.875000000000000000e-01 -3.918750000000000000e+01 -2.481250000000000000e+01 -1.376250000000000000e+02 -1.081250000000000000e+01
4.900000095367431641e+00 -1.259999990463256836e+00 9.210000038146972656e+00 -8.562500000000000000e+00 2.000000000000000000e+00 -3.950000000000000000e+01 -2.568750000000000000e+01 -1.476875000000000000e+02 -1.081250000000000000e+01
5.309999942779541016e+00 -1.240000009536743164e+00 8.399999618530273438e+00 -8.562500000000000000e+00 2.000000000000000000e+00 -3.950000000000000000e+01 -2.568750000000000000e+01 -1.476875000000000000e+02 -1.081250000000000000e+01
6.690000057220458984e+00 -2.339999914169311523e+00 7.150000095367431641e+00 -8.562500000000000000e+00 2.000000000000000000e+00 -3.950000000000000000e+01 -2.887500000000000000e+01 -1.546250000000000000e+02 -1.181250000000000000e+01
6.909999847412109375e+00 -2.759999990463256836e+00 6.650000095367431641e+00 -8.562500000000000000e+00 2.000000000000000000e+00 -3.950000000000000000e+01 -2.675000000000000000e+01 -1.526875000000000000e+02 -1.568750000000000000e+01
7.130000114440917969e+00 -1.820000052452087402e+00 4.969999790191650391e+00 -8.562500000000000000e+00 2.000000000000000000e+00 -3.950000000000000000e+01 -2.362500000000000000e+01 -1.488125000000000000e+02 -1.743750000000000000e+01
7.130000114440917969e+00 -1.820000052452087402e+00 4.969999790191650391e+00 -1.218750000000000000e+01 1.562500000000000000e+00 -3.800000000000000000e+01 -2.731250000000000000e+01 -1.425625000000000000e+02 -1.643750000000000000e+01
7.639999866485595703e+00 -8.700000047683715820e-01 4.210000038146972656e+00 -1.218750000000000000e+01 1.562500000000000000e+00 -3.800000000000000000e+01 -2.731250000000000000e+01 -1.425625000000000000e+02 -1.643750000000000000e+01
8.270000457763671875e+00 -1.379999995231628418e+00 3.190000057220458984e+00 -1.218750000000000000e+01 1.562500000000000000e+00 -3.800000000000000000e+01 -3.450000000000000000e+01 -1.325000000000000000e+02 -1.468750000000000000e+01
8.500000000000000000e+00 -1.889999985694885254e+00 2.980000019073486328e+00 -1.218750000000000000e+01 1.562500000000000000e+00 -3.800000000000000000e+01 -3.718750000000000000e+01 -1.078750000000000000e+02 -1.031250000000000000e+01
9.029999732971191406e+00 -1.450000047683715820e+00 2.490000009536743164e+00 -1.218750000000000000e+01 1.562500000000000000e+00 -3.800000000000000000e+01 -3.356250000000000000e+01 -9.312500000000000000e+01 -8.250000000000000000e+00
9.029999732971191406e+00 -1.450000047683715820e+00 2.490000009536743164e+00 -1.625000000000000000e+01 2.375000000000000000e+00 -3.687500000000000000e+01 -3.131250000000000000e+01 -7.606250000000000000e+01 -4.375000000000000000e+00
9.149999618530273438e+00 -1.059999942779541016e+00 2.089999914169311523e+00 -1.625000000000000000e+01 2.375000000000000000e+00 -3.687500000000000000e+01 -3.131250000000000000e+01 -7.606250000000000000e+01 -4.375000000000000000e+00
9.229999542236328125e+00 -1.879999995231628418e+00 1.620000004768371582e+00 -1.625000000000000000e+01 2.375000000000000000e+00 -3.687500000000000000e+01 -2.862500000000000000e+01 -5.825000000000000000e+01 -2.500000000000000000e-01
9.399999618530273438e+00 -1.950000047683715820e+00 1.820000052452087402e+00 -1.625000000000000000e+01 2.375000000000000000e+00 -3.687500000000000000e+01 -2.262500000000000000e+01 -4.050000000000000000e+01 3.437500000000000000e+00
8.960000038146972656e+00 -1.870000004768371582e+00 2.329999923706054688e+00 -1.625000000000000000e+01 2.375000000000000000e+00 -3.687500000000000000e+01 -1.350000000000000000e+01 -2.368750000000000000e+01 6.125000000000000000e+00
8.960000038146972656e+00 -1.870000004768371582e+00 2.329999923706054688e+00 -1.906250000000000000e+01 3.062500000000000000e+00 -3.518750000000000000e+01 -2.062500000000000000e+00 7.687500000000000000e+00 1.468750000000000000e+01
9.090000152587890625e+00 -1.080000042915344238e+00 2.809999942779541016e+00 -1.906250000000000000e+01 3.062500000000000000e+00 -3.518750000000000000e+01 -2.062500000000000000e+00 7.687500000000000000e+00 1.468750000000000000e+01
9.279999732971191406e+00 -1.750000000000000000e+00 2.960000038146972656e+00 -1.906250000000000000e+01 3.062500000000000000e+00 -3.518750000000000000e+01 -2.125000000000000000e+00 2.212500000000000000e+01 2.000000000000000000e+01
9.720000267028808594e+00 -1.480000019073486328e+00 2.630000114440917969e+00 -1.906250000000000000e+01 3.062500000000000000e+00 -3.518750000000000000e+01 -1.000000000000000000e+00 3.537500000000000000e+01 2.550000000000000000e+01
9.890000343322753906e+00 2.999999932944774628e-02 1.809999942779541016e+00 -1.906250000000000000e+01 3.062500000000000000e+00 -3.518750000000000000e+01 3.750000000000000000e-01 5.062500000000000000e+01 3.343750000000000000e+01
9.859999656677246094e+00 1.599999964237213135e-01 1.649999976158142090e+00 -1.937500000000000000e+01 4.875000000000000000e+00 -3.425000000000000000e+01 -2.187500000000000000e+00 8.743750000000000000e+01 5.337500000000000000e+01
9.149999618530273438e+00 -5.400000214576721191e-01 1.720000028610229492e+00 -1.937500000000000000e+01 4.875000000000000000e+00 -3.425000000000000000e+01 -2.187500000000000000e+00 8.743750000000000000e+01 5.337500000000000000e+01
9.119999885559082031e+00 -2.369999885559082031e+00 2.319999933242797852e+00 -1.937500000000000000e+01 4.875000000000000000e+00 -3.425000000000000000e+01 6.250000000000000000e-01 1.079375000000000000e+02 6.018750000000000000e+01
6.960000038146972656e+00 -4.360000133514404297e+00 4.159999847412109375e+00 -1.937500000000000000e+01 4.875000000000000000e+00 -3.425000000000000000e+01 1.143750000000000000e+01 1.251250000000000000e+02 6.118750000000000000e+01
6.420000076293945312e+00 -5.829999923706054688e+00 5.050000190734863281e+00 -1.937500000000000000e+01 4.875000000000000000e+00 -3.425000000000000000e+01 2.375000000000000000e+01 1.393125000000000000e+02 5.737500000000000000e+01
6.900000095367431641e+00 -7.510000228881835938e+00 5.920000076293945312e+00 -1.687500000000000000e+01 4.187500000000000000e+00 -3.506250000000000000e+01 4.912500000000000000e+01 1.536875000000000000e+02 3.012500000000000000e+01
6.900000095367431641e+00 -7.510000228881835938e+00 5.920000076293945312e+00 -1.687500000000000000e+01 4.187500000000000000e+00 -3.506250000000000000e+01 4.912500000000000000e+01 1.536875000000000000e+02 3.012500000000000000e+01
1.850000023841857910e+00 -6.340000152587890625e+00 8.399999618530273438e+00 -1.687500000000000000e+01 4.187500000000000000e+00 -3.506250000000000000e+01 6.475000000000000000e+01 1.636250000000000000e+02 9.062500000000000000e+00
1.850000023841857910e+00 -6.340000152587890625e+00 8.399999618530273438e+00 -1.687500000000000000e+01 4.187500000000000000e+00 -3.506250000000000000e+01 6.693750000000000000e+01 1.668125000000000000e+02 -8.125000000000000000e+00
2.559999942779541016e+00 -5.719999790191650391e+00 9.239999771118164062e+00 -1.687500000000000000e+01 4.187500000000000000e+00 -3.506250000000000000e+01 6.093750000000000000e+01 1.495000000000000000e+02 -2.156250000000000000e+01
3.900000095367431641e+00 -2.519999980926513672e+00 1.025000000000000000e+01 -1.318750000000000000e+01 4.562500000000000000e+00 -3.737500000000000000e+01 4.537500000000000000e+01 1.128125000000000000e+02 -3.293750000000000000e+01
3.230000019073486328e+00 -5.999999865889549255e-02 1.251000022888183594e+01 -1.318750000000000000e+01 4.562500000000000000e+00 -3.737500000000000000e+01 4.537500000000000000e+01 1.128125000000000000e+02 -3.293750000000000000e+01
3.539999961853027344e+00 1.600000023841857910e+00 1.239000034332275391e+01 -1.318750000000000000e+01 4.562500000000000000e+00 -3.737500000000000000e+01 3.693750000000000000e+01 8.062500000000000000e+01 -2.781250000000000000e+01
4.789999961853027344e+00 2.799999952316284180e+00 1.167000007629394531e+01 -1.318750000000000000e+01 4.562500000000000000e+00 -3.737500000000000000e+01 2.287500000000000000e+01 4.950000000000000000e+01 -1.631250000000000000e+01
5.019999980926513672e+00 5.799999833106994629e-01 1.014000034332275391e+01 -1.318750000000000000e+01 4.562500000000000000e+00 -3.737500000000000000e+01 1.000000000000000000e+01 2.687500000000000000e+01 -2.812500000000000000e+00
4.980000019073486328e+00 -5.799999833106994629e-01 9.409999847412109375e+00 -7.187500000000000000e+00 2.687500000000000000e+00 -3.775000000000000000e+01 -2.312500000000000000e+00 1.000000000000000000e+00 1.187500000000000000e+01
5.269999980926513672e+00 -1.679999947547912598e+00 8.520000457763671875e+00 -7.187500000000000000e+00 2.687500000000000000e+00 -3.775000000000000000e+01 -2.312500000000000000e+00 1.000000000000000000e+00 1.187500000000000000e+01
5.510000228881835938e+00 -2.599999904632568359e+00 7.820000171661376953e+00 -7.187500000000000000e+00 2.687500000000000000e+00 -3.775000000000000000e+01 -2.687500000000000000e+00 -2.500000000000000000e+00 1.187500000000000000e+01
6.150000095367431641e+00 -3.170000076293945312e+00 6.739999771118164062e+00 -7.187500000000000000e+00 2.687500000000000000e+00 -3.775000000000000000e+01 1.875000000000000000e-01 -1.500000000000000000e+00 1.006250000000000000e+01
6.409999847412109375e+00 -3.250000000000000000e+00 6.380000114440917969e+00 -7.187500000000000000e+00 2.687500000000000000e+00 -3.775000000000000000e+01 4.250000000000000000e+00 3.062500000000000000e+00 7.312500000000000000e+00
6.639999866485595703e+00 -3.190000057220458984e+00 6.110000133514404297e+00 -8.687500000000000000e+00 8.750000000000000000e-01 -3.868750000000000000e+01 9.312500000000000000e+00 1.012500000000000000e+01 4.437500000000000000e+00
6.920000076293945312e+00 -3.039999961853027344e+00 5.960000038146972656e+00 -8.687500000000000000e+00 8.750000000000000000e-01 -3.868750000000000000e+01 1.500000000000000000e+01 1.956250000000000000e+01 2.062500000000000000e+00
6.659999847412109375e+00 -1.789999961853027344e+00 6.920000076293945312e+00 -8.687500000000000000e+00 8.750000000000000000e-01 -3.868750000000000000e+01 2.037500000000000000e+01 3.050000000000000000e+01 7.500000000000000000e-01
3.559999942779541016e+00 -5.899999737739562988e-01 9.699999809265136719e+00 -8.687500000000000000e+00 8.750000000000000000e-01 -3.868750000000000000e+01 1.443750000000000000e+01 3.518750000000000000e+01 5.000000000000000000e-01
5.429999828338623047e+00 -1.470000028610229492e+00 7.739999771118164062e+00 -8.687500000000000000e+00 8.750000000000000000e-01 -3.868750000000000000e+01 1.193750000000000000e+01 2.618750000000000000e+01 -1.750000000000000000e+00
4.159999847412109375e+00 -1.879999995231628418e+00 9.390000343322753906e+00 -7.187500000000000000e+00 8.750000000000000000e-01 -3.906250000000000000e+01 9.312500000000000000e+00 2.662500000000000000e+01 -1.562500000000000000e+00
3.319999933242797852e+00 -2.440000057220458984e+00 9.680000305175781250e+00 -7.187500000000000000e+00 8.750000000000000000e-01 -3.906250000000000000e+01 4.812500000000000000e+00 1.712500000000000000e+01 -1.437500000000000000e+00
4.239999771118164062e+00 -2.730000019073486328e+00 8.569999694824218750e+00 -7.187500000000000000e+00 8.750000000000000000e-01 -3.906250000000000000e+01 1.500000000000000000e+00 3.750000000000000000e+00 -2.375000000000000000e+00
5.599999904632568359e+00 -2.599999904632568359e+00 7.610000133514404297e+00 -7.187500000000000000e+00 8.750000000000000000e-01 -3.906250000000000000e+01 1.750000000000000000e+00 3.750000000000000000e-01 -4.375000000000000000e+00
5.849999904632568359e+00 -1.929999947547912598e+00 7.500000000000000000e+00 -7.187500000000000000e+00 8.750000000000000000e-01 -3.906250000000000000e+01 3.125000000000000000e+00 2.312500000000000000e+00 -4.687500000000000000e+00
5.619999885559082031e+00 -1.710000038146972656e+00 7.739999771118164062e+00 -6.875000000000000000e+00 1.875000000000000000e-01 -3.987500000000000000e+01 3.062500000000000000e+00 3.625000000000000000e+00 -4.375000000000000000e+00
5.510000228881835938e+00 -1.549999952316284180e+00 7.860000133514404297e+00 -6.875000000000000000e+00 1.875000000000000000e-01 -3.987500000000000000e+01 3.000000000000000000e+00 3.500000000000000000e+00 -3.812500000000000000e+00
5.550000190734863281e+00 -1.519999980926513672e+00 7.849999904632568359e+00 -6.875000000000000000e+00 1.875000000000000000e-01 -3.987500000000000000e+01 2.625000000000000000e+00 3.000000000000000000e+00 -3.000000000000000000e+00
5.619999885559082031e+00 -1.580000042915344238e+00 7.800000190734863281e+00 -6.875000000000000000e+00 1.875000000000000000e-01 -3.987500000000000000e+01 1.937500000000000000e+00 2.937500000000000000e+00 -2.312500000000000000e+00
5.599999904632568359e+00 -1.700000047683715820e+00 7.860000133514404297e+00 -6.875000000000000000e+00 1.875000000000000000e-01 -3.987500000000000000e+01 1.437500000000000000e+00 2.937500000000000000e+00 -1.312500000000000000e+00
5.559999942779541016e+00 -1.830000042915344238e+00 7.820000171661376953e+00 -5.375000000000000000e+00 5.000000000000000000e-01 -3.950000000000000000e+01 1.125000000000000000e+00 2.437500000000000000e+00 -1.000000000000000000e+00
5.590000152587890625e+00 -1.919999957084655762e+00 7.849999904632568359e+00 -5.375000000000000000e+00 5.000000000000000000e-01 -3.950000000000000000e+01 1.000000000000000000e+00 2.062500000000000000e+00 -4.375000000000000000e-01
5.590000152587890625e+00 -1.889999985694885254e+00 7.809999942779541016e+00 -5.375000000000000000e+00 5.000000000000000000e-01 -3.950000000000000000e+01 8.750000000000000000e-01 1.812500000000000000e+00 -1.875000000000000000e-01
5.579999923706054688e+00 -1.899999976158142090e+00 7.780000209808349609e+00 -5.375000000000000000e+00 5.000000000000000000e-01 -3.950000000000000000e+01 7.500000000000000000e-01 1.750000000000000000e+00 0.000000000000000000e+00
5.550000190734863281e+00 -1.889999985694885254e+00 7.780000209808349609e+00 -5.375000000000000000e+00 5.000000000000000000e-01 -3.950000000000000000e+01 8.125000000000000000e-01 1.687500000000000000e+00 6.250000000000000000e-02
5.530000209808349609e+00 -1.860000014305114746e+00 7.800000190734863281e+00 -6.187500000000000000e+00 8.750000000000000000e-01 -3.868750000000000000e+01 7.500000000000000000e-01 1.812500000000000000e+00 1.250000000000000000e-01
5.480000019073486328e+00 -1.850000023841857910e+00 7.829999923706054688e+00 -6.187500000000000000e+00 8.750000000000000000e-01 -3.868750000000000000e+01 8.750000000000000000e-01 1.750000000000000000e+00 6.250000000000000000e-02
5.500000000000000000e+00 -1.889999985694885254e+00 7.820000171661376953e+00 -6.187500000000000000e+00 8.750000000000000000e-01 -3.868750000000000000e+01 7.500000000000000000e-01 1.625000000000000000e+00 0.000000000000000000e+00
5.510000228881835938e+00 -1.879999995231628418e+00 7.829999923706054688e+00 -6.187500000000000000e+00 8.750000000000000000e-01 -3.868750000000000000e+01 6.875000000000000000e-01 1.500000000000000000e+00 2.500000000000000000e-01
5.480000019073486328e+00 -1.919999957084655762e+00 7.829999923706054688e+00 -6.187500000000000000e+00 8.750000000000000000e-01 -3.868750000000000000e+01 5.625000000000000000e-01 1.125000000000000000e+00 0.000000000000000000e+00
5.500000000000000000e+00 -1.929999947547912598e+00 7.829999923706054688e+00 -5.750000000000000000e+00 1.250000000000000000e+00 -3.787500000000000000e+01 5.625000000000000000e-01 8.125000000000000000e-01 6.250000000000000000e-02
5.510000228881835938e+00 -1.919999957084655762e+00 7.829999923706054688e+00 -5.750000000000000000e+00 1.250000000000000000e+00 -3.787500000000000000e+01 3.750000000000000000e-01 7.500000000000000000e-01 -1.875000000000000000e-01
5.530000209808349609e+00 -1.870000004768371582e+00 7.829999923706054688e+00 -5.750000000000000000e+00 1.250000000000000000e+00 -3.787500000000000000e+01 2.500000000000000000e-01 5.625000000000000000e-01 -1.250000000000000000e-01
5.519999980926513672e+00 -1.860000014305114746e+00 7.809999942779541016e+00 -5.750000000000000000e+00 1.250000000000000000e+00 -3.787500000000000000e+01 1.250000000000000000e-01 3.750000000000000000e-01 0.000000000000000000e+00
5.530000209808349609e+00 -1.850000023841857910e+00 7.809999942779541016e+00 -5.750000000000000000e+00 1.250000000000000000e+00 -3.787500000000000000e+01 0.000000000000000000e+00 1.875000000000000000e-01 2.500000000000000000e-01
5.539999961853027344e+00 -1.850000023841857910e+00 7.820000171661376953e+00 -6.562500000000000000e+00 1.875000000000000000e-01 -4.025000000000000000e+01 0.000000000000000000e+00 3.125000000000000000e-01 0.000000000000000000e+00
