5.619999885559082031e+00 -2.250000000000000000e+00 7.659999847412109375e+00 -6.875000000000000000e+00 9.187500000000000000e+00 -3.387500000000000000e+01 1.875000000000000000e-01 6.250000000000000000e-02 6.250000000000000000e-02
5.630000114440917969e+00 -2.259999990463256836e+00 7.670000076293945312e+00 -7.562500000000000000e+00 9.500000000000000000e+00 -3.387500000000000000e+01 6.250000000000000000e-02 -6.250000000000000000e-02 -6.250000000000000000e-02
5.639999866485595703e+00 -2.250000000000000000e+00 7.670000076293945312e+00 -7.562500000000000000e+00 9.500000000000000000e+00 -3.387500000000000000e+01 0.000000000000000000e+00 1.875000000000000000e-01 -6.250000000000000000e-02
5.630000114440917969e+00 -2.259999990463256836e+00 7.630000114440917969e+00 -7.562500000000000000e+00 9.500000000000000000e+00 -3.387500000000000000e+01 6.250000000000000000e-02 6.250000000000000000e-02 1.875000000000000000e-01
5.619999885559082031e+00 -2.250000000000000000e+00 7.650000095367431641e+00 -7.562500000000000000e+00 9.500000000000000000e+00 -3.387500000000000000e+01 6.250000000000000000e-02 0.000000000000000000e+00 1.250000000000000000e-01
5.610000133514404297e+00 -2.250000000000000000e+00 7.650000095367431641e+00 -7.562500000000000000e+00 9.500000000000000000e+00 -3.387500000000000000e+01 0.000000000000000000e+00 -1.875000000000000000e-01 6.250000000000000000e-02
5.639999866485595703e+00 -2.230000019073486328e+00 7.659999847412109375e+00 -6.500000000000000000e+00 8.750000000000000000e+00 -3.350000000000000000e+01 0.000000000000000000e+00 6.250000000000000000e-02 0.000000000000000000e+00
5.610000133514404297e+00 -2.230000019073486328e+00 7.659999847412109375e+00 -6.500000000000000000e+00 8.750000000000000000e+00 -3.350000000000000000e+01 -6.250000000000000000e-02 2.500000000000000000e-01 -6.250000000000000000e-02
5.630000114440917969e+00 -2.250000000000000000e+00 7.639999866485595703e+00 -6.500000000000000000e+00 8.750000000000000000e+00 -3.350000000000000000e+01 -6.250000000000000000e-02 6.250000000000000000e-02 6.250000000000000000e-02
5.630000114440917969e+00 -2.250000000000000000e+00 7.659999847412109375e+00 -6.500000000000000000e+00 8.750000000000000000e+00 -3.350000000000000000e+01 0.000000000000000000e+00 6.250000000000000000e-02 1.250000000000000000e-01
5.630000114440917969e+00 -2.259999990463256836e+00 7.699999809265136719e+00 -6.500000000000000000e+00 8.750000000000000000e+00 -3.350000000000000000e+01 0.000000000000000000e+00 0.000000000000000000e+00 0.000000000000000000e+00
5.619999885559082031e+00 -2.210000038146972656e+00 7.699999809265136719e+00 -8.000000000000000000e+00 9.500000000000000000e+00 -3.306250000000000000e+01 -1.250000000000000000e-01 6.250000000000000000e-02 6.250000000000000000e-02
5.300000190734863281e+00 -2.170000076293945312e+00 7.840000152587890625e+00 -8.000000000000000000e+00 9.500000000000000000e+00 -3.306250000000000000e+01 -3.750000000000000000e-01 -3.750000000000000000e-01 6.875000000000000000e-01
4.929999828338623047e+00 -1.929999947547912598e+00 7.989999771118164062e+00 -8.000000000000000000e+00 9.500000000000000000e+00 -3.306250000000000000e+01 -1.062500000000000000e+00 -2.812500000000000000e+00 2.750000000000000000e+00
5.130000114440917969e+00 -1.509999990463256836e+00 8.300000190734863281e+00 -8.000000000000000000e+00 9.500000000000000000e+00 -3.306250000000000000e+01 -3.000000000000000000e+00 -7.875000000000000000e+00 5.625000000000000000e+00
5.480000019073486328e+00 -1.049999952316284180e+00 8.420000076293945312e+00 -8.000000000000000000e+00 9.500000000000000000e+00 -3.306250000000000000e+01 -5.125000000000000000e+00 -1.175000000000000000e+01 8.562500000000000000e+00
5.480000019073486328e+00 -1.049999952316284180e+00 8.420000076293945312e+00 -8.375000000000000000e+00 9.500000000000000000e+00 -3.350000000000000000e+01 -9.500000000000000000e+00 -1.400000000000000000e+01 1.468750000000000000e+01
5.199999809265136719e+00 -5.600000023841857910e-01 8.579999923706054688e+00 -8.375000000000000000e+00 9.500000000000000000e+00 -3.350000000000000000e+01 -1.200000000000000000e+01 -1.787500000000000000e+01 2.012500000000000000e+01
6.429999828338623047e+00 -8.899999856948852539e-01 8.159999847412109375e+00 -8.375000000000000000e+00 9.500000000000000000e+00 -3.350000000000000000e+01 -1.612500000000000000e+01 -2.212500000000000000e+01 2.431250000000000000e+01
6.659999847412109375e+00 -8.299999833106994629e-01 8.659999847412109375e+00 -8.375000000000000000e+00 9.500000000000000000e+00 -3.350000000000000000e+01 -2.256250000000000000e+01 -2.137500000000000000e+01 2.918750000000000000e+01
7.300000190734863281e+00 7.400000095367431641e-01 9.359999656677246094e+00 -8.375000000000000000e+00 9.500000000000000000e+00 -3.350000000000000000e+01 -3.437500000000000000e+01 -1.987500000000000000e+01 3.612500000000000000e+01
7.300000190734863281e+00 7.400000095367431641e-01 9.359999656677246094e+00 -8.000000000000000000e+00 9.500000000000000000e+00 -3.350000000000000000e+01 -5.500000000000000000e+01 -1.425000000000000000e+01 4.737500000000000000e+01
8.909999847412109375e+00 2.039999961853027344e+00 8.949999809265136719e+00 -8.000000000000000000e+00 9.500000000000000000e+00 -3.350000000000000000e+01 -7.800000000000000000e+01 1.187500000000000000e+00 6.156250000000000000e+01
9.479999542236328125e+00 4.940000057220458984e+00 8.510000228881835938e+00 -8.000000000000000000e+00 9.500000000000000000e+00 -3.350000000000000000e+01 -1.048125000000000000e+02 2.275000000000000000e+01 7.818750000000000000e+01
8.699999809265136719e+00 5.400000095367431641e+00 9.010000228881835938e+00 -8.000000000000000000e+00 9.500000000000000000e+00 -3.350000000000000000e+01 -1.341250000000000000e+02 3.937500000000000000e+01 9.712500000000000000e+01
8.399999618530273438e+00 5.969999790191650391e+00 9.260000228881835938e+00 -8.000000000000000000e+00 9.500000000000000000e+00 -3.350000000000000000e+01 -1.654375000000000000e+02 4.718750000000000000e+01 1.203125000000000000e+02
8.399999618530273438e+00 5.969999790191650391e+00 9.260000228881835938e+00 -7.250000000000000000e+00 1.100000000000000000e+01 -3.225000000000000000e+01 -2.011250000000000000e+02 5.212500000000000000e+01 1.458125000000000000e+02
8.590000152587890625e+00 6.190000057220458984e+00 9.130000114440917969e+00 -7.250000000000000000e+00 1.100000000000000000e+01 -3.225000000000000000e+01 -2.391250000000000000e+02 6.125000000000000000e+01 1.663750000000000000e+02
5.099999904632568359e+00 2.400000095367431641e+00 6.250000000000000000e+00 -7.250000000000000000e+00 1.100000000000000000e+01 -3.225000000000000000e+01 -2.732500000000000000e+02 7.187500000000000000e+01 1.789375000000000000e+02
2.210000038146972656e+00 -1.230000019073486328e+00 5.389999866485595703e+00 -7.250000000000000000e+00 1.100000000000000000e+01 -3.225000000000000000e+01 -2.885625000000000000e+02 7.187500000000000000e+01 1.785625000000000000e+02
-7.500000000000000000e-01 -9.239999771118164062e+00 3.309999942779541016e+00 -7.250000000000000000e+00 1.100000000000000000e+01 -3.225000000000000000e+01 -2.865000000000000000e+02 5.881250000000000000e+01 1.682500000000000000e+02
-7.500000000000000000e-01 -9.239999771118164062e+00 3.309999942779541016e+00 -5.500000000000000000e+00 1.656250000000000000e+01 -3.150000000000000000e+01 -2.691250000000000000e+02 4.337500000000000000e+01 1.510000000000000000e+02
-1.639999985694885254e+00 -1.359000015258789062e+01 1.850000023841857910e+00 -5.500000000000000000e+00 1.656250000000000000e+01 -3.150000000000000000e+01 -2.316250000000000000e+02 3.212500000000000000e+01 1.282500000000000000e+02
-1.559999942779541016e+00 -1.568000030517578125e+01 -3.999999910593032837e-02 -5.500000000000000000e+00 1.656250000000000000e+01 -3.150000000000000000e+01 -1.786250000000000000e+02 2.512500000000000000e+01 1.015000000000000000e+02
9.499999880790710449e-01 -1.230000019073486328e+01 -1.500000000000000000e+00 -5.500000000000000000e+00 1.656250000000000000e+01 -3.150000000000000000e+01 -1.285000000000000000e+02 1.987500000000000000e+01 8.181250000000000000e+01
1.909999966621398926e+00 -1.593000030517578125e+01 -1.210000038146972656e+00 -5.500000000000000000e+00 1.656250000000000000e+01 -3.150000000000000000e+01 -1.069375000000000000e+02 2.331250000000000000e+01 6.275000000000000000e+01
1.909999966621398926e+00 -1.593000030517578125e+01 -1.210000038146972656e+00 -1.000000000000000000e+00 2.356250000000000000e+01 -2.737500000000000000e+01 -7.668750000000000000e+01 3.162500000000000000e+01 4.331250000000000000e+01
2.150000095367431641e+00 -1.928000068664550781e+01 -4.600000083446502686e-01 -1.000000000000000000e+00 2.356250000000000000e+01 -2.737500000000000000e+01 -3.593750000000000000e+01 3.693750000000000000e+01 2.300000000000000000e+01
1.250000000000000000e+00 -1.101000022888183594e+01 4.869999885559082031e+00 -1.000000000000000000e+00 2.356250000000000000e+01 -2.737500000000000000e+01 -4.812500000000000000e+00 3.250000000000000000e+01 8.312500000000000000e+00
1.879999995231628418e+00 -8.210000038146972656e+00 6.409999847412109375e+00 -1.000000000000000000e+00 2.356250000000000000e+01 -2.737500000000000000e+01 1.200000000000000000e+01 2.612500000000000000e+01 -6.875000000000000000e-01
2.549999952316284180e+00 -5.869999885559082031e+00 7.219999790191650391e+00 -1.000000000000000000e+00 2.356250000000000000e+01 -2.737500000000000000e+01 1.593750000000000000e+01 1.993750000000000000e+01 -4.625000000000000000e+00
2.549999952316284180e+00 -5.869999885559082031e+00 7.219999790191650391e+00 5.000000000000000000e-01 2.700000000000000000e+01 -2.525000000000000000e+01 1.056250000000000000e+01 1.243750000000000000e+01 -3.937500000000000000e+00
3.430000066757202148e+00 -4.199999809265136719e+00 7.619999885559082031e+00 5.000000000000000000e-01 2.700000000000000000e+01 -2.525000000000000000e+01 1.312500000000000000e+00 4.187500000000000000e+00 8.750000000000000000e-01
3.789999961853027344e+00 -4.260000228881835938e+00 7.369999885559082031e+00 5.000000000000000000e-01 2.700000000000000000e+01 -2.525000000000000000e+01 -9.062500000000000000e+00 -9.375000000000000000e-01 6.500000000000000000e+00
4.000000000000000000e+00 -4.929999828338623047e+00 6.869999885559082031e+00 5.000000000000000000e-01 2.700000000000000000e+01 -2.525000000000000000e+01 -1.693750000000000000e+01 -2.562500000000000000e+00 1.043750000000000000e+01
3.650000095367431641e+00 -6.010000228881835938e+00 6.369999885559082031e+00 5.000000000000000000e-01 2.700000000000000000e+01 -2.525000000000000000e+01 -2.012500000000000000e+01 -3.125000000000000000e+00 1.187500000000000000e+01
2.769999980926513672e+00 -8.409999847412109375e+00 5.179999828338623047e+00 1.875000000000000000e+00 2.537500000000000000e+01 -2.656250000000000000e+01 -1.725000000000000000e+01 -3.875000000000000000e+00 1.043750000000000000e+01
2.529999971389770508e+00 -9.319999694824218750e+00 4.670000076293945312e+00 1.875000000000000000e+00 2.537500000000000000e+01 -2.656250000000000000e+01 -9.500000000000000000e+00 -4.937500000000000000e+00 6.562500000000000000e+00
2.400000095367431641e+00 -9.880000114440917969e+00 4.329999923706054688e+00 1.875000000000000000e+00 2.537500000000000000e+01 -2.656250000000000000e+01 1.125000000000000000e+00 -5.375000000000000000e+00 1.312500000000000000e+00
2.430000066757202148e+00 -1.006000041961669922e+01 4.210000038146972656e+00 1.875000000000000000e+00 2.537500000000000000e+01 -2.656250000000000000e+01 1.312500000000000000e+01 -5.812500000000000000e+00 -5.062500000000000000e+00
2.430000066757202148e+00 -9.939999580383300781e+00 4.239999771118164062e+00 1.875000000000000000e+00 2.537500000000000000e+01 -2.656250000000000000e+01 2.550000000000000000e+01 -6.375000000000000000e+00 -1.193750000000000000e+01
2.250000000000000000e+00 -9.760000228881835938e+00 4.380000114440917969e+00 7.500000000000000000e-01 2.606250000000000000e+01 -2.618750000000000000e+01 3.806250000000000000e+01 -8.562500000000000000e+00 -1.843750000000000000e+01
1.889999985694885254e+00 -9.520000457763671875e+00 4.460000038146972656e+00 7.500000000000000000e-01 2.606250000000000000e+01 -2.618750000000000000e+01 5.200000000000000000e+01 -1.431250000000000000e+01 -2.550000000000000000e+01
9.800000190734863281e-01 -9.109999656677246094e+00 4.579999923706054688e+00 7.500000000000000000e-01 2.606250000000000000e+01 -2.618750000000000000e+01 6.718750000000000000e+01 -2.318750000000000000e+01 -3.406250000000000000e+01
9.900000095367431641e-01 -9.329999923706054688e+00 4.789999961853027344e+00 7.500000000000000000e-01 2.606250000000000000e+01 -2.618750000000000000e+01 8.162500000000000000e+01 -3.318750000000000000e+01 -4.212500000000000000e+01
1.470000028610229492e+00 -9.649999618530273438e+00 4.840000152587890625e+00 7.500000000000000000e-01 2.606250000000000000e+01 -2.618750000000000000e+01 9.462500000000000000e+01 -4.081250000000000000e+01 -4.943750000000000000e+01
2.279999971389770508e+00 -9.750000000000000000e+00 4.739999771118164062e+00 1.062500000000000000e+00 2.606250000000000000e+01 -2.575000000000000000e+01 1.061250000000000000e+02 -4.287500000000000000e+01 -5.618750000000000000e+01
3.380000114440917969e+00 -9.699999809265136719e+00 4.480000019073486328e+00 1.062500000000000000e+00 2.606250000000000000e+01 -2.575000000000000000e+01 1.182500000000000000e+02 -4.037500000000000000e+01 -6.493750000000000000e+01
3.490000009536743164e+00 -9.359999656677246094e+00 4.530000209808349609e+00 1.062500000000000000e+00 2.606250000000000000e+01 -2.575000000000000000e+01 1.299375000000000000e+02 -3.681250000000000000e+01 -7.487500000000000000e+01
3.430000066757202148e+00 -9.210000038146972656e+00 4.570000171661376953e+00 1.062500000000000000e+00 2.606250000000000000e+01 -2.575000000000000000e+01 1.410000000000000000e+02 -3.337500000000000000e+01 -8.562500000000000000e+01
3.269999980926513672e+00 -9.350000381469726562e+00 4.449999809265136719e+00 1.062500000000000000e+00 2.606250000000000000e+01 -2.575000000000000000e+01 1.541875000000000000e+02 -2.925000000000000000e+01 -9.856250000000000000e+01
2.769999980926513672e+00 -9.560000419616699219e+00 4.030000209808349609e+00 -1.375000000000000000e+00 2.350000000000000000e+01 -2.737500000000000000e+01 1.700625000000000000e+02 -2.531250000000000000e+01 -1.126250000000000000e+02
2.269999980926513672e+00 -9.420000076293945312e+00 4.179999828338623047e+00 -1.375000000000000000e+00 2.350000000000000000e+01 -2.737500000000000000e+01 1.874375000000000000e+02 -2.575000000000000000e+01 -1.263125000000000000e+02
2.109999895095825195e+00 -9.310000419616699219e+00 4.059999942779541016e+00 -1.375000000000000000e+00 2.350000000000000000e+01 -2.737500000000000000e+01 2.063125000000000000e+02 -2.731250000000000000e+01 -1.410000000000000000e+02
1.750000000000000000e+00 -8.250000000000000000e+00 3.940000057220458984e+00 -1.375000000000000000e+00 2.350000000000000000e+01 -2.737500000000000000e+01 2.250625000000000000e+02 -3.075000000000000000e+01 -1.558750000000000000e+02
1.690000057220458984e+00 -7.059999942779541016e+00 4.300000190734863281e+00 -1.375000000000000000e+00 2.350000000000000000e+01 -2.737500000000000000e+01 2.401875000000000000e+02 -3.681250000000000000e+01 -1.684375000000000000e+02
2.039999961853027344e+00 -5.940000057220458984e+00 4.559999942779541016e+00 -2.500000000000000000e+00 1.906250000000000000e+01 -2.975000000000000000e+01 2.505625000000000000e+02 -4.181250000000000000e+01 -1.785625000000000000e+02
2.450000047683715820e+00 -4.530000209808349609e+00 4.530000209808349609e+00 -2.500000000000000000e+00 1.906250000000000000e+01 -2.975000000000000000e+01 2.558750000000000000e+02 -4.493750000000000000e+01 -1.868750000000000000e+02
2.809999942779541016e+00 -6.700000166893005371e-01 6.349999904632568359e+00 -2.500000000000000000e+00 1.906250000000000000e+01 -2.975000000000000000e+01 2.485000000000000000e+02 -4.818750000000000000e+01 -1.913750000000000000e+02
2.980000019073486328e+00 9.069999694824218750e+00 1.211999988555908203e+01 -2.500000000000000000e+00 1.906250000000000000e+01 -2.975000000000000000e+01 1.562500000000000000e+02 -5.700000000000000000e+01 -1.536875000000000000e+02
1.197000026702880859e+01 2.148999977111816406e+01 1.873999977111816406e+01 -2.500000000000000000e+00 1.906250000000000000e+01 -2.975000000000000000e+01 3.362500000000000000e+01 -3.737500000000000000e+01 -8.718750000000000000e+01
3.204000091552734375e+01 2.337999916076660156e+01 1.126000022888183594e+01 -7.000000000000000000e+00 1.275000000000000000e+01 -3.268750000000000000e+01 -5.875000000000000000e+00 6.443750000000000000e+01 -1.831250000000000000e+01
-4.610000133514404297e+00 9.729999542236328125e+00 1.518999958038330078e+01 -7.000000000000000000e+00 1.275000000000000000e+01 -3.268750000000000000e+01 -1.906250000000000000e+01 2.337500000000000000e+01 2.137500000000000000e+01
3.769999980926513672e+00 -5.219999790191650391e+00 9.920000076293945312e+00 -7.000000000000000000e+00 1.275000000000000000e+01 -3.268750000000000000e+01 -2.062500000000000000e+01 -1.562500000000000000e+01 2.675000000000000000e+01
9.729999542236328125e+00 -9.050000190734863281e+00 4.400000095367431641e+00 -7.000000000000000000e+00 1.275000000000000000e+01 -3.268750000000000000e+01 -1.375000000000000000e+01 3.625000000000000000e+00 2.162500000000000000e+01
4.030000209808349609e+00 -4.539999961853027344e+00 7.250000000000000000e+00 -7.000000000000000000e+00 1.275000000000000000e+01 -3.268750000000000000e+01 -8.375000000000000000e+00 -3.250000000000000000e+00 1.556250000000000000e+01
5.590000152587890625e+00 -4.030000209808349609e+00 6.860000133514404297e+00 -8.062500000000000000e+00 1.018750000000000000e+01 -3.268750000000000000e+01 -3.937500000000000000e+00 -1.437500000000000000e+00 8.937500000000000000e+00
5.760000228881835938e+00 -3.730000019073486328e+00 7.099999904632568359e+00 -8.062500000000000000e+00 1.018750000000000000e+01 -3.268750000000000000e+01 -1.687500000000000000e+00 3.812500000000000000e+00 3.250000000000000000e+00
5.199999809265136719e+00 -3.329999923706054688e+00 7.389999866485595703e+00 -8.062500000000000000e+00 1.018750000000000000e+01 -3.268750000000000000e+01 1.125000000000000000e+00 3.812500000000000000e+00 -2.812500000000000000e+00
4.469999790191650391e+00 -3.380000114440917969e+00 7.519999980926513672e+00 -8.062500000000000000e+00 1.018750000000000000e+01 -3.268750000000000000e+01 4.875000000000000000e+00 -3.750000000000000000e-01 -6.625000000000000000e+00
5.289999961853027344e+00 -3.349999904632568359e+00 7.539999961853027344e+00 -8.062500000000000000e+00 1.018750000000000000e+01 -3.268750000000000000e+01 6.812500000000000000e+00 -1.500000000000000000e+00 -6.875000000000000000e+00
5.800000190734863281e+00 -2.650000095367431641e+00 7.539999961853027344e+00 -8.062500000000000000e+00 9.687500000000000000e+00 -3.306250000000000000e+01 6.375000000000000000e+00 -8.125000000000000000e-01 -5.812500000000000000e+00
6.030000209808349609e+00 -1.789999961853027344e+00 7.610000133514404297e+00 -8.062500000000000000e+00 9.687500000000000000e+00 -3.306250000000000000e+01 4.375000000000000000e+00 7.500000000000000000e-01 -4.562500000000000000e+00
6.050000190734863281e+00 -1.710000038146972656e+00 7.699999809265136719e+00 -8.062500000000000000e+00 9.687500000000000000e+00 -3.306250000000000000e+01 2.187500000000000000e+00 2.187500000000000000e+00 -3.125000000000000000e+00
5.730000019073486328e+00 -2.109999895095825195e+00 7.639999866485595703e+00 -8.062500000000000000e+00 9.687500000000000000e+00 -3.306250000000000000e+01 1.437500000000000000e+00 2.250000000000000000e+00 -2.625000000000000000e+00
5.539999961853027344e+00 -2.380000114440917969e+00 7.650000095367431641e+00 -8.062500000000000000e+00 9.687500000000000000e+00 -3.306250000000000000e+01 1.625000000000000000e+00 1.312500000000000000e+00 -2.875000000000000000e+00
5.670000076293945312e+00 -2.259999990463256836e+00 7.670000076293945312e+00 -7.375000000000000000e+00 1.006250000000000000e+01 -3.350000000000000000e+01 1.687500000000000000e+00 5.000000000000000000e-01 -2.312500000000000000e+00
5.780000209808349609e+00 -2.150000095367431641e+00 7.719999790191650391e+00 -7.375000000000000000e+00 1.006250000000000000e+01 -3.350000000000000000e+01 1.437500000000000000e+00 3.125000000000000000e-01 -2.000000000000000000e+00
5.750000000000000000e+00 -2.039999961853027344e+00 7.679999828338623047e+00 -7.375000000000000000e+00 1.006250000000000000e+01 -3.350000000000000000e+01 1.062500000000000000e+00 1.250000000000000000e-01 -1.375000000000000000e+00
5.699999809265136719e+00 -2.029999971389770508e+00 7.699999809265136719e+00 -7.375000000000000000e+00 1.006250000000000000e+01 -3.350000000000000000e+01 8.750000000000000000e-01 6.250000000000000000e-02 -9.375000000000000000e-01
5.650000095367431641e+00 -2.220000028610229492e+00 7.630000114440917969e+00 -7.375000000000000000e+00 1.006250000000000000e+01 -3.350000000000000000e+01 6.250000000000000000e-01 0.000000000000000000e+00 -5.000000000000000000e-01
5.619999885559082031e+00 -2.250000000000000000e+00 7.650000095367431641e+00 -8.500000000000000000e+00 9.687500000000000000e+00 -3.306250000000000000e+01 5.000000000000000000e-01 -1.250000000000000000e-01 -3.125000000000000000e-01
5.659999847412109375e+00 -2.279999971389770508e+00 7.610000133514404297e+00 -8.500000000000000000e+00 9.687500000000000000e+00 -3.306250000000000000e+01 3.750000000000000000e-01 6.250000000000000000e-02 -4.375000000000000000e-01
5.719999790191650391e+00 -2.299999952316284180e+00 7.590000152587890625e+00 -8.500000000000000000e+00 9.687500000000000000e+00 -3.306250000000000000e+01 2.500000000000000000e-01 3.750000000000000000e-01 -3.750000000000000000e-01
5.699999809265136719e+00 -2.269999980926513672e+00 7.579999923706054688e+00 -8.500000000000000000e+00 9.687500000000000000e+00 -3.306250000000000000e+01 0.000000000000000000e+00 3.750000000000000000e-01 -2.500000000000000000e-01
5.690000057220458984e+00 -2.279999971389770508e+00 7.619999885559082031e+00 -8.500000000000000000e+00 9.687500000000000000e+00 -3.306250000000000000e+01 3.125000000000000000e-01 5.625000000000000000e-01 -1.250000000000000000e-01
5.659999847412109375e+00 -2.319999933242797852e+00 7.619999885559082031e+00 -7.375000000000000000e+00 9.687500000000000000e+00 -3.306250000000000000e+01 3.125000000000000000e-01 3.750000000000000000e-01 -1.875000000000000000e-01
5.639999866485595703e+00 -2.299999952316284180e+00 7.639999866485595703e+00 -7.375000000000000000e+00 9.687500000000000000e+00 -3.306250000000000000e+01 3.125000000000000000e-01 1.875000000000000000e-01 -2.500000000000000000e-01
5.650000095367431641e+00 -2.279999971389770508e+00 7.619999885559082031e+00 -7.375000000000000000e+00 9.687500000000000000e+00 -3.306250000000000000e+01 6.250000000000000000e-02 2.500000000000000000e-01 -1.250000000000000000e-01
5.679999828338623047e+00 -2.259999990463256836e+00 7.619999885559082031e+00 -7.375000000000000000e+00 9.687500000000000000e+00 -3.306250000000000000e+01 1.250000000000000000e-01 2.500000000000000000e-01 -1.875000000000000000e-01
