6.780000209808349609e+00 -1.360000014305114746e+00 8.210000038146972656e+00 -6.750000000000000000e+00 7.750000000000000000e+00 -3.425000000000000000e+01 -4.375000000000000000e+00 -1.125000000000000000e+00 1.500000000000000000e+00
7.769999980926513672e+00 -5.400000214576721191e-01 7.550000190734863281e+00 -6.750000000000000000e+00 7.750000000000000000e+00 -3.425000000000000000e+01 -9.750000000000000000e+00 -1.875000000000000000e-01 5.000000000000000000e+00
7.769999980926513672e+00 -1.400000005960464478e-01 8.359999656677246094e+00 -7.500000000000000000e+00 7.750000000000000000e+00 -3.306250000000000000e+01 -1.593750000000000000e+01 7.000000000000000000e+00 1.050000000000000000e+01
7.969999790191650391e+00 -4.699999988079071045e-01 8.119999885559082031e+00 -7.500000000000000000e+00 7.750000000000000000e+00 -3.306250000000000000e+01 -2.493750000000000000e+01 1.637500000000000000e+01 1.856250000000000000e+01
6.130000114440917969e+00 -5.899999737739562988e-01 8.109999656677246094e+00 -7.500000000000000000e+00 7.750000000000000000e+00 -3.306250000000000000e+01 -3.325000000000000000e+01 2.700000000000000000e+01 2.675000000000000000e+01
5.849999904632568359e+00 -1.500000000000000000e+00 7.909999847412109375e+00 -7.500000000000000000e+00 7.750000000000000000e+00 -3.306250000000000000e+01 -3.962500000000000000e+01 3.250000000000000000e+01 3.331250000000000000e+01
5.300000190734863281e+00 -1.669999957084655762e+00 7.809999942779541016e+00 -7.500000000000000000e+00 7.750000000000000000e+00 -3.306250000000000000e+01 -4.325000000000000000e+01 3.325000000000000000e+01 3.843750000000000000e+01
5.199999809265136719e+00 -1.549999952316284180e+00 8.199999809265136719e+00 -7.187500000000000000e+00 8.875000000000000000e+00 -3.425000000000000000e+01 -4.581250000000000000e+01 3.175000000000000000e+01 4.187500000000000000e+01
5.130000114440917969e+00 -9.900000095367431641e-01 8.210000038146972656e+00 -7.187500000000000000e+00 8.875000000000000000e+00 -3.425000000000000000e+01 -5.100000000000000000e+01 2.943750000000000000e+01 4.575000000000000000e+01
4.920000076293945312e+00 -1.000000014901161194e-01 8.520000457763671875e+00 -7.187500000000000000e+00 8.875000000000000000e+00 -3.425000000000000000e+01 -5.637500000000000000e+01 2.943750000000000000e+01 4.806250000000000000e+01
5.019999980926513672e+00 1.899999976158142090e-01 9.100000381469726562e+00 -7.187500000000000000e+00 8.875000000000000000e+00 -3.425000000000000000e+01 -6.512500000000000000e+01 2.737500000000000000e+01 5.143750000000000000e+01
6.630000114440917969e+00 1.909999966621398926e+00 9.229999542236328125e+00 -7.187500000000000000e+00 8.875000000000000000e+00 -3.425000000000000000e+01 -7.893750000000000000e+01 2.531250000000000000e+01 5.850000000000000000e+01
7.400000095367431641e+00 3.109999895095825195e+00 9.430000305175781250e+00 -6.375000000000000000e+00 1.000000000000000000e+01 -3.268750000000000000e+01 -9.762500000000000000e+01 2.406250000000000000e+01 7.112500000000000000e+01
7.699999809265136719e+00 3.950000047683715820e+00 9.329999923706054688e+00 -6.375000000000000000e+00 1.000000000000000000e+01 -3.268750000000000000e+01 -1.208750000000000000e+02 2.556250000000000000e+01 8.625000000000000000e+01
6.889999866485595703e+00 3.960000038146972656e+00 9.409999847412109375e+00 -6.375000000000000000e+00 1.000000000000000000e+01 -3.268750000000000000e+01 -1.483125000000000000e+02 2.968750000000000000e+01 1.023125000000000000e+02
5.610000133514404297e+00 1.759999990463256836e+00 8.510000228881835938e+00 -6.375000000000000000e+00 1.000000000000000000e+01 -3.268750000000000000e+01 -1.768125000000000000e+02 3.081250000000000000e+01 1.183750000000000000e+02
4.570000171661376953e+00 6.499999761581420898e-01 7.909999847412109375e+00 -6.375000000000000000e+00 1.000000000000000000e+01 -3.268750000000000000e+01 -2.018750000000000000e+02 3.068750000000000000e+01 1.314375000000000000e+02
3.680000066757202148e+00 -1.279999971389770508e+00 7.179999828338623047e+00 -4.500000000000000000e+00 1.225000000000000000e+01 -3.225000000000000000e+01 -2.203125000000000000e+02 2.881250000000000000e+01 1.386250000000000000e+02
2.980000019073486328e+00 -4.969999790191650391e+00 5.349999904632568359e+00 -4.500000000000000000e+00 1.225000000000000000e+01 -3.225000000000000000e+01 -2.296875000000000000e+02 2.431250000000000000e+01 1.390625000000000000e+02
2.240000009536743164e+00 -6.659999847412109375e+00 4.400000095367431641e+00 -4.500000000000000000e+00 1.225000000000000000e+01 -3.225000000000000000e+01 -2.309375000000000000e+02 1.975000000000000000e+01 1.338750000000000000e+02
1.529999971389770508e+00 -9.010000228881835938e+00 3.450000047683715820e+00 -4.500000000000000000e+00 1.225000000000000000e+01 -3.225000000000000000e+01 -2.250625000000000000e+02 1.493750000000000000e+01 1.252500000000000000e+02
1.039999961853027344e+00 -1.110999965667724609e+01 2.440000057220458984e+00 -4.500000000000000000e+00 1.225000000000000000e+01 -3.225000000000000000e+01 -2.090000000000000000e+02 1.000000000000000000e+01 1.120000000000000000e+02
5.099999904632568359e-01 -1.393999958038330078e+01 8.100000023841857910e-01 -2.250000000000000000e+00 1.887500000000000000e+01 -3.025000000000000000e+01 -1.821875000000000000e+02 8.687500000000000000e+00 9.575000000000000000e+01
7.900000214576721191e-01 -1.439999961853027344e+01 4.000000059604644775e-01 -2.250000000000000000e+00 1.887500000000000000e+01 -3.025000000000000000e+01 -1.490625000000000000e+02 1.100000000000000000e+01 7.606250000000000000e+01
1.330000042915344238e+00 -1.434000015258789062e+01 7.900000214576721191e-01 -2.250000000000000000e+00 1.887500000000000000e+01 -3.025000000000000000e+01 -1.163750000000000000e+02 1.468750000000000000e+01 5.775000000000000000e+01
1.509999990463256836e+00 -1.372999954223632812e+01 1.620000004768371582e+00 -2.250000000000000000e+00 1.887500000000000000e+01 -3.025000000000000000e+01 -8.250000000000000000e+01 1.706250000000000000e+01 4.331250000000000000e+01
1.740000009536743164e+00 -1.078999996185302734e+01 4.469999790191650391e+00 -2.250000000000000000e+00 1.887500000000000000e+01 -3.025000000000000000e+01 -5.331250000000000000e+01 1.768750000000000000e+01 3.031250000000000000e+01
2.569999933242797852e+00 -9.029999732971191406e+00 5.500000000000000000e+00 -5.000000000000000000e-01 2.325000000000000000e+01 -2.656250000000000000e+01 -3.350000000000000000e+01 1.487500000000000000e+01 2.012500000000000000e+01
3.180000066757202148e+00 -7.449999809265136719e+00 6.130000114440917969e+00 -5.000000000000000000e-01 2.325000000000000000e+01 -2.656250000000000000e+01 -2.406250000000000000e+01 1.225000000000000000e+01 1.443750000000000000e+01
3.859999895095825195e+00 -6.280000209808349609e+00 6.539999961853027344e+00 -5.000000000000000000e-01 2.325000000000000000e+01 -2.656250000000000000e+01 -2.231250000000000000e+01 1.043750000000000000e+01 1.262500000000000000e+01
4.130000114440917969e+00 -6.480000019073486328e+00 6.320000171661376953e+00 -5.000000000000000000e-01 2.325000000000000000e+01 -2.656250000000000000e+01 -2.493750000000000000e+01 8.187500000000000000e+00 1.443750000000000000e+01
4.000000000000000000e+00 -6.710000038146972656e+00 6.070000171661376953e+00 -5.000000000000000000e-01 2.325000000000000000e+01 -2.656250000000000000e+01 -2.843750000000000000e+01 7.750000000000000000e+00 1.712500000000000000e+01
3.880000114440917969e+00 -7.500000000000000000e+00 5.639999866485595703e+00 6.875000000000000000e-01 2.518750000000000000e+01 -2.525000000000000000e+01 -3.081250000000000000e+01 9.187500000000000000e+00 1.793750000000000000e+01
3.019999980926513672e+00 -8.970000267028808594e+00 4.730000019073486328e+00 6.875000000000000000e-01 2.518750000000000000e+01 -2.525000000000000000e+01 -3.012500000000000000e+01 1.200000000000000000e+01 1.650000000000000000e+01
2.619999885559082031e+00 -9.649999618530273438e+00 4.389999866485595703e+00 6.875000000000000000e-01 2.518750000000000000e+01 -2.525000000000000000e+01 -2.587500000000000000e+01 1.481250000000000000e+01 1.375000000000000000e+01
2.390000104904174805e+00 -1.005000019073486328e+01 4.210000038146972656e+00 6.875000000000000000e-01 2.518750000000000000e+01 -2.525000000000000000e+01 -1.812500000000000000e+01 1.587500000000000000e+01 9.500000000000000000e+00
2.220000028610229492e+00 -1.014000034332275391e+01 4.230000019073486328e+00 6.875000000000000000e-01 2.518750000000000000e+01 -2.525000000000000000e+01 -7.937500000000000000e+00 1.587500000000000000e+01 4.000000000000000000e+00
2.519999980926513672e+00 -1.007999992370605469e+01 4.369999885559082031e+00 1.000000000000000000e+00 2.600000000000000000e+01 -2.500000000000000000e+01 2.937500000000000000e+00 1.493750000000000000e+01 -1.375000000000000000e+00
2.829999923706054688e+00 -1.000000000000000000e+01 4.400000095367431641e+00 1.000000000000000000e+00 2.600000000000000000e+01 -2.500000000000000000e+01 1.462500000000000000e+01 1.406250000000000000e+01 -6.812500000000000000e+00
3.079999923706054688e+00 -9.869999885559082031e+00 4.469999790191650391e+00 1.000000000000000000e+00 2.600000000000000000e+01 -2.500000000000000000e+01 2.618750000000000000e+01 1.437500000000000000e+01 -1.262500000000000000e+01
2.990000009536743164e+00 -9.170000076293945312e+00 4.769999980926513672e+00 1.000000000000000000e+00 2.600000000000000000e+01 -2.500000000000000000e+01 3.775000000000000000e+01 1.587500000000000000e+01 -1.843750000000000000e+01
2.720000028610229492e+00 -8.930000305175781250e+00 5.099999904632568359e+00 1.000000000000000000e+00 2.600000000000000000e+01 -2.500000000000000000e+01 4.862500000000000000e+01 1.762500000000000000e+01 -2.450000000000000000e+01
2.599999904632568359e+00 -8.609999656677246094e+00 5.460000038146972656e+00 1.687500000000000000e+00 2.625000000000000000e+01 -2.506250000000000000e+01 5.837500000000000000e+01 1.806250000000000000e+01 -3.012500000000000000e+01
2.640000104904174805e+00 -8.130000114440917969e+00 5.780000209808349609e+00 1.687500000000000000e+00 2.625000000000000000e+01 -2.506250000000000000e+01 6.768750000000000000e+01 1.775000000000000000e+01 -3.806250000000000000e+01
2.609999895095825195e+00 -6.840000152587890625e+00 6.260000228881835938e+00 1.687500000000000000e+00 2.625000000000000000e+01 -2.506250000000000000e+01 7.581250000000000000e+01 1.856250000000000000e+01 -4.962500000000000000e+01
2.299999952316284180e+00 -6.199999809265136719e+00 6.269999980926513672e+00 1.687500000000000000e+00 2.625000000000000000e+01 -2.506250000000000000e+01 8.356250000000000000e+01 1.981250000000000000e+01 -6.512500000000000000e+01
1.929999947547912598e+00 -4.570000171661376953e+00 6.369999885559082031e+00 1.687500000000000000e+00 2.625000000000000000e+01 -2.506250000000000000e+01 8.837500000000000000e+01 2.168750000000000000e+01 -8.300000000000000000e+01
1.429999947547912598e+00 -6.289999961853027344e+00 6.039999961853027344e+00 2.062500000000000000e+00 2.506250000000000000e+01 -2.625000000000000000e+01 8.856250000000000000e+01 2.125000000000000000e+01 -9.506250000000000000e+01
4.600000083446502686e-01 -6.610000133514404297e+00 5.630000114440917969e+00 2.062500000000000000e+00 2.506250000000000000e+01 -2.625000000000000000e+01 9.106250000000000000e+01 1.525000000000000000e+01 -1.029375000000000000e+02
7.900000214576721191e-01 -8.579999923706054688e+00 5.170000076293945312e+00 2.062500000000000000e+00 2.506250000000000000e+01 -2.625000000000000000e+01 9.406250000000000000e+01 2.687500000000000000e+00 -1.038750000000000000e+02
6.600000262260437012e-01 -1.039000034332275391e+01 4.559999942779541016e+00 2.062500000000000000e+00 2.506250000000000000e+01 -2.625000000000000000e+01 1.016875000000000000e+02 -1.093750000000000000e+01 -9.418750000000000000e+01
1.240000009536743164e+00 -1.169999980926513672e+01 4.099999904632568359e+00 2.062500000000000000e+00 2.506250000000000000e+01 -2.625000000000000000e+01 1.148750000000000000e+02 -2.762500000000000000e+01 -8.343750000000000000e+01
1.850000023841857910e+00 -1.127000045776367188e+01 4.039999961853027344e+00 -6.250000000000000000e-02 2.250000000000000000e+01 -2.987500000000000000e+01 1.345000000000000000e+02 -4.393750000000000000e+01 -7.925000000000000000e+01
2.750000000000000000e+00 -9.899999618530273438e+00 4.170000076293945312e+00 -6.250000000000000000e-02 2.250000000000000000e+01 -2.987500000000000000e+01 1.563125000000000000e+02 -5.318750000000000000e+01 -8.781250000000000000e+01
3.140000104904174805e+00 -9.229999542236328125e+00 4.610000133514404297e+00 -6.250000000000000000e-02 2.250000000000000000e+01 -2.987500000000000000e+01 1.777500000000000000e+02 -5.250000000000000000e+01 -1.052500000000000000e+02
2.680000066757202148e+00 -7.179999828338623047e+00 4.820000171661376953e+00 -6.250000000000000000e-02 2.250000000000000000e+01 -2.987500000000000000e+01 1.953125000000000000e+02 -4.743750000000000000e+01 -1.231875000000000000e+02
2.309999942779541016e+00 -6.030000209808349609e+00 5.090000152587890625e+00 -6.250000000000000000e-02 2.250000000000000000e+01 -2.987500000000000000e+01 2.079375000000000000e+02 -4.500000000000000000e+01 -1.378750000000000000e+02
2.279999971389770508e+00 -4.719999790191650391e+00 5.250000000000000000e+00 -1.687500000000000000e+00 1.950000000000000000e+01 -3.025000000000000000e+01 2.178750000000000000e+02 -4.643750000000000000e+01 -1.516250000000000000e+02
2.380000114440917969e+00 -3.140000104904174805e+00 5.659999847412109375e+00 -1.687500000000000000e+00 1.950000000000000000e+01 -3.025000000000000000e+01 2.253750000000000000e+02 -5.037500000000000000e+01 -1.651250000000000000e+02
2.210000038146972656e+00 3.619999885559082031e+00 9.470000267028808594e+00 -1.687500000000000000e+00 1.950000000000000000e+01 -3.025000000000000000e+01 2.260625000000000000e+02 -5.400000000000000000e+01 -1.786250000000000000e+02
4.369999885559082031e+00 1.644000053405761719e+01 1.475000000000000000e+01 -1.687500000000000000e+00 1.950000000000000000e+01 -3.025000000000000000e+01 2.021875000000000000e+02 -5.775000000000000000e+01 -1.831875000000000000e+02
1.353999996185302734e+01 1.325000000000000000e+01 1.171000003814697266e+01 -1.687500000000000000e+00 1.950000000000000000e+01 -3.025000000000000000e+01 1.200000000000000000e+02 -7.412500000000000000e+01 -1.408125000000000000e+02
1.962999916076660156e+01 1.389999961853027344e+01 1.134000015258789062e+01 -6.062500000000000000e+00 1.437500000000000000e+01 -3.268750000000000000e+01 7.425000000000000000e+01 -7.018750000000000000e+01 -8.418750000000000000e+01
1.264000034332275391e+01 9.069999694824218750e+00 6.590000152587890625e+00 -6.062500000000000000e+00 1.437500000000000000e+01 -3.268750000000000000e+01 1.912500000000000000e+01 -2.312500000000000000e+01 -3.206250000000000000e+01
2.809999942779541016e+00 -6.299999952316284180e-01 7.699999809265136719e+00 -6.062500000000000000e+00 1.437500000000000000e+01 -3.268750000000000000e+01 -1.612500000000000000e+01 2.643750000000000000e+01 5.437500000000000000e+00
3.769999980926513672e+00 -5.090000152587890625e+00 8.119999885559082031e+00 -6.062500000000000000e+00 1.437500000000000000e+01 -3.268750000000000000e+01 -1.612500000000000000e+01 2.012500000000000000e+01 8.375000000000000000e+00
5.409999847412109375e+00 -5.849999904632568359e+00 6.739999771118164062e+00 -6.062500000000000000e+00 1.437500000000000000e+01 -3.268750000000000000e+01 -1.500000000000000000e+01 1.062500000000000000e+00 1.100000000000000000e+01
3.640000104904174805e+00 -3.519999980926513672e+00 7.530000209808349609e+00 -7.562500000000000000e+00 1.000000000000000000e+01 -3.350000000000000000e+01 -7.500000000000000000e+00 8.187500000000000000e+00 1.068750000000000000e+01
4.300000190734863281e+00 -2.630000114440917969e+00 7.619999885559082031e+00 -7.562500000000000000e+00 1.000000000000000000e+01 -3.350000000000000000e+01 -1.500000000000000000e+00 4.562500000000000000e+00 5.187500000000000000e+00
4.900000095367431641e+00 -2.720000028610229492e+00 7.659999847412109375e+00 -7.562500000000000000e+00 1.000000000000000000e+01 -3.350000000000000000e+01 2.187500000000000000e+00 -5.000000000000000000e-01 0.000000000000000000e+00
5.300000190734863281e+00 -3.109999895095825195e+00 7.469999790191650391e+00 -7.562500000000000000e+00 1.000000000000000000e+01 -3.350000000000000000e+01 3.625000000000000000e+00 -1.812500000000000000e+00 -3.500000000000000000e+00
5.139999866485595703e+00 -3.079999923706054688e+00 7.530000209808349609e+00 -7.562500000000000000e+00 1.000000000000000000e+01 -3.350000000000000000e+01 4.500000000000000000e+00 -6.875000000000000000e-01 -4.312500000000000000e+00
5.550000190734863281e+00 -2.619999885559082031e+00 7.570000171661376953e+00 -7.562500000000000000e+00 1.025000000000000000e+01 -3.425000000000000000e+01 6.312500000000000000e+00 -2.375000000000000000e+00 -5.250000000000000000e+00
5.980000019073486328e+00 -1.779999971389770508e+00 7.730000019073486328e+00 -7.562500000000000000e+00 1.025000000000000000e+01 -3.425000000000000000e+01 6.625000000000000000e+00 -2.812500000000000000e+00 -5.750000000000000000e+00
5.889999866485595703e+00 -1.889999985694885254e+00 7.690000057220458984e+00 -7.562500000000000000e+00 1.025000000000000000e+01 -3.425000000000000000e+01 5.187500000000000000e+00 -1.000000000000000000e+00 -5.312500000000000000e+00
5.679999828338623047e+00 -2.150000095367431641e+00 7.659999847412109375e+00 -7.562500000000000000e+00 1.025000000000000000e+01 -3.425000000000000000e+01 3.625000000000000000e+00 6.875000000000000000e-01 -4.312500000000000000e+00
5.610000133514404297e+00 -2.319999933242797852e+00 7.639999866485595703e+00 -7.562500000000000000e+00 1.025000000000000000e+01 -3.425000000000000000e+01 2.812500000000000000e+00 1.062500000000000000e+00 -3.500000000000000000e+00
5.670000076293945312e+00 -2.109999895095825195e+00 7.760000228881835938e+00 -7.562500000000000000e+00 9.875000000000000000e+00 -3.225000000000000000e+01 2.687500000000000000e+00 8.125000000000000000e-01 -3.500000000000000000e+00
5.789999961853027344e+00 -2.049999952316284180e+00 7.710000038146972656e+00 -7.562500000000000000e+00 9.875000000000000000e+00 -3.225000000000000000e+01 2.625000000000000000e+00 1.250000000000000000e-01 -3.625000000000000000e+00
5.789999961853027344e+00 -1.980000019073486328e+00 7.710000038146972656e+00 -7.562500000000000000e+00 9.875000000000000000e+00 -3.225000000000000000e+01 2.250000000000000000e+00 6.250000000000000000e-02 -3.375000000000000000e+00
5.699999809265136719e+00 -1.970000028610229492e+00 7.719999790191650391e+00 -7.562500000000000000e+00 9.875000000000000000e+00 -3.225000000000000000e+01 1.937500000000000000e+00 1.250000000000000000e-01 -2.187500000000000000e+00
5.639999866485595703e+00 -2.119999885559082031e+00 7.710000038146972656e+00 -7.562500000000000000e+00 9.875000000000000000e+00 -3.225000000000000000e+01 1.375000000000000000e+00 2.500000000000000000e-01 -1.562500000000000000e+00
5.630000114440917969e+00 -2.200000047683715820e+00 7.670000076293945312e+00 -8.000000000000000000e+00 9.875000000000000000e+00 -3.306250000000000000e+01 1.312500000000000000e+00 6.250000000000000000e-02 -1.250000000000000000e+00
5.630000114440917969e+00 -2.259999990463256836e+00 7.659999847412109375e+00 -8.000000000000000000e+00 9.875000000000000000e+00 -3.306250000000000000e+01 8.125000000000000000e-01 -1.250000000000000000e-01 -1.062500000000000000e+00
5.690000057220458984e+00 -2.259999990463256836e+00 7.610000133514404297e+00 -8.000000000000000000e+00 9.875000000000000000e+00 -3.306250000000000000e+01 8.750000000000000000e-01 1.250000000000000000e-01 -1.000000000000000000e+00
5.710000038146972656e+00 -2.240000009536743164e+00 7.639999866485595703e+00 -8.000000000000000000e+00 9.875000000000000000e+00 -3.306250000000000000e+01 5.625000000000000000e-01 3.750000000000000000e-01 -7.500000000000000000e-01
5.650000095367431641e+00 -2.230000019073486328e+00 7.639999866485595703e+00 -8.000000000000000000e+00 9.875000000000000000e+00 -3.306250000000000000e+01 6.250000000000000000e-01 5.000000000000000000e-01 -5.000000000000000000e-01
5.590000152587890625e+00 -2.250000000000000000e+00 7.659999847412109375e+00 -8.000000000000000000e+00 9.875000000000000000e+00 -3.350000000000000000e+01 6.250000000000000000e-01 7.500000000000000000e-01 -3.125000000000000000e-01
5.579999923706054688e+00 -2.299999952316284180e+00 7.650000095367431641e+00 -8.000000000000000000e+00 9.875000000000000000e+00 -3.350000000000000000e+01 5.000000000000000000e-01 6.250000000000000000e-01 -1.875000000000000000e-01
5.579999923706054688e+00 -2.289999961853027344e+00 7.659999847412109375e+00 -8.000000000000000000e+00 9.875000000000000000e+00 -3.350000000000000000e+01 6.875000000000000000e-01 5.000000000000000000e-01 -4.375000000000000000e-01
5.630000114440917969e+00 -2.240000009536743164e+00 7.690000057220458984e+00 -8.000000000000000000e+00 9.875000000000000000e+00 -3.350000000000000000e+01 7.500000000000000000e-01 3.125000000000000000e-01 -5.625000000000000000e-01
5.659999847412109375e+00 -2.190000057220458984e+00 7.670000076293945312e+00 -8.000000000000000000e+00 9.875000000000000000e+00 -3.350000000000000000e+01 7.500000000000000000e-01 1.875000000000000000e-01 -6.875000000000000000e-01
5.670000076293945312e+00 -2.130000114440917969e+00 7.670000076293945312e+00 -6.875000000000000000e+00 9.187500000000000000e+00 -3.425000000000000000e+01 5.625000000000000000e-01 1.875000000000000000e-01 -6.875000000000000000e-01
5.650000095367431641e+00 -2.130000114440917969e+00 7.719999790191650391e+00 -6.875000000000000000e+00 9.187500000000000000e+00 -3.425000000000000000e+01 3.750000000000000000e-01 3.125000000000000000e-01 -4.375000000000000000e-01
5.639999866485595703e+00 -2.140000104904174805e+00 7.679999828338623047e+00 -6.875000000000000000e+00 9.187500000000000000e+00 -3.425000000000000000e+01 6.250000000000000000e-02 1.875000000000000000e-01 -1.250000000000000000e-01
5.610000133514404297e+00 -2.220000028610229492e+00 7.670000076293945312e+00 -6.875000000000000000e+00 9.187500000000000000e+00 -3.425000000000000000e+01 -1.250000000000000000e-01 6.250000000000000000e-02 -6.250000000000000000e-02
5.610000133514404297e+00 -2.269999980926513672e+00 7.659999847412109375e+00 -6.875000000000000000e+00 9.187500000000000000e+00 -3.425000000000000000e+01 -6.250000000000000000e-02 -1.875000000000000000e-01 2.500000000000000000e-01
5.610000133514404297e+00 -2.289999961853027344e+00 7.670000076293945312e+00 -8.000000000000000000e+00 9.500000000000000000e+00 -3.425000000000000000e+01 -6.250000000000000000e-02 -2.500000000000000000e-01 3.125000000000000000e-01
5.630000114440917969e+00 -2.289999961853027344e+00 7.670000076293945312e+00 -8.000000000000000000e+00 9.500000000000000000e+00 -3.425000000000000000e+01 -6.250000000000000000e-02 -1.875000000000000000e-01 1.250000000000000000e-01
5.619999885559082031e+00 -2.250000000000000000e+00 7.650000095367431641e+00 -8.000000000000000000e+00 9.500000000000000000e+00 -3.425000000000000000e+01 0.000000000000000000e+00 -6.250000000000000000e-02 0.000000000000000000e+00
