5.590000152587890625e+00 -1.860000014305114746e+00 7.800000190734863281e+00 -5.062500000000000000e+00 3.062500000000000000e+00 -3.750000000000000000e+01 1.250000000000000000e-01 0.000000000000000000e+00 6.250000000000000000e-02
5.590000152587890625e+00 -1.860000014305114746e+00 7.789999961853027344e+00 -5.062500000000000000e+00 3.062500000000000000e+00 -3.750000000000000000e+01 1.875000000000000000e-01 -6.250000000000000000e-02 6.250000000000000000e-02
5.579999923706054688e+00 -1.850000023841857910e+00 7.780000209808349609e+00 -5.062500000000000000e+00 3.062500000000000000e+00 -3.750000000000000000e+01 0.000000000000000000e+00 -1.250000000000000000e-01 0.000000000000000000e+00
5.599999904632568359e+00 -1.850000023841857910e+00 7.809999942779541016e+00 -5.062500000000000000e+00 3.062500000000000000e+00 -3.750000000000000000e+01 1.250000000000000000e-01 -1.875000000000000000e-01 1.250000000000000000e-01
5.590000152587890625e+00 -1.860000014305114746e+00 7.780000209808349609e+00 -5.062500000000000000e+00 3.062500000000000000e+00 -3.750000000000000000e+01 1.250000000000000000e-01 6.250000000000000000e-02 0.000000000000000000e+00
5.590000152587890625e+00 -1.850000023841857910e+00 7.769999980926513672e+00 -6.187500000000000000e+00 3.500000000000000000e+00 -3.856250000000000000e+01 6.250000000000000000e-02 0.000000000000000000e+00 0.000000000000000000e+00
5.570000171661376953e+00 -1.840000033378601074e+00 7.769999980926513672e+00 -6.187500000000000000e+00 3.500000000000000000e+00 -3.856250000000000000e+01 6.250000000000000000e-02 0.000000000000000000e+00 1.250000000000000000e-01
5.590000152587890625e+00 -1.870000004768371582e+00 7.760000228881835938e+00 -6.187500000000000000e+00 3.500000000000000000e+00 -3.856250000000000000e+01 1.250000000000000000e-01 -6.250000000000000000e-02 1.250000000000000000e-01
5.599999904632568359e+00 -1.850000023841857910e+00 7.780000209808349609e+00 -6.187500000000000000e+00 3.500000000000000000e+00 -3.856250000000000000e+01 0.000000000000000000e+00 -1.250000000000000000e-01 1.875000000000000000e-01
5.590000152587890625e+00 -1.860000014305114746e+00 7.809999942779541016e+00 -6.187500000000000000e+00 3.500000000000000000e+00 -3.856250000000000000e+01 0.000000000000000000e+00 0.000000000000000000e+00 6.250000000000000000e-02
5.590000152587890625e+00 -1.850000023841857910e+00 7.780000209808349609e+00 -6.562500000000000000e+00 2.000000000000000000e+00 -3.775000000000000000e+01 0.000000000000000000e+00 -6.250000000000000000e-02 1.875000000000000000e-01
5.590000152587890625e+00 -1.850000023841857910e+00 7.769999980926513672e+00 -6.562500000000000000e+00 2.000000000000000000e+00 -3.775000000000000000e+01 -6.250000000000000000e-02 0.000000000000000000e+00 1.250000000000000000e-01
5.590000152587890625e+00 -1.870000004768371582e+00 7.780000209808349609e+00 -6.562500000000000000e+00 2.000000000000000000e+00 -3.775000000000000000e+01 0.000000000000000000e+00 0.000000000000000000e+00 2.500000000000000000e-01
5.590000152587890625e+00 -1.840000033378601074e+00 7.789999961853027344e+00 -6.562500000000000000e+00 2.000000000000000000e+00 -3.775000000000000000e+01 1.875000000000000000e-01 6.250000000000000000e-02 0.000000000000000000e+00
5.590000152587890625e+00 -1.899999976158142090e+00 7.820000171661376953e+00 -6.562500000000000000e+00 2.000000000000000000e+00 -3.775000000000000000e+01 -1.250000000000000000e-01 0.000000000000000000e+00 6.250000000000000000e-02
5.599999904632568359e+00 -1.850000023841857910e+00 7.789999961853027344e+00 -6.562500000000000000e+00 3.062500000000000000e+00 -3.856250000000000000e+01 1.250000000000000000e-01 6.250000000000000000e-02 6.250000000000000000e-02
5.570000171661376953e+00 -1.860000014305114746e+00 7.769999980926513672e+00 -6.562500000000000000e+00 3.062500000000000000e+00 -3.856250000000000000e+01 -1.250000000000000000e-01 6.250000000000000000e-02 0.000000000000000000e+00
5.579999923706054688e+00 -1.850000023841857910e+00 7.789999961853027344e+00 -6.562500000000000000e+00 3.062500000000000000e+00 -3.856250000000000000e+01 -1.875000000000000000e-01 0.000000000000000000e+00 -6.250000000000000000e-02
5.590000152587890625e+00 -1.860000014305114746e+00 7.809999942779541016e+00 -6.562500000000000000e+00 3.062500000000000000e+00 -3.856250000000000000e+01 6.250000000000000000e-02 0.000000000000000000e+00 -1.250000000000000000e-01
5.550000190734863281e+00 -1.870000004768371582e+00 7.780000209808349609e+00 -6.562500000000000000e+00 3.062500000000000000e+00 -3.856250000000000000e+01 6.250000000000000000e-02 -6.250000000000000000e-02 0.000000000000000000e+00
5.579999923706054688e+00 -1.879999995231628418e+00 7.789999961853027344e+00 -5.375000000000000000e+00 2.375000000000000000e+00 -3.750000000000000000e+01 6.250000000000000000e-02 6.250000000000000000e-02 6.250000000000000000e-02
5.579999923706054688e+00 -1.879999995231628418e+00 7.789999961853027344e+00 -5.375000000000000000e+00 2.375000000000000000e+00 -3.750000000000000000e+01 1.250000000000000000e-01 2.500000000000000000e-01 0.000000000000000000e+00
5.579999923706054688e+00 -1.850000023841857910e+00 7.789999961853027344e+00 -5.375000000000000000e+00 2.375000000000000000e+00 -3.750000000000000000e+01 2.500000000000000000e-01 -1.250000000000000000e-01 6.250000000000000000e-02
5.610000133514404297e+00 -1.850000023841857910e+00 7.780000209808349609e+00 -5.375000000000000000e+00 2.375000000000000000e+00 -3.750000000000000000e+01 6.250000000000000000e-02 -6.250000000000000000e-02 6.250000000000000000e-02
5.590000152587890625e+00 -1.870000004768371582e+00 7.769999980926513672e+00 -5.375000000000000000e+00 2.375000000000000000e+00 -3.750000000000000000e+01 1.250000000000000000e-01 -6.250000000000000000e-02 0.000000000000000000e+00
5.579999923706054688e+00 -1.870000004768371582e+00 7.789999961853027344e+00 -6.187500000000000000e+00 2.375000000000000000e+00 -3.750000000000000000e+01 0.000000000000000000e+00 -6.250000000000000000e-02 0.000000000000000000e+00
5.579999923706054688e+00 -1.850000023841857910e+00 7.800000190734863281e+00 -6.187500000000000000e+00 2.375000000000000000e+00 -3.750000000000000000e+01 1.250000000000000000e-01 -1.875000000000000000e-01 0.000000000000000000e+00
5.579999923706054688e+00 -1.820000052452087402e+00 7.800000190734863281e+00 -6.187500000000000000e+00 2.375000000000000000e+00 -3.750000000000000000e+01 6.250000000000000000e-02 -6.250000000000000000e-02 -6.250000000000000000e-02
5.510000228881835938e+00 -1.820000052452087402e+00 7.849999904632568359e+00 -6.187500000000000000e+00 2.375000000000000000e+00 -3.750000000000000000e+01 -6.250000000000000000e-02 -1.875000000000000000e-01 -6.250000000000000000e-02
5.460000038146972656e+00 -1.830000042915344238e+00 7.880000114440917969e+00 -6.187500000000000000e+00 2.375000000000000000e+00 -3.750000000000000000e+01 -1.875000000000000000e-01 -6.250000000000000000e-01 6.250000000000000000e-02
5.389999866485595703e+00 -1.870000004768371582e+00 7.929999828338623047e+00 -5.750000000000000000e+00 3.500000000000000000e+00 -3.750000000000000000e+01 -5.000000000000000000e-01 -8.750000000000000000e-01 0.000000000000000000e+00
5.329999923706054688e+00 -1.820000052452087402e+00 7.889999866485595703e+00 -5.750000000000000000e+00 3.500000000000000000e+00 -3.750000000000000000e+01 -4.375000000000000000e-01 -1.687500000000000000e+00 -6.875000000000000000e-01
5.199999809265136719e+00 -1.759999990463256836e+00 8.020000457763671875e+00 -5.750000000000000000e+00 3.500000000000000000e+00 -3.750000000000000000e+01 -7.500000000000000000e-01 -2.750000000000000000e+00 -5.625000000000000000e-01
5.099999904632568359e+00 -1.850000023841857910e+00 8.109999656677246094e+00 -5.750000000000000000e+00 3.500000000000000000e+00 -3.750000000000000000e+01 -1.187500000000000000e+00 -3.937500000000000000e+00 -1.125000000000000000e+00
5.019999980926513672e+00 -2.009999990463256836e+00 8.210000038146972656e+00 -5.750000000000000000e+00 3.500000000000000000e+00 -3.750000000000000000e+01 -1.500000000000000000e+00 -5.562500000000000000e+00 -1.562500000000000000e+00
5.190000057220458984e+00 -1.919999957084655762e+00 8.130000114440917969e+00 -7.187500000000000000e+00 2.750000000000000000e+00 -3.775000000000000000e+01 -1.375000000000000000e+00 -7.875000000000000000e+00 -2.187500000000000000e+00
4.969999790191650391e+00 -1.950000047683715820e+00 8.300000190734863281e+00 -7.187500000000000000e+00 2.750000000000000000e+00 -3.775000000000000000e+01 -8.125000000000000000e-01 -8.875000000000000000e+00 -2.687500000000000000e+00
4.710000038146972656e+00 -1.990000009536743164e+00 8.439999580383300781e+00 -7.187500000000000000e+00 2.750000000000000000e+00 -3.775000000000000000e+01 2.500000000000000000e-01 -9.625000000000000000e+00 -2.187500000000000000e+00
4.269999980926513672e+00 -2.109999895095825195e+00 8.909999847412109375e+00 -7.187500000000000000e+00 2.750000000000000000e+00 -3.775000000000000000e+01 2.562500000000000000e+00 -1.068750000000000000e+01 -5.625000000000000000e-01
3.089999914169311523e+00 -2.039999961853027344e+00 9.789999961853027344e+00 -7.187500000000000000e+00 2.750000000000000000e+00 -3.775000000000000000e+01 6.250000000000000000e+00 -1.187500000000000000e+01 2.750000000000000000e+00
2.500000000000000000e+00 -1.789999961853027344e+00 1.025000000000000000e+01 -6.562500000000000000e+00 3.062500000000000000e+00 -3.656250000000000000e+01 1.068750000000000000e+01 -1.312500000000000000e+01 7.437500000000000000e+00
1.840000033378601074e+00 -1.370000004768371582e+00 1.077000045776367188e+01 -6.562500000000000000e+00 3.062500000000000000e+00 -3.656250000000000000e+01 1.493750000000000000e+01 -1.325000000000000000e+01 1.281250000000000000e+01
1.500000059604644775e-01 -6.000000238418579102e-01 1.185000038146972656e+01 -6.562500000000000000e+00 3.062500000000000000e+00 -3.656250000000000000e+01 1.837500000000000000e+01 -1.300000000000000000e+01 1.968750000000000000e+01
-2.500000000000000000e-01 -7.400000095367431641e-01 1.203999996185302734e+01 -6.562500000000000000e+00 3.062500000000000000e+00 -3.656250000000000000e+01 1.987500000000000000e+01 -1.418750000000000000e+01 2.656250000000000000e+01
-1.000000014901161194e-01 -5.699999928474426270e-01 1.217000007629394531e+01 -6.562500000000000000e+00 3.062500000000000000e+00 -3.656250000000000000e+01 1.931250000000000000e+01 -1.475000000000000000e+01 3.175000000000000000e+01
-1.800000071525573730e-01 -8.799999952316284180e-01 1.230000019073486328e+01 -7.187500000000000000e+00 3.062500000000000000e+00 -3.750000000000000000e+01 1.800000000000000000e+01 -1.500000000000000000e+01 3.350000000000000000e+01
-5.899999737739562988e-01 -2.999999932944774628e-02 1.260000038146972656e+01 -7.187500000000000000e+00 3.062500000000000000e+00 -3.750000000000000000e+01 1.637500000000000000e+01 -1.200000000000000000e+01 3.318750000000000000e+01
-3.499999940395355225e-01 2.700000107288360596e-01 1.256000041961669922e+01 -7.187500000000000000e+00 3.062500000000000000e+00 -3.750000000000000000e+01 9.562500000000000000e+00 -9.062500000000000000e+00 3.300000000000000000e+01
-2.899999916553497314e-01 -6.899999976158142090e-01 1.230000019073486328e+01 -7.187500000000000000e+00 3.062500000000000000e+00 -3.750000000000000000e+01 1.062500000000000000e+00 -7.625000000000000000e+00 2.937500000000000000e+01
1.600000023841857910e+00 -1.600000023841857910e+00 1.151000022888183594e+01 -7.187500000000000000e+00 3.062500000000000000e+00 -3.750000000000000000e+01 -4.062500000000000000e+00 -7.812500000000000000e+00 2.037500000000000000e+01
2.300000041723251343e-01 -6.700000166893005371e-01 1.147000026702880859e+01 -6.562500000000000000e+00 2.375000000000000000e+00 -3.750000000000000000e+01 -5.750000000000000000e+00 -5.187500000000000000e+00 9.812500000000000000e+00
1.700000047683715820e+00 -5.400000214576721191e-01 1.072999954223632812e+01 -6.562500000000000000e+00 2.375000000000000000e+00 -3.750000000000000000e+01 -1.025000000000000000e+01 -2.187500000000000000e+00 -1.000000000000000000e+00
4.210000038146972656e+00 -5.400000214576721191e-01 9.680000305175781250e+00 -6.562500000000000000e+00 2.375000000000000000e+00 -3.750000000000000000e+01 -1.781250000000000000e+01 -5.125000000000000000e+00 -1.125000000000000000e+01
7.329999923706054688e+00 -1.960000038146972656e+00 7.869999885559082031e+00 -6.562500000000000000e+00 2.375000000000000000e+00 -3.750000000000000000e+01 -2.675000000000000000e+01 -3.562500000000000000e+00 -2.087500000000000000e+01
5.650000095367431641e+00 -1.210000038146972656e+00 7.809999942779541016e+00 -6.562500000000000000e+00 2.375000000000000000e+00 -3.750000000000000000e+01 -3.150000000000000000e+01 3.250000000000000000e+00 -2.843750000000000000e+01
6.000000000000000000e+00 -1.399999976158142090e+00 7.480000019073486328e+00 -6.562500000000000000e+00 3.062500000000000000e+00 -3.750000000000000000e+01 -3.612500000000000000e+01 9.437500000000000000e+00 -3.331250000000000000e+01
6.340000152587890625e+00 -2.210000038146972656e+00 6.059999942779541016e+00 -6.562500000000000000e+00 3.062500000000000000e+00 -3.750000000000000000e+01 -3.806250000000000000e+01 6.750000000000000000e+00 -3.612500000000000000e+01
8.720000267028808594e+00 -2.019999980926513672e+00 5.469999790191650391e+00 -6.562500000000000000e+00 3.062500000000000000e+00 -3.750000000000000000e+01 -3.675000000000000000e+01 1.037500000000000000e+01 -3.775000000000000000e+01
8.409999847412109375e+00 -2.319999933242797852e+00 5.460000038146972656e+00 -6.562500000000000000e+00 3.062500000000000000e+00 -3.750000000000000000e+01 -3.456250000000000000e+01 2.012500000000000000e+01 -3.400000000000000000e+01
1.010000038146972656e+01 -2.170000076293945312e+00 3.859999895095825195e+00 -6.562500000000000000e+00 3.062500000000000000e+00 -3.750000000000000000e+01 -3.137500000000000000e+01 2.068750000000000000e+01 -3.068750000000000000e+01
1.202999973297119141e+01 -3.990000009536743164e+00 3.029999971389770508e+00 -6.875000000000000000e+00 5.000000000000000000e+00 -3.750000000000000000e+01 -2.518750000000000000e+01 1.193750000000000000e+01 -2.675000000000000000e+01
1.450000000000000000e+01 -3.319999933242797852e+00 2.069999933242797852e+00 -6.875000000000000000e+00 5.000000000000000000e+00 -3.750000000000000000e+01 -1.387500000000000000e+01 4.750000000000000000e+00 -2.237500000000000000e+01
1.275000000000000000e+01 -2.730000019073486328e+00 1.759999990463256836e+00 -6.875000000000000000e+00 5.000000000000000000e+00 -3.750000000000000000e+01 -5.875000000000000000e+00 1.000000000000000000e+01 -1.431250000000000000e+01
1.430000019073486328e+01 -3.200000047683715820e+00 9.499999880790710449e-01 -6.875000000000000000e+00 5.000000000000000000e+00 -3.750000000000000000e+01 -3.000000000000000000e+00 5.875000000000000000e+00 -7.812500000000000000e+00
1.557999992370605469e+01 -3.039999961853027344e+00 5.899999737739562988e-01 -6.875000000000000000e+00 5.000000000000000000e+00 -3.750000000000000000e+01 -1.187500000000000000e+00 2.062500000000000000e+00 -5.500000000000000000e+00
1.531000041961669922e+01 -2.640000104904174805e+00 7.599999904632568359e-01 -6.187500000000000000e+00 5.250000000000000000e+00 -3.618750000000000000e+01 -9.375000000000000000e-01 3.750000000000000000e-01 -3.562500000000000000e+00
1.519999980926513672e+01 -2.690000057220458984e+00 7.400000095367431641e-01 -6.187500000000000000e+00 5.250000000000000000e+00 -3.618750000000000000e+01 -2.562500000000000000e+00 3.125000000000000000e-01 -1.812500000000000000e+00
1.401000022888183594e+01 -2.849999904632568359e+00 1.269999980926513672e+00 -6.187500000000000000e+00 5.250000000000000000e+00 -3.618750000000000000e+01 -2.937500000000000000e+00 8.750000000000000000e-01 -8.125000000000000000e-01
7.730000019073486328e+00 -2.619999885559082031e+00 7.659999847412109375e+00 -6.187500000000000000e+00 5.250000000000000000e+00 -3.618750000000000000e+01 -4.375000000000000000e-01 4.437500000000000000e+00 1.875000000000000000e+00
5.829999923706054688e+00 -1.139999985694885254e+00 7.969999790191650391e+00 -6.187500000000000000e+00 5.250000000000000000e+00 -3.618750000000000000e+01 -1.312500000000000000e+00 1.081250000000000000e+01 6.375000000000000000e+00
4.840000152587890625e+00 -1.200000047683715820e+00 8.319999694824218750e+00 -4.250000000000000000e+00 5.250000000000000000e+00 -3.587500000000000000e+01 -4.250000000000000000e+00 8.625000000000000000e+00 7.562500000000000000e+00
6.460000038146972656e+00 -1.960000038146972656e+00 7.739999771118164062e+00 -4.250000000000000000e+00 5.250000000000000000e+00 -3.587500000000000000e+01 -7.812500000000000000e+00 1.562500000000000000e+00 5.500000000000000000e+00
9.069999694824218750e+00 -1.029999971389770508e+00 5.610000133514404297e+00 -4.250000000000000000e+00 5.250000000000000000e+00 -3.587500000000000000e+01 -1.150000000000000000e+01 -5.625000000000000000e-01 2.750000000000000000e+00
9.550000190734863281e+00 -1.679999947547912598e+00 4.219999790191650391e+00 -4.250000000000000000e+00 5.250000000000000000e+00 -3.587500000000000000e+01 -1.656250000000000000e+01 -1.562500000000000000e+00 -6.250000000000000000e-01
9.829999923706054688e+00 -2.410000085830688477e+00 3.279999971389770508e+00 -4.250000000000000000e+00 5.250000000000000000e+00 -3.587500000000000000e+01 -1.931250000000000000e+01 -3.875000000000000000e+00 -6.437500000000000000e+00
1.088000011444091797e+01 -3.619999885559082031e+00 1.850000023841857910e+00 -5.375000000000000000e+00 5.687500000000000000e+00 -3.756250000000000000e+01 -1.950000000000000000e+01 -9.312500000000000000e+00 -1.187500000000000000e+01
1.117000007629394531e+01 -4.730000019073486328e+00 2.109999895095825195e+00 -5.375000000000000000e+00 5.687500000000000000e+00 -3.756250000000000000e+01 -1.293750000000000000e+01 -1.337500000000000000e+01 -1.537500000000000000e+01
1.184000015258789062e+01 -4.340000152587890625e+00 1.960000038146972656e+00 -5.375000000000000000e+00 5.687500000000000000e+00 -3.756250000000000000e+01 1.437500000000000000e+00 -1.587500000000000000e+01 -1.662500000000000000e+01
1.218000030517578125e+01 -3.009999990463256836e+00 2.700000047683715820e+00 -5.375000000000000000e+00 5.687500000000000000e+00 -3.756250000000000000e+01 1.431250000000000000e+01 -1.412500000000000000e+01 -1.281250000000000000e+01
1.223999977111816406e+01 -1.120000004768371582e+00 3.519999980926513672e+00 -5.375000000000000000e+00 5.687500000000000000e+00 -3.756250000000000000e+01 1.506250000000000000e+01 -5.125000000000000000e+00 -2.625000000000000000e+00
9.649999618530273438e+00 -2.079999923706054688e+00 4.349999904632568359e+00 -5.062500000000000000e+00 5.687500000000000000e+00 -3.625000000000000000e+01 8.312500000000000000e+00 7.375000000000000000e+00 7.562500000000000000e+00
8.369999885559082031e+00 -3.079999923706054688e+00 4.849999904632568359e+00 -5.062500000000000000e+00 5.687500000000000000e+00 -3.625000000000000000e+01 7.062500000000000000e+00 7.625000000000000000e+00 1.100000000000000000e+01
6.820000171661376953e+00 -6.399999856948852539e-01 7.539999961853027344e+00 -5.062500000000000000e+00 5.687500000000000000e+00 -3.625000000000000000e+01 1.512500000000000000e+01 1.125000000000000000e+00 1.050000000000000000e+01
6.639999866485595703e+00 -1.679999947547912598e+00 8.479999542236328125e+00 -5.062500000000000000e+00 5.687500000000000000e+00 -3.625000000000000000e+01 1.512500000000000000e+01 -2.812500000000000000e+00 1.356250000000000000e+01
5.980000019073486328e+00 -2.150000095367431641e+00 7.300000190734863281e+00 -5.062500000000000000e+00 5.687500000000000000e+00 -3.625000000000000000e+01 1.187500000000000000e+01 -8.062500000000000000e+00 1.681250000000000000e+01
5.230000019073486328e+00 -3.230000019073486328e+00 7.260000228881835938e+00 -6.562500000000000000e+00 5.687500000000000000e+00 -3.756250000000000000e+01 1.650000000000000000e+01 -1.362500000000000000e+01 1.818750000000000000e+01
6.210000038146972656e+00 -1.419999957084655762e+00 7.579999923706054688e+00 -6.562500000000000000e+00 5.687500000000000000e+00 -3.756250000000000000e+01 2.812500000000000000e+01 -2.112500000000000000e+01 1.900000000000000000e+01
5.730000019073486328e+00 -1.409999966621398926e+00 8.180000305175781250e+00 -6.562500000000000000e+00 5.687500000000000000e+00 -3.756250000000000000e+01 3.243750000000000000e+01 -2.300000000000000000e+01 2.518750000000000000e+01
5.199999809265136719e+00 -2.800000011920928955e-01 7.750000000000000000e+00 -6.562500000000000000e+00 5.687500000000000000e+00 -3.756250000000000000e+01 2.906250000000000000e+01 -2.350000000000000000e+01 3.081250000000000000e+01
4.650000095367431641e+00 -1.860000014305114746e+00 8.609999656677246094e+00 -6.562500000000000000e+00 5.687500000000000000e+00 -3.756250000000000000e+01 2.237500000000000000e+01 -2.300000000000000000e+01 3.356250000000000000e+01
4.550000190734863281e+00 -1.220000028610229492e+00 8.609999656677246094e+00 -6.562500000000000000e+00 5.000000000000000000e+00 -3.706250000000000000e+01 2.256250000000000000e+01 -1.887500000000000000e+01 3.068750000000000000e+01
3.299999952316284180e+00 -1.129999995231628418e+00 8.670000076293945312e+00 -6.562500000000000000e+00 5.000000000000000000e+00 -3.706250000000000000e+01 2.275000000000000000e+01 -1.237500000000000000e+01 2.925000000000000000e+01
4.380000114440917969e+00 -3.700000047683715820e-01 9.409999847412109375e+00 -6.562500000000000000e+00 5.000000000000000000e+00 -3.706250000000000000e+01 1.868750000000000000e+01 -9.687500000000000000e+00 2.750000000000000000e+01
2.430000066757202148e+00 -1.850000023841857910e+00 9.500000000000000000e+00 -6.562500000000000000e+00 5.000000000000000000e+00 -3.706250000000000000e+01 1.556250000000000000e+01 -3.250000000000000000e+00 2.587500000000000000e+01
2.190000057220458984e+00 -1.980000019073486328e+00 1.032999992370605469e+01 -6.562500000000000000e+00 5.000000000000000000e+00 -3.706250000000000000e+01 1.806250000000000000e+01 5.000000000000000000e-01 2.137500000000000000e+01
2.150000095367431641e+00 -1.610000014305114746e+00 1.023999977111816406e+01 -8.000000000000000000e+00 5.250000000000000000e+00 -3.668750000000000000e+01 2.281250000000000000e+01 3.937500000000000000e+00 1.800000000000000000e+01
1.450000047683715820e+00 -6.299999952316284180e-01 1.085000038146972656e+01 -8.000000000000000000e+00 5.250000000000000000e+00 -3.668750000000000000e+01 2.462500000000000000e+01 9.187500000000000000e+00 1.618750000000000000e+01
5.400000214576721191e-01 -1.159999966621398926e+00 1.151000022888183594e+01 -8.000000000000000000e+00 5.250000000000000000e+00 -3.668750000000000000e+01 2.393750000000000000e+01 1.337500000000000000e+01 1.506250000000000000e+01
5.099999904632568359e-01 -7.699999809265136719e-01 1.206999969482421875e+01 -8.000000000000000000e+00 5.250000000000000000e+00 -3.668750000000000000e+01 2.437500000000000000e+01 1.900000000000000000e+01 1.331250000000000000e+01
-3.899999856948852539e-01 -4.199999868869781494e-01 1.263000011444091797e+01 -8.000000000000000000e+00 5.250000000000000000e+00 -3.668750000000000000e+01 2.312500000000000000e+01 2.650000000000000000e+01 1.425000000000000000e+01
