5.619999885559082031e+00 -1.909999966621398926e+00 7.739999771118164062e+00 -1.750000000000000000e+01 1.168750000000000000e+01 -2.706250000000000000e+01 -6.875000000000000000e-01 -1.250000000000000000e-01 9.375000000000000000e-01
5.650000095367431641e+00 -1.570000052452087402e+00 7.820000171661376953e+00 -1.750000000000000000e+01 1.168750000000000000e+01 -2.706250000000000000e+01 -9.375000000000000000e-01 -5.000000000000000000e-01 1.937500000000000000e+00
5.769999980926513672e+00 -1.460000038146972656e+00 7.840000152587890625e+00 -1.750000000000000000e+01 1.168750000000000000e+01 -2.706250000000000000e+01 -1.937500000000000000e+00 -5.000000000000000000e-01 2.812500000000000000e+00
5.769999980926513672e+00 -1.899999976158142090e+00 7.750000000000000000e+00 -1.750000000000000000e+01 1.168750000000000000e+01 -2.706250000000000000e+01 -2.187500000000000000e+00 0.000000000000000000e+00 3.125000000000000000e+00
5.610000133514404297e+00 -2.170000076293945312e+00 7.610000133514404297e+00 -1.668750000000000000e+01 1.206250000000000000e+01 -2.550000000000000000e+01 -1.562500000000000000e+00 -3.125000000000000000e-01 2.500000000000000000e+00
5.480000019073486328e+00 -2.569999933242797852e+00 7.719999790191650391e+00 -1.668750000000000000e+01 1.206250000000000000e+01 -2.550000000000000000e+01 -1.187500000000000000e+00 -3.125000000000000000e-01 2.250000000000000000e+00
5.420000076293945312e+00 -2.509999990463256836e+00 7.610000133514404297e+00 -1.668750000000000000e+01 1.206250000000000000e+01 -2.550000000000000000e+01 -3.750000000000000000e-01 -3.125000000000000000e-01 1.312500000000000000e+00
5.510000228881835938e+00 -2.250000000000000000e+00 7.769999980926513672e+00 -1.668750000000000000e+01 1.206250000000000000e+01 -2.550000000000000000e+01 -3.750000000000000000e-01 -2.500000000000000000e-01 6.250000000000000000e-01
5.590000152587890625e+00 -2.069999933242797852e+00 7.719999790191650391e+00 -1.718750000000000000e+01 1.206250000000000000e+01 -2.700000000000000000e+01 1.250000000000000000e-01 -1.250000000000000000e-01 3.125000000000000000e-01
5.579999923706054688e+00 -2.289999961853027344e+00 7.650000095367431641e+00 -1.718750000000000000e+01 1.206250000000000000e+01 -2.700000000000000000e+01 5.000000000000000000e-01 -1.250000000000000000e-01 -1.875000000000000000e-01
5.570000171661376953e+00 -2.390000104904174805e+00 7.619999885559082031e+00 -1.718750000000000000e+01 1.206250000000000000e+01 -2.700000000000000000e+01 1.125000000000000000e+00 3.750000000000000000e-01 -6.875000000000000000e-01
5.570000171661376953e+00 -2.299999952316284180e+00 7.590000152587890625e+00 -1.718750000000000000e+01 1.206250000000000000e+01 -2.700000000000000000e+01 2.000000000000000000e+00 8.125000000000000000e-01 -1.687500000000000000e+00
5.550000190734863281e+00 -2.170000076293945312e+00 7.639999866485595703e+00 -1.718750000000000000e+01 1.206250000000000000e+01 -2.700000000000000000e+01 3.187500000000000000e+00 1.250000000000000000e+00 -3.062500000000000000e+00
5.500000000000000000e+00 -2.339999914169311523e+00 7.679999828338623047e+00 -1.718750000000000000e+01 1.206250000000000000e+01 -2.700000000000000000e+01 3.187500000000000000e+00 1.250000000000000000e+00 -3.062500000000000000e+00
5.519999980926513672e+00 -2.410000085830688477e+00 7.630000114440917969e+00 -1.756250000000000000e+01 1.125000000000000000e+01 -2.700000000000000000e+01 4.750000000000000000e+00 1.562500000000000000e+00 -4.750000000000000000e+00
5.550000190734863281e+00 -2.500000000000000000e+00 7.710000038146972656e+00 -1.756250000000000000e+01 1.125000000000000000e+01 -2.700000000000000000e+01 6.687500000000000000e+00 3.437500000000000000e+00 -7.312500000000000000e+00
5.570000171661376953e+00 -2.500000000000000000e+00 7.610000133514404297e+00 -1.756250000000000000e+01 1.125000000000000000e+01 -2.700000000000000000e+01 7.062500000000000000e+00 4.062500000000000000e+00 -8.437500000000000000e+00
5.639999866485595703e+00 -2.259999990463256836e+00 7.760000228881835938e+00 -1.756250000000000000e+01 1.125000000000000000e+01 -2.700000000000000000e+01 7.062500000000000000e+00 5.062500000000000000e+00 -9.437500000000000000e+00
5.750000000000000000e+00 -1.919999957084655762e+00 7.809999942779541016e+00 -1.756250000000000000e+01 1.125000000000000000e+01 -2.700000000000000000e+01 7.062500000000000000e+00 5.062500000000000000e+00 -9.437500000000000000e+00
5.769999980926513672e+00 -2.059999942779541016e+00 7.659999847412109375e+00 -1.750000000000000000e+01 1.175000000000000000e+01 -2.587500000000000000e+01 6.875000000000000000e+00 7.187500000000000000e+00 -1.031250000000000000e+01
5.480000019073486328e+00 -2.750000000000000000e+00 7.619999885559082031e+00 -1.750000000000000000e+01 1.175000000000000000e+01 -2.587500000000000000e+01 8.562500000000000000e+00 9.562500000000000000e+00 -1.318750000000000000e+01
5.570000171661376953e+00 -2.619999885559082031e+00 7.659999847412109375e+00 -1.750000000000000000e+01 1.175000000000000000e+01 -2.587500000000000000e+01 9.187500000000000000e+00 1.012500000000000000e+01 -1.493750000000000000e+01
5.630000114440917969e+00 -2.420000076293945312e+00 7.719999790191650391e+00 -1.750000000000000000e+01 1.175000000000000000e+01 -2.587500000000000000e+01 1.006250000000000000e+01 1.106250000000000000e+01 -1.625000000000000000e+01
5.650000095367431641e+00 -2.420000076293945312e+00 7.820000171661376953e+00 -1.750000000000000000e+01 1.175000000000000000e+01 -2.587500000000000000e+01 1.006250000000000000e+01 1.106250000000000000e+01 -1.625000000000000000e+01
5.539999961853027344e+00 -2.650000095367431641e+00 7.670000076293945312e+00 -1.787500000000000000e+01 1.125000000000000000e+01 -2.625000000000000000e+01 1.293750000000000000e+01 1.237500000000000000e+01 -2.031250000000000000e+01
5.539999961853027344e+00 -2.660000085830688477e+00 7.980000019073486328e+00 -1.787500000000000000e+01 1.125000000000000000e+01 -2.625000000000000000e+01 1.543750000000000000e+01 1.275000000000000000e+01 -2.393750000000000000e+01
5.690000057220458984e+00 -3.039999961853027344e+00 7.710000038146972656e+00 -1.787500000000000000e+01 1.125000000000000000e+01 -2.625000000000000000e+01 2.187500000000000000e+01 1.556250000000000000e+01 -3.031250000000000000e+01
5.590000152587890625e+00 -7.960000038146972656e+00 7.369999885559082031e+00 -1.787500000000000000e+01 1.125000000000000000e+01 -2.625000000000000000e+01 4.056250000000000000e+01 2.256250000000000000e+01 -4.706250000000000000e+01
5.449999809265136719e+00 -1.052000045776367188e+01 9.039999961853027344e+00 -1.787500000000000000e+01 1.125000000000000000e+01 -2.625000000000000000e+01 4.056250000000000000e+01 2.256250000000000000e+01 -4.706250000000000000e+01
6.300000190734863281e+00 -1.067000007629394531e+01 8.699999809265136719e+00 -1.706250000000000000e+01 1.137500000000000000e+01 -2.706250000000000000e+01 7.450000000000000000e+01 2.087500000000000000e+01 -7.125000000000000000e+01
6.190000057220458984e+00 -8.319999694824218750e+00 8.489999771118164062e+00 -1.706250000000000000e+01 1.137500000000000000e+01 -2.706250000000000000e+01 1.293125000000000000e+02 1.337500000000000000e+01 -9.318750000000000000e+01
6.000000000000000000e+00 -5.199999809265136719e+00 8.689999580383300781e+00 -1.706250000000000000e+01 1.137500000000000000e+01 -2.706250000000000000e+01 1.480625000000000000e+02 9.875000000000000000e+00 -1.013750000000000000e+02
5.360000133514404297e+00 -3.970000028610229492e+00 8.310000419616699219e+00 -1.706250000000000000e+01 1.137500000000000000e+01 -2.706250000000000000e+01 1.618750000000000000e+02 4.625000000000000000e+00 -1.081875000000000000e+02
4.860000133514404297e+00 -4.070000171661376953e+00 8.539999961853027344e+00 -1.706250000000000000e+01 1.137500000000000000e+01 -2.706250000000000000e+01 1.770625000000000000e+02 -2.750000000000000000e+00 -1.175000000000000000e+02
5.329999923706054688e+00 -4.420000076293945312e+00 8.220000267028808594e+00 -1.706250000000000000e+01 9.562500000000000000e+00 -2.587500000000000000e+01 1.924375000000000000e+02 -8.562500000000000000e+00 -1.251875000000000000e+02
5.480000019073486328e+00 -3.859999895095825195e+00 7.960000038146972656e+00 -1.706250000000000000e+01 9.562500000000000000e+00 -2.587500000000000000e+01 2.056875000000000000e+02 -1.337500000000000000e+01 -1.305000000000000000e+02
5.659999847412109375e+00 -2.960000038146972656e+00 7.329999923706054688e+00 -1.706250000000000000e+01 9.562500000000000000e+00 -2.587500000000000000e+01 2.182500000000000000e+02 -1.700000000000000000e+01 -1.343750000000000000e+02
5.380000114440917969e+00 -2.509999990463256836e+00 6.730000019073486328e+00 -1.706250000000000000e+01 9.562500000000000000e+00 -2.587500000000000000e+01 2.340625000000000000e+02 -2.112500000000000000e+01 -1.373750000000000000e+02
5.250000000000000000e+00 -3.210000038146972656e+00 6.280000209808349609e+00 -1.706250000000000000e+01 9.562500000000000000e+00 -2.587500000000000000e+01 2.340625000000000000e+02 -2.112500000000000000e+01 -1.373750000000000000e+02
4.630000114440917969e+00 -3.059999942779541016e+00 5.690000057220458984e+00 -1.725000000000000000e+01 4.687500000000000000e+00 -2.800000000000000000e+01 2.481875000000000000e+02 -2.468750000000000000e+01 -1.374375000000000000e+02
3.279999971389770508e+00 -1.700000047683715820e+00 5.519999980926513672e+00 -1.725000000000000000e+01 4.687500000000000000e+00 -2.800000000000000000e+01 2.560000000000000000e+02 -3.056250000000000000e+01 -1.480000000000000000e+02
3.380000114440917969e+00 6.600000262260437012e-01 5.469999790191650391e+00 -1.725000000000000000e+01 4.687500000000000000e+00 -2.800000000000000000e+01 2.431875000000000000e+02 -3.306250000000000000e+01 -1.456875000000000000e+02
4.239999771118164062e+00 7.030000209808349609e+00 4.219999790191650391e+00 -1.725000000000000000e+01 4.687500000000000000e+00 -2.800000000000000000e+01 2.203750000000000000e+02 -2.800000000000000000e+01 -1.358750000000000000e+02
3.940000057220458984e+00 1.118999958038330078e+01 3.450000047683715820e+00 -1.725000000000000000e+01 4.687500000000000000e+00 -2.800000000000000000e+01 2.203750000000000000e+02 -2.800000000000000000e+01 -1.358750000000000000e+02
2.930000066757202148e+00 1.405000019073486328e+01 2.740000009536743164e+00 -1.806250000000000000e+01 -2.750000000000000000e+00 -2.650000000000000000e+01 1.493750000000000000e+02 -1.531250000000000000e+01 -1.035625000000000000e+02
2.619999885559082031e+00 1.423999977111816406e+01 2.160000085830688477e+00 -1.806250000000000000e+01 -2.750000000000000000e+00 -2.650000000000000000e+01 1.243750000000000000e+02 -5.500000000000000000e+00 -8.318750000000000000e+01
2.289999961853027344e+00 1.472000026702880859e+01 2.359999895095825195e+00 -1.806250000000000000e+01 -2.750000000000000000e+00 -2.650000000000000000e+01 9.912500000000000000e+01 5.125000000000000000e+00 -5.656250000000000000e+01
2.079999923706054688e+00 1.514999961853027344e+01 2.910000085830688477e+00 -1.806250000000000000e+01 -2.750000000000000000e+00 -2.650000000000000000e+01 6.875000000000000000e+01 1.218750000000000000e+01 -3.325000000000000000e+01
2.240000009536743164e+00 1.551000022888183594e+01 3.710000038146972656e+00 -1.806250000000000000e+01 -2.750000000000000000e+00 -2.650000000000000000e+01 6.875000000000000000e+01 1.218750000000000000e+01 -3.325000000000000000e+01
2.980000019073486328e+00 9.510000228881835938e+00 6.079999923706054688e+00 -1.825000000000000000e+01 -1.150000000000000000e+01 -2.606250000000000000e+01 3.906250000000000000e+01 1.412500000000000000e+01 -1.956250000000000000e+01
3.990000009536743164e+00 5.940000057220458984e+00 7.019999980926513672e+00 -1.825000000000000000e+01 -1.150000000000000000e+01 -2.606250000000000000e+01 1.450000000000000000e+01 8.125000000000000000e+00 -7.125000000000000000e+00
5.250000000000000000e+00 3.970000028610229492e+00 7.510000228881835938e+00 -1.825000000000000000e+01 -1.150000000000000000e+01 -2.606250000000000000e+01 1.593750000000000000e+01 7.250000000000000000e+00 -5.250000000000000000e+00
5.880000114440917969e+00 3.390000104904174805e+00 7.619999885559082031e+00 -1.825000000000000000e+01 -1.150000000000000000e+01 -2.606250000000000000e+01 1.956250000000000000e+01 6.250000000000000000e+00 -7.187500000000000000e+00
5.630000114440917969e+00 4.079999923706054688e+00 7.269999980926513672e+00 -1.825000000000000000e+01 -1.150000000000000000e+01 -2.606250000000000000e+01 1.956250000000000000e+01 6.250000000000000000e+00 -7.187500000000000000e+00
5.300000190734863281e+00 4.989999771118164062e+00 7.050000190734863281e+00 -1.768750000000000000e+01 -1.318750000000000000e+01 -2.575000000000000000e+01 2.112500000000000000e+01 4.625000000000000000e+00 -9.687500000000000000e+00
4.840000152587890625e+00 5.980000019073486328e+00 6.769999980926513672e+00 -1.768750000000000000e+01 -1.318750000000000000e+01 -2.575000000000000000e+01 1.518750000000000000e+01 1.687500000000000000e+00 -7.562500000000000000e+00
4.190000057220458984e+00 7.659999847412109375e+00 6.000000000000000000e+00 -1.768750000000000000e+01 -1.318750000000000000e+01 -2.575000000000000000e+01 7.500000000000000000e+00 1.187500000000000000e+00 -2.687500000000000000e+00
3.920000076293945312e+00 8.069999694824218750e+00 5.719999790191650391e+00 -1.768750000000000000e+01 -1.318750000000000000e+01 -2.575000000000000000e+01 -2.187500000000000000e+00 8.125000000000000000e-01 2.937500000000000000e+00
4.000000000000000000e+00 8.170000076293945312e+00 5.570000171661376953e+00 -1.768750000000000000e+01 -1.318750000000000000e+01 -2.575000000000000000e+01 -2.187500000000000000e+00 8.125000000000000000e-01 2.937500000000000000e+00
4.360000133514404297e+00 7.949999809265136719e+00 5.639999866485595703e+00 -1.625000000000000000e+01 -1.456250000000000000e+01 -2.618750000000000000e+01 -1.256250000000000000e+01 1.687500000000000000e+00 9.125000000000000000e+00
4.420000076293945312e+00 7.130000114440917969e+00 5.710000038146972656e+00 -1.625000000000000000e+01 -1.456250000000000000e+01 -2.618750000000000000e+01 -3.137500000000000000e+01 7.062500000000000000e+00 2.431250000000000000e+01
4.199999809265136719e+00 7.309999942779541016e+00 5.639999866485595703e+00 -1.625000000000000000e+01 -1.456250000000000000e+01 -2.618750000000000000e+01 -4.118750000000000000e+01 8.187500000000000000e+00 3.168750000000000000e+01
3.420000076293945312e+00 7.750000000000000000e+00 5.829999923706054688e+00 -1.625000000000000000e+01 -1.456250000000000000e+01 -2.618750000000000000e+01 -5.418750000000000000e+01 5.000000000000000000e+00 3.831250000000000000e+01
2.930000066757202148e+00 8.140000343322753906e+00 6.130000114440917969e+00 -1.625000000000000000e+01 -1.456250000000000000e+01 -2.618750000000000000e+01 -5.418750000000000000e+01 5.000000000000000000e+00 3.831250000000000000e+01
3.039999961853027344e+00 8.939999580383300781e+00 6.309999942779541016e+00 -1.750000000000000000e+01 -1.450000000000000000e+01 -2.668750000000000000e+01 -6.918750000000000000e+01 1.875000000000000000e-01 4.568750000000000000e+01
3.369999885559082031e+00 8.729999542236328125e+00 6.010000228881835938e+00 -1.750000000000000000e+01 -1.450000000000000000e+01 -2.668750000000000000e+01 -1.016875000000000000e+02 -6.437500000000000000e+00 6.306250000000000000e+01
3.869999885559082031e+00 8.460000038146972656e+00 5.630000114440917969e+00 -1.750000000000000000e+01 -1.450000000000000000e+01 -2.668750000000000000e+01 -1.170000000000000000e+02 -5.625000000000000000e+00 7.356250000000000000e+01
4.849999904632568359e+00 8.039999961853027344e+00 5.380000114440917969e+00 -1.750000000000000000e+01 -1.450000000000000000e+01 -2.668750000000000000e+01 -1.328125000000000000e+02 -3.500000000000000000e+00 8.450000000000000000e+01
4.800000190734863281e+00 8.090000152587890625e+00 5.309999942779541016e+00 -1.750000000000000000e+01 -1.450000000000000000e+01 -2.668750000000000000e+01 -1.328125000000000000e+02 -3.500000000000000000e+00 8.450000000000000000e+01
4.519999980926513672e+00 8.560000419616699219e+00 5.360000133514404297e+00 -1.756250000000000000e+01 -1.218750000000000000e+01 -2.625000000000000000e+01 -1.495000000000000000e+02 -5.625000000000000000e-01 9.725000000000000000e+01
4.159999847412109375e+00 9.159999847412109375e+00 5.320000171661376953e+00 -1.756250000000000000e+01 -1.218750000000000000e+01 -2.625000000000000000e+01 -1.934375000000000000e+02 1.750000000000000000e+00 1.275625000000000000e+02
3.529999971389770508e+00 9.670000076293945312e+00 5.030000209808349609e+00 -1.756250000000000000e+01 -1.218750000000000000e+01 -2.625000000000000000e+01 -2.194375000000000000e+02 1.625000000000000000e+00 1.455625000000000000e+02
3.380000114440917969e+00 9.449999809265136719e+00 4.769999980926513672e+00 -1.756250000000000000e+01 -1.218750000000000000e+01 -2.625000000000000000e+01 -2.469375000000000000e+02 1.437500000000000000e+00 1.639375000000000000e+02
3.309999942779541016e+00 9.010000228881835938e+00 4.300000190734863281e+00 -1.756250000000000000e+01 -1.218750000000000000e+01 -2.625000000000000000e+01 -2.469375000000000000e+02 1.437500000000000000e+00 1.639375000000000000e+02
3.200000047683715820e+00 8.100000381469726562e+00 3.769999980926513672e+00 -1.856250000000000000e+01 -7.000000000000000000e+00 -2.675000000000000000e+01 -2.745625000000000000e+02 2.375000000000000000e+00 1.813750000000000000e+02
2.710000038146972656e+00 5.699999809265136719e+00 3.529999971389770508e+00 -1.856250000000000000e+01 -7.000000000000000000e+00 -2.675000000000000000e+01 -3.203750000000000000e+02 4.937500000000000000e+00 2.075000000000000000e+02
2.720000028610229492e+00 4.610000133514404297e+00 3.569999933242797852e+00 -1.856250000000000000e+01 -7.000000000000000000e+00 -2.675000000000000000e+01 -3.388125000000000000e+02 6.375000000000000000e+00 2.169375000000000000e+02
2.329999923706054688e+00 3.029999971389770508e+00 4.099999904632568359e+00 -1.856250000000000000e+01 -7.000000000000000000e+00 -2.675000000000000000e+01 -3.485000000000000000e+02 6.437500000000000000e+00 2.204375000000000000e+02
5.400000095367431641e+00 -2.069999933242797852e+00 4.869999885559082031e+00 -1.856250000000000000e+01 -7.000000000000000000e+00 -2.675000000000000000e+01 -3.485000000000000000e+02 6.437500000000000000e+00 2.204375000000000000e+02
1.355000019073486328e+01 -9.779999732971191406e+00 1.181000041961669922e+01 -1.856250000000000000e+01 1.375000000000000000e+00 -2.800000000000000000e+01 -3.380000000000000000e+02 5.687500000000000000e+00 2.217500000000000000e+02
2.126000022888183594e+01 -3.929000091552734375e+01 2.242000007629394531e+01 -1.856250000000000000e+01 1.375000000000000000e+00 -2.800000000000000000e+01 -6.375000000000000000e+00 1.537500000000000000e+01 1.149375000000000000e+02
4.650000095367431641e+00 -3.185000038146972656e+01 -1.893000030517578125e+01 -1.856250000000000000e+01 1.375000000000000000e+00 -2.800000000000000000e+01 3.306250000000000000e+01 4.062500000000000000e+01 5.443750000000000000e+01
-8.479999542236328125e+00 -3.254999923706054688e+01 1.309000015258789062e+01 -1.856250000000000000e+01 1.375000000000000000e+00 -2.800000000000000000e+01 3.981250000000000000e+01 -1.050000000000000000e+01 -5.637500000000000000e+01
6.499999761581420898e-01 -6.559999942779541016e+00 5.329999923706054688e+00 -1.856250000000000000e+01 1.375000000000000000e+00 -2.800000000000000000e+01 3.981250000000000000e+01 -1.050000000000000000e+01 -5.637500000000000000e+01
6.199999809265136719e+00 9.460000038146972656e+00 9.210000038146972656e+00 -1.637500000000000000e+01 1.187500000000000000e+01 -2.556250000000000000e+01 4.256250000000000000e+01 -1.431250000000000000e+01 -5.800000000000000000e+01
9.420000076293945312e+00 1.301000022888183594e+01 8.960000038146972656e+00 -1.637500000000000000e+01 1.187500000000000000e+01 -2.556250000000000000e+01 -1.000000000000000000e+00 5.000000000000000000e-01 -1.862500000000000000e+01
5.860000133514404297e+00 2.200000047683715820e+00 8.409999847412109375e+00 -1.637500000000000000e+01 1.187500000000000000e+01 -2.556250000000000000e+01 -5.750000000000000000e+00 -1.875000000000000000e-01 1.812500000000000000e+00
4.769999980926513672e+00 -3.000000119209289551e-01 8.409999847412109375e+00 -1.637500000000000000e+01 1.187500000000000000e+01 -2.556250000000000000e+01 -1.031250000000000000e+01 -8.812500000000000000e+00 9.812500000000000000e+00
6.449999809265136719e+00 -4.300000071525573730e-01 7.349999904632568359e+00 -1.637500000000000000e+01 1.187500000000000000e+01 -2.556250000000000000e+01 -1.031250000000000000e+01 -8.812500000000000000e+00 9.812500000000000000e+00
5.650000095367431641e+00 -1.009999990463256836e+00 7.800000190734863281e+00 -1.750000000000000000e+01 1.050000000000000000e+01 -2.750000000000000000e+01 -1.018750000000000000e+01 -5.312500000000000000e+00 1.487500000000000000e+01
5.170000076293945312e+00 -3.299999952316284180e+00 7.800000190734863281e+00 -1.750000000000000000e+01 1.050000000000000000e+01 -2.750000000000000000e+01 -8.750000000000000000e+00 -3.562500000000000000e+00 1.456250000000000000e+01
5.170000076293945312e+00 -5.150000095367431641e+00 7.480000019073486328e+00 -1.750000000000000000e+01 1.050000000000000000e+01 -2.750000000000000000e+01 -3.875000000000000000e+00 -2.750000000000000000e+00 8.437500000000000000e+00
5.260000228881835938e+00 -5.170000076293945312e+00 7.289999961853027344e+00 -1.750000000000000000e+01 1.050000000000000000e+01 -2.750000000000000000e+01 -1.250000000000000000e-01 -1.500000000000000000e+00 2.625000000000000000e+00
5.400000095367431641e+00 -1.750000000000000000e+00 7.789999961853027344e+00 -1.750000000000000000e+01 1.050000000000000000e+01 -2.750000000000000000e+01 -1.250000000000000000e-01 -1.500000000000000000e+00 2.625000000000000000e+00
5.650000095367431641e+00 -1.149999976158142090e+00 7.880000114440917969e+00 -1.768750000000000000e+01 1.150000000000000000e+01 -2.625000000000000000e+01 1.875000000000000000e-01 -1.875000000000000000e+00 7.500000000000000000e-01
5.750000000000000000e+00 -1.309999942779541016e+00 7.880000114440917969e+00 -1.768750000000000000e+01 1.150000000000000000e+01 -2.625000000000000000e+01 -1.687500000000000000e+00 -2.062500000000000000e+00 3.062500000000000000e+00
5.670000076293945312e+00 -1.440000057220458984e+00 7.840000152587890625e+00 -1.768750000000000000e+01 1.150000000000000000e+01 -2.625000000000000000e+01 -2.375000000000000000e+00 -2.375000000000000000e+00 4.562500000000000000e+00
5.750000000000000000e+00 -1.389999985694885254e+00 7.809999942779541016e+00 -1.768750000000000000e+01 1.150000000000000000e+01 -2.625000000000000000e+01 -2.937500000000000000e+00 -3.062500000000000000e+00 5.812500000000000000e+00
5.760000228881835938e+00 -1.519999980926513672e+00 7.780000209808349609e+00 -1.768750000000000000e+01 1.150000000000000000e+01 -2.625000000000000000e+01 -2.937500000000000000e+00 -3.062500000000000000e+00 5.812500000000000000e+00
5.690000057220458984e+00 -1.700000047683715820e+00 7.769999980926513672e+00 -1.687500000000000000e+01 1.187500000000000000e+01 -2.706250000000000000e+01 -3.375000000000000000e+00 -3.125000000000000000e+00 7.000000000000000000e+00
