5.550000190734863281e+00 -2.079999923706054688e+00 7.760000228881835938e+00 -8.500000000000000000e+00 -1.062500000000000000e+00 -3.887500000000000000e+01 -1.250000000000000000e-01 -1.250000000000000000e-01 0.000000000000000000e+00
5.550000190734863281e+00 -2.079999923706054688e+00 7.750000000000000000e+00 -8.750000000000000000e+00 -1.500000000000000000e+00 -3.806250000000000000e+01 0.000000000000000000e+00 -1.875000000000000000e-01 -6.250000000000000000e-02
5.590000152587890625e+00 -2.099999904632568359e+00 7.750000000000000000e+00 -8.750000000000000000e+00 -1.500000000000000000e+00 -3.806250000000000000e+01 -6.250000000000000000e-02 0.000000000000000000e+00 -6.250000000000000000e-02
5.550000190734863281e+00 -2.069999933242797852e+00 7.730000019073486328e+00 -8.750000000000000000e+00 -1.500000000000000000e+00 -3.806250000000000000e+01 0.000000000000000000e+00 -1.250000000000000000e-01 -6.250000000000000000e-02
5.559999942779541016e+00 -2.059999942779541016e+00 7.699999809265136719e+00 -8.750000000000000000e+00 -1.500000000000000000e+00 -3.806250000000000000e+01 6.250000000000000000e-02 -1.250000000000000000e-01 1.875000000000000000e-01
5.559999942779541016e+00 -2.079999923706054688e+00 7.750000000000000000e+00 -8.750000000000000000e+00 -1.500000000000000000e+00 -3.806250000000000000e+01 6.250000000000000000e-02 -6.250000000000000000e-02 -6.250000000000000000e-02
5.610000133514404297e+00 -2.039999961853027344e+00 7.769999980926513672e+00 -8.062500000000000000e+00 -2.187500000000000000e+00 -3.806250000000000000e+01 0.000000000000000000e+00 -6.250000000000000000e-02 -6.250000000000000000e-02
5.840000152587890625e+00 -1.960000038146972656e+00 7.889999866485595703e+00 -8.062500000000000000e+00 -2.187500000000000000e+00 -3.806250000000000000e+01 -2.500000000000000000e-01 0.000000000000000000e+00 1.250000000000000000e-01
6.360000133514404297e+00 -2.029999971389770508e+00 7.900000095367431641e+00 -8.062500000000000000e+00 -2.187500000000000000e+00 -3.806250000000000000e+01 -1.562500000000000000e+00 -1.250000000000000000e-01 6.875000000000000000e-01
6.829999923706054688e+00 -2.269999980926513672e+00 7.960000038146972656e+00 -8.062500000000000000e+00 -2.187500000000000000e+00 -3.806250000000000000e+01 -4.437500000000000000e+00 1.187500000000000000e+00 2.750000000000000000e+00
9.770000457763671875e+00 -1.419999957084655762e+00 8.380000114440917969e+00 -8.062500000000000000e+00 -2.187500000000000000e+00 -3.806250000000000000e+01 -1.050000000000000000e+01 3.625000000000000000e+00 7.750000000000000000e+00
1.393000030517578125e+01 -8.199999928474426270e-01 8.890000343322753906e+00 -9.187500000000000000e+00 -2.187500000000000000e+00 -3.768750000000000000e+01 -1.856250000000000000e+01 1.018750000000000000e+01 1.625000000000000000e+01
1.926000022888183594e+01 -3.369999885559082031e+00 8.640000343322753906e+00 -9.187500000000000000e+00 -2.187500000000000000e+00 -3.768750000000000000e+01 -2.800000000000000000e+01 3.737500000000000000e+01 3.206250000000000000e+01
1.612999916076660156e+01 -4.530000209808349609e+00 8.250000000000000000e+00 -9.187500000000000000e+00 -2.187500000000000000e+00 -3.768750000000000000e+01 -1.625000000000000000e+01 9.193750000000000000e+01 4.418750000000000000e+01
1.089000034332275391e+01 -3.890000104904174805e+00 9.229999542236328125e+00 -9.187500000000000000e+00 -2.187500000000000000e+00 -3.768750000000000000e+01 3.875000000000000000e+00 1.494375000000000000e+02 4.125000000000000000e+01
8.149999618530273438e+00 -4.769999980926513672e+00 8.369999885559082031e+00 -9.187500000000000000e+00 -2.187500000000000000e+00 -3.768750000000000000e+01 1.250000000000000000e+01 1.758125000000000000e+02 3.706250000000000000e+01
5.320000171661376953e+00 -4.900000095367431641e+00 7.650000095367431641e+00 -8.062500000000000000e+00 -1.062500000000000000e+00 -3.687500000000000000e+01 1.962500000000000000e+01 1.835625000000000000e+02 3.056250000000000000e+01
-1.500000059604644775e-01 -2.750000000000000000e+00 7.730000019073486328e+00 -8.062500000000000000e+00 -1.062500000000000000e+00 -3.687500000000000000e+01 3.187500000000000000e+01 1.796875000000000000e+02 2.456250000000000000e+01
-1.519999980926513672e+00 -1.389999985694885254e+00 7.530000209808349609e+00 -8.062500000000000000e+00 -1.062500000000000000e+00 -3.687500000000000000e+01 3.987500000000000000e+01 1.626250000000000000e+02 1.631250000000000000e+01
-1.659999966621398926e+00 -8.600000143051147461e-01 6.869999885559082031e+00 -8.062500000000000000e+00 -1.062500000000000000e+00 -3.687500000000000000e+01 3.943750000000000000e+01 1.385625000000000000e+02 1.043750000000000000e+01
-1.259999990463256836e+00 -6.200000047683715820e-01 6.960000038146972656e+00 -8.062500000000000000e+00 -1.062500000000000000e+00 -3.687500000000000000e+01 3.568750000000000000e+01 1.178750000000000000e+02 7.875000000000000000e+00
-1.049999952316284180e+00 9.999999776482582092e-03 7.210000038146972656e+00 -3.250000000000000000e+00 -3.750000000000000000e-01 -3.806250000000000000e+01 3.018750000000000000e+01 1.030625000000000000e+02 6.875000000000000000e+00
-7.599999904632568359e-01 -2.599999904632568359e-01 7.829999923706054688e+00 -3.250000000000000000e+00 -3.750000000000000000e-01 -3.806250000000000000e+01 2.393750000000000000e+01 9.006250000000000000e+01 6.062500000000000000e+00
3.400000035762786865e-01 -5.400000214576721191e-01 8.000000000000000000e+00 -3.250000000000000000e+00 -3.750000000000000000e-01 -3.806250000000000000e+01 1.843750000000000000e+01 7.681250000000000000e+01 4.812500000000000000e+00
2.609999895095825195e+00 -1.470000028610229492e+00 8.420000076293945312e+00 -3.250000000000000000e+00 -3.750000000000000000e-01 -3.806250000000000000e+01 1.287500000000000000e+01 6.850000000000000000e+01 3.500000000000000000e+00
2.859999895095825195e+00 -1.970000028610229492e+00 8.890000343322753906e+00 -3.250000000000000000e+00 -3.750000000000000000e-01 -3.806250000000000000e+01 8.562500000000000000e+00 6.512500000000000000e+01 3.312500000000000000e+00
3.630000114440917969e+00 -2.380000114440917969e+00 8.979999542236328125e+00 7.500000000000000000e-01 -3.000000000000000000e+00 -3.850000000000000000e+01 7.562500000000000000e+00 6.450000000000000000e+01 3.875000000000000000e+00
3.369999885559082031e+00 -2.680000066757202148e+00 9.239999771118164062e+00 7.500000000000000000e-01 -3.000000000000000000e+00 -3.850000000000000000e+01 9.562500000000000000e+00 6.512500000000000000e+01 4.062500000000000000e+00
1.990000009536743164e+00 -2.029999971389770508e+00 9.210000038146972656e+00 7.500000000000000000e-01 -3.000000000000000000e+00 -3.850000000000000000e+01 1.243750000000000000e+01 6.537500000000000000e+01 3.312500000000000000e+00
1.799999952316284180e+00 -2.190000057220458984e+00 9.000000000000000000e+00 7.500000000000000000e-01 -3.000000000000000000e+00 -3.850000000000000000e+01 1.475000000000000000e+01 6.281250000000000000e+01 2.125000000000000000e+00
1.559999942779541016e+00 -1.960000038146972656e+00 9.000000000000000000e+00 7.500000000000000000e-01 -3.000000000000000000e+00 -3.850000000000000000e+01 1.575000000000000000e+01 5.831250000000000000e+01 1.625000000000000000e+00
1.549999952316284180e+00 -1.940000057220458984e+00 8.560000419616699219e+00 3.375000000000000000e+00 -2.562500000000000000e+00 -3.700000000000000000e+01 1.562500000000000000e+01 5.456250000000000000e+01 1.375000000000000000e+00
1.800000071525573730e-01 -1.299999952316284180e+00 8.449999809265136719e+00 3.375000000000000000e+00 -2.562500000000000000e+00 -3.700000000000000000e+01 1.587500000000000000e+01 5.087500000000000000e+01 6.875000000000000000e-01
-5.000000074505805969e-02 -1.100000023841857910e+00 8.539999961853027344e+00 3.375000000000000000e+00 -2.562500000000000000e+00 -3.700000000000000000e+01 1.493750000000000000e+01 4.368750000000000000e+01 0.000000000000000000e+00
1.700000017881393433e-01 -9.300000071525573730e-01 8.640000343322753906e+00 3.375000000000000000e+00 -2.562500000000000000e+00 -3.700000000000000000e+01 1.256250000000000000e+01 3.562500000000000000e+01 -7.500000000000000000e-01
1.259999990463256836e+00 -1.139999985694885254e+00 8.819999694824218750e+00 3.375000000000000000e+00 -2.562500000000000000e+00 -3.700000000000000000e+01 9.375000000000000000e+00 2.968750000000000000e+01 -3.750000000000000000e-01
1.600000023841857910e+00 -1.480000019073486328e+00 8.859999656677246094e+00 5.000000000000000000e+00 -3.375000000000000000e+00 -3.750000000000000000e+01 6.562500000000000000e+00 2.637500000000000000e+01 1.250000000000000000e-01
1.509999990463256836e+00 -1.509999990463256836e+00 8.960000038146972656e+00 5.000000000000000000e+00 -3.375000000000000000e+00 -3.750000000000000000e+01 5.375000000000000000e+00 2.425000000000000000e+01 0.000000000000000000e+00
1.360000014305114746e+00 -1.440000057220458984e+00 9.020000457763671875e+00 5.000000000000000000e+00 -3.375000000000000000e+00 -3.750000000000000000e+01 5.250000000000000000e+00 2.200000000000000000e+01 -1.062500000000000000e+00
1.330000042915344238e+00 -1.399999976158142090e+00 9.069999694824218750e+00 5.000000000000000000e+00 -3.375000000000000000e+00 -3.750000000000000000e+01 4.562500000000000000e+00 1.950000000000000000e+01 -1.687500000000000000e+00
1.200000047683715820e+00 -1.409999966621398926e+00 9.000000000000000000e+00 5.000000000000000000e+00 -3.375000000000000000e+00 -3.750000000000000000e+01 3.375000000000000000e+00 1.700000000000000000e+01 -1.812500000000000000e+00
1.110000014305114746e+00 -1.470000028610229492e+00 8.970000267028808594e+00 6.062500000000000000e+00 -4.500000000000000000e+00 -3.787500000000000000e+01 2.375000000000000000e+00 1.418750000000000000e+01 -1.562500000000000000e+00
9.200000166893005371e-01 -1.460000038146972656e+00 8.890000343322753906e+00 6.062500000000000000e+00 -4.500000000000000000e+00 -3.787500000000000000e+01 1.562500000000000000e+00 1.081250000000000000e+01 -1.437500000000000000e+00
-5.000000074505805969e-02 -1.159999966621398926e+00 8.630000114440917969e+00 6.062500000000000000e+00 -4.500000000000000000e+00 -3.787500000000000000e+01 1.000000000000000000e+00 6.687500000000000000e+00 -1.562500000000000000e+00
-5.199999809265136719e-01 -8.600000143051147461e-01 8.420000076293945312e+00 6.062500000000000000e+00 -4.500000000000000000e+00 -3.787500000000000000e+01 -6.250000000000000000e-02 5.625000000000000000e-01 -1.562500000000000000e+00
-9.900000095367431641e-01 -7.900000214576721191e-01 8.229999542236328125e+00 6.062500000000000000e+00 -4.500000000000000000e+00 -3.787500000000000000e+01 -2.750000000000000000e+00 -7.437500000000000000e+00 -9.375000000000000000e-01
-6.700000166893005371e-01 -1.000000000000000000e+00 8.569999694824218750e+00 7.562500000000000000e+00 -4.750000000000000000e+00 -3.656250000000000000e+01 -5.625000000000000000e+00 -1.718750000000000000e+01 -1.875000000000000000e-01
1.289999961853027344e+00 -1.409999966621398926e+00 8.819999694824218750e+00 7.562500000000000000e+00 -4.750000000000000000e+00 -3.656250000000000000e+01 -9.000000000000000000e+00 -2.668750000000000000e+01 1.250000000000000000e-01
2.680000066757202148e+00 -1.960000038146972656e+00 9.039999961853027344e+00 7.562500000000000000e+00 -4.750000000000000000e+00 -3.656250000000000000e+01 -1.187500000000000000e+01 -3.050000000000000000e+01 1.062500000000000000e+00
3.059999942779541016e+00 -2.359999895095825195e+00 9.329999923706054688e+00 7.562500000000000000e+00 -4.750000000000000000e+00 -3.656250000000000000e+01 -1.150000000000000000e+01 -2.868750000000000000e+01 1.125000000000000000e+00
2.720000028610229492e+00 -2.170000076293945312e+00 9.529999732971191406e+00 7.562500000000000000e+00 -4.750000000000000000e+00 -3.656250000000000000e+01 -8.937500000000000000e+00 -2.631250000000000000e+01 -3.750000000000000000e-01
1.950000047683715820e+00 -1.899999976158142090e+00 9.229999542236328125e+00 5.687500000000000000e+00 -4.062500000000000000e+00 -3.837500000000000000e+01 -6.500000000000000000e+00 -2.493750000000000000e+01 -2.250000000000000000e+00
7.900000214576721191e-01 -1.480000019073486328e+00 8.670000076293945312e+00 5.687500000000000000e+00 -4.062500000000000000e+00 -3.837500000000000000e+01 -4.437500000000000000e+00 -2.637500000000000000e+01 -4.625000000000000000e+00
-7.300000190734863281e-01 -8.999999761581420898e-01 7.889999866485595703e+00 5.687500000000000000e+00 -4.062500000000000000e+00 -3.837500000000000000e+01 -2.750000000000000000e+00 -3.250000000000000000e+01 -7.812500000000000000e+00
-3.660000085830688477e+00 -3.999999910593032837e-02 7.119999885559082031e+00 5.687500000000000000e+00 -4.062500000000000000e+00 -3.837500000000000000e+01 -2.187500000000000000e+00 -4.506250000000000000e+01 -1.200000000000000000e+01
-4.409999847412109375e+00 3.899999856948852539e-01 7.179999828338623047e+00 5.687500000000000000e+00 -4.062500000000000000e+00 -3.837500000000000000e+01 -4.750000000000000000e+00 -6.337500000000000000e+01 -1.700000000000000000e+01
-3.559999942779541016e+00 4.399999976158142090e-01 8.270000457763671875e+00 5.375000000000000000e+00 -3.000000000000000000e+00 -3.875000000000000000e+01 -1.325000000000000000e+01 -8.581250000000000000e+01 -1.937500000000000000e+01
5.699999928474426270e-01 -5.999999865889549255e-02 7.710000038146972656e+00 5.375000000000000000e+00 -3.000000000000000000e+00 -3.875000000000000000e+01 -2.943750000000000000e+01 -1.036250000000000000e+02 -1.418750000000000000e+01
1.070000052452087402e+00 -1.250000000000000000e+00 7.760000228881835938e+00 5.375000000000000000e+00 -3.000000000000000000e+00 -3.875000000000000000e+01 -4.031250000000000000e+01 -1.135625000000000000e+02 -4.500000000000000000e+00
1.309999942779541016e+00 -1.980000019073486328e+00 8.529999732971191406e+00 5.375000000000000000e+00 -3.000000000000000000e+00 -3.875000000000000000e+01 -4.493750000000000000e+01 -1.227500000000000000e+02 1.875000000000000000e-01
3.069999933242797852e+00 -2.309999942779541016e+00 8.539999961853027344e+00 5.375000000000000000e+00 -3.000000000000000000e+00 -3.875000000000000000e+01 -4.718750000000000000e+01 -1.323750000000000000e+02 6.875000000000000000e-01
3.880000114440917969e+00 -3.079999923706054688e+00 7.780000209808349609e+00 3.875000000000000000e+00 -3.687500000000000000e+00 -3.756250000000000000e+01 -4.637500000000000000e+01 -1.348750000000000000e+02 1.750000000000000000e+00
3.009999990463256836e+00 -3.599999904632568359e+00 7.820000171661376953e+00 3.875000000000000000e+00 -3.687500000000000000e+00 -3.756250000000000000e+01 -4.087500000000000000e+01 -1.358125000000000000e+02 -4.375000000000000000e-01
2.720000028610229492e+00 -4.230000019073486328e+00 8.310000419616699219e+00 3.875000000000000000e+00 -3.687500000000000000e+00 -3.756250000000000000e+01 -3.212500000000000000e+01 -1.413125000000000000e+02 -8.375000000000000000e+00
4.269999980926513672e+00 -4.429999828338623047e+00 8.239999771118164062e+00 3.875000000000000000e+00 -3.687500000000000000e+00 -3.756250000000000000e+01 -1.887500000000000000e+01 -1.503750000000000000e+02 -2.343750000000000000e+01
6.659999847412109375e+00 -2.640000104904174805e+00 7.969999790191650391e+00 3.875000000000000000e+00 -3.687500000000000000e+00 -3.756250000000000000e+01 -6.375000000000000000e+00 -1.515000000000000000e+02 -3.887500000000000000e+01
6.780000209808349609e+00 -3.250000000000000000e+00 9.130000114440917969e+00 -1.250000000000000000e+00 -1.875000000000000000e+00 -3.837500000000000000e+01 -1.562500000000000000e+00 -1.446250000000000000e+02 -4.275000000000000000e+01
8.560000419616699219e+00 -4.360000133514404297e+00 9.430000305175781250e+00 -1.250000000000000000e+00 -1.875000000000000000e+00 -3.837500000000000000e+01 -4.437500000000000000e+00 -1.390000000000000000e+02 -3.731250000000000000e+01
1.050000000000000000e+01 -4.340000152587890625e+00 7.989999771118164062e+00 -1.250000000000000000e+00 -1.875000000000000000e+00 -3.837500000000000000e+01 -3.437500000000000000e+00 -1.277500000000000000e+02 -2.875000000000000000e+01
1.039999961853027344e+01 -4.230000019073486328e+00 8.590000152587890625e+00 -1.250000000000000000e+00 -1.875000000000000000e+00 -3.837500000000000000e+01 4.437500000000000000e+00 -1.106250000000000000e+02 -2.325000000000000000e+01
1.398999977111816406e+01 -6.860000133514404297e+00 9.789999961853027344e+00 -1.250000000000000000e+00 -1.875000000000000000e+00 -3.837500000000000000e+01 1.731250000000000000e+01 -9.687500000000000000e+01 -2.437500000000000000e+01
2.195000076293945312e+01 -1.919999957084655762e+00 9.260000228881835938e+00 -6.062500000000000000e+00 -3.750000000000000000e-01 -3.837500000000000000e+01 2.562500000000000000e+01 -7.068750000000000000e+01 -3.581250000000000000e+01
2.049999952316284180e+00 -2.199999988079071045e-01 7.150000095367431641e+00 -6.062500000000000000e+00 -3.750000000000000000e-01 -3.837500000000000000e+01 5.562500000000000000e+00 8.250000000000000000e+00 -1.306250000000000000e+01
-1.730000019073486328e+00 -8.799999952316284180e-01 9.590000152587890625e+00 -6.062500000000000000e+00 -3.750000000000000000e-01 -3.837500000000000000e+01 3.937500000000000000e+00 3.950000000000000000e+01 8.750000000000000000e-01
6.099999904632568359e+00 -3.549999952316284180e+00 8.149999618530273438e+00 -6.062500000000000000e+00 -3.750000000000000000e-01 -3.837500000000000000e+01 2.687500000000000000e+00 -4.500000000000000000e+00 6.250000000000000000e-02
6.380000114440917969e+00 -2.869999885559082031e+00 7.980000019073486328e+00 -6.062500000000000000e+00 -3.750000000000000000e-01 -3.837500000000000000e+01 1.437500000000000000e+00 -4.500000000000000000e+00 6.250000000000000000e-01
4.969999790191650391e+00 -1.779999971389770508e+00 7.579999923706054688e+00 -8.000000000000000000e+00 -1.062500000000000000e+00 -3.756250000000000000e+01 8.750000000000000000e-01 1.062500000000000000e+00 -1.312500000000000000e+00
6.579999923706054688e+00 -1.940000057220458984e+00 7.630000114440917969e+00 -8.000000000000000000e+00 -1.062500000000000000e+00 -3.756250000000000000e+01 1.250000000000000000e+00 -5.562500000000000000e+00 -3.187500000000000000e+00
6.219999790191650391e+00 -1.789999961853027344e+00 7.739999771118164062e+00 -8.000000000000000000e+00 -1.062500000000000000e+00 -3.756250000000000000e+01 1.125000000000000000e+00 -2.687500000000000000e+00 -1.687500000000000000e+00
5.219999790191650391e+00 -2.190000057220458984e+00 7.880000114440917969e+00 -8.000000000000000000e+00 -1.062500000000000000e+00 -3.756250000000000000e+01 1.875000000000000000e-01 6.250000000000000000e-02 -3.125000000000000000e-01
5.519999980926513672e+00 -2.390000104904174805e+00 7.860000133514404297e+00 -8.000000000000000000e+00 -1.062500000000000000e+00 -3.756250000000000000e+01 3.125000000000000000e-01 -1.500000000000000000e+00 -6.250000000000000000e-01
5.500000000000000000e+00 -2.220000028610229492e+00 7.809999942779541016e+00 -8.000000000000000000e+00 -1.875000000000000000e+00 -3.756250000000000000e+01 6.875000000000000000e-01 -1.500000000000000000e+00 -1.062500000000000000e+00
5.489999771118164062e+00 -2.049999952316284180e+00 7.849999904632568359e+00 -8.000000000000000000e+00 -1.875000000000000000e+00 -3.756250000000000000e+01 7.500000000000000000e-01 -1.437500000000000000e+00 -1.250000000000000000e+00
5.610000133514404297e+00 -1.940000057220458984e+00 7.800000190734863281e+00 -8.000000000000000000e+00 -1.875000000000000000e+00 -3.756250000000000000e+01 8.125000000000000000e-01 -1.375000000000000000e+00 -1.250000000000000000e+00
5.510000228881835938e+00 -1.970000028610229492e+00 7.820000171661376953e+00 -8.000000000000000000e+00 -1.875000000000000000e+00 -3.756250000000000000e+01 4.375000000000000000e-01 -1.062500000000000000e+00 -9.375000000000000000e-01
5.519999980926513672e+00 -2.009999990463256836e+00 7.860000133514404297e+00 -8.000000000000000000e+00 -1.875000000000000000e+00 -3.756250000000000000e+01 2.500000000000000000e-01 -1.062500000000000000e+00 -7.500000000000000000e-01
5.530000209808349609e+00 -2.089999914169311523e+00 7.820000171661376953e+00 -8.375000000000000000e+00 -1.062500000000000000e+00 -3.800000000000000000e+01 1.875000000000000000e-01 -1.187500000000000000e+00 -6.250000000000000000e-01
5.539999961853027344e+00 -2.019999980926513672e+00 7.809999942779541016e+00 -8.375000000000000000e+00 -1.062500000000000000e+00 -3.800000000000000000e+01 4.375000000000000000e-01 -9.375000000000000000e-01 -7.500000000000000000e-01
5.539999961853027344e+00 -1.970000028610229492e+00 7.820000171661376953e+00 -8.375000000000000000e+00 -1.062500000000000000e+00 -3.800000000000000000e+01 4.375000000000000000e-01 -8.125000000000000000e-01 -5.625000000000000000e-01
5.530000209808349609e+00 -1.950000047683715820e+00 7.849999904632568359e+00 -8.375000000000000000e+00 -1.062500000000000000e+00 -3.800000000000000000e+01 2.500000000000000000e-01 -6.250000000000000000e-01 -5.625000000000000000e-01
5.510000228881835938e+00 -1.990000009536743164e+00 7.829999923706054688e+00 -8.375000000000000000e+00 -1.062500000000000000e+00 -3.800000000000000000e+01 1.250000000000000000e-01 -4.375000000000000000e-01 -5.000000000000000000e-01
5.510000228881835938e+00 -2.000000000000000000e+00 7.820000171661376953e+00 -8.687500000000000000e+00 -1.062500000000000000e+00 -3.875000000000000000e+01 -6.250000000000000000e-02 -4.375000000000000000e-01 -3.750000000000000000e-01
5.559999942779541016e+00 -2.009999990463256836e+00 7.809999942779541016e+00 -8.687500000000000000e+00 -1.062500000000000000e+00 -3.875000000000000000e+01 -6.250000000000000000e-02 -3.125000000000000000e-01 -2.500000000000000000e-01
5.530000209808349609e+00 -2.029999971389770508e+00 7.789999961853027344e+00 -8.687500000000000000e+00 -1.062500000000000000e+00 -3.875000000000000000e+01 6.250000000000000000e-02 -4.375000000000000000e-01 -2.500000000000000000e-01
5.510000228881835938e+00 -2.009999990463256836e+00 7.829999923706054688e+00 -8.687500000000000000e+00 -1.062500000000000000e+00 -3.875000000000000000e+01 1.875000000000000000e-01 -3.125000000000000000e-01 1.250000000000000000e-01
5.500000000000000000e+00 -2.029999971389770508e+00 7.820000171661376953e+00 -8.687500000000000000e+00 -1.062500000000000000e+00 -3.875000000000000000e+01 -6.250000000000000000e-02 -3.750000000000000000e-01 1.250000000000000000e-01
5.510000228881835938e+00 -2.009999990463256836e+00 7.840000152587890625e+00 -8.375000000000000000e+00 -1.062500000000000000e+00 -3.756250000000000000e+01 0.000000000000000000e+00 -2.500000000000000000e-01 1.875000000000000000e-01
5.510000228881835938e+00 -2.000000000000000000e+00 7.829999923706054688e+00 -8.375000000000000000e+00 -1.062500000000000000e+00 -3.756250000000000000e+01 -6.250000000000000000e-02 -2.500000000000000000e-01 1.875000000000000000e-01
5.489999771118164062e+00 -2.039999961853027344e+00 7.829999923706054688e+00 -8.375000000000000000e+00 -1.062500000000000000e+00 -3.756250000000000000e+01 -1.250000000000000000e-01 -1.250000000000000000e-01 3.125000000000000000e-01
5.480000019073486328e+00 -2.049999952316284180e+00 7.800000190734863281e+00 -8.375000000000000000e+00 -1.062500000000000000e+00 -3.756250000000000000e+01 -6.250000000000000000e-02 -2.500000000000000000e-01 6.250000000000000000e-02
