5.639999866485595703e+00 -2.190000057220458984e+00 7.679999828338623047e+00 -7.187500000000000000e+00 3.875000000000000000e+00 -3.868750000000000000e+01 -1.250000000000000000e-01 6.250000000000000000e-02 -1.875000000000000000e-01
5.659999847412109375e+00 -2.170000076293945312e+00 7.679999828338623047e+00 -7.187500000000000000e+00 3.875000000000000000e+00 -3.868750000000000000e+01 -6.250000000000000000e-02 -1.250000000000000000e-01 -1.250000000000000000e-01
5.639999866485595703e+00 -2.170000076293945312e+00 7.690000057220458984e+00 -7.187500000000000000e+00 3.875000000000000000e+00 -3.868750000000000000e+01 -6.250000000000000000e-02 -1.250000000000000000e-01 0.000000000000000000e+00
5.650000095367431641e+00 -2.170000076293945312e+00 7.690000057220458984e+00 -7.187500000000000000e+00 3.875000000000000000e+00 -3.868750000000000000e+01 -6.250000000000000000e-02 6.250000000000000000e-02 -3.125000000000000000e-01
5.639999866485595703e+00 -2.160000085830688477e+00 7.690000057220458984e+00 -7.187500000000000000e+00 3.875000000000000000e+00 -3.868750000000000000e+01 0.000000000000000000e+00 -1.250000000000000000e-01 -6.250000000000000000e-02
5.639999866485595703e+00 -2.190000057220458984e+00 7.690000057220458984e+00 -6.875000000000000000e+00 3.500000000000000000e+00 -3.625000000000000000e+01 0.000000000000000000e+00 6.250000000000000000e-02 1.250000000000000000e-01
5.639999866485595703e+00 -2.170000076293945312e+00 7.670000076293945312e+00 -6.875000000000000000e+00 3.500000000000000000e+00 -3.625000000000000000e+01 -6.250000000000000000e-02 0.000000000000000000e+00 -6.250000000000000000e-02
5.639999866485595703e+00 -2.170000076293945312e+00 7.639999866485595703e+00 -6.875000000000000000e+00 3.500000000000000000e+00 -3.625000000000000000e+01 0.000000000000000000e+00 -6.250000000000000000e-02 -1.250000000000000000e-01
5.650000095367431641e+00 -2.170000076293945312e+00 7.650000095367431641e+00 -6.875000000000000000e+00 3.500000000000000000e+00 -3.625000000000000000e+01 -6.250000000000000000e-02 0.000000000000000000e+00 -1.250000000000000000e-01
5.650000095367431641e+00 -2.190000057220458984e+00 7.690000057220458984e+00 -6.875000000000000000e+00 3.500000000000000000e+00 -3.625000000000000000e+01 -1.250000000000000000e-01 0.000000000000000000e+00 0.000000000000000000e+00
5.619999885559082031e+00 -2.160000085830688477e+00 7.699999809265136719e+00 -6.875000000000000000e+00 2.687500000000000000e+00 -3.625000000000000000e+01 6.250000000000000000e-02 1.250000000000000000e-01 -1.250000000000000000e-01
5.639999866485595703e+00 -2.170000076293945312e+00 7.670000076293945312e+00 -6.875000000000000000e+00 2.687500000000000000e+00 -3.625000000000000000e+01 6.250000000000000000e-02 -1.250000000000000000e-01 0.000000000000000000e+00
5.639999866485595703e+00 -2.170000076293945312e+00 7.699999809265136719e+00 -6.875000000000000000e+00 2.687500000000000000e+00 -3.625000000000000000e+01 -6.250000000000000000e-02 0.000000000000000000e+00 6.250000000000000000e-02
5.650000095367431641e+00 -2.170000076293945312e+00 7.670000076293945312e+00 -6.875000000000000000e+00 2.687500000000000000e+00 -3.625000000000000000e+01 0.000000000000000000e+00 -6.250000000000000000e-02 0.000000000000000000e+00
5.639999866485595703e+00 -2.170000076293945312e+00 7.670000076293945312e+00 -6.875000000000000000e+00 2.687500000000000000e+00 -3.625000000000000000e+01 0.000000000000000000e+00 0.000000000000000000e+00 -1.875000000000000000e-01
5.639999866485595703e+00 -2.160000085830688477e+00 7.690000057220458984e+00 -6.500000000000000000e+00 3.875000000000000000e+00 -3.787500000000000000e+01 0.000000000000000000e+00 -6.250000000000000000e-02 -6.250000000000000000e-02
5.630000114440917969e+00 -2.170000076293945312e+00 7.699999809265136719e+00 -6.500000000000000000e+00 3.875000000000000000e+00 -3.787500000000000000e+01 6.250000000000000000e-02 -1.875000000000000000e-01 -6.250000000000000000e-02
5.630000114440917969e+00 -2.150000095367431641e+00 7.690000057220458984e+00 -6.500000000000000000e+00 3.875000000000000000e+00 -3.787500000000000000e+01 6.250000000000000000e-02 -6.250000000000000000e-02 -1.875000000000000000e-01
5.639999866485595703e+00 -2.160000085830688477e+00 7.710000038146972656e+00 -6.500000000000000000e+00 3.875000000000000000e+00 -3.787500000000000000e+01 6.250000000000000000e-02 6.250000000000000000e-02 -6.250000000000000000e-02
5.690000057220458984e+00 -2.130000114440917969e+00 7.750000000000000000e+00 -6.500000000000000000e+00 3.875000000000000000e+00 -3.787500000000000000e+01 -1.250000000000000000e-01 -1.250000000000000000e-01 6.250000000000000000e-02
6.929999828338623047e+00 -1.740000009536743164e+00 8.069999694824218750e+00 -6.500000000000000000e+00 3.500000000000000000e+00 -3.706250000000000000e+01 -1.750000000000000000e+00 1.875000000000000000e-01 9.375000000000000000e-01
8.609999656677246094e+00 -1.169999957084655762e+00 8.939999580383300781e+00 -6.500000000000000000e+00 3.500000000000000000e+00 -3.706250000000000000e+01 -7.125000000000000000e+00 2.250000000000000000e+00 5.687500000000000000e+00
1.242000007629394531e+01 1.700000017881393433e-01 9.319999694824218750e+00 -6.500000000000000000e+00 3.500000000000000000e+00 -3.706250000000000000e+01 -2.237500000000000000e+01 9.937500000000000000e+00 2.006250000000000000e+01
1.822999954223632812e+01 1.879999995231628418e+00 8.659999847412109375e+00 -6.500000000000000000e+00 3.500000000000000000e+00 -3.706250000000000000e+01 -4.231250000000000000e+01 4.275000000000000000e+01 4.218750000000000000e+01
2.162000083923339844e+01 -1.051000022888183594e+01 7.969999790191650391e+00 -6.500000000000000000e+00 3.500000000000000000e+00 -3.706250000000000000e+01 -4.068750000000000000e+01 1.063125000000000000e+02 6.025000000000000000e+01
1.523999977111816406e+01 -8.359999656677246094e+00 7.429999828338623047e+00 -6.500000000000000000e+00 4.187500000000000000e+00 -3.668750000000000000e+01 -8.312500000000000000e+00 1.695000000000000000e+02 4.981250000000000000e+01
7.670000076293945312e+00 -6.230000019073486328e+00 9.159999847412109375e+00 -6.500000000000000000e+00 4.187500000000000000e+00 -3.668750000000000000e+01 1.312500000000000000e+01 1.950000000000000000e+02 3.750000000000000000e+01
4.599999904632568359e+00 -5.610000133514404297e+00 8.390000343322753906e+00 -6.500000000000000000e+00 4.187500000000000000e+00 -3.668750000000000000e+01 2.287500000000000000e+01 1.907500000000000000e+02 3.450000000000000000e+01
1.629999995231628418e+00 -4.480000019073486328e+00 6.889999866485595703e+00 -6.500000000000000000e+00 4.187500000000000000e+00 -3.668750000000000000e+01 3.600000000000000000e+01 1.760625000000000000e+02 3.143750000000000000e+01
1.149999976158142090e+00 -5.099999904632568359e+00 7.250000000000000000e+00 -6.500000000000000000e+00 4.187500000000000000e+00 -3.668750000000000000e+01 4.381250000000000000e+01 1.571250000000000000e+02 2.587500000000000000e+01
3.890000104904174805e+00 -3.390000104904174805e+00 7.369999885559082031e+00 -3.500000000000000000e+00 4.562500000000000000e+00 -3.625000000000000000e+01 4.768750000000000000e+01 1.463125000000000000e+02 2.056250000000000000e+01
2.569999933242797852e+00 -1.000000000000000000e+00 7.809999942779541016e+00 -3.500000000000000000e+00 4.562500000000000000e+00 -3.625000000000000000e+01 4.581250000000000000e+01 1.498125000000000000e+02 2.312500000000000000e+01
9.100000262260437012e-01 -1.470000028610229492e+00 8.439999580383300781e+00 -3.500000000000000000e+00 4.562500000000000000e+00 -3.625000000000000000e+01 4.137500000000000000e+01 1.460625000000000000e+02 2.556250000000000000e+01
1.549999952316284180e+00 -6.000000238418579102e-01 8.270000457763671875e+00 -3.500000000000000000e+00 4.562500000000000000e+00 -3.625000000000000000e+01 3.618750000000000000e+01 1.372500000000000000e+02 2.306250000000000000e+01
2.109999895095825195e+00 1.299999952316284180e-01 7.880000114440917969e+00 -3.500000000000000000e+00 4.562500000000000000e+00 -3.625000000000000000e+01 3.031250000000000000e+01 1.319375000000000000e+02 2.062500000000000000e+01
1.679999947547912598e+00 -1.899999976158142090e-01 8.210000038146972656e+00 1.687500000000000000e+00 3.062500000000000000e+00 -3.706250000000000000e+01 2.350000000000000000e+01 1.269375000000000000e+02 1.950000000000000000e+01
9.100000262260437012e-01 -3.499999940395355225e-01 7.820000171661376953e+00 1.687500000000000000e+00 3.062500000000000000e+00 -3.706250000000000000e+01 1.837500000000000000e+01 1.225000000000000000e+02 1.831250000000000000e+01
-8.100000023841857910e-01 -9.599999785423278809e-01 7.510000228881835938e+00 1.687500000000000000e+00 3.062500000000000000e+00 -3.706250000000000000e+01 1.656250000000000000e+01 1.136875000000000000e+02 1.406250000000000000e+01
-2.700000047683715820e+00 -1.159999966621398926e+00 7.570000171661376953e+00 1.687500000000000000e+00 3.062500000000000000e+00 -3.706250000000000000e+01 1.550000000000000000e+01 9.881250000000000000e+01 7.500000000000000000e+00
-1.509999990463256836e+00 -6.000000238418579102e-01 7.750000000000000000e+00 1.687500000000000000e+00 3.062500000000000000e+00 -3.706250000000000000e+01 1.175000000000000000e+01 8.362500000000000000e+01 4.937500000000000000e+00
-9.499999880790710449e-01 -9.700000286102294922e-01 7.769999980926513672e+00 6.875000000000000000e+00 1.187500000000000000e+00 -3.668750000000000000e+01 6.125000000000000000e+00 7.412500000000000000e+01 7.062500000000000000e+00
-1.070000052452087402e+00 -1.840000033378601074e+00 7.880000114440917969e+00 6.875000000000000000e+00 1.187500000000000000e+00 -3.668750000000000000e+01 3.062500000000000000e+00 6.575000000000000000e+01 8.437500000000000000e+00
-1.299999952316284180e-01 -1.980000019073486328e+00 8.300000190734863281e+00 6.875000000000000000e+00 1.187500000000000000e+00 -3.668750000000000000e+01 1.625000000000000000e+00 5.781250000000000000e+01 7.312500000000000000e+00
-2.199999988079071045e-01 -2.079999923706054688e+00 8.539999961853027344e+00 6.875000000000000000e+00 1.187500000000000000e+00 -3.668750000000000000e+01 1.625000000000000000e+00 5.143750000000000000e+01 6.437500000000000000e+00
-2.599999904632568359e-01 -2.069999933242797852e+00 8.750000000000000000e+00 6.875000000000000000e+00 1.187500000000000000e+00 -3.668750000000000000e+01 2.250000000000000000e+00 4.431250000000000000e+01 5.937500000000000000e+00
5.999999865889549255e-02 -1.919999957084655762e+00 9.000000000000000000e+00 9.500000000000000000e+00 1.562500000000000000e+00 -3.625000000000000000e+01 2.187500000000000000e+00 3.775000000000000000e+01 6.375000000000000000e+00
2.999999932944774628e-02 -1.889999985694885254e+00 8.890000343322753906e+00 9.500000000000000000e+00 1.562500000000000000e+00 -3.625000000000000000e+01 2.187500000000000000e+00 3.200000000000000000e+01 6.625000000000000000e+00
-3.100000023841857910e-01 -1.820000052452087402e+00 8.670000076293945312e+00 9.500000000000000000e+00 1.562500000000000000e+00 -3.625000000000000000e+01 2.562500000000000000e+00 2.650000000000000000e+01 5.625000000000000000e+00
-7.099999785423278809e-01 -1.659999966621398926e+00 8.630000114440917969e+00 9.500000000000000000e+00 1.562500000000000000e+00 -3.625000000000000000e+01 3.562500000000000000e+00 1.968750000000000000e+01 3.437500000000000000e+00
-1.080000042915344238e+00 -1.539999961853027344e+00 8.380000114440917969e+00 9.500000000000000000e+00 1.562500000000000000e+00 -3.625000000000000000e+01 4.250000000000000000e+00 1.212500000000000000e+01 7.500000000000000000e-01
-2.190000057220458984e+00 -1.230000019073486328e+00 7.940000057220458984e+00 1.100000000000000000e+01 1.187500000000000000e+00 -3.550000000000000000e+01 4.750000000000000000e+00 3.000000000000000000e+00 -2.250000000000000000e+00
-2.619999885559082031e+00 -1.049999952316284180e+00 7.780000209808349609e+00 1.100000000000000000e+01 1.187500000000000000e+00 -3.550000000000000000e+01 4.000000000000000000e+00 -8.250000000000000000e+00 -4.812500000000000000e+00
-2.910000085830688477e+00 -9.300000071525573730e-01 7.539999961853027344e+00 1.100000000000000000e+01 1.187500000000000000e+00 -3.550000000000000000e+01 2.187500000000000000e+00 -2.068750000000000000e+01 -6.812500000000000000e+00
-4.690000057220458984e+00 -1.000000000000000000e+00 6.619999885559082031e+00 1.100000000000000000e+01 1.187500000000000000e+00 -3.550000000000000000e+01 1.625000000000000000e+00 -3.550000000000000000e+01 -9.375000000000000000e+00
-6.260000228881835938e+00 -8.999999761581420898e-01 6.110000133514404297e+00 1.100000000000000000e+01 1.187500000000000000e+00 -3.550000000000000000e+01 3.000000000000000000e+00 -5.562500000000000000e+01 -1.418750000000000000e+01
-7.309999942779541016e+00 -5.099999904632568359e-01 6.269999980926513672e+00 1.100000000000000000e+01 5.000000000000000000e-01 -3.550000000000000000e+01 3.000000000000000000e+00 -8.293750000000000000e+01 -2.156250000000000000e+01
-6.739999771118164062e+00 3.300000131130218506e-01 6.719999790191650391e+00 1.100000000000000000e+01 5.000000000000000000e-01 -3.550000000000000000e+01 -4.937500000000000000e+00 -1.118125000000000000e+02 -2.525000000000000000e+01
5.299999713897705078e-01 1.990000009536743164e+00 7.869999885559082031e+00 1.100000000000000000e+01 5.000000000000000000e-01 -3.550000000000000000e+01 -2.443750000000000000e+01 -1.306875000000000000e+02 -1.875000000000000000e+01
3.779999971389770508e+00 1.570000052452087402e+00 7.849999904632568359e+00 1.100000000000000000e+01 5.000000000000000000e-01 -3.550000000000000000e+01 -4.656250000000000000e+01 -1.303125000000000000e+02 -1.125000000000000000e+00
4.039999961853027344e+00 -2.000000029802322388e-01 8.000000000000000000e+00 1.100000000000000000e+01 5.000000000000000000e-01 -3.550000000000000000e+01 -5.887500000000000000e+01 -1.245000000000000000e+02 1.350000000000000000e+01
3.240000009536743164e+00 -2.079999923706054688e+00 8.210000038146972656e+00 9.187500000000000000e+00 1.187500000000000000e+00 -3.587500000000000000e+01 -5.837500000000000000e+01 -1.263125000000000000e+02 1.243750000000000000e+01
5.099999904632568359e-01 -3.299999952316284180e+00 8.239999771118164062e+00 9.187500000000000000e+00 1.187500000000000000e+00 -3.587500000000000000e+01 -4.887500000000000000e+01 -1.348125000000000000e+02 -3.500000000000000000e+00
-3.799999952316284180e-01 -2.500000000000000000e+00 8.149999618530273438e+00 9.187500000000000000e+00 1.187500000000000000e+00 -3.587500000000000000e+01 -3.906250000000000000e+01 -1.486250000000000000e+02 -2.431250000000000000e+01
-1.500000059604644775e-01 -1.519999980926513672e+00 7.760000228881835938e+00 9.187500000000000000e+00 1.187500000000000000e+00 -3.587500000000000000e+01 -3.606250000000000000e+01 -1.648750000000000000e+02 -3.693750000000000000e+01
7.599999904632568359e-01 -1.259999990463256836e+00 6.400000095367431641e+00 9.187500000000000000e+00 1.187500000000000000e+00 -3.587500000000000000e+01 -4.131250000000000000e+01 -1.795625000000000000e+02 -3.756250000000000000e+01
1.029999971389770508e+00 -7.300000190734863281e-01 6.369999885559082031e+00 5.500000000000000000e+00 1.562500000000000000e+00 -3.625000000000000000e+01 -4.868750000000000000e+01 -1.910625000000000000e+02 -3.537500000000000000e+01
7.699999809265136719e-01 -1.070000052452087402e+00 6.130000114440917969e+00 5.500000000000000000e+00 1.562500000000000000e+00 -3.625000000000000000e+01 -4.868750000000000000e+01 -1.910625000000000000e+02 -3.537500000000000000e+01
3.199999928474426270e-01 -4.900000095367431641e+00 7.389999866485595703e+00 5.500000000000000000e+00 1.562500000000000000e+00 -3.625000000000000000e+01 -4.918750000000000000e+01 -2.276250000000000000e+02 -2.662500000000000000e+01
4.599999904632568359e+00 -4.750000000000000000e+00 9.149999618530273438e+00 5.500000000000000000e+00 1.562500000000000000e+00 -3.625000000000000000e+01 -3.412500000000000000e+01 -2.519375000000000000e+02 -4.943750000000000000e+01
1.228999996185302734e+01 -1.439999961853027344e+01 1.430000019073486328e+01 5.500000000000000000e+00 1.562500000000000000e+00 -3.625000000000000000e+01 2.562500000000000000e+00 -2.675625000000000000e+02 -7.387500000000000000e+01
3.631000137329101562e+01 -3.263999938964843750e+01 1.500000000000000000e+01 -3.750000000000000000e-01 4.187500000000000000e+00 -3.668750000000000000e+01 9.987500000000000000e+01 -2.371875000000000000e+02 -1.476875000000000000e+02
3.941999816894531250e+01 -1.077000045776367188e+01 -2.140000104904174805e+00 -3.750000000000000000e-01 4.187500000000000000e+00 -3.668750000000000000e+01 9.987500000000000000e+01 -2.371875000000000000e+02 -1.476875000000000000e+02
-2.495000076293945312e+01 9.960000038146972656e+00 1.945000076293945312e+01 -3.750000000000000000e-01 4.187500000000000000e+00 -3.668750000000000000e+01 2.187500000000000000e+01 3.137500000000000000e+01 -9.018750000000000000e+01
4.730000019073486328e+00 -1.730000019073486328e+00 1.389000034332275391e+01 -3.750000000000000000e-01 4.187500000000000000e+00 -3.668750000000000000e+01 2.037500000000000000e+01 -3.600000000000000000e+01 -4.000000000000000000e+00
1.598999977111816406e+01 2.099999904632568359e+00 4.440000057220458984e+00 -3.750000000000000000e-01 4.187500000000000000e+00 -3.668750000000000000e+01 4.750000000000000000e+00 -1.512500000000000000e+01 3.937500000000000000e+00
1.110000014305114746e+00 2.300000041723251343e-01 9.449999809265136719e+00 -7.500000000000000000e+00 3.875000000000000000e+00 -3.768750000000000000e+01 -5.937500000000000000e+00 1.168750000000000000e+01 7.437500000000000000e+00
7.389999866485595703e+00 -3.359999895095825195e+00 6.369999885559082031e+00 -7.500000000000000000e+00 3.875000000000000000e+00 -3.768750000000000000e+01 -5.937500000000000000e+00 1.168750000000000000e+01 7.437500000000000000e+00
7.750000000000000000e+00 -4.110000133514404297e+00 6.570000171661376953e+00 -7.500000000000000000e+00 3.875000000000000000e+00 -3.768750000000000000e+01 -7.875000000000000000e+00 -9.062500000000000000e+00 9.000000000000000000e+00
5.739999771118164062e+00 -3.490000009536743164e+00 6.869999885559082031e+00 -7.500000000000000000e+00 3.875000000000000000e+00 -3.768750000000000000e+01 -3.937500000000000000e+00 2.500000000000000000e-01 7.250000000000000000e+00
5.110000133514404297e+00 -3.319999933242797852e+00 7.630000114440917969e+00 -7.500000000000000000e+00 3.875000000000000000e+00 -3.768750000000000000e+01 -3.937500000000000000e+00 2.500000000000000000e-01 7.250000000000000000e+00
5.429999828338623047e+00 -2.660000085830688477e+00 7.690000057220458984e+00 -5.562500000000000000e+00 3.875000000000000000e+00 -3.706250000000000000e+01 1.375000000000000000e+00 -1.750000000000000000e+00 -5.625000000000000000e-01
5.340000152587890625e+00 -2.170000076293945312e+00 7.739999771118164062e+00 -5.562500000000000000e+00 3.875000000000000000e+00 -3.706250000000000000e+01 1.375000000000000000e+00 -1.750000000000000000e+00 -5.625000000000000000e-01
5.699999809265136719e+00 -1.990000009536743164e+00 7.730000019073486328e+00 -5.562500000000000000e+00 3.875000000000000000e+00 -3.706250000000000000e+01 2.000000000000000000e+00 -1.125000000000000000e+00 -1.625000000000000000e+00
5.610000133514404297e+00 -1.860000014305114746e+00 7.780000209808349609e+00 -5.562500000000000000e+00 3.875000000000000000e+00 -3.706250000000000000e+01 2.062500000000000000e+00 -1.312500000000000000e+00 -1.937500000000000000e+00
5.690000057220458984e+00 -2.039999961853027344e+00 7.730000019073486328e+00 -5.562500000000000000e+00 3.875000000000000000e+00 -3.706250000000000000e+01 1.250000000000000000e+00 -6.250000000000000000e-01 -1.250000000000000000e+00
5.760000228881835938e+00 -2.299999952316284180e+00 7.630000114440917969e+00 -6.750000000000000000e+00 3.062500000000000000e+00 -3.700000000000000000e+01 2.500000000000000000e-01 -9.375000000000000000e-01 -3.125000000000000000e-01
5.710000038146972656e+00 -2.240000009536743164e+00 7.639999866485595703e+00 -6.750000000000000000e+00 3.062500000000000000e+00 -3.700000000000000000e+01 2.500000000000000000e-01 -9.375000000000000000e-01 -3.125000000000000000e-01
5.590000152587890625e+00 -2.150000095367431641e+00 7.690000057220458984e+00 -6.750000000000000000e+00 3.062500000000000000e+00 -3.700000000000000000e+01 3.125000000000000000e-01 -2.500000000000000000e-01 -1.250000000000000000e-01
5.579999923706054688e+00 -2.130000114440917969e+00 7.719999790191650391e+00 -6.750000000000000000e+00 3.062500000000000000e+00 -3.700000000000000000e+01 6.250000000000000000e-01 -6.250000000000000000e-02 -3.125000000000000000e-01
5.639999866485595703e+00 -2.119999885559082031e+00 7.719999790191650391e+00 -6.750000000000000000e+00 3.062500000000000000e+00 -3.700000000000000000e+01 5.625000000000000000e-01 -1.250000000000000000e-01 -3.750000000000000000e-01
5.690000057220458984e+00 -2.150000095367431641e+00 7.690000057220458984e+00 -6.750000000000000000e+00 3.875000000000000000e+00 -3.750000000000000000e+01 1.875000000000000000e-01 -3.750000000000000000e-01 -2.500000000000000000e-01
5.650000095367431641e+00 -2.160000085830688477e+00 7.679999828338623047e+00 -6.750000000000000000e+00 3.875000000000000000e+00 -3.750000000000000000e+01 1.875000000000000000e-01 -3.750000000000000000e-01 -2.500000000000000000e-01
5.650000095367431641e+00 -2.170000076293945312e+00 7.699999809265136719e+00 -6.750000000000000000e+00 3.875000000000000000e+00 -3.750000000000000000e+01 0.000000000000000000e+00 -5.000000000000000000e-01 0.000000000000000000e+00
5.650000095367431641e+00 -2.190000057220458984e+00 7.710000038146972656e+00 -6.750000000000000000e+00 3.875000000000000000e+00 -3.750000000000000000e+01 -6.250000000000000000e-02 -1.250000000000000000e-01 0.000000000000000000e+00
5.650000095367431641e+00 -2.190000057220458984e+00 7.679999828338623047e+00 -6.750000000000000000e+00 3.875000000000000000e+00 -3.750000000000000000e+01 -6.250000000000000000e-02 -1.250000000000000000e-01 1.250000000000000000e-01
5.630000114440917969e+00 -2.180000066757202148e+00 7.679999828338623047e+00 -6.000000000000000000e+00 3.875000000000000000e+00 -3.787500000000000000e+01 -1.250000000000000000e-01 -6.250000000000000000e-02 1.250000000000000000e-01
5.650000095367431641e+00 -2.190000057220458984e+00 7.679999828338623047e+00 -6.000000000000000000e+00 3.875000000000000000e+00 -3.787500000000000000e+01 -1.250000000000000000e-01 -6.250000000000000000e-02 1.250000000000000000e-01
5.610000133514404297e+00 -2.200000047683715820e+00 7.650000095367431641e+00 -6.000000000000000000e+00 3.875000000000000000e+00 -3.787500000000000000e+01 -1.250000000000000000e-01 1.250000000000000000e-01 6.250000000000000000e-02
5.599999904632568359e+00 -2.220000028610229492e+00 7.679999828338623047e+00 -6.000000000000000000e+00 3.875000000000000000e+00 -3.787500000000000000e+01 6.250000000000000000e-02 1.875000000000000000e-01 1.250000000000000000e-01
5.630000114440917969e+00 -2.190000057220458984e+00 7.679999828338623047e+00 -6.000000000000000000e+00 3.875000000000000000e+00 -3.787500000000000000e+01 1.250000000000000000e-01 1.250000000000000000e-01 -1.250000000000000000e-01
