3.220000028610229492e+00 -2.970000028610229492e+00 8.739999771118164062e+00 9.500000000000000000e+00 1.868750000000000000e+01 -4.950000000000000000e+01 6.250000000000000000e-02 6.250000000000000000e-02 6.250000000000000000e-02
3.230000019073486328e+00 -2.970000028610229492e+00 8.729999542236328125e+00 9.500000000000000000e+00 1.868750000000000000e+01 -4.950000000000000000e+01 -6.250000000000000000e-02 -6.250000000000000000e-02 0.000000000000000000e+00
3.230000019073486328e+00 -2.990000009536743164e+00 8.739999771118164062e+00 9.500000000000000000e+00 1.868750000000000000e+01 -4.950000000000000000e+01 0.000000000000000000e+00 -6.250000000000000000e-02 -6.250000000000000000e-02
3.220000028610229492e+00 -2.960000038146972656e+00 8.770000457763671875e+00 1.056250000000000000e+01 1.868750000000000000e+01 -4.868750000000000000e+01 1.250000000000000000e-01 -1.875000000000000000e-01 0.000000000000000000e+00
3.220000028610229492e+00 -2.980000019073486328e+00 8.739999771118164062e+00 1.056250000000000000e+01 1.868750000000000000e+01 -4.868750000000000000e+01 0.000000000000000000e+00 -1.875000000000000000e-01 2.500000000000000000e-01
3.210000038146972656e+00 -3.009999990463256836e+00 8.710000038146972656e+00 1.056250000000000000e+01 1.868750000000000000e+01 -4.868750000000000000e+01 -6.250000000000000000e-02 6.250000000000000000e-02 2.500000000000000000e-01
3.200000047683715820e+00 -2.990000009536743164e+00 8.729999542236328125e+00 1.056250000000000000e+01 1.868750000000000000e+01 -4.868750000000000000e+01 6.250000000000000000e-02 6.250000000000000000e-02 6.250000000000000000e-02
3.210000038146972656e+00 -3.000000000000000000e+00 8.739999771118164062e+00 1.056250000000000000e+01 1.868750000000000000e+01 -4.868750000000000000e+01 1.250000000000000000e-01 -1.250000000000000000e-01 0.000000000000000000e+00
3.230000019073486328e+00 -2.930000066757202148e+00 8.760000228881835938e+00 9.750000000000000000e+00 1.950000000000000000e+01 -5.025000000000000000e+01 2.500000000000000000e-01 6.250000000000000000e-02 -1.250000000000000000e-01
3.220000028610229492e+00 -2.960000038146972656e+00 8.750000000000000000e+00 9.750000000000000000e+00 1.950000000000000000e+01 -5.025000000000000000e+01 1.875000000000000000e-01 2.500000000000000000e-01 -1.875000000000000000e-01
3.220000028610229492e+00 -3.000000000000000000e+00 8.720000267028808594e+00 9.750000000000000000e+00 1.950000000000000000e+01 -5.025000000000000000e+01 1.250000000000000000e-01 -6.250000000000000000e-02 -6.250000000000000000e-02
3.230000019073486328e+00 -2.970000028610229492e+00 8.750000000000000000e+00 9.750000000000000000e+00 1.950000000000000000e+01 -5.025000000000000000e+01 0.000000000000000000e+00 -1.250000000000000000e-01 0.000000000000000000e+00
3.230000019073486328e+00 -2.970000028610229492e+00 8.750000000000000000e+00 9.750000000000000000e+00 1.950000000000000000e+01 -5.025000000000000000e+01 1.875000000000000000e-01 -6.250000000000000000e-02 -1.250000000000000000e-01
3.240000009536743164e+00 -2.950000047683715820e+00 8.750000000000000000e+00 9.750000000000000000e+00 1.906250000000000000e+01 -4.987500000000000000e+01 1.250000000000000000e-01 0.000000000000000000e+00 -2.500000000000000000e-01
3.230000019073486328e+00 -2.970000028610229492e+00 8.760000228881835938e+00 9.750000000000000000e+00 1.906250000000000000e+01 -4.987500000000000000e+01 1.250000000000000000e-01 -6.250000000000000000e-02 0.000000000000000000e+00
3.240000009536743164e+00 -2.960000038146972656e+00 8.739999771118164062e+00 9.750000000000000000e+00 1.906250000000000000e+01 -4.987500000000000000e+01 1.250000000000000000e-01 -1.875000000000000000e-01 6.250000000000000000e-02
3.230000019073486328e+00 -2.990000009536743164e+00 8.739999771118164062e+00 9.750000000000000000e+00 1.906250000000000000e+01 -4.987500000000000000e+01 1.250000000000000000e-01 0.000000000000000000e+00 -1.250000000000000000e-01
3.220000028610229492e+00 -2.980000019073486328e+00 8.739999771118164062e+00 9.750000000000000000e+00 1.906250000000000000e+01 -4.987500000000000000e+01 1.250000000000000000e-01 -6.250000000000000000e-02 -2.500000000000000000e-01
3.230000019073486328e+00 -2.990000009536743164e+00 8.750000000000000000e+00 1.056250000000000000e+01 1.950000000000000000e+01 -4.950000000000000000e+01 1.875000000000000000e-01 0.000000000000000000e+00 -2.500000000000000000e-01
3.240000009536743164e+00 -2.970000028610229492e+00 8.729999542236328125e+00 1.056250000000000000e+01 1.950000000000000000e+01 -4.950000000000000000e+01 3.125000000000000000e-01 6.250000000000000000e-02 -1.875000000000000000e-01
3.230000019073486328e+00 -2.970000028610229492e+00 8.739999771118164062e+00 1.056250000000000000e+01 1.950000000000000000e+01 -4.950000000000000000e+01 1.250000000000000000e-01 -1.875000000000000000e-01 -2.500000000000000000e-01
3.230000019073486328e+00 -2.950000047683715820e+00 8.720000267028808594e+00 1.056250000000000000e+01 1.950000000000000000e+01 -4.950000000000000000e+01 3.125000000000000000e-01 -2.500000000000000000e-01 -1.875000000000000000e-01
3.230000019073486328e+00 -2.950000047683715820e+00 8.760000228881835938e+00 1.056250000000000000e+01 1.950000000000000000e+01 -4.950000000000000000e+01 1.875000000000000000e-01 -1.250000000000000000e-01 -3.750000000000000000e-01
3.240000009536743164e+00 -2.920000076293945312e+00 8.770000457763671875e+00 1.056250000000000000e+01 1.950000000000000000e+01 -4.906250000000000000e+01 0.000000000000000000e+00 -1.875000000000000000e-01 -1.875000000000000000e-01
3.220000028610229492e+00 -2.930000066757202148e+00 8.760000228881835938e+00 1.056250000000000000e+01 1.950000000000000000e+01 -4.906250000000000000e+01 -2.500000000000000000e-01 -2.500000000000000000e-01 0.000000000000000000e+00
3.230000019073486328e+00 -2.940000057220458984e+00 8.750000000000000000e+00 1.056250000000000000e+01 1.950000000000000000e+01 -4.906250000000000000e+01 -3.125000000000000000e-01 -7.500000000000000000e-01 6.250000000000000000e-02
3.180000066757202148e+00 -2.849999904632568359e+00 8.810000419616699219e+00 1.056250000000000000e+01 1.950000000000000000e+01 -4.906250000000000000e+01 -4.375000000000000000e-01 -1.062500000000000000e+00 1.875000000000000000e-01
3.200000047683715820e+00 -2.880000114440917969e+00 8.840000152587890625e+00 1.056250000000000000e+01 1.950000000000000000e+01 -4.906250000000000000e+01 -7.500000000000000000e-01 -1.500000000000000000e+00 5.625000000000000000e-01
3.180000066757202148e+00 -3.019999980926513672e+00 8.829999923706054688e+00 9.062500000000000000e+00 1.906250000000000000e+01 -4.906250000000000000e+01 -1.625000000000000000e+00 -1.625000000000000000e+00 3.125000000000000000e-01
3.130000114440917969e+00 -3.170000076293945312e+00 8.810000419616699219e+00 9.062500000000000000e+00 1.906250000000000000e+01 -4.906250000000000000e+01 -1.875000000000000000e+00 -2.187500000000000000e+00 1.875000000000000000e-01
3.160000085830688477e+00 -3.079999923706054688e+00 8.850000381469726562e+00 9.062500000000000000e+00 1.906250000000000000e+01 -4.906250000000000000e+01 -1.375000000000000000e+00 -3.187500000000000000e+00 -6.250000000000000000e-01
3.160000085830688477e+00 -2.890000104904174805e+00 8.939999580383300781e+00 9.062500000000000000e+00 1.906250000000000000e+01 -4.906250000000000000e+01 -7.500000000000000000e-01 -4.187500000000000000e+00 -1.000000000000000000e+00
3.250000000000000000e+00 -2.849999904632568359e+00 8.989999771118164062e+00 9.062500000000000000e+00 1.906250000000000000e+01 -4.906250000000000000e+01 -1.562500000000000000e+00 -5.312500000000000000e+00 -8.125000000000000000e-01
3.019999980926513672e+00 -3.039999961853027344e+00 9.000000000000000000e+00 1.056250000000000000e+01 1.868750000000000000e+01 -4.906250000000000000e+01 -2.812500000000000000e+00 -6.000000000000000000e+00 -6.875000000000000000e-01
2.789999961853027344e+00 -3.240000009536743164e+00 9.079999923706054688e+00 1.056250000000000000e+01 1.868750000000000000e+01 -4.906250000000000000e+01 -4.187500000000000000e+00 -7.000000000000000000e+00 -9.375000000000000000e-01
2.880000114440917969e+00 -3.359999895095825195e+00 9.079999923706054688e+00 1.056250000000000000e+01 1.868750000000000000e+01 -4.906250000000000000e+01 -5.187500000000000000e+00 -8.562500000000000000e+00 -1.562500000000000000e+00
3.049999952316284180e+00 -3.440000057220458984e+00 9.090000152587890625e+00 1.056250000000000000e+01 1.868750000000000000e+01 -4.906250000000000000e+01 -4.875000000000000000e+00 -9.875000000000000000e+00 -2.437500000000000000e+00
1.549999952316284180e+00 -4.000000000000000000e+00 8.800000190734863281e+00 1.056250000000000000e+01 1.868750000000000000e+01 -4.906250000000000000e+01 -4.250000000000000000e+00 -8.625000000000000000e+00 -3.125000000000000000e+00
1.190000057220458984e+00 -4.119999885559082031e+00 9.140000343322753906e+00 9.062500000000000000e+00 1.906250000000000000e+01 -4.868750000000000000e+01 -1.312500000000000000e+00 -8.062500000000000000e+00 -5.000000000000000000e+00
8.500000238418579102e-01 -3.880000114440917969e+00 9.470000267028808594e+00 9.062500000000000000e+00 1.906250000000000000e+01 -4.868750000000000000e+01 4.375000000000000000e+00 -9.062500000000000000e+00 -7.437500000000000000e+00
1.400000005960464478e-01 -3.839999914169311523e+00 9.869999885559082031e+00 9.062500000000000000e+00 1.906250000000000000e+01 -4.868750000000000000e+01 6.812500000000000000e+00 -9.500000000000000000e+00 -8.375000000000000000e+00
-2.400000095367431641e+00 -4.150000095367431641e+00 1.132999992370605469e+01 9.062500000000000000e+00 1.906250000000000000e+01 -4.868750000000000000e+01 3.937500000000000000e+00 -4.875000000000000000e+00 -7.750000000000000000e+00
-3.799999952316284180e+00 -4.409999847412109375e+00 1.139999961853027344e+01 9.062500000000000000e+00 1.906250000000000000e+01 -4.868750000000000000e+01 -3.000000000000000000e+00 3.250000000000000000e+00 -7.125000000000000000e+00
-4.369999885559082031e+00 -4.679999828338623047e+00 1.134000015258789062e+01 9.500000000000000000e+00 1.906250000000000000e+01 -4.825000000000000000e+01 -1.168750000000000000e+01 9.812500000000000000e+00 -4.812500000000000000e+00
-4.130000114440917969e+00 -4.489999771118164062e+00 1.010000038146972656e+01 9.500000000000000000e+00 1.906250000000000000e+01 -4.825000000000000000e+01 -2.006250000000000000e+01 6.562500000000000000e+00 -3.187500000000000000e+00
-3.069999933242797852e+00 -5.400000095367431641e+00 1.027999973297119141e+01 9.500000000000000000e+00 1.906250000000000000e+01 -4.825000000000000000e+01 -2.912500000000000000e+01 5.125000000000000000e+00 -1.750000000000000000e+00
-2.009999990463256836e+00 -4.809999942779541016e+00 1.011999988555908203e+01 9.500000000000000000e+00 1.906250000000000000e+01 -4.825000000000000000e+01 -2.937500000000000000e+01 9.562500000000000000e+00 1.125000000000000000e+00
-1.309999942779541016e+00 -4.710000038146972656e+00 9.579999923706054688e+00 9.500000000000000000e+00 1.906250000000000000e+01 -4.825000000000000000e+01 -3.112500000000000000e+01 7.875000000000000000e+00 5.687500000000000000e+00
-1.740000009536743164e+00 -4.500000000000000000e+00 8.569999694824218750e+00 9.750000000000000000e+00 1.987500000000000000e+01 -4.787500000000000000e+01 -3.156250000000000000e+01 3.250000000000000000e+00 1.087500000000000000e+01
-1.460000038146972656e+00 -5.010000228881835938e+00 8.489999771118164062e+00 9.750000000000000000e+00 1.987500000000000000e+01 -4.787500000000000000e+01 -3.050000000000000000e+01 -7.375000000000000000e+00 1.506250000000000000e+01
-9.999999776482582092e-03 -5.539999961853027344e+00 8.500000000000000000e+00 9.750000000000000000e+00 1.987500000000000000e+01 -4.787500000000000000e+01 -2.012500000000000000e+01 -1.875000000000000000e+01 1.525000000000000000e+01
1.299999952316284180e+00 -5.789999961853027344e+00 8.810000419616699219e+00 9.750000000000000000e+00 1.987500000000000000e+01 -4.787500000000000000e+01 4.375000000000000000e-01 -2.750000000000000000e+01 1.143750000000000000e+01
3.519999980926513672e+00 -3.119999885559082031e+00 9.609999656677246094e+00 9.750000000000000000e+00 1.987500000000000000e+01 -4.787500000000000000e+01 2.631250000000000000e+01 -3.106250000000000000e+01 6.812500000000000000e+00
3.940000057220458984e+00 -2.299999952316284180e+00 9.279999732971191406e+00 9.062500000000000000e+00 1.906250000000000000e+01 -4.506250000000000000e+01 3.393750000000000000e+01 -2.900000000000000000e+01 9.000000000000000000e+00
4.139999866485595703e+00 -2.059999942779541016e+00 9.430000305175781250e+00 9.062500000000000000e+00 1.906250000000000000e+01 -4.506250000000000000e+01 2.193750000000000000e+01 -2.468750000000000000e+01 1.481250000000000000e+01
4.719999790191650391e+00 -1.769999980926513672e+00 8.439999580383300781e+00 9.062500000000000000e+00 1.906250000000000000e+01 -4.506250000000000000e+01 9.875000000000000000e+00 -1.975000000000000000e+01 1.875000000000000000e+01
5.599999904632568359e+00 -2.509999990463256836e+00 8.289999961853027344e+00 9.062500000000000000e+00 1.906250000000000000e+01 -4.506250000000000000e+01 1.562500000000000000e+00 -1.656250000000000000e+01 2.325000000000000000e+01
6.300000190734863281e+00 -2.789999961853027344e+00 7.869999885559082031e+00 9.062500000000000000e+00 1.906250000000000000e+01 -4.506250000000000000e+01 -4.812500000000000000e+00 -1.650000000000000000e+01 2.456250000000000000e+01
6.329999923706054688e+00 -2.380000114440917969e+00 7.460000038146972656e+00 8.375000000000000000e+00 1.687500000000000000e+01 -4.187500000000000000e+01 -3.750000000000000000e+00 -1.350000000000000000e+01 2.437500000000000000e+01
7.139999866485595703e+00 -2.529999971389770508e+00 6.920000076293945312e+00 8.375000000000000000e+00 1.687500000000000000e+01 -4.187500000000000000e+01 -1.750000000000000000e+00 -1.093750000000000000e+01 2.537500000000000000e+01
7.760000228881835938e+00 -2.960000038146972656e+00 7.010000228881835938e+00 8.375000000000000000e+00 1.687500000000000000e+01 -4.187500000000000000e+01 -6.250000000000000000e-01 -8.000000000000000000e+00 2.687500000000000000e+01
7.750000000000000000e+00 -2.859999895095825195e+00 6.880000114440917969e+00 8.375000000000000000e+00 1.687500000000000000e+01 -4.187500000000000000e+01 4.250000000000000000e+00 -5.937500000000000000e+00 2.656250000000000000e+01
7.840000152587890625e+00 -2.599999904632568359e+00 6.809999942779541016e+00 8.375000000000000000e+00 1.687500000000000000e+01 -4.187500000000000000e+01 9.000000000000000000e+00 -6.500000000000000000e+00 2.787500000000000000e+01
8.149999618530273438e+00 -2.660000085830688477e+00 7.090000152587890625e+00 7.250000000000000000e+00 1.468750000000000000e+01 -4.025000000000000000e+01 1.237500000000000000e+01 -8.250000000000000000e+00 2.862500000000000000e+01
7.550000190734863281e+00 -2.299999952316284180e+00 7.090000152587890625e+00 7.250000000000000000e+00 1.468750000000000000e+01 -4.025000000000000000e+01 1.518750000000000000e+01 -9.937500000000000000e+00 2.856250000000000000e+01
7.659999847412109375e+00 -2.400000095367431641e+00 7.179999828338623047e+00 7.250000000000000000e+00 1.468750000000000000e+01 -4.025000000000000000e+01 1.675000000000000000e+01 -1.168750000000000000e+01 2.987500000000000000e+01
7.559999942779541016e+00 -1.970000028610229492e+00 7.269999980926513672e+00 7.250000000000000000e+00 1.468750000000000000e+01 -4.025000000000000000e+01 1.693750000000000000e+01 -1.256250000000000000e+01 3.125000000000000000e+01
7.400000095367431641e+00 -1.789999961853027344e+00 7.119999885559082031e+00 7.250000000000000000e+00 1.468750000000000000e+01 -4.025000000000000000e+01 1.612500000000000000e+01 -1.312500000000000000e+01 3.318750000000000000e+01
7.420000076293945312e+00 -2.049999952316284180e+00 7.099999904632568359e+00 6.062500000000000000e+00 1.250000000000000000e+01 -3.868750000000000000e+01 1.243750000000000000e+01 -1.425000000000000000e+01 3.481250000000000000e+01
7.440000057220458984e+00 -2.380000114440917969e+00 7.079999923706054688e+00 6.062500000000000000e+00 1.250000000000000000e+01 -3.868750000000000000e+01 1.156250000000000000e+01 -1.856250000000000000e+01 3.331250000000000000e+01
6.550000190734863281e+00 -2.339999914169311523e+00 6.869999885559082031e+00 6.062500000000000000e+00 1.250000000000000000e+01 -3.868750000000000000e+01 1.606250000000000000e+01 -2.162500000000000000e+01 2.943750000000000000e+01
6.619999885559082031e+00 -2.720000028610229492e+00 6.809999942779541016e+00 6.062500000000000000e+00 1.250000000000000000e+01 -3.868750000000000000e+01 2.125000000000000000e+01 -2.443750000000000000e+01 2.362500000000000000e+01
6.949999809265136719e+00 -2.339999914169311523e+00 7.269999980926513672e+00 6.062500000000000000e+00 1.250000000000000000e+01 -3.868750000000000000e+01 2.925000000000000000e+01 -2.606250000000000000e+01 1.575000000000000000e+01
6.949999809265136719e+00 -2.339999914169311523e+00 7.269999980926513672e+00 5.375000000000000000e+00 1.287500000000000000e+01 -3.837500000000000000e+01 3.081250000000000000e+01 -2.387500000000000000e+01 1.125000000000000000e+01
5.949999809265136719e+00 -2.259999990463256836e+00 7.869999885559082031e+00 5.375000000000000000e+00 1.287500000000000000e+01 -3.837500000000000000e+01 2.506250000000000000e+01 -1.681250000000000000e+01 1.156250000000000000e+01
5.500000000000000000e+00 -2.490000009536743164e+00 7.860000133514404297e+00 5.375000000000000000e+00 1.287500000000000000e+01 -3.837500000000000000e+01 1.475000000000000000e+01 -4.250000000000000000e+00 1.175000000000000000e+01
4.889999866485595703e+00 -2.710000038146972656e+00 7.800000190734863281e+00 5.375000000000000000e+00 1.287500000000000000e+01 -3.837500000000000000e+01 6.562500000000000000e+00 7.437500000000000000e+00 1.093750000000000000e+01
4.050000190734863281e+00 -3.500000000000000000e+00 8.119999885559082031e+00 5.375000000000000000e+00 1.287500000000000000e+01 -3.837500000000000000e+01 2.375000000000000000e+00 1.506250000000000000e+01 8.562500000000000000e+00
4.050000190734863281e+00 -3.500000000000000000e+00 8.119999885559082031e+00 3.875000000000000000e+00 1.056250000000000000e+01 -3.837500000000000000e+01 1.312500000000000000e+00 2.037500000000000000e+01 6.187500000000000000e+00
3.829999923706054688e+00 -3.890000104904174805e+00 8.039999961853027344e+00 3.875000000000000000e+00 1.056250000000000000e+01 -3.837500000000000000e+01 4.437500000000000000e+00 2.468750000000000000e+01 4.687500000000000000e+00
3.769999980926513672e+00 -3.769999980926513672e+00 7.989999771118164062e+00 3.875000000000000000e+00 1.056250000000000000e+01 -3.837500000000000000e+01 9.562500000000000000e+00 2.856250000000000000e+01 3.437500000000000000e+00
4.059999942779541016e+00 -3.279999971389770508e+00 8.430000305175781250e+00 3.875000000000000000e+00 1.056250000000000000e+01 -3.837500000000000000e+01 1.425000000000000000e+01 3.168750000000000000e+01 3.250000000000000000e+00
4.070000171661376953e+00 -3.039999961853027344e+00 8.600000381469726562e+00 3.875000000000000000e+00 1.056250000000000000e+01 -3.837500000000000000e+01 1.656250000000000000e+01 3.550000000000000000e+01 4.312500000000000000e+00
3.869999885559082031e+00 -2.750000000000000000e+00 8.750000000000000000e+00 4.875000000000000000e+00 1.006250000000000000e+01 -3.968750000000000000e+01 1.706250000000000000e+01 3.925000000000000000e+01 5.562500000000000000e+00
2.359999895095825195e+00 -2.910000085830688477e+00 9.319999694824218750e+00 4.875000000000000000e+00 1.006250000000000000e+01 -3.968750000000000000e+01 1.543750000000000000e+01 4.093750000000000000e+01 5.687500000000000000e+00
1.539999961853027344e+00 -2.430000066757202148e+00 9.789999961853027344e+00 4.875000000000000000e+00 1.006250000000000000e+01 -3.968750000000000000e+01 1.418750000000000000e+01 3.100000000000000000e+01 3.562500000000000000e+00
2.009999990463256836e+00 -2.470000028610229492e+00 1.047999954223632812e+01 4.875000000000000000e+00 1.006250000000000000e+01 -3.968750000000000000e+01 9.125000000000000000e+00 1.368750000000000000e+01 2.000000000000000000e+00
2.579999923706054688e+00 -2.089999914169311523e+00 1.014000034332275391e+01 4.875000000000000000e+00 1.006250000000000000e+01 -3.968750000000000000e+01 2.437500000000000000e+00 2.687500000000000000e+00 2.500000000000000000e-01
3.589999914169311523e+00 -2.930000066757202148e+00 8.930000305175781250e+00 6.500000000000000000e+00 1.075000000000000000e+01 -3.850000000000000000e+01 -6.437500000000000000e+00 -4.937500000000000000e+00 3.125000000000000000e-01
4.239999771118164062e+00 -3.039999961853027344e+00 8.800000190734863281e+00 6.500000000000000000e+00 1.075000000000000000e+01 -3.850000000000000000e+01 -8.375000000000000000e+00 -7.125000000000000000e+00 8.750000000000000000e-01
4.510000228881835938e+00 -3.039999961853027344e+00 8.729999542236328125e+00 6.500000000000000000e+00 1.075000000000000000e+01 -3.850000000000000000e+01 -7.187500000000000000e+00 -4.437500000000000000e+00 2.187500000000000000e+00
4.659999847412109375e+00 -3.119999885559082031e+00 8.710000038146972656e+00 6.500000000000000000e+00 1.075000000000000000e+01 -3.850000000000000000e+01 -7.187500000000000000e+00 1.250000000000000000e-01 3.625000000000000000e+00
5.769999980926513672e+00 -3.430000066757202148e+00 8.800000190734863281e+00 6.500000000000000000e+00 1.075000000000000000e+01 -3.850000000000000000e+01 -6.375000000000000000e+00 3.687500000000000000e+00 3.187500000000000000e+00
6.269999980926513672e+00 -3.410000085830688477e+00 8.699999809265136719e+00 6.875000000000000000e+00 1.000000000000000000e+01 -3.968750000000000000e+01 -3.750000000000000000e+00 6.562500000000000000e+00 1.937500000000000000e+00
6.300000190734863281e+00 -3.240000009536743164e+00 8.649999618530273438e+00 6.875000000000000000e+00 1.000000000000000000e+01 -3.968750000000000000e+01 1.875000000000000000e-01 1.125000000000000000e+01 2.375000000000000000e+00
6.239999771118164062e+00 -2.859999895095825195e+00 8.569999694824218750e+00 6.875000000000000000e+00 1.000000000000000000e+01 -3.968750000000000000e+01 3.000000000000000000e+00 1.656250000000000000e+01 3.562500000000000000e+00
5.889999866485595703e+00 -2.630000114440917969e+00 8.399999618530273438e+00 6.875000000000000000e+00 1.000000000000000000e+01 -3.968750000000000000e+01 1.187500000000000000e+00 2.118750000000000000e+01 5.687500000000000000e+00
5.480000019073486328e+00 -2.890000104904174805e+00 8.100000381469726562e+00 6.875000000000000000e+00 1.000000000000000000e+01 -3.968750000000000000e+01 1.187500000000000000e+00 2.306250000000000000e+01 7.125000000000000000e+00
5.329999923706054688e+00 -2.529999971389770508e+00 8.079999923706054688e+00 6.500000000000000000e+00 1.037500000000000000e+01 -4.000000000000000000e+01 6.875000000000000000e-01 2.268750000000000000e+01 7.437500000000000000e+00
5.139999866485595703e+00 -3.269999980926513672e+00 7.929999828338623047e+00 6.500000000000000000e+00 1.037500000000000000e+01 -4.000000000000000000e+01 -1.375000000000000000e+00 2.043750000000000000e+01 5.437500000000000000e+00
