2.960000038146972656e+00 -4.440000057220458984e+00 8.199999809265136719e+00 2.250000000000000000e+00 2.137500000000000000e+01 -4.350000000000000000e+01 3.750000000000000000e-01 2.500000000000000000e-01 -6.250000000000000000e-02
2.960000038146972656e+00 -4.480000019073486328e+00 8.170000076293945312e+00 2.250000000000000000e+00 2.137500000000000000e+01 -4.350000000000000000e+01 1.875000000000000000e-01 0.000000000000000000e+00 -6.250000000000000000e-02
2.970000028610229492e+00 -4.440000057220458984e+00 8.239999771118164062e+00 2.000000000000000000e+00 2.056250000000000000e+01 -4.268750000000000000e+01 1.250000000000000000e-01 0.000000000000000000e+00 -1.250000000000000000e-01
2.960000038146972656e+00 -4.449999809265136719e+00 8.210000038146972656e+00 2.000000000000000000e+00 2.056250000000000000e+01 -4.268750000000000000e+01 6.250000000000000000e-02 0.000000000000000000e+00 0.000000000000000000e+00
2.950000047683715820e+00 -4.440000057220458984e+00 8.189999580383300781e+00 2.000000000000000000e+00 2.056250000000000000e+01 -4.268750000000000000e+01 1.250000000000000000e-01 6.250000000000000000e-02 -6.250000000000000000e-02
2.970000028610229492e+00 -4.440000057220458984e+00 8.199999809265136719e+00 2.000000000000000000e+00 2.056250000000000000e+01 -4.268750000000000000e+01 1.875000000000000000e-01 1.875000000000000000e-01 6.250000000000000000e-02
2.960000038146972656e+00 -4.429999828338623047e+00 8.210000038146972656e+00 2.000000000000000000e+00 2.056250000000000000e+01 -4.268750000000000000e+01 2.500000000000000000e-01 1.250000000000000000e-01 0.000000000000000000e+00
2.970000028610229492e+00 -4.449999809265136719e+00 8.229999542236328125e+00 2.250000000000000000e+00 2.056250000000000000e+01 -4.225000000000000000e+01 6.250000000000000000e-02 6.250000000000000000e-02 0.000000000000000000e+00
2.990000009536743164e+00 -4.460000038146972656e+00 8.229999542236328125e+00 2.250000000000000000e+00 2.056250000000000000e+01 -4.225000000000000000e+01 -1.875000000000000000e-01 6.250000000000000000e-02 6.250000000000000000e-02
2.990000009536743164e+00 -4.440000057220458984e+00 8.210000038146972656e+00 2.250000000000000000e+00 2.056250000000000000e+01 -4.225000000000000000e+01 -6.250000000000000000e-02 6.250000000000000000e-02 6.250000000000000000e-02
2.960000038146972656e+00 -4.429999828338623047e+00 8.199999809265136719e+00 2.250000000000000000e+00 2.056250000000000000e+01 -4.225000000000000000e+01 -1.875000000000000000e-01 2.500000000000000000e-01 0.000000000000000000e+00
2.950000047683715820e+00 -4.449999809265136719e+00 8.220000267028808594e+00 2.250000000000000000e+00 2.056250000000000000e+01 -4.225000000000000000e+01 6.250000000000000000e-02 6.250000000000000000e-02 1.250000000000000000e-01
2.970000028610229492e+00 -4.440000057220458984e+00 8.220000267028808594e+00 3.062500000000000000e+00 2.100000000000000000e+01 -4.150000000000000000e+01 0.000000000000000000e+00 6.250000000000000000e-02 0.000000000000000000e+00
2.980000019073486328e+00 -4.449999809265136719e+00 8.260000228881835938e+00 3.062500000000000000e+00 2.100000000000000000e+01 -4.150000000000000000e+01 -6.250000000000000000e-02 0.000000000000000000e+00 1.250000000000000000e-01
2.970000028610229492e+00 -4.449999809265136719e+00 8.199999809265136719e+00 3.062500000000000000e+00 2.100000000000000000e+01 -4.150000000000000000e+01 -6.250000000000000000e-02 1.250000000000000000e-01 2.500000000000000000e-01
2.970000028610229492e+00 -4.440000057220458984e+00 8.229999542236328125e+00 3.062500000000000000e+00 2.100000000000000000e+01 -4.150000000000000000e+01 -6.250000000000000000e-02 1.250000000000000000e-01 -6.250000000000000000e-02
2.970000028610229492e+00 -4.440000057220458984e+00 8.220000267028808594e+00 3.062500000000000000e+00 2.100000000000000000e+01 -4.150000000000000000e+01 -6.250000000000000000e-02 2.500000000000000000e-01 0.000000000000000000e+00
2.960000038146972656e+00 -4.429999828338623047e+00 8.220000267028808594e+00 1.562500000000000000e+00 2.100000000000000000e+01 -4.306250000000000000e+01 -1.250000000000000000e-01 0.000000000000000000e+00 6.250000000000000000e-02
2.950000047683715820e+00 -4.449999809265136719e+00 8.220000267028808594e+00 1.562500000000000000e+00 2.100000000000000000e+01 -4.306250000000000000e+01 -6.250000000000000000e-02 1.250000000000000000e-01 1.875000000000000000e-01
3.000000000000000000e+00 -4.440000057220458984e+00 8.229999542236328125e+00 1.562500000000000000e+00 2.100000000000000000e+01 -4.306250000000000000e+01 -1.875000000000000000e-01 1.250000000000000000e-01 1.875000000000000000e-01
2.950000047683715820e+00 -4.429999828338623047e+00 8.180000305175781250e+00 1.562500000000000000e+00 2.100000000000000000e+01 -4.306250000000000000e+01 -6.250000000000000000e-02 2.500000000000000000e-01 1.875000000000000000e-01
2.960000038146972656e+00 -4.420000076293945312e+00 8.239999771118164062e+00 1.562500000000000000e+00 2.100000000000000000e+01 -4.306250000000000000e+01 -1.250000000000000000e-01 1.250000000000000000e-01 1.250000000000000000e-01
2.970000028610229492e+00 -4.449999809265136719e+00 8.229999542236328125e+00 3.062500000000000000e+00 2.100000000000000000e+01 -4.225000000000000000e+01 -2.500000000000000000e-01 6.250000000000000000e-02 1.250000000000000000e-01
2.950000047683715820e+00 -4.449999809265136719e+00 8.210000038146972656e+00 3.062500000000000000e+00 2.100000000000000000e+01 -4.225000000000000000e+01 -1.250000000000000000e-01 -6.250000000000000000e-02 6.250000000000000000e-02
2.950000047683715820e+00 -4.440000057220458984e+00 8.220000267028808594e+00 3.062500000000000000e+00 2.100000000000000000e+01 -4.225000000000000000e+01 0.000000000000000000e+00 0.000000000000000000e+00 0.000000000000000000e+00
2.920000076293945312e+00 -4.469999790191650391e+00 8.149999618530273438e+00 3.062500000000000000e+00 2.100000000000000000e+01 -4.225000000000000000e+01 0.000000000000000000e+00 6.250000000000000000e-02 6.250000000000000000e-02
2.779999971389770508e+00 -4.599999904632568359e+00 7.940000057220458984e+00 3.062500000000000000e+00 2.100000000000000000e+01 -4.225000000000000000e+01 8.125000000000000000e-01 2.500000000000000000e-01 -1.000000000000000000e+00
2.720000028610229492e+00 -4.889999866485595703e+00 7.869999885559082031e+00 3.062500000000000000e+00 2.100000000000000000e+01 -4.225000000000000000e+01 8.125000000000000000e-01 2.500000000000000000e-01 -1.000000000000000000e+00
2.700000047683715820e+00 -4.650000095367431641e+00 7.840000152587890625e+00 2.000000000000000000e+00 2.056250000000000000e+01 -4.225000000000000000e+01 7.062500000000000000e+00 3.750000000000000000e-01 -4.500000000000000000e+00
2.230000019073486328e+00 -4.659999847412109375e+00 7.840000152587890625e+00 2.000000000000000000e+00 2.056250000000000000e+01 -4.225000000000000000e+01 9.375000000000000000e+00 3.125000000000000000e-01 -7.250000000000000000e+00
2.299999952316284180e+00 -4.980000019073486328e+00 8.130000114440917969e+00 2.000000000000000000e+00 2.056250000000000000e+01 -4.225000000000000000e+01 1.212500000000000000e+01 -3.375000000000000000e+00 -1.056250000000000000e+01
2.529999971389770508e+00 -4.469999790191650391e+00 8.479999542236328125e+00 2.000000000000000000e+00 2.056250000000000000e+01 -4.225000000000000000e+01 1.568750000000000000e+01 -7.125000000000000000e+00 -1.318750000000000000e+01
2.809999942779541016e+00 -4.260000228881835938e+00 8.930000305175781250e+00 2.000000000000000000e+00 2.056250000000000000e+01 -4.225000000000000000e+01 1.375000000000000000e+01 -1.118750000000000000e+01 -1.425000000000000000e+01
2.569999933242797852e+00 -3.690000057220458984e+00 9.279999732971191406e+00 2.250000000000000000e+00 2.025000000000000000e+01 -4.268750000000000000e+01 9.562500000000000000e+00 -1.606250000000000000e+01 -1.400000000000000000e+01
2.369999885559082031e+00 -3.319999933242797852e+00 9.310000419616699219e+00 2.250000000000000000e+00 2.025000000000000000e+01 -4.268750000000000000e+01 1.875000000000000000e+00 -2.312500000000000000e+01 -1.431250000000000000e+01
1.480000019073486328e+00 -4.039999961853027344e+00 9.869999885559082031e+00 2.250000000000000000e+00 2.025000000000000000e+01 -4.268750000000000000e+01 -6.562500000000000000e+00 -3.206250000000000000e+01 -1.668750000000000000e+01
-2.000000029802322388e-01 -4.980000019073486328e+00 1.014999961853027344e+01 2.250000000000000000e+00 2.025000000000000000e+01 -4.268750000000000000e+01 -1.525000000000000000e+01 -4.800000000000000000e+01 -2.656250000000000000e+01
1.159999966621398926e+00 -4.989999771118164062e+00 1.053999996185302734e+01 2.250000000000000000e+00 2.025000000000000000e+01 -4.268750000000000000e+01 -1.525000000000000000e+01 -7.137500000000000000e+01 -3.781250000000000000e+01
2.650000095367431641e+00 -4.250000000000000000e+00 1.055000019073486328e+01 2.250000000000000000e+00 2.025000000000000000e+01 -4.225000000000000000e+01 -2.450000000000000000e+01 -8.518750000000000000e+01 -4.331250000000000000e+01
3.349999904632568359e+00 -4.500000000000000000e+00 9.140000343322753906e+00 2.250000000000000000e+00 2.025000000000000000e+01 -4.225000000000000000e+01 -3.975000000000000000e+01 -9.425000000000000000e+01 -4.900000000000000000e+01
4.000000000000000000e+00 -4.909999847412109375e+00 8.300000190734863281e+00 2.250000000000000000e+00 2.025000000000000000e+01 -4.225000000000000000e+01 -4.743750000000000000e+01 -9.712500000000000000e+01 -5.431250000000000000e+01
3.809999942779541016e+00 -5.010000228881835938e+00 7.789999961853027344e+00 2.250000000000000000e+00 2.025000000000000000e+01 -4.225000000000000000e+01 -4.537500000000000000e+01 -9.718750000000000000e+01 -5.681250000000000000e+01
3.680000066757202148e+00 -3.940000057220458984e+00 7.610000133514404297e+00 2.250000000000000000e+00 2.025000000000000000e+01 -4.225000000000000000e+01 -4.537500000000000000e+01 -9.718750000000000000e+01 -5.681250000000000000e+01
4.090000152587890625e+00 -3.619999885559082031e+00 7.449999809265136719e+00 -2.500000000000000000e-01 2.100000000000000000e+01 -4.225000000000000000e+01 -3.806250000000000000e+01 -9.375000000000000000e+01 -4.956250000000000000e+01
3.920000076293945312e+00 -3.359999895095825195e+00 6.610000133514404297e+00 -2.500000000000000000e-01 2.100000000000000000e+01 -4.225000000000000000e+01 -4.018750000000000000e+01 -8.825000000000000000e+01 -4.456250000000000000e+01
4.179999828338623047e+00 -3.230000019073486328e+00 6.929999828338623047e+00 -2.500000000000000000e-01 2.100000000000000000e+01 -4.225000000000000000e+01 -4.300000000000000000e+01 -8.381250000000000000e+01 -3.875000000000000000e+01
4.699999809265136719e+00 -3.109999895095825195e+00 7.409999847412109375e+00 -2.500000000000000000e-01 2.100000000000000000e+01 -4.225000000000000000e+01 -4.306250000000000000e+01 -8.137500000000000000e+01 -3.125000000000000000e+01
4.869999885559082031e+00 -3.869999885559082031e+00 7.119999885559082031e+00 -2.500000000000000000e-01 2.100000000000000000e+01 -4.225000000000000000e+01 -4.306250000000000000e+01 -8.137500000000000000e+01 -3.125000000000000000e+01
4.510000228881835938e+00 -4.429999828338623047e+00 6.449999809265136719e+00 -5.687500000000000000e+00 2.168750000000000000e+01 -4.150000000000000000e+01 -4.556250000000000000e+01 -8.037500000000000000e+01 -2.506250000000000000e+01
5.170000076293945312e+00 -4.849999904632568359e+00 7.110000133514404297e+00 -5.687500000000000000e+00 2.168750000000000000e+01 -4.150000000000000000e+01 -3.031250000000000000e+01 -7.906250000000000000e+01 -2.312500000000000000e+01
5.820000171661376953e+00 -5.360000133514404297e+00 6.639999866485595703e+00 -5.687500000000000000e+00 2.168750000000000000e+01 -4.150000000000000000e+01 -2.825000000000000000e+01 -8.212500000000000000e+01 -2.218750000000000000e+01
6.849999904632568359e+00 -4.750000000000000000e+00 7.500000000000000000e+00 -5.687500000000000000e+00 2.168750000000000000e+01 -4.150000000000000000e+01 -3.512500000000000000e+01 -8.731250000000000000e+01 -2.081250000000000000e+01
6.840000152587890625e+00 -3.849999904632568359e+00 6.530000209808349609e+00 -5.687500000000000000e+00 2.168750000000000000e+01 -4.150000000000000000e+01 -3.512500000000000000e+01 -8.731250000000000000e+01 -2.081250000000000000e+01
5.760000228881835938e+00 -4.980000019073486328e+00 4.809999942779541016e+00 -9.375000000000000000e+00 2.275000000000000000e+01 -4.150000000000000000e+01 -4.725000000000000000e+01 -8.900000000000000000e+01 -1.581250000000000000e+01
3.880000114440917969e+00 -7.940000057220458984e+00 5.280000209808349609e+00 -9.375000000000000000e+00 2.275000000000000000e+01 -4.150000000000000000e+01 -3.112500000000000000e+01 -7.037500000000000000e+01 -2.443750000000000000e+01
4.389999866485595703e+00 -5.219999790191650391e+00 6.219999790191650391e+00 -9.375000000000000000e+00 2.275000000000000000e+01 -4.150000000000000000e+01 -1.606250000000000000e+01 -6.325000000000000000e+01 -4.050000000000000000e+01
5.840000152587890625e+00 -3.829999923706054688e+00 5.010000228881835938e+00 -9.375000000000000000e+00 2.275000000000000000e+01 -4.150000000000000000e+01 -2.875000000000000000e+00 -5.706250000000000000e+01 -3.756250000000000000e+01
9.189999580383300781e+00 -3.269999980926513672e+00 7.030000209808349609e+00 -9.375000000000000000e+00 2.275000000000000000e+01 -4.150000000000000000e+01 -2.875000000000000000e+00 -5.706250000000000000e+01 -3.756250000000000000e+01
5.030000209808349609e+00 -3.849999904632568359e+00 5.309999942779541016e+00 -1.287500000000000000e+01 2.406250000000000000e+01 -3.918750000000000000e+01 -1.312500000000000000e+01 -5.106250000000000000e+01 -2.993750000000000000e+01
5.190000057220458984e+00 -4.360000133514404297e+00 5.190000057220458984e+00 -1.287500000000000000e+01 2.406250000000000000e+01 -3.918750000000000000e+01 -2.318750000000000000e+01 -4.262500000000000000e+01 -2.062500000000000000e+01
7.659999847412109375e+00 -4.309999942779541016e+00 5.199999809265136719e+00 -1.287500000000000000e+01 2.406250000000000000e+01 -3.918750000000000000e+01 -2.006250000000000000e+01 -3.693750000000000000e+01 -1.562500000000000000e+01
6.429999828338623047e+00 -4.610000133514404297e+00 4.829999923706054688e+00 -1.287500000000000000e+01 2.406250000000000000e+01 -3.918750000000000000e+01 -1.743750000000000000e+01 -3.056250000000000000e+01 -1.281250000000000000e+01
7.690000057220458984e+00 -4.710000038146972656e+00 5.340000152587890625e+00 -1.287500000000000000e+01 2.406250000000000000e+01 -3.918750000000000000e+01 -1.743750000000000000e+01 -3.056250000000000000e+01 -1.281250000000000000e+01
3.250000000000000000e+00 -3.869999885559082031e+00 4.119999885559082031e+00 -1.487500000000000000e+01 2.450000000000000000e+01 -3.850000000000000000e+01 -1.312500000000000000e+01 -2.325000000000000000e+01 -9.750000000000000000e+00
5.039999961853027344e+00 -4.360000133514404297e+00 4.989999771118164062e+00 -1.487500000000000000e+01 2.450000000000000000e+01 -3.850000000000000000e+01 -9.500000000000000000e+00 -1.387500000000000000e+01 -6.750000000000000000e+00
8.470000267028808594e+00 -4.619999885559082031e+00 5.829999923706054688e+00 -1.487500000000000000e+01 2.450000000000000000e+01 -3.850000000000000000e+01 -8.000000000000000000e+00 -1.100000000000000000e+01 -2.625000000000000000e+00
5.840000152587890625e+00 -4.010000228881835938e+00 5.539999961853027344e+00 -1.487500000000000000e+01 2.450000000000000000e+01 -3.850000000000000000e+01 -7.625000000000000000e+00 -8.500000000000000000e+00 1.875000000000000000e+00
6.500000000000000000e+00 -3.869999885559082031e+00 5.469999790191650391e+00 -1.487500000000000000e+01 2.450000000000000000e+01 -3.850000000000000000e+01 -7.625000000000000000e+00 -8.500000000000000000e+00 1.875000000000000000e+00
8.729999542236328125e+00 -4.730000019073486328e+00 6.099999904632568359e+00 -1.618750000000000000e+01 2.525000000000000000e+01 -3.775000000000000000e+01 -7.375000000000000000e+00 -5.437500000000000000e+00 4.562500000000000000e+00
6.480000019073486328e+00 -4.659999847412109375e+00 5.619999885559082031e+00 -1.618750000000000000e+01 2.525000000000000000e+01 -3.775000000000000000e+01 -9.437500000000000000e+00 -2.125000000000000000e+00 1.525000000000000000e+01
6.699999809265136719e+00 -4.639999866485595703e+00 5.460000038146972656e+00 -1.618750000000000000e+01 2.525000000000000000e+01 -3.775000000000000000e+01 -6.875000000000000000e+00 6.250000000000000000e-01 1.831250000000000000e+01
6.519999980926513672e+00 -5.119999885559082031e+00 5.440000057220458984e+00 -1.618750000000000000e+01 2.525000000000000000e+01 -3.775000000000000000e+01 -3.812500000000000000e+00 3.937500000000000000e+00 1.750000000000000000e+01
6.400000095367431641e+00 -5.869999885559082031e+00 5.250000000000000000e+00 -1.618750000000000000e+01 2.525000000000000000e+01 -3.775000000000000000e+01 -3.812500000000000000e+00 3.937500000000000000e+00 1.750000000000000000e+01
6.440000057220458984e+00 -5.869999885559082031e+00 5.179999828338623047e+00 -1.625000000000000000e+01 2.575000000000000000e+01 -3.706250000000000000e+01 1.687500000000000000e+00 7.687500000000000000e+00 1.325000000000000000e+01
6.300000190734863281e+00 -5.719999790191650391e+00 5.239999771118164062e+00 -1.625000000000000000e+01 2.575000000000000000e+01 -3.706250000000000000e+01 1.350000000000000000e+01 1.681250000000000000e+01 2.375000000000000000e+00
6.250000000000000000e+00 -4.719999790191650391e+00 5.829999923706054688e+00 -1.625000000000000000e+01 2.575000000000000000e+01 -3.706250000000000000e+01 1.706250000000000000e+01 1.981250000000000000e+01 -2.500000000000000000e-01
6.090000152587890625e+00 -4.440000057220458984e+00 6.179999828338623047e+00 -1.625000000000000000e+01 2.575000000000000000e+01 -3.706250000000000000e+01 1.687500000000000000e+01 2.056250000000000000e+01 -3.750000000000000000e-01
6.030000209808349609e+00 -4.239999771118164062e+00 6.230000019073486328e+00 -1.625000000000000000e+01 2.575000000000000000e+01 -3.706250000000000000e+01 1.687500000000000000e+01 2.056250000000000000e+01 -3.750000000000000000e-01
5.909999847412109375e+00 -4.190000057220458984e+00 6.519999980926513672e+00 -1.556250000000000000e+01 2.575000000000000000e+01 -3.787500000000000000e+01 1.537500000000000000e+01 2.012500000000000000e+01 1.437500000000000000e+00
5.800000190734863281e+00 -4.050000190734863281e+00 6.570000171661376953e+00 -1.556250000000000000e+01 2.575000000000000000e+01 -3.787500000000000000e+01 1.025000000000000000e+01 1.543750000000000000e+01 6.500000000000000000e+00
5.889999866485595703e+00 -4.110000133514404297e+00 6.519999980926513672e+00 -1.556250000000000000e+01 2.575000000000000000e+01 -3.787500000000000000e+01 7.187500000000000000e+00 1.306250000000000000e+01 9.562500000000000000e+00
5.900000095367431641e+00 -4.119999885559082031e+00 6.269999980926513672e+00 -1.556250000000000000e+01 2.575000000000000000e+01 -3.787500000000000000e+01 5.250000000000000000e+00 1.175000000000000000e+01 1.300000000000000000e+01
6.090000152587890625e+00 -4.269999980926513672e+00 6.110000133514404297e+00 -1.556250000000000000e+01 2.575000000000000000e+01 -3.787500000000000000e+01 5.250000000000000000e+00 1.175000000000000000e+01 1.300000000000000000e+01
5.920000076293945312e+00 -5.039999961853027344e+00 6.070000171661376953e+00 -1.400000000000000000e+01 2.456250000000000000e+01 -3.837500000000000000e+01 4.437500000000000000e+00 1.212500000000000000e+01 1.631250000000000000e+01
5.829999923706054688e+00 -5.400000095367431641e+00 5.960000038146972656e+00 -1.400000000000000000e+01 2.456250000000000000e+01 -3.837500000000000000e+01 7.000000000000000000e+00 1.387500000000000000e+01 1.368750000000000000e+01
5.880000114440917969e+00 -5.679999828338623047e+00 6.090000152587890625e+00 -1.400000000000000000e+01 2.456250000000000000e+01 -3.837500000000000000e+01 1.000000000000000000e+01 1.481250000000000000e+01 8.812500000000000000e+00
5.719999790191650391e+00 -5.250000000000000000e+00 6.280000209808349609e+00 -1.400000000000000000e+01 2.456250000000000000e+01 -3.837500000000000000e+01 1.231250000000000000e+01 1.518750000000000000e+01 3.687500000000000000e+00
5.630000114440917969e+00 -5.019999980926513672e+00 6.380000114440917969e+00 -1.400000000000000000e+01 2.456250000000000000e+01 -3.837500000000000000e+01 1.231250000000000000e+01 1.518750000000000000e+01 3.687500000000000000e+00
5.690000057220458984e+00 -4.719999790191650391e+00 6.400000095367431641e+00 -1.437500000000000000e+01 2.425000000000000000e+01 -3.868750000000000000e+01 1.312500000000000000e+01 1.462500000000000000e+01 -1.250000000000000000e-01
5.840000152587890625e+00 -4.579999923706054688e+00 6.409999847412109375e+00 -1.437500000000000000e+01 2.425000000000000000e+01 -3.868750000000000000e+01 1.243750000000000000e+01 1.381250000000000000e+01 -2.187500000000000000e+00
5.539999961853027344e+00 -4.500000000000000000e+00 6.380000114440917969e+00 -1.437500000000000000e+01 2.425000000000000000e+01 -3.868750000000000000e+01 1.125000000000000000e+01 1.331250000000000000e+01 -1.875000000000000000e+00
5.610000133514404297e+00 -4.389999866485595703e+00 6.539999961853027344e+00 -1.437500000000000000e+01 2.425000000000000000e+01 -3.868750000000000000e+01 1.200000000000000000e+01 1.331250000000000000e+01 -1.000000000000000000e+00
5.889999866485595703e+00 -4.280000209808349609e+00 6.380000114440917969e+00 -1.437500000000000000e+01 2.425000000000000000e+01 -3.868750000000000000e+01 1.200000000000000000e+01 1.331250000000000000e+01 -1.000000000000000000e+00
5.780000209808349609e+00 -4.250000000000000000e+00 6.269999980926513672e+00 -1.250000000000000000e+01 2.456250000000000000e+01 -3.906250000000000000e+01 1.125000000000000000e+01 1.362500000000000000e+01 6.875000000000000000e-01
6.039999961853027344e+00 -4.119999885559082031e+00 6.030000209808349609e+00 -1.250000000000000000e+01 2.456250000000000000e+01 -3.906250000000000000e+01 1.225000000000000000e+01 1.668750000000000000e+01 6.750000000000000000e+00
6.099999904632568359e+00 -4.380000114440917969e+00 6.079999923706054688e+00 -1.250000000000000000e+01 2.456250000000000000e+01 -3.906250000000000000e+01 1.368750000000000000e+01 2.037500000000000000e+01 1.012500000000000000e+01
5.590000152587890625e+00 -4.449999809265136719e+00 5.780000209808349609e+00 -1.250000000000000000e+01 2.456250000000000000e+01 -3.906250000000000000e+01 1.793750000000000000e+01 2.518750000000000000e+01 1.200000000000000000e+01
6.429999828338623047e+00 -4.840000152587890625e+00 6.150000095367431641e+00 -1.250000000000000000e+01 2.456250000000000000e+01 -3.906250000000000000e+01 1.793750000000000000e+01 2.518750000000000000e+01 1.200000000000000000e+01
5.860000133514404297e+00 -5.000000000000000000e+00 6.219999790191650391e+00 -1.250000000000000000e+01 2.456250000000000000e+01 -3.950000000000000000e+01 2.318750000000000000e+01 2.912500000000000000e+01 1.225000000000000000e+01
5.010000228881835938e+00 -4.789999961853027344e+00 6.179999828338623047e+00 -1.250000000000000000e+01 2.456250000000000000e+01 -3.950000000000000000e+01 2.743750000000000000e+01 3.562500000000000000e+01 9.562500000000000000e+00
