2.940000057220458984e+00 -3.930000066757202148e+00 8.460000038146972656e+00 4.187500000000000000e+00 1.887500000000000000e+01 -4.387500000000000000e+01 -1.875000000000000000e-01 0.000000000000000000e+00 1.250000000000000000e-01
2.950000047683715820e+00 -3.930000066757202148e+00 8.460000038146972656e+00 4.187500000000000000e+00 1.887500000000000000e+01 -4.387500000000000000e+01 -3.125000000000000000e-01 -6.250000000000000000e-02 0.000000000000000000e+00
2.950000047683715820e+00 -3.910000085830688477e+00 8.460000038146972656e+00 5.687500000000000000e+00 1.925000000000000000e+01 -4.387500000000000000e+01 -2.500000000000000000e-01 -6.250000000000000000e-02 -6.250000000000000000e-02
2.950000047683715820e+00 -3.920000076293945312e+00 8.449999809265136719e+00 5.687500000000000000e+00 1.925000000000000000e+01 -4.387500000000000000e+01 0.000000000000000000e+00 -6.250000000000000000e-02 6.250000000000000000e-02
2.950000047683715820e+00 -3.910000085830688477e+00 8.430000305175781250e+00 5.687500000000000000e+00 1.925000000000000000e+01 -4.387500000000000000e+01 -1.875000000000000000e-01 -6.250000000000000000e-02 1.250000000000000000e-01
2.960000038146972656e+00 -3.910000085830688477e+00 8.449999809265136719e+00 5.687500000000000000e+00 1.925000000000000000e+01 -4.387500000000000000e+01 -1.875000000000000000e-01 -2.500000000000000000e-01 1.250000000000000000e-01
2.990000009536743164e+00 -3.930000066757202148e+00 8.479999542236328125e+00 5.687500000000000000e+00 1.925000000000000000e+01 -4.387500000000000000e+01 -3.125000000000000000e-01 -3.750000000000000000e-01 1.250000000000000000e-01
2.970000028610229492e+00 -3.920000076293945312e+00 8.439999580383300781e+00 4.875000000000000000e+00 1.887500000000000000e+01 -4.350000000000000000e+01 -3.125000000000000000e-01 -3.125000000000000000e-01 6.250000000000000000e-02
2.940000057220458984e+00 -3.950000047683715820e+00 8.460000038146972656e+00 4.875000000000000000e+00 1.887500000000000000e+01 -4.350000000000000000e+01 -3.750000000000000000e-01 -1.875000000000000000e-01 1.875000000000000000e-01
2.970000028610229492e+00 -3.950000047683715820e+00 8.439999580383300781e+00 4.875000000000000000e+00 1.887500000000000000e+01 -4.350000000000000000e+01 -5.000000000000000000e-01 0.000000000000000000e+00 2.500000000000000000e-01
2.930000066757202148e+00 -3.930000066757202148e+00 8.449999809265136719e+00 4.875000000000000000e+00 1.887500000000000000e+01 -4.350000000000000000e+01 -3.125000000000000000e-01 -1.250000000000000000e-01 1.875000000000000000e-01
2.950000047683715820e+00 -3.930000066757202148e+00 8.479999542236328125e+00 4.875000000000000000e+00 1.887500000000000000e+01 -4.350000000000000000e+01 -3.750000000000000000e-01 -2.500000000000000000e-01 2.500000000000000000e-01
2.970000028610229492e+00 -3.920000076293945312e+00 8.460000038146972656e+00 5.250000000000000000e+00 1.887500000000000000e+01 -4.425000000000000000e+01 -5.000000000000000000e-01 -3.125000000000000000e-01 3.125000000000000000e-01
2.970000028610229492e+00 -3.960000038146972656e+00 8.439999580383300781e+00 5.250000000000000000e+00 1.887500000000000000e+01 -4.425000000000000000e+01 -2.500000000000000000e-01 -1.250000000000000000e-01 1.250000000000000000e-01
2.950000047683715820e+00 -3.950000047683715820e+00 8.420000076293945312e+00 5.250000000000000000e+00 1.887500000000000000e+01 -4.425000000000000000e+01 -2.500000000000000000e-01 -1.875000000000000000e-01 1.250000000000000000e-01
2.960000038146972656e+00 -3.940000057220458984e+00 8.449999809265136719e+00 5.250000000000000000e+00 1.887500000000000000e+01 -4.425000000000000000e+01 -6.250000000000000000e-02 -6.250000000000000000e-02 1.250000000000000000e-01
3.000000000000000000e+00 -3.930000066757202148e+00 8.449999809265136719e+00 5.250000000000000000e+00 1.887500000000000000e+01 -4.425000000000000000e+01 -1.250000000000000000e-01 6.250000000000000000e-02 1.250000000000000000e-01
3.009999990463256836e+00 -3.950000047683715820e+00 8.439999580383300781e+00 4.500000000000000000e+00 1.956250000000000000e+01 -4.506250000000000000e+01 0.000000000000000000e+00 -6.250000000000000000e-02 1.250000000000000000e-01
3.009999990463256836e+00 -3.950000047683715820e+00 8.479999542236328125e+00 4.500000000000000000e+00 1.956250000000000000e+01 -4.506250000000000000e+01 0.000000000000000000e+00 3.125000000000000000e-01 1.250000000000000000e-01
3.019999980926513672e+00 -3.930000066757202148e+00 8.430000305175781250e+00 4.500000000000000000e+00 1.956250000000000000e+01 -4.506250000000000000e+01 6.250000000000000000e-02 5.625000000000000000e-01 1.875000000000000000e-01
3.000000000000000000e+00 -3.930000066757202148e+00 8.449999809265136719e+00 4.500000000000000000e+00 1.956250000000000000e+01 -4.506250000000000000e+01 0.000000000000000000e+00 9.375000000000000000e-01 3.125000000000000000e-01
3.150000095367431641e+00 -3.940000057220458984e+00 8.479999542236328125e+00 4.500000000000000000e+00 1.956250000000000000e+01 -4.506250000000000000e+01 -2.500000000000000000e-01 1.125000000000000000e+00 4.375000000000000000e-01
3.130000114440917969e+00 -3.910000085830688477e+00 8.520000457763671875e+00 4.875000000000000000e+00 1.887500000000000000e+01 -4.387500000000000000e+01 -8.750000000000000000e-01 2.000000000000000000e+00 7.500000000000000000e-01
3.109999895095825195e+00 -3.859999895095825195e+00 8.649999618530273438e+00 4.875000000000000000e+00 1.887500000000000000e+01 -4.387500000000000000e+01 -1.437500000000000000e+00 2.875000000000000000e+00 1.312500000000000000e+00
3.309999942779541016e+00 -3.740000009536743164e+00 8.729999542236328125e+00 4.875000000000000000e+00 1.887500000000000000e+01 -4.387500000000000000e+01 -2.937500000000000000e+00 3.375000000000000000e+00 1.750000000000000000e+00
3.420000076293945312e+00 -3.630000114440917969e+00 8.699999809265136719e+00 4.875000000000000000e+00 1.887500000000000000e+01 -4.387500000000000000e+01 -4.937500000000000000e+00 4.937500000000000000e+00 3.687500000000000000e+00
3.279999971389770508e+00 -3.970000028610229492e+00 8.670000076293945312e+00 4.875000000000000000e+00 1.887500000000000000e+01 -4.387500000000000000e+01 -6.437500000000000000e+00 8.312500000000000000e+00 6.500000000000000000e+00
3.099999904632568359e+00 -4.090000152587890625e+00 8.699999809265136719e+00 5.687500000000000000e+00 1.925000000000000000e+01 -4.306250000000000000e+01 -9.500000000000000000e+00 1.075000000000000000e+01 7.125000000000000000e+00
3.339999914169311523e+00 -4.420000076293945312e+00 8.460000038146972656e+00 5.687500000000000000e+00 1.925000000000000000e+01 -4.306250000000000000e+01 -1.043750000000000000e+01 1.218750000000000000e+01 6.750000000000000000e+00
3.660000085830688477e+00 -4.699999809265136719e+00 8.689999580383300781e+00 5.687500000000000000e+00 1.925000000000000000e+01 -4.306250000000000000e+01 -9.812500000000000000e+00 1.350000000000000000e+01 5.375000000000000000e+00
4.000000000000000000e+00 -4.820000171661376953e+00 8.729999542236328125e+00 5.687500000000000000e+00 1.925000000000000000e+01 -4.306250000000000000e+01 -8.187500000000000000e+00 1.500000000000000000e+01 4.250000000000000000e+00
4.510000228881835938e+00 -4.840000152587890625e+00 8.829999923706054688e+00 5.687500000000000000e+00 1.925000000000000000e+01 -4.306250000000000000e+01 -4.062500000000000000e+00 1.587500000000000000e+01 4.125000000000000000e+00
4.780000209808349609e+00 -4.329999923706054688e+00 8.479999542236328125e+00 6.687500000000000000e+00 1.956250000000000000e+01 -4.306250000000000000e+01 1.937500000000000000e+00 1.506250000000000000e+01 3.500000000000000000e+00
4.809999942779541016e+00 -4.320000171661376953e+00 8.460000038146972656e+00 6.687500000000000000e+00 1.956250000000000000e+01 -4.306250000000000000e+01 8.750000000000000000e+00 1.325000000000000000e+01 1.750000000000000000e+00
5.510000228881835938e+00 -3.769999980926513672e+00 8.260000228881835938e+00 6.687500000000000000e+00 1.956250000000000000e+01 -4.306250000000000000e+01 1.612500000000000000e+01 1.318750000000000000e+01 -1.250000000000000000e+00
6.880000114440917969e+00 -2.880000114440917969e+00 7.670000076293945312e+00 6.687500000000000000e+00 1.956250000000000000e+01 -4.306250000000000000e+01 2.231250000000000000e+01 1.087500000000000000e+01 -7.250000000000000000e+00
7.090000152587890625e+00 -1.769999980926513672e+00 6.150000095367431641e+00 6.687500000000000000e+00 1.956250000000000000e+01 -4.306250000000000000e+01 2.200000000000000000e+01 6.000000000000000000e+00 -1.381250000000000000e+01
6.070000171661376953e+00 -1.080000042915344238e+00 5.900000095367431641e+00 6.000000000000000000e+00 2.075000000000000000e+01 -4.268750000000000000e+01 1.593750000000000000e+01 9.062500000000000000e+00 -1.718750000000000000e+01
4.980000019073486328e+00 -1.370000004768371582e+00 7.170000076293945312e+00 6.000000000000000000e+00 2.075000000000000000e+01 -4.268750000000000000e+01 7.312500000000000000e+00 1.031250000000000000e+01 -1.943750000000000000e+01
5.900000095367431641e+00 -1.899999976158142090e+00 5.960000038146972656e+00 6.000000000000000000e+00 2.075000000000000000e+01 -4.268750000000000000e+01 -6.000000000000000000e+00 2.437500000000000000e+00 -2.218750000000000000e+01
5.690000057220458984e+00 -3.450000047683715820e+00 8.020000457763671875e+00 6.000000000000000000e+00 2.075000000000000000e+01 -4.268750000000000000e+01 -2.487500000000000000e+01 -8.812500000000000000e+00 -2.250000000000000000e+01
6.420000076293945312e+00 -4.000000000000000000e+00 8.380000114440917969e+00 6.000000000000000000e+00 2.075000000000000000e+01 -4.268750000000000000e+01 -2.931250000000000000e+01 -7.437500000000000000e+00 -2.143750000000000000e+01
6.059999942779541016e+00 -4.550000190734863281e+00 8.710000038146972656e+00 5.687500000000000000e+00 1.925000000000000000e+01 -4.387500000000000000e+01 -2.825000000000000000e+01 -8.812500000000000000e+00 -2.168750000000000000e+01
5.269999980926513672e+00 -4.619999885559082031e+00 7.619999885559082031e+00 5.687500000000000000e+00 1.925000000000000000e+01 -4.387500000000000000e+01 -2.225000000000000000e+01 -2.187500000000000000e+00 -1.875000000000000000e+01
4.059999942779541016e+00 -3.740000009536743164e+00 7.090000152587890625e+00 5.687500000000000000e+00 1.925000000000000000e+01 -4.387500000000000000e+01 -1.581250000000000000e+01 7.312500000000000000e+00 -1.637500000000000000e+01
3.930000066757202148e+00 -3.130000114440917969e+00 7.219999790191650391e+00 5.687500000000000000e+00 1.925000000000000000e+01 -4.387500000000000000e+01 -3.125000000000000000e+00 9.812500000000000000e+00 -1.681250000000000000e+01
3.579999923706054688e+00 -2.589999914169311523e+00 6.920000076293945312e+00 5.687500000000000000e+00 1.925000000000000000e+01 -4.387500000000000000e+01 2.312500000000000000e+00 6.125000000000000000e+00 -1.937500000000000000e+01
3.630000114440917969e+00 -2.670000076293945312e+00 7.920000076293945312e+00 3.375000000000000000e+00 2.218750000000000000e+01 -4.468750000000000000e+01 1.812500000000000000e+00 -6.250000000000000000e-01 -2.475000000000000000e+01
3.720000028610229492e+00 -3.220000028610229492e+00 8.350000381469726562e+00 3.375000000000000000e+00 2.218750000000000000e+01 -4.468750000000000000e+01 -5.062500000000000000e+00 -5.625000000000000000e+00 -2.975000000000000000e+01
3.920000076293945312e+00 -3.980000019073486328e+00 9.250000000000000000e+00 3.375000000000000000e+00 2.218750000000000000e+01 -4.468750000000000000e+01 -1.062500000000000000e+01 -6.250000000000000000e+00 -3.387500000000000000e+01
3.630000114440917969e+00 -4.800000190734863281e+00 9.250000000000000000e+00 3.375000000000000000e+00 2.218750000000000000e+01 -4.468750000000000000e+01 -1.281250000000000000e+01 -1.375000000000000000e+00 -3.668750000000000000e+01
3.009999990463256836e+00 -4.599999904632568359e+00 8.899999618530273438e+00 3.375000000000000000e+00 2.218750000000000000e+01 -4.468750000000000000e+01 -1.287500000000000000e+01 5.312500000000000000e+00 -3.725000000000000000e+01
2.420000076293945312e+00 -4.599999904632568359e+00 8.619999885559082031e+00 7.500000000000000000e-01 2.256250000000000000e+01 -4.668750000000000000e+01 -9.937500000000000000e+00 1.187500000000000000e+01 -3.781250000000000000e+01
2.549999952316284180e+00 -4.150000095367431641e+00 8.020000457763671875e+00 7.500000000000000000e-01 2.256250000000000000e+01 -4.668750000000000000e+01 -6.250000000000000000e+00 1.200000000000000000e+01 -3.893750000000000000e+01
3.130000114440917969e+00 -4.340000152587890625e+00 8.029999732971191406e+00 7.500000000000000000e-01 2.256250000000000000e+01 -4.668750000000000000e+01 -5.312500000000000000e+00 8.312500000000000000e+00 -3.856250000000000000e+01
3.349999904632568359e+00 -4.590000152587890625e+00 8.210000038146972656e+00 7.500000000000000000e-01 2.256250000000000000e+01 -4.668750000000000000e+01 -8.875000000000000000e+00 5.312500000000000000e+00 -3.587500000000000000e+01
3.259999990463256836e+00 -4.949999809265136719e+00 7.869999885559082031e+00 7.500000000000000000e-01 2.256250000000000000e+01 -4.668750000000000000e+01 -1.062500000000000000e+01 3.250000000000000000e+00 -3.025000000000000000e+01
2.839999914169311523e+00 -4.599999904632568359e+00 7.210000038146972656e+00 -1.875000000000000000e+00 2.368750000000000000e+01 -4.737500000000000000e+01 -8.687500000000000000e+00 5.000000000000000000e-01 -2.268750000000000000e+01
2.799999952316284180e+00 -3.900000095367431641e+00 7.820000171661376953e+00 -1.875000000000000000e+00 2.368750000000000000e+01 -4.737500000000000000e+01 -3.125000000000000000e+00 -4.437500000000000000e+00 -1.506250000000000000e+01
3.109999895095825195e+00 -4.090000152587890625e+00 8.359999656677246094e+00 -1.875000000000000000e+00 2.368750000000000000e+01 -4.737500000000000000e+01 6.250000000000000000e-02 -1.181250000000000000e+01 -8.500000000000000000e+00
3.440000057220458984e+00 -4.360000133514404297e+00 9.229999542236328125e+00 -1.875000000000000000e+00 2.368750000000000000e+01 -4.737500000000000000e+01 -7.500000000000000000e-01 -1.625000000000000000e+01 -2.750000000000000000e+00
2.900000095367431641e+00 -4.639999866485595703e+00 8.689999580383300781e+00 -1.875000000000000000e+00 2.368750000000000000e+01 -4.737500000000000000e+01 -1.312500000000000000e+00 -1.656250000000000000e+01 2.625000000000000000e+00
2.319999933242797852e+00 -4.110000133514404297e+00 9.050000190734863281e+00 -4.000000000000000000e+00 2.368750000000000000e+01 -4.656250000000000000e+01 5.875000000000000000e+00 -1.300000000000000000e+01 6.562500000000000000e+00
2.380000114440917969e+00 -3.400000095367431641e+00 9.470000267028808594e+00 -4.000000000000000000e+00 2.368750000000000000e+01 -4.656250000000000000e+01 1.356250000000000000e+01 -1.212500000000000000e+01 8.062500000000000000e+00
2.109999895095825195e+00 -2.869999885559082031e+00 8.899999618530273438e+00 -4.000000000000000000e+00 2.368750000000000000e+01 -4.656250000000000000e+01 1.231250000000000000e+01 -1.443750000000000000e+01 8.187500000000000000e+00
2.190000057220458984e+00 -3.710000038146972656e+00 8.819999694824218750e+00 -4.000000000000000000e+00 2.368750000000000000e+01 -4.656250000000000000e+01 4.687500000000000000e+00 -1.562500000000000000e+01 8.562500000000000000e+00
2.200000047683715820e+00 -4.119999885559082031e+00 9.279999732971191406e+00 -4.000000000000000000e+00 2.368750000000000000e+01 -4.656250000000000000e+01 0.000000000000000000e+00 -1.550000000000000000e+01 8.500000000000000000e+00
2.400000095367431641e+00 -3.829999923706054688e+00 9.270000457763671875e+00 -6.687500000000000000e+00 2.337500000000000000e+01 -4.737500000000000000e+01 1.500000000000000000e+00 -1.550000000000000000e+01 6.750000000000000000e+00
2.569999933242797852e+00 -4.190000057220458984e+00 9.529999732971191406e+00 -6.687500000000000000e+00 2.337500000000000000e+01 -4.737500000000000000e+01 5.375000000000000000e+00 -1.350000000000000000e+01 6.312500000000000000e+00
2.109999895095825195e+00 -3.930000066757202148e+00 9.010000228881835938e+00 -6.687500000000000000e+00 2.337500000000000000e+01 -4.737500000000000000e+01 8.062500000000000000e+00 -9.812500000000000000e+00 6.437500000000000000e+00
1.940000057220458984e+00 -3.160000085830688477e+00 8.819999694824218750e+00 -6.687500000000000000e+00 2.337500000000000000e+01 -4.737500000000000000e+01 1.075000000000000000e+01 -6.750000000000000000e+00 5.937500000000000000e+00
2.349999904632568359e+00 -3.680000066757202148e+00 8.250000000000000000e+00 -6.687500000000000000e+00 2.337500000000000000e+01 -4.737500000000000000e+01 9.187500000000000000e+00 -8.937500000000000000e+00 6.625000000000000000e+00
2.009999990463256836e+00 -4.099999904632568359e+00 8.430000305175781250e+00 -9.187500000000000000e+00 2.318750000000000000e+01 -4.818750000000000000e+01 7.875000000000000000e+00 -6.750000000000000000e+00 8.062500000000000000e+00
2.049999952316284180e+00 -4.469999790191650391e+00 8.779999732971191406e+00 -9.187500000000000000e+00 2.318750000000000000e+01 -4.818750000000000000e+01 1.068750000000000000e+01 -8.250000000000000000e+00 6.750000000000000000e+00
2.039999961853027344e+00 -4.079999923706054688e+00 8.699999809265136719e+00 -9.187500000000000000e+00 2.318750000000000000e+01 -4.818750000000000000e+01 1.668750000000000000e+01 -6.937500000000000000e+00 6.062500000000000000e+00
1.759999990463256836e+00 -3.799999952316284180e+00 8.399999618530273438e+00 -9.187500000000000000e+00 2.318750000000000000e+01 -4.818750000000000000e+01 2.256250000000000000e+01 -5.187500000000000000e+00 5.875000000000000000e+00
5.600000023841857910e-01 -3.660000085830688477e+00 8.489999771118164062e+00 -9.187500000000000000e+00 2.318750000000000000e+01 -4.818750000000000000e+01 2.525000000000000000e+01 -1.812500000000000000e+00 5.437500000000000000e+00
8.600000143051147461e-01 -3.500000000000000000e+00 8.199999809265136719e+00 -1.075000000000000000e+01 2.237500000000000000e+01 -4.625000000000000000e+01 2.837500000000000000e+01 -2.437500000000000000e+00 2.187500000000000000e+00
1.409999966621398926e+00 -4.070000171661376953e+00 9.329999923706054688e+00 -1.075000000000000000e+01 2.237500000000000000e+01 -4.625000000000000000e+01 2.750000000000000000e+01 -5.562500000000000000e+00 1.875000000000000000e-01
9.399999976158142090e-01 -4.039999961853027344e+00 9.640000343322753906e+00 -1.075000000000000000e+01 2.237500000000000000e+01 -4.625000000000000000e+01 2.512500000000000000e+01 -2.125000000000000000e+00 -8.750000000000000000e-01
3.300000131130218506e-01 -4.699999809265136719e+00 9.029999732971191406e+00 -1.075000000000000000e+01 2.237500000000000000e+01 -4.625000000000000000e+01 2.056250000000000000e+01 1.812500000000000000e+00 -6.250000000000000000e-02
-2.599999904632568359e-01 -4.559999942779541016e+00 9.010000228881835938e+00 -1.075000000000000000e+01 2.237500000000000000e+01 -4.625000000000000000e+01 2.156250000000000000e+01 8.187500000000000000e+00 5.000000000000000000e-01
2.599999904632568359e-01 -4.840000152587890625e+00 9.699999809265136719e+00 -1.150000000000000000e+01 1.987500000000000000e+01 -4.668750000000000000e+01 2.225000000000000000e+01 8.062500000000000000e+00 1.812500000000000000e+00
-2.099999934434890747e-01 -5.059999942779541016e+00 9.390000343322753906e+00 -1.150000000000000000e+01 1.987500000000000000e+01 -4.668750000000000000e+01 1.875000000000000000e+01 1.068750000000000000e+01 3.312500000000000000e+00
-6.200000047683715820e-01 -5.269999980926513672e+00 9.529999732971191406e+00 -1.150000000000000000e+01 1.987500000000000000e+01 -4.668750000000000000e+01 1.543750000000000000e+01 1.475000000000000000e+01 6.000000000000000000e+00
-8.299999833106994629e-01 -5.119999885559082031e+00 9.090000152587890625e+00 -1.150000000000000000e+01 1.987500000000000000e+01 -4.668750000000000000e+01 1.318750000000000000e+01 1.781250000000000000e+01 7.312500000000000000e+00
-4.799999892711639404e-01 -5.239999771118164062e+00 9.430000305175781250e+00 -1.150000000000000000e+01 1.987500000000000000e+01 -4.668750000000000000e+01 1.012500000000000000e+01 1.743750000000000000e+01 1.050000000000000000e+01
3.600000143051147461e-01 -5.710000038146972656e+00 8.800000190734863281e+00 -1.300000000000000000e+01 1.918750000000000000e+01 -4.868750000000000000e+01 3.000000000000000000e+00 1.931250000000000000e+01 1.318750000000000000e+01
8.600000143051147461e-01 -5.210000038146972656e+00 8.859999656677246094e+00 -1.300000000000000000e+01 1.918750000000000000e+01 -4.868750000000000000e+01 -6.250000000000000000e-02 1.731250000000000000e+01 1.337500000000000000e+01
1.350000023841857910e+00 -4.400000095367431641e+00 9.729999542236328125e+00 -1.300000000000000000e+01 1.918750000000000000e+01 -4.868750000000000000e+01 8.812500000000000000e+00 1.762500000000000000e+01 9.437500000000000000e+00
2.380000114440917969e+00 -3.880000114440917969e+00 9.649999618530273438e+00 -1.300000000000000000e+01 1.918750000000000000e+01 -4.868750000000000000e+01 1.243750000000000000e+01 1.618750000000000000e+01 5.375000000000000000e+00
2.079999923706054688e+00 -4.059999942779541016e+00 9.479999542236328125e+00 -1.300000000000000000e+01 1.918750000000000000e+01 -4.868750000000000000e+01 6.562500000000000000e+00 1.843750000000000000e+01 2.312500000000000000e+00
1.840000033378601074e+00 -4.179999828338623047e+00 9.109999656677246094e+00 -1.000000000000000000e+01 1.850000000000000000e+01 -4.675000000000000000e+01 1.937500000000000000e+00 2.187500000000000000e+01 0.000000000000000000e+00
2.009999990463256836e+00 -3.869999885559082031e+00 9.010000228881835938e+00 -1.000000000000000000e+01 1.850000000000000000e+01 -4.675000000000000000e+01 2.187500000000000000e+00 2.050000000000000000e+01 -3.437500000000000000e+00
2.349999904632568359e+00 -3.430000066757202148e+00 9.239999771118164062e+00 -1.000000000000000000e+01 1.850000000000000000e+01 -4.675000000000000000e+01 3.875000000000000000e+00 1.562500000000000000e+01 -7.187500000000000000e+00
1.840000033378601074e+00 -3.660000085830688477e+00 9.029999732971191406e+00 -1.000000000000000000e+01 1.850000000000000000e+01 -4.675000000000000000e+01 1.312500000000000000e+00 1.443750000000000000e+01 -9.312500000000000000e+00
1.360000014305114746e+00 -3.940000057220458984e+00 8.630000114440917969e+00 -1.000000000000000000e+01 1.850000000000000000e+01 -4.675000000000000000e+01 -1.562500000000000000e+00 1.425000000000000000e+01 -1.106250000000000000e+01
1.309999942779541016e+00 -3.470000028610229492e+00 8.439999580383300781e+00 -1.100000000000000000e+01 1.925000000000000000e+01 -4.756250000000000000e+01 -6.250000000000000000e-02 1.068750000000000000e+01 -1.418750000000000000e+01
2.440000057220458984e+00 -3.119999885559082031e+00 9.140000343322753906e+00 -1.100000000000000000e+01 1.925000000000000000e+01 -4.756250000000000000e+01 8.125000000000000000e-01 3.500000000000000000e+00 -1.668750000000000000e+01
2.529999971389770508e+00 -3.619999885559082031e+00 9.670000076293945312e+00 -1.100000000000000000e+01 1.925000000000000000e+01 -4.756250000000000000e+01 -5.250000000000000000e+00 1.875000000000000000e-01 -1.637500000000000000e+01
