2.839999914169311523e+00 -3.440000057220458984e+00 8.670000076293945312e+00 3.375000000000000000e+00 1.506250000000000000e+01 -4.475000000000000000e+01 -1.875000000000000000e-01 0.000000000000000000e+00 -6.250000000000000000e-02
2.839999914169311523e+00 -3.450000047683715820e+00 8.670000076293945312e+00 3.375000000000000000e+00 1.506250000000000000e+01 -4.475000000000000000e+01 1.250000000000000000e-01 -1.875000000000000000e-01 0.000000000000000000e+00
2.869999885559082031e+00 -3.480000019073486328e+00 8.670000076293945312e+00 3.375000000000000000e+00 1.506250000000000000e+01 -4.475000000000000000e+01 -6.250000000000000000e-02 -1.250000000000000000e-01 0.000000000000000000e+00
2.849999904632568359e+00 -3.480000019073486328e+00 8.710000038146972656e+00 4.500000000000000000e+00 1.587500000000000000e+01 -4.518750000000000000e+01 -6.250000000000000000e-02 0.000000000000000000e+00 -6.250000000000000000e-02
2.839999914169311523e+00 -3.480000019073486328e+00 8.649999618530273438e+00 4.500000000000000000e+00 1.587500000000000000e+01 -4.518750000000000000e+01 1.250000000000000000e-01 -1.250000000000000000e-01 0.000000000000000000e+00
2.849999904632568359e+00 -3.460000038146972656e+00 8.670000076293945312e+00 4.500000000000000000e+00 1.587500000000000000e+01 -4.518750000000000000e+01 -1.250000000000000000e-01 6.250000000000000000e-02 -1.875000000000000000e-01
2.849999904632568359e+00 -3.440000057220458984e+00 8.710000038146972656e+00 4.500000000000000000e+00 1.587500000000000000e+01 -4.518750000000000000e+01 6.250000000000000000e-02 6.250000000000000000e-02 -1.875000000000000000e-01
2.869999885559082031e+00 -3.359999895095825195e+00 8.750000000000000000e+00 4.500000000000000000e+00 1.587500000000000000e+01 -4.518750000000000000e+01 -1.875000000000000000e-01 -1.250000000000000000e-01 -6.250000000000000000e-02
2.779999971389770508e+00 -3.269999980926513672e+00 8.859999656677246094e+00 2.250000000000000000e+00 1.618750000000000000e+01 -4.637500000000000000e+01 -1.375000000000000000e+00 -5.000000000000000000e-01 6.250000000000000000e-02
2.730000019073486328e+00 -3.250000000000000000e+00 8.949999809265136719e+00 2.250000000000000000e+00 1.618750000000000000e+01 -4.637500000000000000e+01 -4.875000000000000000e+00 -8.750000000000000000e-01 3.125000000000000000e-01
2.700000047683715820e+00 -3.140000104904174805e+00 9.100000381469726562e+00 2.250000000000000000e+00 1.618750000000000000e+01 -4.637500000000000000e+01 -1.112500000000000000e+01 -2.125000000000000000e+00 1.875000000000000000e-01
2.829999923706054688e+00 -2.480000019073486328e+00 9.109999656677246094e+00 2.250000000000000000e+00 1.618750000000000000e+01 -4.637500000000000000e+01 -2.150000000000000000e+01 -4.062500000000000000e+00 -6.250000000000000000e-02
3.119999885559082031e+00 -1.929999947547912598e+00 1.009000015258789062e+01 2.250000000000000000e+00 1.618750000000000000e+01 -4.637500000000000000e+01 -4.368750000000000000e+01 -6.562500000000000000e+00 1.187500000000000000e+00
3.349999904632568359e+00 -9.200000166893005371e-01 1.046000003814697266e+01 3.062500000000000000e+00 1.537500000000000000e+01 -4.475000000000000000e+01 -6.175000000000000000e+01 -8.500000000000000000e+00 5.250000000000000000e+00
3.250000000000000000e+00 -4.199999868869781494e-01 1.002000045776367188e+01 3.062500000000000000e+00 1.537500000000000000e+01 -4.475000000000000000e+01 -8.143750000000000000e+01 -1.106250000000000000e+01 1.250000000000000000e+01
3.410000085830688477e+00 -2.390000104904174805e+00 9.430000305175781250e+00 3.062500000000000000e+00 1.537500000000000000e+01 -4.475000000000000000e+01 -1.041250000000000000e+02 -1.118750000000000000e+01 2.043750000000000000e+01
2.910000085830688477e+00 -3.670000076293945312e+00 8.939999580383300781e+00 3.062500000000000000e+00 1.537500000000000000e+01 -4.475000000000000000e+01 -1.221250000000000000e+02 -9.812500000000000000e+00 2.612500000000000000e+01
2.519999980926513672e+00 -4.510000228881835938e+00 8.449999809265136719e+00 3.062500000000000000e+00 1.537500000000000000e+01 -4.475000000000000000e+01 -1.274375000000000000e+02 -8.250000000000000000e+00 2.950000000000000000e+01
2.789999961853027344e+00 -5.139999866485595703e+00 8.000000000000000000e+00 3.875000000000000000e+00 1.787500000000000000e+01 -4.356250000000000000e+01 -1.193750000000000000e+02 -1.131250000000000000e+01 3.081250000000000000e+01
3.069999933242797852e+00 -5.590000152587890625e+00 7.460000038146972656e+00 3.875000000000000000e+00 1.787500000000000000e+01 -4.356250000000000000e+01 -1.101250000000000000e+02 -1.362500000000000000e+01 3.037500000000000000e+01
2.880000114440917969e+00 -5.550000190734863281e+00 7.579999923706054688e+00 3.875000000000000000e+00 1.787500000000000000e+01 -4.356250000000000000e+01 -1.055000000000000000e+02 -1.262500000000000000e+01 2.962500000000000000e+01
2.819999933242797852e+00 -5.139999866485595703e+00 7.750000000000000000e+00 3.875000000000000000e+00 1.787500000000000000e+01 -4.356250000000000000e+01 -9.831250000000000000e+01 -1.231250000000000000e+01 2.856250000000000000e+01
2.720000028610229492e+00 -4.730000019073486328e+00 8.010000228881835938e+00 3.875000000000000000e+00 1.787500000000000000e+01 -4.356250000000000000e+01 -9.225000000000000000e+01 -1.275000000000000000e+01 2.868750000000000000e+01
2.950000047683715820e+00 -4.230000019073486328e+00 8.279999732971191406e+00 3.875000000000000000e+00 2.168750000000000000e+01 -4.037500000000000000e+01 -9.106250000000000000e+01 -1.475000000000000000e+01 3.006250000000000000e+01
2.920000076293945312e+00 -4.190000057220458984e+00 8.140000343322753906e+00 3.875000000000000000e+00 2.168750000000000000e+01 -4.037500000000000000e+01 -9.525000000000000000e+01 -1.568750000000000000e+01 3.275000000000000000e+01
2.859999895095825195e+00 -4.239999771118164062e+00 8.109999656677246094e+00 3.875000000000000000e+00 2.168750000000000000e+01 -4.037500000000000000e+01 -1.021875000000000000e+02 -1.600000000000000000e+01 3.587500000000000000e+01
2.640000104904174805e+00 -4.380000114440917969e+00 8.050000190734863281e+00 3.875000000000000000e+00 2.168750000000000000e+01 -4.037500000000000000e+01 -1.100625000000000000e+02 -1.693750000000000000e+01 3.962500000000000000e+01
2.559999942779541016e+00 -4.550000190734863281e+00 7.829999923706054688e+00 3.875000000000000000e+00 2.168750000000000000e+01 -4.037500000000000000e+01 -1.173750000000000000e+02 -1.843750000000000000e+01 4.375000000000000000e+01
2.480000019073486328e+00 -4.659999847412109375e+00 7.760000228881835938e+00 3.500000000000000000e+00 2.356250000000000000e+01 -3.800000000000000000e+01 -1.254375000000000000e+02 -1.987500000000000000e+01 4.750000000000000000e+01
2.589999914169311523e+00 -4.699999809265136719e+00 7.800000190734863281e+00 3.500000000000000000e+00 2.356250000000000000e+01 -3.800000000000000000e+01 -1.350000000000000000e+02 -2.212500000000000000e+01 5.062500000000000000e+01
2.470000028610229492e+00 -4.739999771118164062e+00 7.530000209808349609e+00 3.500000000000000000e+00 2.356250000000000000e+01 -3.800000000000000000e+01 -1.456875000000000000e+02 -2.362500000000000000e+01 5.368750000000000000e+01
2.359999895095825195e+00 -5.039999961853027344e+00 7.329999923706054688e+00 3.500000000000000000e+00 2.356250000000000000e+01 -3.800000000000000000e+01 -1.568125000000000000e+02 -2.331250000000000000e+01 5.600000000000000000e+01
2.440000057220458984e+00 -5.320000171661376953e+00 7.019999980926513672e+00 3.500000000000000000e+00 2.356250000000000000e+01 -3.800000000000000000e+01 -1.671250000000000000e+02 -2.443750000000000000e+01 5.681250000000000000e+01
2.549999952316284180e+00 -5.639999866485595703e+00 6.690000057220458984e+00 4.375000000000000000e+00 2.925000000000000000e+01 -3.637500000000000000e+01 -1.771250000000000000e+02 -2.556250000000000000e+01 5.793750000000000000e+01
2.490000009536743164e+00 -6.420000076293945312e+00 5.739999771118164062e+00 4.375000000000000000e+00 2.925000000000000000e+01 -3.637500000000000000e+01 -1.863750000000000000e+02 -2.568750000000000000e+01 5.931250000000000000e+01
2.200000047683715820e+00 -6.920000076293945312e+00 5.130000114440917969e+00 4.375000000000000000e+00 2.925000000000000000e+01 -3.637500000000000000e+01 -1.915000000000000000e+02 -2.556250000000000000e+01 6.062500000000000000e+01
2.220000028610229492e+00 -7.659999847412109375e+00 4.570000171661376953e+00 4.375000000000000000e+00 2.925000000000000000e+01 -3.637500000000000000e+01 -1.930625000000000000e+02 -2.537500000000000000e+01 6.037500000000000000e+01
2.000000000000000000e+00 -9.250000000000000000e+00 2.980000019073486328e+00 4.375000000000000000e+00 2.925000000000000000e+01 -3.637500000000000000e+01 -1.910000000000000000e+02 -2.443750000000000000e+01 5.725000000000000000e+01
1.950000047683715820e+00 -9.850000381469726562e+00 2.410000085830688477e+00 5.687500000000000000e+00 3.375000000000000000e+01 -3.275000000000000000e+01 -1.835000000000000000e+02 -2.212500000000000000e+01 5.125000000000000000e+01
1.929999947547912598e+00 -1.010999965667724609e+01 2.079999923706054688e+00 5.687500000000000000e+00 3.375000000000000000e+01 -3.275000000000000000e+01 -1.681250000000000000e+02 -1.800000000000000000e+01 4.343750000000000000e+01
2.200000047683715820e+00 -1.032999992370605469e+01 1.860000014305114746e+00 5.687500000000000000e+00 3.375000000000000000e+01 -3.275000000000000000e+01 -1.482500000000000000e+02 -1.318750000000000000e+01 3.487500000000000000e+01
1.679999947547912598e+00 -1.019999980926513672e+01 2.960000038146972656e+00 5.687500000000000000e+00 3.375000000000000000e+01 -3.275000000000000000e+01 -1.277500000000000000e+02 -1.037500000000000000e+01 2.700000000000000000e+01
2.109999895095825195e+00 -9.590000152587890625e+00 3.269999980926513672e+00 5.687500000000000000e+00 3.375000000000000000e+01 -3.275000000000000000e+01 -1.089375000000000000e+02 -1.043750000000000000e+01 2.062500000000000000e+01
2.160000085830688477e+00 -9.119999885559082031e+00 3.740000009536743164e+00 8.562500000000000000e+00 3.875000000000000000e+01 -2.600000000000000000e+01 -9.568750000000000000e+01 -1.150000000000000000e+01 2.056250000000000000e+01
2.130000114440917969e+00 -8.699999809265136719e+00 4.070000171661376953e+00 8.562500000000000000e+00 3.875000000000000000e+01 -2.600000000000000000e+01 -8.837500000000000000e+01 -1.168750000000000000e+01 2.368750000000000000e+01
2.420000076293945312e+00 -8.079999923706054688e+00 4.360000133514404297e+00 8.562500000000000000e+00 3.875000000000000000e+01 -2.600000000000000000e+01 -8.631250000000000000e+01 -1.256250000000000000e+01 2.562500000000000000e+01
2.220000028610229492e+00 -8.119999885559082031e+00 4.199999809265136719e+00 8.562500000000000000e+00 3.875000000000000000e+01 -2.600000000000000000e+01 -9.100000000000000000e+01 -1.256250000000000000e+01 2.662500000000000000e+01
2.079999923706054688e+00 -8.270000457763671875e+00 3.869999885559082031e+00 8.562500000000000000e+00 3.875000000000000000e+01 -2.600000000000000000e+01 -9.843750000000000000e+01 -1.225000000000000000e+01 2.718750000000000000e+01
1.899999976158142090e+00 -8.579999923706054688e+00 3.130000114440917969e+00 7.562500000000000000e+00 4.125000000000000000e+01 -2.368750000000000000e+01 -1.024375000000000000e+02 -1.212500000000000000e+01 2.837500000000000000e+01
1.960000038146972656e+00 -8.729999542236328125e+00 2.829999923706054688e+00 7.562500000000000000e+00 4.125000000000000000e+01 -2.368750000000000000e+01 -1.028750000000000000e+02 -1.175000000000000000e+01 3.000000000000000000e+01
2.180000066757202148e+00 -9.390000343322753906e+00 2.680000066757202148e+00 7.562500000000000000e+00 4.125000000000000000e+01 -2.368750000000000000e+01 -1.033125000000000000e+02 -1.050000000000000000e+01 3.125000000000000000e+01
1.769999980926513672e+00 -9.850000381469726562e+00 2.170000076293945312e+00 7.562500000000000000e+00 4.125000000000000000e+01 -2.368750000000000000e+01 -1.028125000000000000e+02 -9.437500000000000000e+00 3.037500000000000000e+01
1.289999961853027344e+00 -1.028999996185302734e+01 1.679999947547912598e+00 7.562500000000000000e+00 4.125000000000000000e+01 -2.368750000000000000e+01 -9.518750000000000000e+01 -7.562500000000000000e+00 2.512500000000000000e+01
1.320000052452087402e+00 -1.063000011444091797e+01 9.200000166893005371e-01 8.875000000000000000e+00 4.368750000000000000e+01 -2.056250000000000000e+01 -8.368750000000000000e+01 -5.562500000000000000e+00 2.050000000000000000e+01
1.179999947547912598e+00 -1.110000038146972656e+01 1.149999976158142090e+00 8.875000000000000000e+00 4.368750000000000000e+01 -2.056250000000000000e+01 -6.968750000000000000e+01 -5.312500000000000000e+00 1.150000000000000000e+01
1.480000019073486328e+00 -1.106999969482421875e+01 1.029999971389770508e+00 8.875000000000000000e+00 4.368750000000000000e+01 -2.056250000000000000e+01 -5.350000000000000000e+01 -5.500000000000000000e+00 2.062500000000000000e+00
1.870000004768371582e+00 -1.077000045776367188e+01 1.320000052452087402e+00 8.875000000000000000e+00 4.368750000000000000e+01 -2.056250000000000000e+01 -3.675000000000000000e+01 -6.000000000000000000e+00 -5.125000000000000000e+00
1.970000028610229492e+00 -1.057999992370605469e+01 1.389999985694885254e+00 8.875000000000000000e+00 4.368750000000000000e+01 -2.056250000000000000e+01 -2.331250000000000000e+01 -4.250000000000000000e+00 -8.000000000000000000e+00
1.929999947547912598e+00 -1.047000026702880859e+01 1.649999976158142090e+00 9.500000000000000000e+00 4.475000000000000000e+01 -1.737500000000000000e+01 -1.356250000000000000e+01 -2.125000000000000000e+00 -7.125000000000000000e+00
1.899999976158142090e+00 -1.006000041961669922e+01 2.000000000000000000e+00 9.500000000000000000e+00 4.475000000000000000e+01 -1.737500000000000000e+01 -5.125000000000000000e+00 -3.125000000000000000e-01 -4.812500000000000000e+00
1.950000047683715820e+00 -9.840000152587890625e+00 2.190000057220458984e+00 9.500000000000000000e+00 4.475000000000000000e+01 -1.737500000000000000e+01 1.375000000000000000e+00 1.250000000000000000e-01 -2.750000000000000000e+00
1.970000028610229492e+00 -9.640000343322753906e+00 2.279999971389770508e+00 9.500000000000000000e+00 4.475000000000000000e+01 -1.737500000000000000e+01 5.937500000000000000e+00 2.500000000000000000e-01 -1.125000000000000000e+00
1.960000038146972656e+00 -9.600000381469726562e+00 2.279999971389770508e+00 9.500000000000000000e+00 4.475000000000000000e+01 -1.737500000000000000e+01 8.687500000000000000e+00 9.375000000000000000e-01 -5.000000000000000000e-01
1.960000038146972656e+00 -9.600000381469726562e+00 2.279999971389770508e+00 9.687500000000000000e+00 4.587500000000000000e+01 -1.668750000000000000e+01 1.075000000000000000e+01 1.687500000000000000e+00 -1.500000000000000000e+00
1.779999971389770508e+00 -9.960000038146972656e+00 1.970000028610229492e+00 9.687500000000000000e+00 4.587500000000000000e+01 -1.668750000000000000e+01 1.437500000000000000e+01 2.375000000000000000e+00 -3.250000000000000000e+00
1.899999976158142090e+00 -9.979999542236328125e+00 1.960000038146972656e+00 9.687500000000000000e+00 4.587500000000000000e+01 -1.668750000000000000e+01 1.937500000000000000e+01 2.687500000000000000e+00 -5.000000000000000000e+00
1.909999966621398926e+00 -9.850000381469726562e+00 2.059999942779541016e+00 9.687500000000000000e+00 4.587500000000000000e+01 -1.668750000000000000e+01 2.506250000000000000e+01 3.312500000000000000e+00 -6.312500000000000000e+00
1.909999966621398926e+00 -9.880000114440917969e+00 2.130000114440917969e+00 9.687500000000000000e+00 4.587500000000000000e+01 -1.668750000000000000e+01 3.112500000000000000e+01 4.375000000000000000e+00 -7.562500000000000000e+00
1.909999966621398926e+00 -9.880000114440917969e+00 2.130000114440917969e+00 8.875000000000000000e+00 4.468750000000000000e+01 -1.787500000000000000e+01 3.643750000000000000e+01 5.312500000000000000e+00 -8.625000000000000000e+00
1.940000057220458984e+00 -9.859999656677246094e+00 2.279999971389770508e+00 8.875000000000000000e+00 4.468750000000000000e+01 -1.787500000000000000e+01 4.137500000000000000e+01 5.875000000000000000e+00 -9.875000000000000000e+00
1.970000028610229492e+00 -9.529999732971191406e+00 2.549999952316284180e+00 8.875000000000000000e+00 4.468750000000000000e+01 -1.787500000000000000e+01 4.525000000000000000e+01 6.812500000000000000e+00 -1.056250000000000000e+01
1.980000019073486328e+00 -9.510000228881835938e+00 2.670000076293945312e+00 8.875000000000000000e+00 4.468750000000000000e+01 -1.787500000000000000e+01 4.806250000000000000e+01 7.937500000000000000e+00 -1.137500000000000000e+01
1.970000028610229492e+00 -9.369999885559082031e+00 2.789999961853027344e+00 8.875000000000000000e+00 4.468750000000000000e+01 -1.787500000000000000e+01 5.093750000000000000e+01 8.312500000000000000e+00 -1.193750000000000000e+01
1.970000028610229492e+00 -9.369999885559082031e+00 2.789999961853027344e+00 8.875000000000000000e+00 4.456250000000000000e+01 -1.950000000000000000e+01 5.306250000000000000e+01 8.375000000000000000e+00 -1.256250000000000000e+01
1.889999985694885254e+00 -9.340000152587890625e+00 2.890000104904174805e+00 8.875000000000000000e+00 4.456250000000000000e+01 -1.950000000000000000e+01 5.437500000000000000e+01 9.000000000000000000e+00 -1.337500000000000000e+01
1.860000014305114746e+00 -9.359999656677246094e+00 2.880000114440917969e+00 8.875000000000000000e+00 4.456250000000000000e+01 -1.950000000000000000e+01 5.731250000000000000e+01 8.812500000000000000e+00 -1.381250000000000000e+01
1.909999966621398926e+00 -9.439999580383300781e+00 2.819999933242797852e+00 8.875000000000000000e+00 4.456250000000000000e+01 -1.950000000000000000e+01 6.143750000000000000e+01 8.250000000000000000e+00 -1.481250000000000000e+01
1.950000047683715820e+00 -9.680000305175781250e+00 2.809999942779541016e+00 8.875000000000000000e+00 4.456250000000000000e+01 -1.950000000000000000e+01 6.656250000000000000e+01 8.375000000000000000e+00 -1.612500000000000000e+01
1.950000047683715820e+00 -9.680000305175781250e+00 2.809999942779541016e+00 8.500000000000000000e+00 4.337500000000000000e+01 -2.150000000000000000e+01 7.243750000000000000e+01 8.625000000000000000e+00 -1.825000000000000000e+01
2.119999885559082031e+00 -9.670000076293945312e+00 2.880000114440917969e+00 8.500000000000000000e+00 4.337500000000000000e+01 -2.150000000000000000e+01 7.781250000000000000e+01 9.187500000000000000e+00 -2.018750000000000000e+01
2.089999914169311523e+00 -9.300000190734863281e+00 3.220000028610229492e+00 8.500000000000000000e+00 4.337500000000000000e+01 -2.150000000000000000e+01 8.231250000000000000e+01 1.043750000000000000e+01 -2.193750000000000000e+01
2.089999914169311523e+00 -9.010000228881835938e+00 3.500000000000000000e+00 8.500000000000000000e+00 4.337500000000000000e+01 -2.150000000000000000e+01 8.575000000000000000e+01 1.156250000000000000e+01 -2.368750000000000000e+01
2.019999980926513672e+00 -8.920000076293945312e+00 3.680000066757202148e+00 8.500000000000000000e+00 4.337500000000000000e+01 -2.150000000000000000e+01 8.987500000000000000e+01 1.218750000000000000e+01 -2.512500000000000000e+01
2.019999980926513672e+00 -8.920000076293945312e+00 3.680000066757202148e+00 7.000000000000000000e+00 4.225000000000000000e+01 -2.387500000000000000e+01 9.418750000000000000e+01 1.193750000000000000e+01 -2.631250000000000000e+01
2.160000085830688477e+00 -8.600000381469726562e+00 3.990000009536743164e+00 7.000000000000000000e+00 4.225000000000000000e+01 -2.387500000000000000e+01 9.787500000000000000e+01 1.150000000000000000e+01 -2.737500000000000000e+01
2.130000114440917969e+00 -8.609999656677246094e+00 4.000000000000000000e+00 7.000000000000000000e+00 4.225000000000000000e+01 -2.387500000000000000e+01 9.962500000000000000e+01 1.150000000000000000e+01 -2.856250000000000000e+01
2.190000057220458984e+00 -8.720000267028808594e+00 3.940000057220458984e+00 7.000000000000000000e+00 4.225000000000000000e+01 -2.387500000000000000e+01 1.021250000000000000e+02 1.181250000000000000e+01 -3.006250000000000000e+01
2.230000019073486328e+00 -8.819999694824218750e+00 3.930000066757202148e+00 7.000000000000000000e+00 4.225000000000000000e+01 -2.387500000000000000e+01 1.078125000000000000e+02 1.281250000000000000e+01 -3.187500000000000000e+01
2.089999914169311523e+00 -8.949999809265136719e+00 3.849999904632568359e+00 6.562500000000000000e+00 4.000000000000000000e+01 -2.750000000000000000e+01 1.159375000000000000e+02 1.425000000000000000e+01 -3.425000000000000000e+01
2.089999914169311523e+00 -8.949999809265136719e+00 3.849999904632568359e+00 6.562500000000000000e+00 4.000000000000000000e+01 -2.750000000000000000e+01 1.256250000000000000e+02 1.531250000000000000e+01 -3.681250000000000000e+01
2.049999952316284180e+00 -8.880000114440917969e+00 4.039999961853027344e+00 6.562500000000000000e+00 4.000000000000000000e+01 -2.750000000000000000e+01 1.352500000000000000e+02 1.531250000000000000e+01 -3.937500000000000000e+01
2.289999961853027344e+00 -8.569999694824218750e+00 4.329999923706054688e+00 6.562500000000000000e+00 4.000000000000000000e+01 -2.750000000000000000e+01 1.429375000000000000e+02 1.475000000000000000e+01 -4.212500000000000000e+01
2.680000066757202148e+00 -8.000000000000000000e+00 4.739999771118164062e+00 6.562500000000000000e+00 4.000000000000000000e+01 -2.750000000000000000e+01 1.476875000000000000e+02 1.837500000000000000e+01 -4.443750000000000000e+01
2.390000104904174805e+00 -7.650000095367431641e+00 5.269999980926513672e+00 5.750000000000000000e+00 3.750000000000000000e+01 -3.025000000000000000e+01 1.492500000000000000e+02 1.950000000000000000e+01 -4.556250000000000000e+01
2.539999961853027344e+00 -7.119999885559082031e+00 5.710000038146972656e+00 5.750000000000000000e+00 3.750000000000000000e+01 -3.025000000000000000e+01 1.476250000000000000e+02 1.743750000000000000e+01 -4.793750000000000000e+01
3.009999990463256836e+00 -6.630000114440917969e+00 6.070000171661376953e+00 5.750000000000000000e+00 3.750000000000000000e+01 -3.025000000000000000e+01 1.407500000000000000e+02 1.825000000000000000e+01 -4.787500000000000000e+01
3.259999990463256836e+00 -6.239999771118164062e+00 6.389999866485595703e+00 5.750000000000000000e+00 3.750000000000000000e+01 -3.025000000000000000e+01 1.330625000000000000e+02 2.268750000000000000e+01 -4.693750000000000000e+01
2.660000085830688477e+00 -6.170000076293945312e+00 6.409999847412109375e+00 5.750000000000000000e+00 3.750000000000000000e+01 -3.025000000000000000e+01 1.286250000000000000e+02 2.462500000000000000e+01 -4.625000000000000000e+01
2.670000076293945312e+00 -6.190000057220458984e+00 6.539999961853027344e+00 4.000000000000000000e+00 3.375000000000000000e+01 -3.387500000000000000e+01 1.291875000000000000e+02 2.512500000000000000e+01 -4.525000000000000000e+01
2.480000019073486328e+00 -6.050000190734863281e+00 6.550000190734863281e+00 4.000000000000000000e+00 3.375000000000000000e+01 -3.387500000000000000e+01 1.299375000000000000e+02 2.468750000000000000e+01 -4.475000000000000000e+01
