3.079999923706054688e+00 -2.170000076293945312e+00 9.020000457763671875e+00 1.087500000000000000e+01 9.250000000000000000e+00 -5.175000000000000000e+01 -1.250000000000000000e+00 -5.625000000000000000e-01 3.125000000000000000e-01
3.099999904632568359e+00 -2.170000076293945312e+00 9.010000228881835938e+00 1.087500000000000000e+01 9.250000000000000000e+00 -5.175000000000000000e+01 -1.312500000000000000e+00 -5.625000000000000000e-01 4.375000000000000000e-01
3.099999904632568359e+00 -2.220000028610229492e+00 8.960000038146972656e+00 1.087500000000000000e+01 9.250000000000000000e+00 -5.175000000000000000e+01 -1.437500000000000000e+00 -5.625000000000000000e-01 5.625000000000000000e-01
3.089999914169311523e+00 -2.230000019073486328e+00 8.939999580383300781e+00 1.087500000000000000e+01 9.250000000000000000e+00 -5.175000000000000000e+01 -1.125000000000000000e+00 -3.750000000000000000e-01 3.125000000000000000e-01
3.099999904632568359e+00 -2.240000009536743164e+00 9.010000228881835938e+00 1.087500000000000000e+01 9.250000000000000000e+00 -5.175000000000000000e+01 -1.125000000000000000e+00 -3.750000000000000000e-01 3.125000000000000000e-01
3.109999895095825195e+00 -2.269999980926513672e+00 9.010000228881835938e+00 1.006250000000000000e+01 1.150000000000000000e+01 -5.100000000000000000e+01 -8.125000000000000000e-01 -3.750000000000000000e-01 1.875000000000000000e-01
3.109999895095825195e+00 -2.230000019073486328e+00 8.979999542236328125e+00 1.006250000000000000e+01 1.150000000000000000e+01 -5.100000000000000000e+01 -8.125000000000000000e-01 -3.125000000000000000e-01 3.125000000000000000e-01
3.109999895095825195e+00 -2.259999990463256836e+00 8.970000267028808594e+00 1.006250000000000000e+01 1.150000000000000000e+01 -5.100000000000000000e+01 -4.375000000000000000e-01 -6.250000000000000000e-02 2.500000000000000000e-01
3.089999914169311523e+00 -2.220000028610229492e+00 8.960000038146972656e+00 1.006250000000000000e+01 1.150000000000000000e+01 -5.100000000000000000e+01 -5.000000000000000000e-01 -6.250000000000000000e-02 6.250000000000000000e-02
3.099999904632568359e+00 -2.220000028610229492e+00 9.010000228881835938e+00 1.006250000000000000e+01 1.150000000000000000e+01 -5.100000000000000000e+01 -5.000000000000000000e-01 -6.250000000000000000e-02 6.250000000000000000e-02
3.099999904632568359e+00 -2.269999980926513672e+00 8.989999771118164062e+00 1.125000000000000000e+01 9.687500000000000000e+00 -5.100000000000000000e+01 -1.250000000000000000e-01 2.500000000000000000e-01 -6.250000000000000000e-02
3.109999895095825195e+00 -2.269999980926513672e+00 9.020000457763671875e+00 1.125000000000000000e+01 9.687500000000000000e+00 -5.100000000000000000e+01 6.250000000000000000e-02 4.375000000000000000e-01 -1.875000000000000000e-01
3.119999885559082031e+00 -2.240000009536743164e+00 8.970000267028808594e+00 1.125000000000000000e+01 9.687500000000000000e+00 -5.100000000000000000e+01 4.375000000000000000e-01 3.125000000000000000e-01 -2.500000000000000000e-01
3.109999895095825195e+00 -2.210000038146972656e+00 9.010000228881835938e+00 1.125000000000000000e+01 9.687500000000000000e+00 -5.100000000000000000e+01 3.750000000000000000e-01 5.000000000000000000e-01 -3.750000000000000000e-01
3.109999895095825195e+00 -2.220000028610229492e+00 9.000000000000000000e+00 1.125000000000000000e+01 9.687500000000000000e+00 -5.100000000000000000e+01 3.750000000000000000e-01 5.000000000000000000e-01 -3.750000000000000000e-01
3.099999904632568359e+00 -2.220000028610229492e+00 9.020000457763671875e+00 1.050000000000000000e+01 1.150000000000000000e+01 -5.137500000000000000e+01 6.250000000000000000e-01 6.875000000000000000e-01 -1.875000000000000000e-01
3.089999914169311523e+00 -2.220000028610229492e+00 9.029999732971191406e+00 1.050000000000000000e+01 1.150000000000000000e+01 -5.137500000000000000e+01 7.500000000000000000e-01 4.375000000000000000e-01 -4.375000000000000000e-01
3.099999904632568359e+00 -2.230000019073486328e+00 8.979999542236328125e+00 1.050000000000000000e+01 1.150000000000000000e+01 -5.137500000000000000e+01 6.250000000000000000e-01 5.000000000000000000e-01 -3.750000000000000000e-01
3.119999885559082031e+00 -2.230000019073486328e+00 8.989999771118164062e+00 1.050000000000000000e+01 1.150000000000000000e+01 -5.137500000000000000e+01 6.875000000000000000e-01 6.875000000000000000e-01 -3.125000000000000000e-01
3.099999904632568359e+00 -2.240000009536743164e+00 9.010000228881835938e+00 1.050000000000000000e+01 1.150000000000000000e+01 -5.137500000000000000e+01 6.875000000000000000e-01 6.875000000000000000e-01 -3.125000000000000000e-01
3.099999904632568359e+00 -2.230000019073486328e+00 8.989999771118164062e+00 1.050000000000000000e+01 1.000000000000000000e+01 -5.100000000000000000e+01 8.125000000000000000e-01 8.125000000000000000e-01 -3.750000000000000000e-01
3.099999904632568359e+00 -2.200000047683715820e+00 9.010000228881835938e+00 1.050000000000000000e+01 1.000000000000000000e+01 -5.100000000000000000e+01 6.250000000000000000e-01 6.250000000000000000e-01 -3.750000000000000000e-01
3.089999914169311523e+00 -2.190000057220458984e+00 9.000000000000000000e+00 1.050000000000000000e+01 1.000000000000000000e+01 -5.100000000000000000e+01 6.875000000000000000e-01 7.500000000000000000e-01 -5.000000000000000000e-01
3.109999895095825195e+00 -2.210000038146972656e+00 9.000000000000000000e+00 1.050000000000000000e+01 1.000000000000000000e+01 -5.100000000000000000e+01 6.250000000000000000e-01 6.250000000000000000e-01 -1.875000000000000000e-01
3.069999933242797852e+00 -2.170000076293945312e+00 8.979999542236328125e+00 1.050000000000000000e+01 1.000000000000000000e+01 -5.100000000000000000e+01 6.250000000000000000e-01 6.250000000000000000e-01 -1.875000000000000000e-01
3.109999895095825195e+00 -2.210000038146972656e+00 8.949999809265136719e+00 1.006250000000000000e+01 1.000000000000000000e+01 -5.100000000000000000e+01 5.625000000000000000e-01 1.000000000000000000e+00 -5.000000000000000000e-01
3.039999961853027344e+00 -2.210000038146972656e+00 8.909999847412109375e+00 1.006250000000000000e+01 1.000000000000000000e+01 -5.100000000000000000e+01 6.875000000000000000e-01 3.750000000000000000e-01 -5.000000000000000000e-01
2.990000009536743164e+00 -2.230000019073486328e+00 9.010000228881835938e+00 1.006250000000000000e+01 1.000000000000000000e+01 -5.100000000000000000e+01 6.875000000000000000e-01 1.875000000000000000e-01 -3.750000000000000000e-01
3.049999952316284180e+00 -2.069999933242797852e+00 9.069999694824218750e+00 1.006250000000000000e+01 1.000000000000000000e+01 -5.100000000000000000e+01 -5.000000000000000000e-01 3.125000000000000000e-01 -1.875000000000000000e-01
2.910000085830688477e+00 -2.049999952316284180e+00 9.079999923706054688e+00 1.006250000000000000e+01 1.000000000000000000e+01 -5.100000000000000000e+01 -5.000000000000000000e-01 3.125000000000000000e-01 -1.875000000000000000e-01
2.980000019073486328e+00 -2.069999933242797852e+00 9.079999923706054688e+00 1.087500000000000000e+01 1.000000000000000000e+01 -5.137500000000000000e+01 -2.375000000000000000e+00 -8.125000000000000000e-01 1.875000000000000000e-01
3.069999933242797852e+00 -1.919999957084655762e+00 9.159999847412109375e+00 1.087500000000000000e+01 1.000000000000000000e+01 -5.137500000000000000e+01 -5.312500000000000000e+00 -1.687500000000000000e+00 8.125000000000000000e-01
3.140000104904174805e+00 -2.079999923706054688e+00 9.020000457763671875e+00 1.087500000000000000e+01 1.000000000000000000e+01 -5.137500000000000000e+01 -5.437500000000000000e+00 -1.875000000000000000e+00 1.437500000000000000e+00
3.109999895095825195e+00 -2.230000019073486328e+00 9.060000419616699219e+00 1.087500000000000000e+01 1.000000000000000000e+01 -5.137500000000000000e+01 -4.937500000000000000e+00 -2.000000000000000000e+00 1.625000000000000000e+00
3.119999885559082031e+00 -2.170000076293945312e+00 9.050000190734863281e+00 1.087500000000000000e+01 1.000000000000000000e+01 -5.137500000000000000e+01 -4.937500000000000000e+00 -2.000000000000000000e+00 1.625000000000000000e+00
3.099999904632568359e+00 -2.029999971389770508e+00 9.050000190734863281e+00 1.087500000000000000e+01 1.037500000000000000e+01 -5.100000000000000000e+01 -5.187500000000000000e+00 -2.187500000000000000e+00 2.062500000000000000e+00
3.079999923706054688e+00 -2.109999895095825195e+00 9.050000190734863281e+00 1.087500000000000000e+01 1.037500000000000000e+01 -5.100000000000000000e+01 -5.687500000000000000e+00 -2.625000000000000000e+00 2.437500000000000000e+00
3.119999885559082031e+00 -2.230000019073486328e+00 8.979999542236328125e+00 1.087500000000000000e+01 1.037500000000000000e+01 -5.100000000000000000e+01 -6.125000000000000000e+00 -2.875000000000000000e+00 2.500000000000000000e+00
3.150000095367431641e+00 -2.369999885559082031e+00 8.960000038146972656e+00 1.087500000000000000e+01 1.037500000000000000e+01 -5.100000000000000000e+01 -5.312500000000000000e+00 -2.812500000000000000e+00 2.312500000000000000e+00
3.119999885559082031e+00 -2.450000047683715820e+00 8.949999809265136719e+00 1.087500000000000000e+01 1.037500000000000000e+01 -5.100000000000000000e+01 -5.312500000000000000e+00 -2.812500000000000000e+00 2.312500000000000000e+00
3.140000104904174805e+00 -2.380000114440917969e+00 8.970000267028808594e+00 1.006250000000000000e+01 1.118750000000000000e+01 -5.056250000000000000e+01 -4.312500000000000000e+00 -2.750000000000000000e+00 1.875000000000000000e+00
3.140000104904174805e+00 -2.269999980926513672e+00 9.170000076293945312e+00 1.006250000000000000e+01 1.118750000000000000e+01 -5.056250000000000000e+01 -8.812500000000000000e+00 -3.562500000000000000e+00 1.625000000000000000e+00
3.230000019073486328e+00 -2.049999952316284180e+00 9.420000076293945312e+00 1.006250000000000000e+01 1.118750000000000000e+01 -5.056250000000000000e+01 -1.356250000000000000e+01 -4.375000000000000000e+00 1.937500000000000000e+00
3.269999980926513672e+00 -1.980000019073486328e+00 9.750000000000000000e+00 1.006250000000000000e+01 1.118750000000000000e+01 -5.056250000000000000e+01 -2.081250000000000000e+01 -5.000000000000000000e+00 3.062500000000000000e+00
3.569999933242797852e+00 -1.820000052452087402e+00 9.359999656677246094e+00 1.006250000000000000e+01 1.118750000000000000e+01 -5.056250000000000000e+01 -2.081250000000000000e+01 -5.000000000000000000e+00 3.062500000000000000e+00
3.569999933242797852e+00 -2.000000000000000000e+00 9.029999732971191406e+00 9.750000000000000000e+00 1.075000000000000000e+01 -5.018750000000000000e+01 -2.487500000000000000e+01 -3.000000000000000000e+00 4.687500000000000000e+00
3.599999904632568359e+00 -2.029999971389770508e+00 9.279999732971191406e+00 9.750000000000000000e+00 1.075000000000000000e+01 -5.018750000000000000e+01 -2.456250000000000000e+01 2.125000000000000000e+00 7.437500000000000000e+00
3.710000038146972656e+00 -2.029999971389770508e+00 9.189999580383300781e+00 9.750000000000000000e+00 1.075000000000000000e+01 -5.018750000000000000e+01 -2.625000000000000000e+01 6.812500000000000000e+00 8.250000000000000000e+00
3.359999895095825195e+00 -2.109999895095825195e+00 8.949999809265136719e+00 9.750000000000000000e+00 1.075000000000000000e+01 -5.018750000000000000e+01 -2.756250000000000000e+01 8.500000000000000000e+00 8.250000000000000000e+00
3.000000000000000000e+00 -2.480000019073486328e+00 8.899999618530273438e+00 9.750000000000000000e+00 1.075000000000000000e+01 -5.018750000000000000e+01 -2.756250000000000000e+01 8.500000000000000000e+00 8.250000000000000000e+00
2.789999961853027344e+00 -3.049999952316284180e+00 8.579999923706054688e+00 1.050000000000000000e+01 1.075000000000000000e+01 -5.100000000000000000e+01 -2.625000000000000000e+01 8.250000000000000000e+00 7.437500000000000000e+00
2.640000104904174805e+00 -3.170000076293945312e+00 8.449999809265136719e+00 1.050000000000000000e+01 1.075000000000000000e+01 -5.100000000000000000e+01 -1.862500000000000000e+01 4.500000000000000000e+00 5.562500000000000000e+00
2.630000114440917969e+00 -3.180000066757202148e+00 8.390000343322753906e+00 1.050000000000000000e+01 1.075000000000000000e+01 -5.100000000000000000e+01 -1.418750000000000000e+01 2.062500000000000000e+00 4.437500000000000000e+00
2.660000085830688477e+00 -3.069999933242797852e+00 8.380000114440917969e+00 1.050000000000000000e+01 1.075000000000000000e+01 -5.100000000000000000e+01 -9.875000000000000000e+00 1.875000000000000000e-01 3.312500000000000000e+00
2.680000066757202148e+00 -2.950000047683715820e+00 8.449999809265136719e+00 1.050000000000000000e+01 1.075000000000000000e+01 -5.100000000000000000e+01 -9.875000000000000000e+00 1.875000000000000000e-01 3.312500000000000000e+00
2.759999990463256836e+00 -2.930000066757202148e+00 8.550000190734863281e+00 1.087500000000000000e+01 1.256250000000000000e+01 -5.056250000000000000e+01 -6.000000000000000000e+00 -1.312500000000000000e+00 2.000000000000000000e+00
3.109999895095825195e+00 -2.990000009536743164e+00 9.069999694824218750e+00 1.087500000000000000e+01 1.256250000000000000e+01 -5.056250000000000000e+01 -4.812500000000000000e+00 8.750000000000000000e-01 1.625000000000000000e+00
5.079999923706054688e+00 -2.829999923706054688e+00 1.073999977111816406e+01 1.087500000000000000e+01 1.256250000000000000e+01 -5.056250000000000000e+01 -1.306250000000000000e+01 1.143750000000000000e+01 5.250000000000000000e+00
6.380000114440917969e+00 -3.150000095367431641e+00 1.119999980926513672e+01 1.087500000000000000e+01 1.256250000000000000e+01 -5.056250000000000000e+01 -2.168750000000000000e+01 2.968750000000000000e+01 1.187500000000000000e+01
6.980000019073486328e+00 -3.880000114440917969e+00 1.181000041961669922e+01 1.087500000000000000e+01 1.256250000000000000e+01 -5.056250000000000000e+01 -2.168750000000000000e+01 2.968750000000000000e+01 1.187500000000000000e+01
7.989999771118164062e+00 -4.659999847412109375e+00 1.289999961853027344e+01 1.156250000000000000e+01 1.218750000000000000e+01 -5.056250000000000000e+01 -2.425000000000000000e+01 5.156250000000000000e+01 1.881250000000000000e+01
1.090999984741210938e+01 -6.340000152587890625e+00 1.363000011444091797e+01 1.156250000000000000e+01 1.218750000000000000e+01 -5.056250000000000000e+01 -1.500000000000000000e+00 1.151250000000000000e+02 3.131250000000000000e+01
9.880000114440917969e+00 -5.090000152587890625e+00 1.293000030517578125e+01 1.156250000000000000e+01 1.218750000000000000e+01 -5.056250000000000000e+01 7.250000000000000000e+00 1.440625000000000000e+02 3.750000000000000000e+01
7.429999828338623047e+00 -3.549999952316284180e+00 1.109000015258789062e+01 1.156250000000000000e+01 1.218750000000000000e+01 -5.056250000000000000e+01 7.250000000000000000e+00 1.440625000000000000e+02 3.750000000000000000e+01
2.910000085830688477e+00 -2.539999961853027344e+00 8.890000343322753906e+00 1.156250000000000000e+01 1.218750000000000000e+01 -5.056250000000000000e+01 8.312500000000000000e+00 1.568125000000000000e+02 4.025000000000000000e+01
1.450000047683715820e+00 -2.519999980926513672e+00 8.210000038146972656e+00 1.125000000000000000e+01 1.256250000000000000e+01 -4.900000000000000000e+01 6.187500000000000000e+00 1.586250000000000000e+02 3.968750000000000000e+01
6.200000047683715820e-01 -2.299999952316284180e+00 8.399999618530273438e+00 1.125000000000000000e+01 1.256250000000000000e+01 -4.900000000000000000e+01 4.375000000000000000e+00 1.525000000000000000e+02 3.793750000000000000e+01
1.269999980926513672e+00 -1.980000019073486328e+00 8.869999885559082031e+00 1.125000000000000000e+01 1.256250000000000000e+01 -4.900000000000000000e+01 -1.062500000000000000e+00 1.431875000000000000e+02 3.850000000000000000e+01
1.330000042915344238e+00 -2.259999990463256836e+00 8.210000038146972656e+00 1.125000000000000000e+01 1.256250000000000000e+01 -4.900000000000000000e+01 -9.937500000000000000e+00 1.403750000000000000e+02 4.268750000000000000e+01
5.600000023841857910e-01 -2.390000104904174805e+00 8.239999771118164062e+00 1.125000000000000000e+01 1.256250000000000000e+01 -4.900000000000000000e+01 -1.156250000000000000e+01 1.383750000000000000e+02 4.356250000000000000e+01
2.599999904632568359e-01 -2.180000066757202148e+00 8.119999885559082031e+00 1.706250000000000000e+01 1.175000000000000000e+01 -4.725000000000000000e+01 -8.562500000000000000e+00 1.325625000000000000e+02 4.131250000000000000e+01
-5.999999865889549255e-02 -2.089999914169311523e+00 8.170000076293945312e+00 1.706250000000000000e+01 1.175000000000000000e+01 -4.725000000000000000e+01 -9.750000000000000000e+00 1.272500000000000000e+02 3.731250000000000000e+01
-7.500000000000000000e-01 -2.000000000000000000e+00 7.929999828338623047e+00 1.706250000000000000e+01 1.175000000000000000e+01 -4.725000000000000000e+01 -1.106250000000000000e+01 1.223750000000000000e+02 3.225000000000000000e+01
-1.200000047683715820e+00 -1.860000014305114746e+00 7.309999942779541016e+00 1.706250000000000000e+01 1.175000000000000000e+01 -4.725000000000000000e+01 -1.168750000000000000e+01 1.161250000000000000e+02 2.881250000000000000e+01
-2.339999914169311523e+00 -1.889999985694885254e+00 6.690000057220458984e+00 1.706250000000000000e+01 1.175000000000000000e+01 -4.725000000000000000e+01 -9.250000000000000000e+00 1.086250000000000000e+02 2.362500000000000000e+01
-3.039999961853027344e+00 -2.059999942779541016e+00 6.630000114440917969e+00 2.200000000000000000e+01 1.175000000000000000e+01 -4.606250000000000000e+01 -3.000000000000000000e+00 9.781250000000000000e+01 1.368750000000000000e+01
-3.109999895095825195e+00 -1.909999966621398926e+00 6.760000228881835938e+00 2.200000000000000000e+01 1.175000000000000000e+01 -4.606250000000000000e+01 2.250000000000000000e+00 8.731250000000000000e+01 3.375000000000000000e+00
-3.019999980926513672e+00 -1.809999942779541016e+00 7.030000209808349609e+00 2.200000000000000000e+01 1.175000000000000000e+01 -4.606250000000000000e+01 3.312500000000000000e+00 7.625000000000000000e+01 -4.250000000000000000e+00
-2.440000057220458984e+00 -1.990000009536743164e+00 7.690000057220458984e+00 2.200000000000000000e+01 1.175000000000000000e+01 -4.606250000000000000e+01 3.125000000000000000e-01 6.575000000000000000e+01 -8.125000000000000000e+00
-1.610000014305114746e+00 -3.099999904632568359e+00 8.039999961853027344e+00 2.200000000000000000e+01 1.175000000000000000e+01 -4.606250000000000000e+01 -3.937500000000000000e+00 5.993750000000000000e+01 -8.375000000000000000e+00
-1.570000052452087402e+00 -3.490000009536743164e+00 8.329999923706054688e+00 2.500000000000000000e+01 1.037500000000000000e+01 -4.356250000000000000e+01 -4.375000000000000000e+00 5.437500000000000000e+01 -7.500000000000000000e+00
-1.659999966621398926e+00 -3.589999914169311523e+00 8.229999542236328125e+00 2.500000000000000000e+01 1.037500000000000000e+01 -4.356250000000000000e+01 4.375000000000000000e-01 4.887500000000000000e+01 -6.687500000000000000e+00
-1.940000057220458984e+00 -3.460000038146972656e+00 8.100000381469726562e+00 2.500000000000000000e+01 1.037500000000000000e+01 -4.356250000000000000e+01 5.000000000000000000e+00 4.381250000000000000e+01 -6.250000000000000000e+00
-2.529999971389770508e+00 -3.029999971389770508e+00 7.670000076293945312e+00 2.500000000000000000e+01 1.037500000000000000e+01 -4.356250000000000000e+01 7.125000000000000000e+00 3.787500000000000000e+01 -6.375000000000000000e+00
-2.750000000000000000e+00 -2.980000019073486328e+00 7.590000152587890625e+00 2.500000000000000000e+01 1.037500000000000000e+01 -4.356250000000000000e+01 7.562500000000000000e+00 3.068750000000000000e+01 -6.875000000000000000e+00
-2.750000000000000000e+00 -2.980000019073486328e+00 7.440000057220458984e+00 2.675000000000000000e+01 1.175000000000000000e+01 -4.187500000000000000e+01 8.750000000000000000e+00 2.225000000000000000e+01 -7.187500000000000000e+00
-2.349999904632568359e+00 -2.910000085830688477e+00 7.949999809265136719e+00 2.675000000000000000e+01 1.175000000000000000e+01 -4.187500000000000000e+01 9.875000000000000000e+00 1.362500000000000000e+01 -7.687500000000000000e+00
-2.079999923706054688e+00 -2.990000009536743164e+00 8.159999847412109375e+00 2.675000000000000000e+01 1.175000000000000000e+01 -4.187500000000000000e+01 9.437500000000000000e+00 6.875000000000000000e+00 -7.062500000000000000e+00
-1.940000057220458984e+00 -3.069999933242797852e+00 8.340000152587890625e+00 2.675000000000000000e+01 1.175000000000000000e+01 -4.187500000000000000e+01 8.500000000000000000e+00 1.687500000000000000e+00 -5.625000000000000000e+00
-1.970000028610229492e+00 -3.039999961853027344e+00 8.359999656677246094e+00 2.675000000000000000e+01 1.175000000000000000e+01 -4.187500000000000000e+01 7.875000000000000000e+00 -3.375000000000000000e+00 -3.750000000000000000e+00
-2.039999961853027344e+00 -2.890000104904174805e+00 8.380000114440917969e+00 2.818750000000000000e+01 1.037500000000000000e+01 -4.218750000000000000e+01 6.125000000000000000e+00 -8.812500000000000000e+00 -2.000000000000000000e+00
-2.109999895095825195e+00 -2.849999904632568359e+00 8.329999923706054688e+00 2.818750000000000000e+01 1.037500000000000000e+01 -4.218750000000000000e+01 4.187500000000000000e+00 -1.400000000000000000e+01 -7.500000000000000000e-01
-1.990000009536743164e+00 -2.799999952316284180e+00 8.470000267028808594e+00 2.818750000000000000e+01 1.037500000000000000e+01 -4.218750000000000000e+01 2.875000000000000000e+00 -1.962500000000000000e+01 -1.250000000000000000e-01
-1.580000042915344238e+00 -2.839999914169311523e+00 8.680000305175781250e+00 2.818750000000000000e+01 1.037500000000000000e+01 -4.218750000000000000e+01 2.562500000000000000e+00 -2.356250000000000000e+01 -2.500000000000000000e-01
-1.159999966621398926e+00 -2.809999942779541016e+00 9.189999580383300781e+00 2.818750000000000000e+01 1.037500000000000000e+01 -4.218750000000000000e+01 3.500000000000000000e+00 -2.550000000000000000e+01 -1.250000000000000000e+00
-7.599999904632568359e-01 -2.730000019073486328e+00 9.380000114440917969e+00 2.700000000000000000e+01 1.037500000000000000e+01 -4.218750000000000000e+01 4.312500000000000000e+00 -2.612500000000000000e+01 -2.312500000000000000e+00
-8.399999737739562988e-01 -2.740000009536743164e+00 9.189999580383300781e+00 2.700000000000000000e+01 1.037500000000000000e+01 -4.218750000000000000e+01 5.250000000000000000e+00 -2.450000000000000000e+01 -3.375000000000000000e+00
-1.620000004768371582e+00 -2.269999980926513672e+00 8.489999771118164062e+00 2.700000000000000000e+01 1.037500000000000000e+01 -4.218750000000000000e+01 8.062500000000000000e+00 -2.425000000000000000e+01 -6.187500000000000000e+00
-2.200000047683715820e+00 -2.170000076293945312e+00 8.090000152587890625e+00 2.700000000000000000e+01 1.037500000000000000e+01 -4.218750000000000000e+01 1.075000000000000000e+01 -2.581250000000000000e+01 -1.043750000000000000e+01
-2.220000028610229492e+00 -2.210000038146972656e+00 8.510000228881835938e+00 2.700000000000000000e+01 1.037500000000000000e+01 -4.218750000000000000e+01 1.118750000000000000e+01 -3.081250000000000000e+01 -1.612500000000000000e+01
