2.789999961853027344e+00 -3.720000028610229492e+00 8.579999923706054688e+00 1.006250000000000000e+01 2.268750000000000000e+01 -4.818750000000000000e+01 -6.875000000000000000e-01 -1.250000000000000000e-01 3.750000000000000000e-01
2.779999971389770508e+00 -3.769999980926513672e+00 8.590000152587890625e+00 1.006250000000000000e+01 2.268750000000000000e+01 -4.818750000000000000e+01 -5.625000000000000000e-01 -6.250000000000000000e-02 2.500000000000000000e-01
2.839999914169311523e+00 -3.730000019073486328e+00 8.579999923706054688e+00 1.050000000000000000e+01 2.306250000000000000e+01 -4.775000000000000000e+01 -2.500000000000000000e-01 -1.875000000000000000e-01 3.125000000000000000e-01
2.789999961853027344e+00 -3.759999990463256836e+00 8.569999694824218750e+00 1.050000000000000000e+01 2.306250000000000000e+01 -4.775000000000000000e+01 -3.125000000000000000e-01 -6.250000000000000000e-02 1.875000000000000000e-01
2.809999942779541016e+00 -3.730000019073486328e+00 8.569999694824218750e+00 1.050000000000000000e+01 2.306250000000000000e+01 -4.775000000000000000e+01 6.250000000000000000e-02 -2.500000000000000000e-01 1.250000000000000000e-01
2.789999961853027344e+00 -3.680000066757202148e+00 8.600000381469726562e+00 1.050000000000000000e+01 2.306250000000000000e+01 -4.775000000000000000e+01 0.000000000000000000e+00 1.250000000000000000e-01 1.250000000000000000e-01
2.779999971389770508e+00 -3.700000047683715820e+00 8.600000381469726562e+00 1.050000000000000000e+01 2.306250000000000000e+01 -4.775000000000000000e+01 -6.250000000000000000e-02 0.000000000000000000e+00 1.250000000000000000e-01
2.779999971389770508e+00 -3.740000009536743164e+00 8.590000152587890625e+00 1.050000000000000000e+01 2.268750000000000000e+01 -4.775000000000000000e+01 1.250000000000000000e-01 0.000000000000000000e+00 6.250000000000000000e-02
2.779999971389770508e+00 -3.680000066757202148e+00 8.590000152587890625e+00 1.050000000000000000e+01 2.268750000000000000e+01 -4.775000000000000000e+01 3.750000000000000000e-01 0.000000000000000000e+00 6.250000000000000000e-02
2.789999961853027344e+00 -3.670000076293945312e+00 8.600000381469726562e+00 1.050000000000000000e+01 2.268750000000000000e+01 -4.775000000000000000e+01 1.875000000000000000e-01 0.000000000000000000e+00 6.250000000000000000e-02
2.779999971389770508e+00 -3.740000009536743164e+00 8.619999885559082031e+00 1.050000000000000000e+01 2.268750000000000000e+01 -4.775000000000000000e+01 2.500000000000000000e-01 -6.250000000000000000e-02 0.000000000000000000e+00
2.779999971389770508e+00 -3.730000019073486328e+00 8.579999923706054688e+00 1.050000000000000000e+01 2.268750000000000000e+01 -4.775000000000000000e+01 4.375000000000000000e-01 -1.875000000000000000e-01 -6.250000000000000000e-02
2.779999971389770508e+00 -3.740000009536743164e+00 8.600000381469726562e+00 1.006250000000000000e+01 2.306250000000000000e+01 -4.856250000000000000e+01 5.625000000000000000e-01 -6.250000000000000000e-02 -3.750000000000000000e-01
2.779999971389770508e+00 -3.710000038146972656e+00 8.579999923706054688e+00 1.006250000000000000e+01 2.306250000000000000e+01 -4.856250000000000000e+01 7.500000000000000000e-01 0.000000000000000000e+00 -5.000000000000000000e-01
2.799999952316284180e+00 -3.710000038146972656e+00 8.600000381469726562e+00 1.006250000000000000e+01 2.306250000000000000e+01 -4.856250000000000000e+01 7.500000000000000000e-01 6.250000000000000000e-02 -5.000000000000000000e-01
2.799999952316284180e+00 -3.680000066757202148e+00 8.630000114440917969e+00 1.006250000000000000e+01 2.306250000000000000e+01 -4.856250000000000000e+01 7.500000000000000000e-01 -1.875000000000000000e-01 -3.750000000000000000e-01
2.779999971389770508e+00 -3.650000095367431641e+00 8.630000114440917969e+00 1.006250000000000000e+01 2.306250000000000000e+01 -4.856250000000000000e+01 7.500000000000000000e-01 -5.000000000000000000e-01 -3.125000000000000000e-01
2.809999942779541016e+00 -3.660000085830688477e+00 8.649999618530273438e+00 1.087500000000000000e+01 2.225000000000000000e+01 -4.775000000000000000e+01 5.625000000000000000e-01 -6.875000000000000000e-01 -3.750000000000000000e-01
2.799999952316284180e+00 -3.710000038146972656e+00 8.600000381469726562e+00 1.087500000000000000e+01 2.225000000000000000e+01 -4.775000000000000000e+01 1.875000000000000000e-01 -5.625000000000000000e-01 -2.500000000000000000e-01
2.779999971389770508e+00 -3.670000076293945312e+00 8.630000114440917969e+00 1.087500000000000000e+01 2.225000000000000000e+01 -4.775000000000000000e+01 2.500000000000000000e-01 -6.875000000000000000e-01 -3.750000000000000000e-01
2.849999904632568359e+00 -3.640000104904174805e+00 8.640000343322753906e+00 1.087500000000000000e+01 2.225000000000000000e+01 -4.775000000000000000e+01 0.000000000000000000e+00 -6.250000000000000000e-01 -1.250000000000000000e-01
2.829999923706054688e+00 -3.630000114440917969e+00 8.640000343322753906e+00 1.087500000000000000e+01 2.225000000000000000e+01 -4.775000000000000000e+01 -2.500000000000000000e-01 -6.875000000000000000e-01 0.000000000000000000e+00
2.779999971389770508e+00 -3.680000066757202148e+00 8.630000114440917969e+00 9.750000000000000000e+00 2.306250000000000000e+01 -4.656250000000000000e+01 -5.000000000000000000e-01 -4.375000000000000000e-01 2.500000000000000000e-01
2.799999952316284180e+00 -3.700000047683715820e+00 8.609999656677246094e+00 9.750000000000000000e+00 2.306250000000000000e+01 -4.656250000000000000e+01 -4.375000000000000000e-01 -5.000000000000000000e-01 3.125000000000000000e-01
2.799999952316284180e+00 -3.710000038146972656e+00 8.609999656677246094e+00 9.750000000000000000e+00 2.306250000000000000e+01 -4.656250000000000000e+01 -1.875000000000000000e-01 -7.500000000000000000e-01 6.250000000000000000e-02
2.730000019073486328e+00 -3.759999990463256836e+00 8.689999580383300781e+00 9.750000000000000000e+00 2.306250000000000000e+01 -4.656250000000000000e+01 1.500000000000000000e+00 -1.187500000000000000e+00 -6.250000000000000000e-02
2.569999933242797852e+00 -3.900000095367431641e+00 8.489999771118164062e+00 9.750000000000000000e+00 2.306250000000000000e+01 -4.656250000000000000e+01 2.812500000000000000e+00 -2.312500000000000000e+00 -5.000000000000000000e-01
2.700000047683715820e+00 -4.019999980926513672e+00 8.430000305175781250e+00 1.006250000000000000e+01 2.200000000000000000e+01 -4.818750000000000000e+01 4.125000000000000000e+00 -3.062500000000000000e+00 -2.187500000000000000e+00
2.940000057220458984e+00 -4.159999847412109375e+00 8.279999732971191406e+00 1.006250000000000000e+01 2.200000000000000000e+01 -4.818750000000000000e+01 6.125000000000000000e+00 -2.687500000000000000e+00 -3.187500000000000000e+00
2.619999885559082031e+00 -3.910000085830688477e+00 8.329999923706054688e+00 1.006250000000000000e+01 2.200000000000000000e+01 -4.818750000000000000e+01 9.375000000000000000e+00 -1.125000000000000000e+00 -4.312500000000000000e+00
2.680000066757202148e+00 -3.680000066757202148e+00 8.670000076293945312e+00 1.006250000000000000e+01 2.200000000000000000e+01 -4.818750000000000000e+01 1.175000000000000000e+01 -1.187500000000000000e+00 -5.500000000000000000e+00
2.819999933242797852e+00 -3.569999933242797852e+00 8.939999580383300781e+00 1.006250000000000000e+01 2.200000000000000000e+01 -4.818750000000000000e+01 1.206250000000000000e+01 -2.062500000000000000e+00 -6.125000000000000000e+00
2.559999942779541016e+00 -3.769999980926513672e+00 8.789999961853027344e+00 9.375000000000000000e+00 2.200000000000000000e+01 -4.737500000000000000e+01 1.206250000000000000e+01 -3.000000000000000000e+00 -7.437500000000000000e+00
2.680000066757202148e+00 -4.500000000000000000e+00 8.750000000000000000e+00 9.375000000000000000e+00 2.200000000000000000e+01 -4.737500000000000000e+01 1.081250000000000000e+01 -4.187500000000000000e+00 -9.687500000000000000e+00
2.980000019073486328e+00 -5.130000114440917969e+00 8.550000190734863281e+00 9.375000000000000000e+00 2.200000000000000000e+01 -4.737500000000000000e+01 1.143750000000000000e+01 -4.500000000000000000e+00 -1.362500000000000000e+01
3.069999933242797852e+00 -5.699999809265136719e+00 8.420000076293945312e+00 9.375000000000000000e+00 2.200000000000000000e+01 -4.737500000000000000e+01 1.850000000000000000e+01 -2.812500000000000000e+00 -1.906250000000000000e+01
3.359999895095825195e+00 -6.320000171661376953e+00 7.960000038146972656e+00 9.375000000000000000e+00 2.200000000000000000e+01 -4.737500000000000000e+01 2.850000000000000000e+01 2.687500000000000000e+00 -2.543750000000000000e+01
3.269999980926513672e+00 -5.670000076293945312e+00 8.989999771118164062e+00 1.006250000000000000e+01 2.225000000000000000e+01 -4.818750000000000000e+01 4.793750000000000000e+01 7.562500000000000000e+00 -3.106250000000000000e+01
3.359999895095825195e+00 -4.250000000000000000e+00 9.199999809265136719e+00 1.006250000000000000e+01 2.225000000000000000e+01 -4.818750000000000000e+01 6.462500000000000000e+01 9.687500000000000000e+00 -3.425000000000000000e+01
3.549999952316284180e+00 -3.059999942779541016e+00 9.329999923706054688e+00 1.006250000000000000e+01 2.225000000000000000e+01 -4.818750000000000000e+01 7.237500000000000000e+01 1.081250000000000000e+01 -3.268750000000000000e+01
3.640000104904174805e+00 -2.490000009536743164e+00 9.199999809265136719e+00 1.006250000000000000e+01 2.225000000000000000e+01 -4.818750000000000000e+01 7.056250000000000000e+01 1.325000000000000000e+01 -2.893750000000000000e+01
3.349999904632568359e+00 -2.630000114440917969e+00 8.899999618530273438e+00 1.006250000000000000e+01 2.225000000000000000e+01 -4.818750000000000000e+01 6.712500000000000000e+01 1.581250000000000000e+01 -2.550000000000000000e+01
3.069999933242797852e+00 -2.740000009536743164e+00 8.869999885559082031e+00 9.375000000000000000e+00 2.200000000000000000e+01 -4.900000000000000000e+01 6.550000000000000000e+01 1.693750000000000000e+01 -2.331250000000000000e+01
3.079999923706054688e+00 -2.960000038146972656e+00 8.909999847412109375e+00 9.375000000000000000e+00 2.200000000000000000e+01 -4.900000000000000000e+01 6.781250000000000000e+01 1.737500000000000000e+01 -2.118750000000000000e+01
2.789999961853027344e+00 -2.950000047683715820e+00 9.100000381469726562e+00 9.375000000000000000e+00 2.200000000000000000e+01 -4.900000000000000000e+01 7.087500000000000000e+01 1.825000000000000000e+01 -1.906250000000000000e+01
2.920000076293945312e+00 -2.710000038146972656e+00 9.189999580383300781e+00 9.375000000000000000e+00 2.200000000000000000e+01 -4.900000000000000000e+01 7.300000000000000000e+01 1.818750000000000000e+01 -1.787500000000000000e+01
2.880000114440917969e+00 -2.430000066757202148e+00 9.159999847412109375e+00 9.375000000000000000e+00 2.200000000000000000e+01 -4.900000000000000000e+01 7.550000000000000000e+01 1.837500000000000000e+01 -1.587500000000000000e+01
2.930000066757202148e+00 -2.000000000000000000e+00 9.159999847412109375e+00 1.006250000000000000e+01 1.868750000000000000e+01 -4.900000000000000000e+01 7.681250000000000000e+01 1.825000000000000000e+01 -1.443750000000000000e+01
3.130000114440917969e+00 -3.009999990463256836e+00 9.430000305175781250e+00 1.006250000000000000e+01 1.868750000000000000e+01 -4.900000000000000000e+01 7.600000000000000000e+01 1.912500000000000000e+01 -1.293750000000000000e+01
2.890000104904174805e+00 -2.390000104904174805e+00 8.850000381469726562e+00 1.006250000000000000e+01 1.868750000000000000e+01 -4.900000000000000000e+01 7.493750000000000000e+01 1.881250000000000000e+01 -1.618750000000000000e+01
2.609999895095825195e+00 -1.740000009536743164e+00 8.619999885559082031e+00 1.006250000000000000e+01 1.868750000000000000e+01 -4.900000000000000000e+01 7.812500000000000000e+01 1.912500000000000000e+01 -1.612500000000000000e+01
2.309999942779541016e+00 -7.699999809265136719e-01 9.060000419616699219e+00 1.006250000000000000e+01 1.868750000000000000e+01 -4.900000000000000000e+01 7.818750000000000000e+01 1.793750000000000000e+01 -1.550000000000000000e+01
2.319999933242797852e+00 -6.999999880790710449e-01 9.229999542236328125e+00 1.006250000000000000e+01 1.525000000000000000e+01 -4.856250000000000000e+01 7.081250000000000000e+01 1.518750000000000000e+01 -1.500000000000000000e+01
2.420000076293945312e+00 -7.400000095367431641e-01 9.020000457763671875e+00 1.006250000000000000e+01 1.525000000000000000e+01 -4.856250000000000000e+01 6.081250000000000000e+01 1.312500000000000000e+01 -1.400000000000000000e+01
2.640000104904174805e+00 -1.120000004768371582e+00 9.180000305175781250e+00 1.006250000000000000e+01 1.525000000000000000e+01 -4.856250000000000000e+01 5.468750000000000000e+01 1.150000000000000000e+01 -1.325000000000000000e+01
2.710000038146972656e+00 -1.379999995231628418e+00 8.880000114440917969e+00 1.006250000000000000e+01 1.525000000000000000e+01 -4.856250000000000000e+01 5.218750000000000000e+01 1.156250000000000000e+01 -1.212500000000000000e+01
2.700000047683715820e+00 -1.409999966621398926e+00 8.729999542236328125e+00 1.006250000000000000e+01 1.525000000000000000e+01 -4.856250000000000000e+01 5.431250000000000000e+01 1.500000000000000000e+01 -9.625000000000000000e+00
2.619999885559082031e+00 -1.340000033378601074e+00 9.250000000000000000e+00 1.050000000000000000e+01 1.225000000000000000e+01 -4.975000000000000000e+01 5.781250000000000000e+01 1.668750000000000000e+01 -8.812500000000000000e+00
2.539999961853027344e+00 -1.279999971389770508e+00 9.350000381469726562e+00 1.050000000000000000e+01 1.225000000000000000e+01 -4.975000000000000000e+01 5.543750000000000000e+01 1.531250000000000000e+01 -1.081250000000000000e+01
2.630000114440917969e+00 -1.350000023841857910e+00 9.329999923706054688e+00 1.050000000000000000e+01 1.225000000000000000e+01 -4.975000000000000000e+01 5.468750000000000000e+01 1.431250000000000000e+01 -1.162500000000000000e+01
2.660000085830688477e+00 -1.139999985694885254e+00 9.220000267028808594e+00 1.050000000000000000e+01 1.225000000000000000e+01 -4.975000000000000000e+01 5.675000000000000000e+01 1.450000000000000000e+01 -1.143750000000000000e+01
2.549999952316284180e+00 -8.500000238418579102e-01 9.239999771118164062e+00 1.050000000000000000e+01 1.225000000000000000e+01 -4.975000000000000000e+01 5.825000000000000000e+01 1.562500000000000000e+01 -1.118750000000000000e+01
2.579999923706054688e+00 -4.699999988079071045e-01 9.119999885559082031e+00 1.087500000000000000e+01 1.118750000000000000e+01 -4.937500000000000000e+01 5.756250000000000000e+01 1.668750000000000000e+01 -1.087500000000000000e+01
2.480000019073486328e+00 -4.799999892711639404e-01 9.239999771118164062e+00 1.087500000000000000e+01 1.118750000000000000e+01 -4.937500000000000000e+01 5.706250000000000000e+01 1.768750000000000000e+01 -1.025000000000000000e+01
2.420000076293945312e+00 -5.400000214576721191e-01 9.229999542236328125e+00 1.087500000000000000e+01 1.118750000000000000e+01 -4.937500000000000000e+01 5.618750000000000000e+01 1.800000000000000000e+01 -9.937500000000000000e+00
2.509999990463256836e+00 -6.999999880790710449e-01 9.500000000000000000e+00 1.087500000000000000e+01 1.118750000000000000e+01 -4.937500000000000000e+01 5.612500000000000000e+01 1.775000000000000000e+01 -1.006250000000000000e+01
2.740000009536743164e+00 -1.019999980926513672e+00 9.550000190734863281e+00 1.087500000000000000e+01 1.118750000000000000e+01 -4.937500000000000000e+01 5.862500000000000000e+01 1.981250000000000000e+01 -8.500000000000000000e+00
3.109999895095825195e+00 -1.690000057220458984e+00 9.579999923706054688e+00 1.006250000000000000e+01 8.562500000000000000e+00 -5.056250000000000000e+01 6.193750000000000000e+01 2.150000000000000000e+01 -9.000000000000000000e+00
2.730000019073486328e+00 -1.070000052452087402e+00 9.560000419616699219e+00 1.006250000000000000e+01 8.562500000000000000e+00 -5.056250000000000000e+01 6.837500000000000000e+01 2.381250000000000000e+01 -1.081250000000000000e+01
2.450000047683715820e+00 -4.600000083446502686e-01 9.390000343322753906e+00 1.006250000000000000e+01 8.562500000000000000e+00 -5.056250000000000000e+01 7.325000000000000000e+01 2.581250000000000000e+01 -1.037500000000000000e+01
2.359999895095825195e+00 -1.599999964237213135e-01 9.420000076293945312e+00 1.006250000000000000e+01 8.562500000000000000e+00 -5.056250000000000000e+01 7.656250000000000000e+01 2.693750000000000000e+01 -1.025000000000000000e+01
2.359999895095825195e+00 9.999999776482582092e-03 9.380000114440917969e+00 1.006250000000000000e+01 8.562500000000000000e+00 -5.056250000000000000e+01 7.800000000000000000e+01 2.668750000000000000e+01 -1.012500000000000000e+01
2.339999914169311523e+00 1.299999952316284180e-01 9.390000343322753906e+00 1.100000000000000000e+01 6.375000000000000000e+00 -4.937500000000000000e+01 7.918750000000000000e+01 2.687500000000000000e+01 -9.875000000000000000e+00
2.220000028610229492e+00 4.600000083446502686e-01 9.409999847412109375e+00 1.100000000000000000e+01 6.375000000000000000e+00 -4.937500000000000000e+01 7.975000000000000000e+01 2.712500000000000000e+01 -8.875000000000000000e+00
2.220000028610229492e+00 5.600000023841857910e-01 9.140000343322753906e+00 1.100000000000000000e+01 6.375000000000000000e+00 -4.937500000000000000e+01 7.975000000000000000e+01 2.750000000000000000e+01 -7.875000000000000000e+00
2.250000000000000000e+00 6.100000143051147461e-01 9.170000076293945312e+00 1.100000000000000000e+01 6.375000000000000000e+00 -4.937500000000000000e+01 7.950000000000000000e+01 2.843750000000000000e+01 -7.375000000000000000e+00
2.470000028610229492e+00 6.999999880790710449e-01 9.399999618530273438e+00 1.100000000000000000e+01 6.375000000000000000e+00 -4.937500000000000000e+01 7.931250000000000000e+01 2.975000000000000000e+01 -6.312500000000000000e+00
2.069999933242797852e+00 8.399999737739562988e-01 9.489999771118164062e+00 1.237500000000000000e+01 3.000000000000000000e+00 -4.887500000000000000e+01 8.106250000000000000e+01 3.181250000000000000e+01 -4.437500000000000000e+00
1.639999985694885254e+00 1.179999947547912598e+00 9.350000381469726562e+00 1.237500000000000000e+01 3.000000000000000000e+00 -4.887500000000000000e+01 8.200000000000000000e+01 3.212500000000000000e+01 -1.937500000000000000e+00
1.409999966621398926e+00 1.610000014305114746e+00 9.189999580383300781e+00 1.237500000000000000e+01 3.000000000000000000e+00 -4.887500000000000000e+01 8.162500000000000000e+01 3.037500000000000000e+01 -1.062500000000000000e+00
1.580000042915344238e+00 1.769999980926513672e+00 9.069999694824218750e+00 1.237500000000000000e+01 3.000000000000000000e+00 -4.887500000000000000e+01 7.781250000000000000e+01 2.818750000000000000e+01 -1.750000000000000000e+00
1.490000009536743164e+00 1.779999971389770508e+00 9.109999656677246094e+00 1.237500000000000000e+01 3.000000000000000000e+00 -4.887500000000000000e+01 7.512500000000000000e+01 2.650000000000000000e+01 -2.187500000000000000e+00
1.470000028610229492e+00 2.089999914169311523e+00 9.109999656677246094e+00 1.275000000000000000e+01 -7.500000000000000000e-01 -5.006250000000000000e+01 7.400000000000000000e+01 2.550000000000000000e+01 -1.437500000000000000e+00
1.250000000000000000e+00 2.579999923706054688e+00 9.069999694824218750e+00 1.275000000000000000e+01 -7.500000000000000000e-01 -5.006250000000000000e+01 7.187500000000000000e+01 2.393750000000000000e+01 -7.500000000000000000e-01
8.100000023841857910e-01 3.059999942779541016e+00 8.689999580383300781e+00 1.275000000000000000e+01 -7.500000000000000000e-01 -5.006250000000000000e+01 6.531250000000000000e+01 2.193750000000000000e+01 -1.937500000000000000e+00
9.599999785423278809e-01 2.990000009536743164e+00 8.779999732971191406e+00 1.275000000000000000e+01 -7.500000000000000000e-01 -5.006250000000000000e+01 5.737500000000000000e+01 1.887500000000000000e+01 -2.812500000000000000e+00
9.399999976158142090e-01 3.170000076293945312e+00 8.840000152587890625e+00 1.275000000000000000e+01 -7.500000000000000000e-01 -5.006250000000000000e+01 5.131250000000000000e+01 1.643750000000000000e+01 -3.062500000000000000e+00
6.000000238418579102e-01 3.640000104904174805e+00 8.859999656677246094e+00 1.468750000000000000e+01 -3.687500000000000000e+00 -4.925000000000000000e+01 4.456250000000000000e+01 1.375000000000000000e+01 -3.312500000000000000e+00
5.500000119209289551e-01 3.660000085830688477e+00 9.210000038146972656e+00 1.468750000000000000e+01 -3.687500000000000000e+00 -4.925000000000000000e+01 3.575000000000000000e+01 9.750000000000000000e+00 -3.875000000000000000e+00
8.500000238418579102e-01 3.269999980926513672e+00 9.119999885559082031e+00 1.468750000000000000e+01 -3.687500000000000000e+00 -4.925000000000000000e+01 2.681250000000000000e+01 4.750000000000000000e+00 -5.375000000000000000e+00
1.450000047683715820e+00 2.400000095367431641e+00 9.069999694824218750e+00 1.468750000000000000e+01 -3.687500000000000000e+00 -4.925000000000000000e+01 2.100000000000000000e+01 1.875000000000000000e+00 -6.437500000000000000e+00
1.759999990463256836e+00 1.830000042915344238e+00 9.560000419616699219e+00 1.468750000000000000e+01 -3.687500000000000000e+00 -4.925000000000000000e+01 2.268750000000000000e+01 2.000000000000000000e+00 -5.750000000000000000e+00
1.529999971389770508e+00 1.940000057220458984e+00 9.319999694824218750e+00 1.568750000000000000e+01 -5.250000000000000000e+00 -4.806250000000000000e+01 2.562500000000000000e+01 3.312500000000000000e+00 -5.125000000000000000e+00
1.590000033378601074e+00 2.039999961853027344e+00 9.289999961853027344e+00 1.568750000000000000e+01 -5.250000000000000000e+00 -4.806250000000000000e+01 2.756250000000000000e+01 3.437500000000000000e+00 -5.125000000000000000e+00
1.669999957084655762e+00 2.109999895095825195e+00 9.279999732971191406e+00 1.568750000000000000e+01 -5.250000000000000000e+00 -4.806250000000000000e+01 2.918750000000000000e+01 3.937500000000000000e+00 -5.562500000000000000e+00
1.470000028610229492e+00 2.160000085830688477e+00 9.289999961853027344e+00 1.568750000000000000e+01 -5.250000000000000000e+00 -4.806250000000000000e+01 3.050000000000000000e+01 4.437500000000000000e+00 -5.687500000000000000e+00
1.460000038146972656e+00 2.420000076293945312e+00 9.270000457763671875e+00 1.568750000000000000e+01 -5.250000000000000000e+00 -4.806250000000000000e+01 3.225000000000000000e+01 4.500000000000000000e+00 -5.437500000000000000e+00
1.419999957084655762e+00 2.799999952316284180e+00 9.090000152587890625e+00 1.650000000000000000e+01 -7.500000000000000000e+00 -4.837500000000000000e+01 3.268750000000000000e+01 4.687500000000000000e+00 -4.562500000000000000e+00
1.429999947547912598e+00 3.529999971389770508e+00 8.710000038146972656e+00 1.650000000000000000e+01 -7.500000000000000000e+00 -4.837500000000000000e+01 3.031250000000000000e+01 5.562500000000000000e+00 -3.000000000000000000e+00
1.340000033378601074e+00 3.660000085830688477e+00 8.810000419616699219e+00 1.650000000000000000e+01 -7.500000000000000000e+00 -4.837500000000000000e+01 2.581250000000000000e+01 6.062500000000000000e+00 -8.125000000000000000e-01
