5.670000076293945312e+00 -1.929999947547912598e+00 7.679999828338623047e+00 -1.975000000000000000e+01 1.137500000000000000e+01 -2.475000000000000000e+01 1.250000000000000000e-01 6.250000000000000000e-02 -6.250000000000000000e-02
5.650000095367431641e+00 -1.950000047683715820e+00 7.670000076293945312e+00 -1.975000000000000000e+01 1.137500000000000000e+01 -2.475000000000000000e+01 6.250000000000000000e-02 1.250000000000000000e-01 6.250000000000000000e-02
5.659999847412109375e+00 -1.929999947547912598e+00 7.679999828338623047e+00 -1.975000000000000000e+01 1.137500000000000000e+01 -2.475000000000000000e+01 1.250000000000000000e-01 6.250000000000000000e-02 -6.250000000000000000e-02
5.659999847412109375e+00 -1.950000047683715820e+00 7.699999809265136719e+00 -1.975000000000000000e+01 1.137500000000000000e+01 -2.475000000000000000e+01 6.250000000000000000e-02 0.000000000000000000e+00 -1.875000000000000000e-01
5.659999847412109375e+00 -1.929999947547912598e+00 7.719999790191650391e+00 -1.975000000000000000e+01 1.137500000000000000e+01 -2.518750000000000000e+01 6.250000000000000000e-02 6.250000000000000000e-02 -1.250000000000000000e-01
5.679999828338623047e+00 -1.919999957084655762e+00 7.690000057220458984e+00 -1.975000000000000000e+01 1.137500000000000000e+01 -2.518750000000000000e+01 -6.250000000000000000e-02 2.500000000000000000e-01 -6.250000000000000000e-02
5.679999828338623047e+00 -1.919999957084655762e+00 7.699999809265136719e+00 -1.975000000000000000e+01 1.137500000000000000e+01 -2.518750000000000000e+01 -1.250000000000000000e-01 2.500000000000000000e-01 0.000000000000000000e+00
5.659999847412109375e+00 -1.940000057220458984e+00 7.719999790191650391e+00 -1.975000000000000000e+01 1.137500000000000000e+01 -2.518750000000000000e+01 -2.500000000000000000e-01 6.250000000000000000e-02 6.250000000000000000e-02
5.659999847412109375e+00 -1.960000038146972656e+00 7.679999828338623047e+00 -1.975000000000000000e+01 1.137500000000000000e+01 -2.518750000000000000e+01 -1.250000000000000000e-01 -6.250000000000000000e-02 0.000000000000000000e+00
5.639999866485595703e+00 -1.960000038146972656e+00 7.719999790191650391e+00 -1.900000000000000000e+01 1.106250000000000000e+01 -2.518750000000000000e+01 -6.250000000000000000e-02 -1.250000000000000000e-01 -6.250000000000000000e-02
5.650000095367431641e+00 -1.960000038146972656e+00 7.710000038146972656e+00 -1.900000000000000000e+01 1.106250000000000000e+01 -2.518750000000000000e+01 1.250000000000000000e-01 -6.250000000000000000e-02 -6.250000000000000000e-02
5.679999828338623047e+00 -1.870000004768371582e+00 7.679999828338623047e+00 -1.900000000000000000e+01 1.106250000000000000e+01 -2.518750000000000000e+01 0.000000000000000000e+00 -6.250000000000000000e-02 1.250000000000000000e-01
5.670000076293945312e+00 -1.850000023841857910e+00 7.750000000000000000e+00 -1.900000000000000000e+01 1.106250000000000000e+01 -2.518750000000000000e+01 -6.250000000000000000e-02 6.250000000000000000e-02 -6.250000000000000000e-02
5.670000076293945312e+00 -1.820000052452087402e+00 7.719999790191650391e+00 -1.900000000000000000e+01 1.106250000000000000e+01 -2.518750000000000000e+01 -1.875000000000000000e-01 6.250000000000000000e-02 6.250000000000000000e-02
5.670000076293945312e+00 -1.879999995231628418e+00 7.710000038146972656e+00 -1.937500000000000000e+01 9.562500000000000000e+00 -2.556250000000000000e+01 -3.750000000000000000e-01 -6.250000000000000000e-02 3.750000000000000000e-01
5.659999847412109375e+00 -1.870000004768371582e+00 7.710000038146972656e+00 -1.937500000000000000e+01 9.562500000000000000e+00 -2.556250000000000000e+01 -5.625000000000000000e-01 -6.250000000000000000e-02 5.000000000000000000e-01
5.650000095367431641e+00 -1.860000014305114746e+00 7.650000095367431641e+00 -1.937500000000000000e+01 9.562500000000000000e+00 -2.556250000000000000e+01 -5.625000000000000000e-01 -6.250000000000000000e-02 6.250000000000000000e-01
5.619999885559082031e+00 -1.940000057220458984e+00 7.719999790191650391e+00 -1.937500000000000000e+01 9.562500000000000000e+00 -2.556250000000000000e+01 -3.125000000000000000e-01 0.000000000000000000e+00 2.500000000000000000e-01
5.610000133514404297e+00 -2.150000095367431641e+00 7.739999771118164062e+00 -1.937500000000000000e+01 9.562500000000000000e+00 -2.556250000000000000e+01 1.250000000000000000e+00 -1.250000000000000000e-01 -1.125000000000000000e+00
5.559999942779541016e+00 -2.349999904632568359e+00 7.619999885559082031e+00 -1.825000000000000000e+01 1.068750000000000000e+01 -2.600000000000000000e+01 2.312500000000000000e+00 -6.250000000000000000e-02 -2.250000000000000000e+00
5.690000057220458984e+00 -2.650000095367431641e+00 7.619999885559082031e+00 -1.825000000000000000e+01 1.068750000000000000e+01 -2.600000000000000000e+01 3.187500000000000000e+00 -1.875000000000000000e-01 -3.437500000000000000e+00
5.659999847412109375e+00 -2.619999885559082031e+00 7.650000095367431641e+00 -1.825000000000000000e+01 1.068750000000000000e+01 -2.600000000000000000e+01 5.062500000000000000e+00 6.250000000000000000e-02 -5.062500000000000000e+00
5.880000114440917969e+00 -3.150000095367431641e+00 7.400000095367431641e+00 -1.825000000000000000e+01 1.068750000000000000e+01 -2.600000000000000000e+01 7.687500000000000000e+00 1.125000000000000000e+00 -8.187500000000000000e+00
5.699999809265136719e+00 -4.340000152587890625e+00 7.159999847412109375e+00 -1.825000000000000000e+01 1.068750000000000000e+01 -2.600000000000000000e+01 9.250000000000000000e+00 2.875000000000000000e+00 -1.125000000000000000e+01
5.579999923706054688e+00 -5.219999790191650391e+00 7.199999809265136719e+00 -1.937500000000000000e+01 1.100000000000000000e+01 -2.550000000000000000e+01 1.056250000000000000e+01 6.875000000000000000e+00 -1.593750000000000000e+01
5.570000171661376953e+00 -5.369999885559082031e+00 7.039999961853027344e+00 -1.937500000000000000e+01 1.100000000000000000e+01 -2.550000000000000000e+01 1.231250000000000000e+01 1.056250000000000000e+01 -2.250000000000000000e+01
6.489999771118164062e+00 -6.599999904632568359e+00 7.510000228881835938e+00 -1.937500000000000000e+01 1.100000000000000000e+01 -2.550000000000000000e+01 1.843750000000000000e+01 1.587500000000000000e+01 -3.150000000000000000e+01
5.800000190734863281e+00 -9.420000076293945312e+00 8.859999656677246094e+00 -1.937500000000000000e+01 1.100000000000000000e+01 -2.550000000000000000e+01 2.850000000000000000e+01 2.225000000000000000e+01 -4.325000000000000000e+01
5.159999847412109375e+00 -1.134000015258789062e+01 9.649999618530273438e+00 -1.937500000000000000e+01 1.100000000000000000e+01 -2.550000000000000000e+01 5.675000000000000000e+01 2.581250000000000000e+01 -6.200000000000000000e+01
7.329999923706054688e+00 -7.570000171661376953e+00 9.090000152587890625e+00 -1.937500000000000000e+01 1.006250000000000000e+01 -2.687500000000000000e+01 9.637500000000000000e+01 1.912500000000000000e+01 -8.762500000000000000e+01
7.159999847412109375e+00 -6.949999809265136719e+00 8.880000114440917969e+00 -1.937500000000000000e+01 1.006250000000000000e+01 -2.687500000000000000e+01 1.283125000000000000e+02 9.250000000000000000e+00 -1.015625000000000000e+02
5.130000114440917969e+00 -4.750000000000000000e+00 8.949999809265136719e+00 -1.937500000000000000e+01 1.006250000000000000e+01 -2.687500000000000000e+01 1.548750000000000000e+02 6.687500000000000000e+00 -1.103125000000000000e+02
4.280000209808349609e+00 -4.630000114440917969e+00 8.470000267028808594e+00 -1.937500000000000000e+01 1.006250000000000000e+01 -2.687500000000000000e+01 1.756875000000000000e+02 -8.125000000000000000e-01 -1.216875000000000000e+02
4.679999828338623047e+00 -5.340000152587890625e+00 8.289999961853027344e+00 -1.937500000000000000e+01 1.006250000000000000e+01 -2.687500000000000000e+01 1.906250000000000000e+02 -1.287500000000000000e+01 -1.314375000000000000e+02
5.429999828338623047e+00 -4.659999847412109375e+00 7.579999923706054688e+00 -1.856250000000000000e+01 7.375000000000000000e+00 -2.550000000000000000e+01 2.070625000000000000e+02 -2.706250000000000000e+01 -1.393125000000000000e+02
5.750000000000000000e+00 -3.150000095367431641e+00 6.980000019073486328e+00 -1.856250000000000000e+01 7.375000000000000000e+00 -2.550000000000000000e+01 2.236875000000000000e+02 -3.718750000000000000e+01 -1.437500000000000000e+02
6.130000114440917969e+00 -3.799999952316284180e-01 5.800000190734863281e+00 -1.856250000000000000e+01 7.375000000000000000e+00 -2.550000000000000000e+01 2.347500000000000000e+02 -4.237500000000000000e+01 -1.428125000000000000e+02
5.210000038146972656e+00 7.320000171661376953e+00 4.099999904632568359e+00 -1.856250000000000000e+01 7.375000000000000000e+00 -2.550000000000000000e+01 2.321250000000000000e+02 -4.125000000000000000e+01 -1.366250000000000000e+02
4.230000019073486328e+00 6.039999961853027344e+00 3.960000038146972656e+00 -1.856250000000000000e+01 7.375000000000000000e+00 -2.550000000000000000e+01 2.111250000000000000e+02 -3.612500000000000000e+01 -1.231875000000000000e+02
3.049999952316284180e+00 7.699999809265136719e+00 4.010000228881835938e+00 -1.925000000000000000e+01 1.062500000000000000e+00 -2.637500000000000000e+01 1.879375000000000000e+02 -2.831250000000000000e+01 -1.089375000000000000e+02
3.230000019073486328e+00 1.218000030517578125e+01 3.069999933242797852e+00 -1.925000000000000000e+01 1.062500000000000000e+00 -2.637500000000000000e+01 1.660000000000000000e+02 -1.900000000000000000e+01 -1.018125000000000000e+02
3.630000114440917969e+00 1.393000030517578125e+01 2.779999971389770508e+00 -1.925000000000000000e+01 1.062500000000000000e+00 -2.637500000000000000e+01 1.395625000000000000e+02 -1.143750000000000000e+01 -8.718750000000000000e+01
3.150000095367431641e+00 1.601000022888183594e+01 2.970000028610229492e+00 -1.925000000000000000e+01 1.062500000000000000e+00 -2.637500000000000000e+01 1.126875000000000000e+02 5.625000000000000000e-01 -6.518750000000000000e+01
3.089999914169311523e+00 1.568000030517578125e+01 3.619999885559082031e+00 -1.925000000000000000e+01 1.062500000000000000e+00 -2.637500000000000000e+01 7.843750000000000000e+01 1.087500000000000000e+01 -4.368750000000000000e+01
3.779999971389770508e+00 9.829999923706054688e+00 5.989999771118164062e+00 -2.037500000000000000e+01 -6.000000000000000000e+00 -2.556250000000000000e+01 3.962500000000000000e+01 1.431250000000000000e+01 -2.425000000000000000e+01
4.639999866485595703e+00 6.340000152587890625e+00 7.079999923706054688e+00 -2.037500000000000000e+01 -6.000000000000000000e+00 -2.556250000000000000e+01 9.312500000000000000e+00 1.462500000000000000e+01 -4.312500000000000000e+00
5.449999809265136719e+00 4.019999980926513672e+00 7.710000038146972656e+00 -2.037500000000000000e+01 -6.000000000000000000e+00 -2.556250000000000000e+01 -9.187500000000000000e+00 1.425000000000000000e+01 1.062500000000000000e+01
6.099999904632568359e+00 2.430000066757202148e+00 7.969999790191650391e+00 -2.037500000000000000e+01 -6.000000000000000000e+00 -2.556250000000000000e+01 -1.731250000000000000e+01 1.337500000000000000e+01 1.775000000000000000e+01
6.340000152587890625e+00 1.049999952316284180e+00 8.130000114440917969e+00 -2.037500000000000000e+01 -6.000000000000000000e+00 -2.556250000000000000e+01 -1.856250000000000000e+01 1.300000000000000000e+01 1.862500000000000000e+01
5.980000019073486328e+00 9.100000262260437012e-01 8.270000457763671875e+00 -1.975000000000000000e+01 -7.500000000000000000e+00 -2.568750000000000000e+01 -1.387500000000000000e+01 1.068750000000000000e+01 1.556250000000000000e+01
5.639999866485595703e+00 1.190000057220458984e+00 8.279999732971191406e+00 -1.975000000000000000e+01 -7.500000000000000000e+00 -2.568750000000000000e+01 -6.187500000000000000e+00 5.812500000000000000e+00 8.937500000000000000e+00
5.369999885559082031e+00 3.180000066757202148e+00 7.500000000000000000e+00 -1.975000000000000000e+01 -7.500000000000000000e+00 -2.568750000000000000e+01 4.375000000000000000e-01 1.875000000000000000e+00 3.000000000000000000e+00
5.269999980926513672e+00 4.599999904632568359e+00 6.969999790191650391e+00 -1.975000000000000000e+01 -7.500000000000000000e+00 -2.568750000000000000e+01 4.062500000000000000e+00 -7.500000000000000000e-01 -5.625000000000000000e-01
5.099999904632568359e+00 5.860000133514404297e+00 6.530000209808349609e+00 -1.975000000000000000e+01 -7.500000000000000000e+00 -2.568750000000000000e+01 3.000000000000000000e+00 -1.687500000000000000e+00 -8.125000000000000000e-01
4.829999923706054688e+00 6.380000114440917969e+00 6.230000019073486328e+00 -1.887500000000000000e+01 -7.062500000000000000e+00 -2.468750000000000000e+01 -3.500000000000000000e+00 -1.312500000000000000e+00 2.937500000000000000e+00
4.699999809265136719e+00 5.860000133514404297e+00 6.400000095367431641e+00 -1.887500000000000000e+01 -7.062500000000000000e+00 -2.468750000000000000e+01 -1.356250000000000000e+01 -2.500000000000000000e-01 9.000000000000000000e+00
4.800000190734863281e+00 5.480000019073486328e+00 6.510000228881835938e+00 -1.887500000000000000e+01 -7.062500000000000000e+00 -2.468750000000000000e+01 -2.381250000000000000e+01 6.875000000000000000e-01 1.543750000000000000e+01
5.010000228881835938e+00 5.320000171661376953e+00 6.559999942779541016e+00 -1.887500000000000000e+01 -7.062500000000000000e+00 -2.468750000000000000e+01 -3.312500000000000000e+01 1.250000000000000000e+00 2.206250000000000000e+01
5.219999790191650391e+00 5.690000057220458984e+00 6.519999980926513672e+00 -1.887500000000000000e+01 -7.062500000000000000e+00 -2.468750000000000000e+01 -4.187500000000000000e+01 2.812500000000000000e+00 2.956250000000000000e+01
5.219999790191650391e+00 5.690000057220458984e+00 6.519999980926513672e+00 -1.925000000000000000e+01 -7.375000000000000000e+00 -2.550000000000000000e+01 -5.181250000000000000e+01 5.875000000000000000e+00 3.756250000000000000e+01
4.599999904632568359e+00 6.539999961853027344e+00 6.380000114440917969e+00 -1.925000000000000000e+01 -7.375000000000000000e+00 -2.550000000000000000e+01 -6.412500000000000000e+01 7.375000000000000000e+00 4.575000000000000000e+01
4.539999961853027344e+00 6.679999828338623047e+00 6.409999847412109375e+00 -1.925000000000000000e+01 -7.375000000000000000e+00 -2.550000000000000000e+01 -7.825000000000000000e+01 7.312500000000000000e+00 5.418750000000000000e+01
4.380000114440917969e+00 6.989999771118164062e+00 6.280000209808349609e+00 -1.925000000000000000e+01 -7.375000000000000000e+00 -2.550000000000000000e+01 -9.387500000000000000e+01 7.250000000000000000e+00 6.368750000000000000e+01
4.309999942779541016e+00 7.199999809265136719e+00 6.070000171661376953e+00 -1.925000000000000000e+01 -7.375000000000000000e+00 -2.550000000000000000e+01 -1.111250000000000000e+02 6.375000000000000000e+00 7.343750000000000000e+01
4.309999942779541016e+00 7.199999809265136719e+00 6.070000171661376953e+00 -1.987500000000000000e+01 -6.250000000000000000e+00 -2.506250000000000000e+01 -1.305625000000000000e+02 5.687500000000000000e+00 8.475000000000000000e+01
4.349999904632568359e+00 8.020000457763671875e+00 5.639999866485595703e+00 -1.987500000000000000e+01 -6.250000000000000000e+00 -2.506250000000000000e+01 -1.523750000000000000e+02 6.125000000000000000e+00 9.862500000000000000e+01
4.110000133514404297e+00 8.420000076293945312e+00 4.909999847412109375e+00 -1.987500000000000000e+01 -6.250000000000000000e+00 -2.506250000000000000e+01 -1.772500000000000000e+02 7.500000000000000000e+00 1.140625000000000000e+02
3.890000104904174805e+00 8.319999694824218750e+00 4.829999923706054688e+00 -1.987500000000000000e+01 -6.250000000000000000e+00 -2.506250000000000000e+01 -2.049375000000000000e+02 8.687500000000000000e+00 1.311875000000000000e+02
3.559999942779541016e+00 7.590000152587890625e+00 4.469999790191650391e+00 -1.987500000000000000e+01 -6.250000000000000000e+00 -2.506250000000000000e+01 -2.357500000000000000e+02 9.625000000000000000e+00 1.496875000000000000e+02
3.559999942779541016e+00 7.590000152587890625e+00 4.469999790191650391e+00 -2.018750000000000000e+01 -1.500000000000000000e+00 -2.756250000000000000e+01 -2.648125000000000000e+02 1.012500000000000000e+01 1.673125000000000000e+02
4.090000152587890625e+00 2.880000114440917969e+00 5.429999828338623047e+00 -2.018750000000000000e+01 -1.500000000000000000e+00 -2.756250000000000000e+01 -2.914375000000000000e+02 8.500000000000000000e+00 1.841250000000000000e+02
5.869999885559082031e+00 -2.519999980926513672e+00 8.409999847412109375e+00 -2.018750000000000000e+01 -1.500000000000000000e+00 -2.756250000000000000e+01 -3.126875000000000000e+02 6.312500000000000000e+00 1.992500000000000000e+02
1.973999977111816406e+01 -3.095000076293945312e+01 2.952000045776367188e+01 -2.018750000000000000e+01 -1.500000000000000000e+00 -2.756250000000000000e+01 -2.933750000000000000e+02 -3.125000000000000000e-01 1.990000000000000000e+02
6.070000171661376953e+00 -3.408000183105468750e+01 -4.739999771118164062e+00 -2.018750000000000000e+01 -1.500000000000000000e+00 -2.756250000000000000e+01 -9.181250000000000000e+01 -4.393750000000000000e+01 1.005000000000000000e+02
-3.240000009536743164e+00 -2.488999938964843750e+01 1.285000038146972656e+01 -1.925000000000000000e+01 5.562500000000000000e+00 -2.468750000000000000e+01 -2.056250000000000000e+01 2.068750000000000000e+01 3.043750000000000000e+01
1.470000028610229492e+00 -7.170000076293945312e+00 7.400000095367431641e+00 -1.925000000000000000e+01 5.562500000000000000e+00 -2.468750000000000000e+01 1.425000000000000000e+01 1.387500000000000000e+01 5.312500000000000000e+00
5.869999885559082031e+00 2.329999923706054688e+00 7.269999980926513672e+00 -1.925000000000000000e+01 5.562500000000000000e+00 -2.468750000000000000e+01 1.543750000000000000e+01 -1.306250000000000000e+01 -2.737500000000000000e+01
7.280000209808349609e+00 5.840000152587890625e+00 8.500000000000000000e+00 -1.925000000000000000e+01 5.562500000000000000e+00 -2.468750000000000000e+01 2.037500000000000000e+01 -6.250000000000000000e+00 -2.912500000000000000e+01
6.010000228881835938e+00 3.990000009536743164e+00 8.439999580383300781e+00 -1.925000000000000000e+01 5.562500000000000000e+00 -2.468750000000000000e+01 1.406250000000000000e+01 2.625000000000000000e+00 -2.050000000000000000e+01
5.969999790191650391e+00 1.070000052452087402e+00 8.189999580383300781e+00 -1.818750000000000000e+01 1.087500000000000000e+01 -2.468750000000000000e+01 3.875000000000000000e+00 1.437500000000000000e+00 -7.437500000000000000e+00
6.219999790191650391e+00 -8.000000119209289551e-01 7.579999923706054688e+00 -1.818750000000000000e+01 1.087500000000000000e+01 -2.468750000000000000e+01 -3.812500000000000000e+00 -4.500000000000000000e+00 2.750000000000000000e+00
5.679999828338623047e+00 -2.299999952316284180e+00 7.659999847412109375e+00 -1.818750000000000000e+01 1.087500000000000000e+01 -2.468750000000000000e+01 -6.500000000000000000e+00 -3.312500000000000000e+00 7.687500000000000000e+00
5.739999771118164062e+00 -2.990000009536743164e+00 7.510000228881835938e+00 -1.818750000000000000e+01 1.087500000000000000e+01 -2.468750000000000000e+01 -6.375000000000000000e+00 -2.187500000000000000e+00 8.875000000000000000e+00
5.550000190734863281e+00 -3.220000028610229492e+00 7.510000228881835938e+00 -1.818750000000000000e+01 1.087500000000000000e+01 -2.468750000000000000e+01 -5.000000000000000000e+00 -1.500000000000000000e+00 7.562500000000000000e+00
5.570000171661376953e+00 -2.369999885559082031e+00 7.670000076293945312e+00 -1.856250000000000000e+01 1.025000000000000000e+01 -2.518750000000000000e+01 -3.000000000000000000e+00 -8.750000000000000000e-01 5.000000000000000000e+00
5.699999809265136719e+00 -2.049999952316284180e+00 7.659999847412109375e+00 -1.856250000000000000e+01 1.025000000000000000e+01 -2.518750000000000000e+01 -1.312500000000000000e+00 -8.125000000000000000e-01 2.312500000000000000e+00
5.780000209808349609e+00 -1.830000042915344238e+00 7.670000076293945312e+00 -1.856250000000000000e+01 1.025000000000000000e+01 -2.518750000000000000e+01 -1.875000000000000000e-01 -1.125000000000000000e+00 1.125000000000000000e+00
5.739999771118164062e+00 -1.799999952316284180e+00 7.679999828338623047e+00 -1.856250000000000000e+01 1.025000000000000000e+01 -2.518750000000000000e+01 0.000000000000000000e+00 -1.125000000000000000e+00 9.375000000000000000e-01
5.679999828338623047e+00 -1.789999961853027344e+00 7.750000000000000000e+00 -1.856250000000000000e+01 1.025000000000000000e+01 -2.518750000000000000e+01 -6.250000000000000000e-02 -8.125000000000000000e-01 1.062500000000000000e+00
5.730000019073486328e+00 -1.730000019073486328e+00 7.739999771118164062e+00 -1.856250000000000000e+01 1.025000000000000000e+01 -2.637500000000000000e+01 -4.375000000000000000e-01 -6.250000000000000000e-01 1.250000000000000000e+00
5.739999771118164062e+00 -1.710000038146972656e+00 7.679999828338623047e+00 -1.856250000000000000e+01 1.025000000000000000e+01 -2.637500000000000000e+01 -9.375000000000000000e-01 -1.000000000000000000e+00 1.562500000000000000e+00
5.750000000000000000e+00 -1.700000047683715820e+00 7.670000076293945312e+00 -1.856250000000000000e+01 1.025000000000000000e+01 -2.637500000000000000e+01 -1.312500000000000000e+00 -1.000000000000000000e+00 1.937500000000000000e+00
5.739999771118164062e+00 -2.009999990463256836e+00 7.619999885559082031e+00 -1.856250000000000000e+01 1.025000000000000000e+01 -2.637500000000000000e+01 -1.437500000000000000e+00 -1.062500000000000000e+00 2.250000000000000000e+00
5.670000076293945312e+00 -2.150000095367431641e+00 7.599999904632568359e+00 -1.856250000000000000e+01 1.025000000000000000e+01 -2.637500000000000000e+01 -1.312500000000000000e+00 -7.500000000000000000e-01 2.187500000000000000e+00
5.630000114440917969e+00 -2.200000047683715820e+00 7.610000133514404297e+00 -1.900000000000000000e+01 9.500000000000000000e+00 -2.518750000000000000e+01 -7.500000000000000000e-01 -3.750000000000000000e-01 1.437500000000000000e+00
5.710000038146972656e+00 -2.000000000000000000e+00 7.659999847412109375e+00 -1.900000000000000000e+01 9.500000000000000000e+00 -2.518750000000000000e+01 -1.875000000000000000e-01 -1.875000000000000000e-01 7.500000000000000000e-01
5.719999790191650391e+00 -1.940000057220458984e+00 7.650000095367431641e+00 -1.900000000000000000e+01 9.500000000000000000e+00 -2.518750000000000000e+01 1.875000000000000000e-01 -3.750000000000000000e-01 6.250000000000000000e-02
5.739999771118164062e+00 -1.860000014305114746e+00 7.650000095367431641e+00 -1.900000000000000000e+01 9.500000000000000000e+00 -2.518750000000000000e+01 3.125000000000000000e-01 -3.125000000000000000e-01 -1.250000000000000000e-01
5.739999771118164062e+00 -1.860000014305114746e+00 7.679999828338623047e+00 -1.900000000000000000e+01 9.500000000000000000e+00 -2.518750000000000000e+01 3.125000000000000000e-01 -1.250000000000000000e-01 -1.875000000000000000e-01
5.710000038146972656e+00 -1.870000004768371582e+00 7.679999828338623047e+00 -1.887500000000000000e+01 1.025000000000000000e+01 -2.506250000000000000e+01 1.875000000000000000e-01 -2.500000000000000000e-01 -1.875000000000000000e-01
