5.630000114440917969e+00 -1.940000057220458984e+00 7.769999980926513672e+00 -6.687500000000000000e+00 1.487500000000000000e+01 -3.775000000000000000e+01 6.250000000000000000e-02 -6.250000000000000000e-02 1.250000000000000000e-01
5.639999866485595703e+00 -1.919999957084655762e+00 7.760000228881835938e+00 -6.687500000000000000e+00 1.487500000000000000e+01 -3.775000000000000000e+01 1.875000000000000000e-01 1.875000000000000000e-01 6.250000000000000000e-02
5.610000133514404297e+00 -1.909999966621398926e+00 7.739999771118164062e+00 -6.687500000000000000e+00 1.487500000000000000e+01 -3.775000000000000000e+01 2.500000000000000000e-01 -1.250000000000000000e-01 6.250000000000000000e-02
5.610000133514404297e+00 -1.960000038146972656e+00 7.780000209808349609e+00 -6.687500000000000000e+00 1.487500000000000000e+01 -3.775000000000000000e+01 4.375000000000000000e-01 0.000000000000000000e+00 -6.250000000000000000e-02
5.610000133514404297e+00 -2.000000000000000000e+00 7.789999961853027344e+00 -6.687500000000000000e+00 1.487500000000000000e+01 -3.775000000000000000e+01 4.375000000000000000e-01 0.000000000000000000e+00 -6.250000000000000000e-02
5.650000095367431641e+00 -1.960000038146972656e+00 7.750000000000000000e+00 -6.687500000000000000e+00 1.337500000000000000e+01 -3.775000000000000000e+01 5.625000000000000000e-01 0.000000000000000000e+00 -1.875000000000000000e-01
5.619999885559082031e+00 -1.870000004768371582e+00 7.730000019073486328e+00 -6.687500000000000000e+00 1.337500000000000000e+01 -3.775000000000000000e+01 3.750000000000000000e-01 -1.875000000000000000e-01 -3.125000000000000000e-01
5.599999904632568359e+00 -1.759999990463256836e+00 7.800000190734863281e+00 -6.687500000000000000e+00 1.337500000000000000e+01 -3.775000000000000000e+01 1.875000000000000000e-01 -3.125000000000000000e-01 -4.375000000000000000e-01
5.619999885559082031e+00 -1.759999990463256836e+00 7.829999923706054688e+00 -6.687500000000000000e+00 1.337500000000000000e+01 -3.775000000000000000e+01 -1.250000000000000000e-01 -9.375000000000000000e-01 -2.500000000000000000e-01
5.570000171661376953e+00 -1.710000038146972656e+00 7.869999885559082031e+00 -6.687500000000000000e+00 1.337500000000000000e+01 -3.775000000000000000e+01 -1.250000000000000000e-01 -9.375000000000000000e-01 -2.500000000000000000e-01
5.539999961853027344e+00 -1.269999980926513672e+00 7.960000038146972656e+00 -5.562500000000000000e+00 1.337500000000000000e+01 -3.656250000000000000e+01 -6.250000000000000000e-01 -1.750000000000000000e+00 -1.875000000000000000e-01
5.460000038146972656e+00 -1.169999957084655762e+00 8.000000000000000000e+00 -5.562500000000000000e+00 1.337500000000000000e+01 -3.656250000000000000e+01 -1.625000000000000000e+00 -4.750000000000000000e+00 -3.125000000000000000e-01
5.449999809265136719e+00 -1.100000023841857910e+00 8.029999732971191406e+00 -5.562500000000000000e+00 1.337500000000000000e+01 -3.656250000000000000e+01 -1.750000000000000000e+00 -6.687500000000000000e+00 -2.000000000000000000e+00
5.519999980926513672e+00 -1.549999952316284180e+00 8.079999923706054688e+00 -5.562500000000000000e+00 1.337500000000000000e+01 -3.656250000000000000e+01 -3.062500000000000000e+00 -8.250000000000000000e+00 -4.187500000000000000e+00
5.960000038146972656e+00 -2.990000009536743164e+00 7.539999961853027344e+00 -5.562500000000000000e+00 1.337500000000000000e+01 -3.656250000000000000e+01 -3.062500000000000000e+00 -8.250000000000000000e+00 -4.187500000000000000e+00
5.929999828338623047e+00 -2.690000057220458984e+00 7.889999866485595703e+00 -6.687500000000000000e+00 1.425000000000000000e+01 -3.737500000000000000e+01 -3.687500000000000000e+00 -7.437500000000000000e+00 -7.562500000000000000e+00
6.519999980926513672e+00 -1.039999961853027344e+00 7.869999885559082031e+00 -6.687500000000000000e+00 1.425000000000000000e+01 -3.737500000000000000e+01 -1.337500000000000000e+01 -5.062500000000000000e+00 -2.831250000000000000e+01
8.029999732971191406e+00 8.600000143051147461e-01 6.739999771118164062e+00 -6.687500000000000000e+00 1.425000000000000000e+01 -3.737500000000000000e+01 -2.818750000000000000e+01 4.000000000000000000e+00 -6.300000000000000000e+01
9.670000076293945312e+00 6.539999961853027344e+00 7.000000000000000000e+00 -6.687500000000000000e+00 1.425000000000000000e+01 -3.737500000000000000e+01 -5.250000000000000000e+01 1.750000000000000000e+01 -1.161250000000000000e+02
1.089999961853027344e+01 9.250000000000000000e+00 6.599999904632568359e+00 -6.687500000000000000e+00 1.425000000000000000e+01 -3.737500000000000000e+01 -5.250000000000000000e+01 1.750000000000000000e+01 -1.161250000000000000e+02
1.159000015258789062e+01 1.194999980926513672e+01 6.210000038146972656e+00 -6.375000000000000000e+00 1.487500000000000000e+01 -3.775000000000000000e+01 -8.631250000000000000e+01 3.350000000000000000e+01 -1.809375000000000000e+02
1.296000003814697266e+01 1.250000000000000000e+01 5.690000057220458984e+00 -6.375000000000000000e+00 1.487500000000000000e+01 -3.775000000000000000e+01 -1.601875000000000000e+02 7.287500000000000000e+01 -3.006250000000000000e+02
1.302000045776367188e+01 1.031999969482421875e+01 4.869999885559082031e+00 -6.375000000000000000e+00 1.487500000000000000e+01 -3.775000000000000000e+01 -1.966250000000000000e+02 9.287500000000000000e+01 -3.332500000000000000e+02
1.126000022888183594e+01 6.719999790191650391e+00 4.679999828338623047e+00 -6.375000000000000000e+00 1.487500000000000000e+01 -3.775000000000000000e+01 -2.216250000000000000e+02 1.051250000000000000e+02 -3.444375000000000000e+02
1.010999965667724609e+01 3.160000085830688477e+00 4.360000133514404297e+00 -6.375000000000000000e+00 1.487500000000000000e+01 -3.775000000000000000e+01 -2.216250000000000000e+02 1.051250000000000000e+02 -3.444375000000000000e+02
5.989999771118164062e+00 -8.109999656677246094e+00 6.039999961853027344e+00 -7.375000000000000000e+00 1.487500000000000000e+01 -3.618750000000000000e+01 -2.343125000000000000e+02 1.085000000000000000e+02 -3.333125000000000000e+02
4.429999828338623047e+00 -1.552999973297119141e+01 7.480000019073486328e+00 -7.375000000000000000e+00 1.487500000000000000e+01 -3.618750000000000000e+01 -1.750000000000000000e+02 8.281250000000000000e+01 -2.680625000000000000e+02
3.579999923706054688e+00 -1.979999923706054688e+01 7.489999771118164062e+00 -7.375000000000000000e+00 1.487500000000000000e+01 -3.618750000000000000e+01 -1.269375000000000000e+02 6.468750000000000000e+01 -2.080625000000000000e+02
2.670000076293945312e+00 -2.195999908447265625e+01 6.869999885559082031e+00 -7.375000000000000000e+00 1.487500000000000000e+01 -3.618750000000000000e+01 -7.587500000000000000e+01 4.175000000000000000e+01 -1.291250000000000000e+02
-1.500000059604644775e-01 -2.104000091552734375e+01 6.039999961853027344e+00 -7.375000000000000000e+00 1.487500000000000000e+01 -3.618750000000000000e+01 -7.587500000000000000e+01 4.175000000000000000e+01 -1.291250000000000000e+02
-5.600000023841857910e-01 -1.873999977111816406e+01 6.780000209808349609e+00 -9.000000000000000000e+00 1.787500000000000000e+01 -3.406250000000000000e+01 -2.737500000000000000e+01 1.693750000000000000e+01 -5.275000000000000000e+01
1.570000052452087402e+00 -1.640999984741210938e+01 6.869999885559082031e+00 -9.000000000000000000e+00 1.787500000000000000e+01 -3.406250000000000000e+01 4.068750000000000000e+01 -2.737500000000000000e+01 4.618750000000000000e+01
6.710000038146972656e+00 3.400000035762786865e-01 8.560000419616699219e+00 -9.000000000000000000e+00 1.787500000000000000e+01 -3.406250000000000000e+01 4.506250000000000000e+01 -2.531250000000000000e+01 5.043750000000000000e+01
7.539999961853027344e+00 5.059999942779541016e+00 8.270000457763671875e+00 -9.000000000000000000e+00 1.787500000000000000e+01 -3.406250000000000000e+01 3.137500000000000000e+01 -1.568750000000000000e+01 4.856250000000000000e+01
6.800000190734863281e+00 6.630000114440917969e+00 7.909999847412109375e+00 -9.000000000000000000e+00 1.787500000000000000e+01 -3.406250000000000000e+01 3.137500000000000000e+01 -1.568750000000000000e+01 4.856250000000000000e+01
6.969999790191650391e+00 6.639999866485595703e+00 8.170000076293945312e+00 -1.006250000000000000e+01 1.900000000000000000e+01 -3.450000000000000000e+01 1.025000000000000000e+01 -1.262500000000000000e+01 4.443750000000000000e+01
7.380000114440917969e+00 5.899999737739562988e-01 8.689999580383300781e+00 -1.006250000000000000e+01 1.900000000000000000e+01 -3.450000000000000000e+01 -1.825000000000000000e+01 -3.437500000000000000e+00 3.662500000000000000e+01
7.090000152587890625e+00 -3.299999952316284180e+00 8.250000000000000000e+00 -1.006250000000000000e+01 1.900000000000000000e+01 -3.450000000000000000e+01 -1.793750000000000000e+01 2.812500000000000000e+00 4.343750000000000000e+01
6.469999790191650391e+00 -6.440000057220458984e+00 7.809999942779541016e+00 -1.006250000000000000e+01 1.900000000000000000e+01 -3.450000000000000000e+01 -1.075000000000000000e+01 3.250000000000000000e+00 5.856250000000000000e+01
6.900000095367431641e+00 -7.929999828338623047e+00 7.929999828338623047e+00 -1.006250000000000000e+01 1.900000000000000000e+01 -3.450000000000000000e+01 -1.075000000000000000e+01 3.250000000000000000e+00 5.856250000000000000e+01
8.789999961853027344e+00 -7.699999809265136719e+00 7.449999809265136719e+00 -9.062500000000000000e+00 1.900000000000000000e+01 -3.400000000000000000e+01 5.000000000000000000e-01 7.375000000000000000e+00 7.943750000000000000e+01
7.730000019073486328e+00 -7.690000057220458984e+00 7.420000076293945312e+00 -9.062500000000000000e+00 1.900000000000000000e+01 -3.400000000000000000e+01 3.537500000000000000e+01 2.012500000000000000e+01 1.341875000000000000e+02
5.710000038146972656e+00 -7.510000228881835938e+00 7.019999980926513672e+00 -9.062500000000000000e+00 1.900000000000000000e+01 -3.400000000000000000e+01 5.206250000000000000e+01 9.437500000000000000e+00 1.663125000000000000e+02
2.960000038146972656e+00 -6.230000019073486328e+00 6.849999904632568359e+00 -9.062500000000000000e+00 1.900000000000000000e+01 -3.400000000000000000e+01 6.543750000000000000e+01 -7.062500000000000000e+00 1.969375000000000000e+02
2.579999923706054688e+00 -5.670000076293945312e+00 6.900000095367431641e+00 -9.062500000000000000e+00 1.900000000000000000e+01 -3.400000000000000000e+01 6.543750000000000000e+01 -7.062500000000000000e+00 1.969375000000000000e+02
3.029999971389770508e+00 -5.210000038146972656e+00 6.730000019073486328e+00 -8.750000000000000000e+00 1.925000000000000000e+01 -3.450000000000000000e+01 7.687500000000000000e+01 -2.431250000000000000e+01 2.213125000000000000e+02
3.390000104904174805e+00 -4.510000228881835938e+00 6.730000019073486328e+00 -8.750000000000000000e+00 1.925000000000000000e+01 -3.450000000000000000e+01 9.425000000000000000e+01 -4.768750000000000000e+01 2.356875000000000000e+02
4.440000057220458984e+00 -2.250000000000000000e+00 6.539999961853027344e+00 -8.750000000000000000e+00 1.925000000000000000e+01 -3.450000000000000000e+01 9.812500000000000000e+01 -5.481250000000000000e+01 2.359375000000000000e+02
5.130000114440917969e+00 -2.000000000000000000e+00 6.389999866485595703e+00 -8.750000000000000000e+00 1.925000000000000000e+01 -3.450000000000000000e+01 9.893750000000000000e+01 -6.018750000000000000e+01 2.323750000000000000e+02
6.000000000000000000e+00 -2.079999923706054688e+00 6.730000019073486328e+00 -8.750000000000000000e+00 1.925000000000000000e+01 -3.450000000000000000e+01 9.893750000000000000e+01 -6.018750000000000000e+01 2.323750000000000000e+02
6.880000114440917969e+00 -8.700000047683715820e-01 6.949999809265136719e+00 -5.500000000000000000e+00 1.956250000000000000e+01 -3.556250000000000000e+01 9.756250000000000000e+01 -6.106250000000000000e+01 2.203750000000000000e+02
6.630000114440917969e+00 5.099999904632568359e-01 7.380000114440917969e+00 -5.500000000000000000e+00 1.956250000000000000e+01 -3.556250000000000000e+01 8.712500000000000000e+01 -5.331250000000000000e+01 1.799375000000000000e+02
6.010000228881835938e+00 1.429999947547912598e+00 7.579999923706054688e+00 -5.500000000000000000e+00 1.956250000000000000e+01 -3.556250000000000000e+01 8.712500000000000000e+01 -5.331250000000000000e+01 1.799375000000000000e+02
5.159999847412109375e+00 2.000000000000000000e+00 7.940000057220458984e+00 -5.500000000000000000e+00 1.956250000000000000e+01 -3.556250000000000000e+01 7.931250000000000000e+01 -5.187500000000000000e+01 1.543750000000000000e+02
4.280000209808349609e+00 2.750000000000000000e+00 8.510000228881835938e+00 -5.500000000000000000e+00 1.956250000000000000e+01 -3.556250000000000000e+01 6.818750000000000000e+01 -5.062500000000000000e+01 1.273125000000000000e+02
4.190000057220458984e+00 2.980000019073486328e+00 8.310000419616699219e+00 -4.000000000000000000e+00 1.806250000000000000e+01 -3.600000000000000000e+01 5.543750000000000000e+01 -5.012500000000000000e+01 9.918750000000000000e+01
3.789999961853027344e+00 2.819999933242797852e+00 8.300000190734863281e+00 -4.000000000000000000e+00 1.806250000000000000e+01 -3.600000000000000000e+01 3.156250000000000000e+01 -5.168750000000000000e+01 4.318750000000000000e+01
3.559999942779541016e+00 2.210000038146972656e+00 8.020000457763671875e+00 -4.000000000000000000e+00 1.806250000000000000e+01 -3.600000000000000000e+01 3.156250000000000000e+01 -5.168750000000000000e+01 4.318750000000000000e+01
2.640000104904174805e+00 1.099999994039535522e-01 8.189999580383300781e+00 -4.000000000000000000e+00 1.806250000000000000e+01 -3.600000000000000000e+01 2.318750000000000000e+01 -5.475000000000000000e+01 1.737500000000000000e+01
2.720000028610229492e+00 -2.220000028610229492e+00 8.529999732971191406e+00 -4.000000000000000000e+00 1.806250000000000000e+01 -3.600000000000000000e+01 1.975000000000000000e+01 -6.068750000000000000e+01 -1.500000000000000000e+00
4.500000000000000000e+00 -5.360000133514404297e+00 8.760000228881835938e+00 -4.000000000000000000e+00 1.587500000000000000e+01 -3.475000000000000000e+01 3.056250000000000000e+01 -6.950000000000000000e+01 -1.718750000000000000e+01
8.020000457763671875e+00 -5.710000038146972656e+00 8.109999656677246094e+00 -4.000000000000000000e+00 1.587500000000000000e+01 -3.475000000000000000e+01 3.931250000000000000e+01 -6.981250000000000000e+01 -2.737500000000000000e+01
1.003999996185302734e+01 -4.559999942779541016e+00 6.610000133514404297e+00 -4.000000000000000000e+00 1.587500000000000000e+01 -3.475000000000000000e+01 4.062500000000000000e+01 -5.056250000000000000e+01 -2.543750000000000000e+01
9.539999961853027344e+00 -4.600000083446502686e-01 7.929999828338623047e+00 -4.000000000000000000e+00 1.587500000000000000e+01 -3.475000000000000000e+01 3.818750000000000000e+01 -2.800000000000000000e+01 -2.525000000000000000e+01
1.118999958038330078e+01 2.210000038146972656e+00 8.229999542236328125e+00 -4.000000000000000000e+00 1.587500000000000000e+01 -3.475000000000000000e+01 2.350000000000000000e+01 -9.187500000000000000e+00 -2.137500000000000000e+01
4.170000076293945312e+00 -4.199999868869781494e-01 8.199999809265136719e+00 -6.250000000000000000e+00 1.500000000000000000e+01 -3.768750000000000000e+01 9.500000000000000000e+00 9.937500000000000000e+00 -1.425000000000000000e+01
4.849999904632568359e+00 -1.960000038146972656e+00 8.380000114440917969e+00 -6.250000000000000000e+00 1.500000000000000000e+01 -3.768750000000000000e+01 5.000000000000000000e+00 7.562500000000000000e+00 -1.000000000000000000e+01
6.079999923706054688e+00 -2.289999961853027344e+00 7.820000171661376953e+00 -6.250000000000000000e+00 1.500000000000000000e+01 -3.768750000000000000e+01 3.250000000000000000e+00 1.312500000000000000e+00 -7.812500000000000000e+00
5.400000095367431641e+00 -2.039999961853027344e+00 7.900000095367431641e+00 -6.250000000000000000e+00 1.500000000000000000e+01 -3.768750000000000000e+01 3.250000000000000000e+00 4.000000000000000000e+00 -8.500000000000000000e+00
5.510000228881835938e+00 -2.200000047683715820e+00 7.739999771118164062e+00 -6.250000000000000000e+00 1.500000000000000000e+01 -3.768750000000000000e+01 3.000000000000000000e+00 2.437500000000000000e+00 -9.312500000000000000e+00
5.920000076293945312e+00 -2.430000066757202148e+00 7.630000114440917969e+00 -6.250000000000000000e+00 1.500000000000000000e+01 -3.768750000000000000e+01 2.750000000000000000e+00 9.375000000000000000e-01 -9.562500000000000000e+00
5.860000133514404297e+00 -2.430000066757202148e+00 7.610000133514404297e+00 -6.250000000000000000e+00 1.500000000000000000e+01 -3.768750000000000000e+01 2.875000000000000000e+00 1.687500000000000000e+00 -8.625000000000000000e+00
5.730000019073486328e+00 -2.220000028610229492e+00 7.610000133514404297e+00 -6.250000000000000000e+00 1.500000000000000000e+01 -3.768750000000000000e+01 2.625000000000000000e+00 1.812500000000000000e+00 -7.562500000000000000e+00
5.769999980926513672e+00 -1.919999957084655762e+00 7.719999790191650391e+00 -6.250000000000000000e+00 1.500000000000000000e+01 -3.768750000000000000e+01 2.125000000000000000e+00 1.187500000000000000e+00 -5.875000000000000000e+00
5.750000000000000000e+00 -1.899999976158142090e+00 7.739999771118164062e+00 -6.250000000000000000e+00 1.500000000000000000e+01 -3.768750000000000000e+01 1.437500000000000000e+00 1.000000000000000000e+00 -4.750000000000000000e+00
5.679999828338623047e+00 -2.000000000000000000e+00 7.730000019073486328e+00 -6.250000000000000000e+00 1.506250000000000000e+01 -3.600000000000000000e+01 7.500000000000000000e-01 8.125000000000000000e-01 -3.625000000000000000e+00
5.650000095367431641e+00 -2.210000038146972656e+00 7.670000076293945312e+00 -6.250000000000000000e+00 1.506250000000000000e+01 -3.600000000000000000e+01 3.750000000000000000e-01 8.750000000000000000e-01 -3.000000000000000000e+00
5.619999885559082031e+00 -2.289999961853027344e+00 7.679999828338623047e+00 -6.250000000000000000e+00 1.506250000000000000e+01 -3.600000000000000000e+01 3.125000000000000000e-01 8.125000000000000000e-01 -2.750000000000000000e+00
5.610000133514404297e+00 -2.309999942779541016e+00 7.639999866485595703e+00 -6.250000000000000000e+00 1.506250000000000000e+01 -3.600000000000000000e+01 5.625000000000000000e-01 8.125000000000000000e-01 -2.750000000000000000e+00
5.590000152587890625e+00 -2.289999961853027344e+00 7.659999847412109375e+00 -6.250000000000000000e+00 1.506250000000000000e+01 -3.600000000000000000e+01 8.125000000000000000e-01 8.750000000000000000e-01 -3.187500000000000000e+00
5.619999885559082031e+00 -2.150000095367431641e+00 7.719999790191650391e+00 -6.750000000000000000e+00 1.425000000000000000e+01 -3.675000000000000000e+01 1.125000000000000000e+00 1.187500000000000000e+00 -3.375000000000000000e+00
5.630000114440917969e+00 -2.130000114440917969e+00 7.710000038146972656e+00 -6.750000000000000000e+00 1.425000000000000000e+01 -3.675000000000000000e+01 1.187500000000000000e+00 1.062500000000000000e+00 -3.500000000000000000e+00
5.670000076293945312e+00 -2.059999942779541016e+00 7.679999828338623047e+00 -6.750000000000000000e+00 1.425000000000000000e+01 -3.675000000000000000e+01 1.187500000000000000e+00 9.375000000000000000e-01 -3.312500000000000000e+00
5.659999847412109375e+00 -1.970000028610229492e+00 7.719999790191650391e+00 -6.750000000000000000e+00 1.425000000000000000e+01 -3.675000000000000000e+01 1.000000000000000000e+00 7.500000000000000000e-01 -2.937500000000000000e+00
5.659999847412109375e+00 -1.990000009536743164e+00 7.679999828338623047e+00 -6.750000000000000000e+00 1.425000000000000000e+01 -3.675000000000000000e+01 7.500000000000000000e-01 5.625000000000000000e-01 -2.125000000000000000e+00
5.670000076293945312e+00 -2.009999990463256836e+00 7.719999790191650391e+00 -6.750000000000000000e+00 1.500000000000000000e+01 -3.675000000000000000e+01 5.625000000000000000e-01 5.000000000000000000e-01 -1.687500000000000000e+00
5.630000114440917969e+00 -2.029999971389770508e+00 7.690000057220458984e+00 -6.750000000000000000e+00 1.500000000000000000e+01 -3.675000000000000000e+01 5.000000000000000000e-01 5.625000000000000000e-01 -1.500000000000000000e+00
5.630000114440917969e+00 -2.089999914169311523e+00 7.699999809265136719e+00 -6.750000000000000000e+00 1.500000000000000000e+01 -3.675000000000000000e+01 5.625000000000000000e-01 5.000000000000000000e-01 -1.187500000000000000e+00
5.630000114440917969e+00 -2.089999914169311523e+00 7.719999790191650391e+00 -6.750000000000000000e+00 1.500000000000000000e+01 -3.675000000000000000e+01 4.375000000000000000e-01 5.000000000000000000e-01 -1.187500000000000000e+00
5.630000114440917969e+00 -2.089999914169311523e+00 7.739999771118164062e+00 -6.750000000000000000e+00 1.500000000000000000e+01 -3.675000000000000000e+01 6.250000000000000000e-01 5.625000000000000000e-01 -1.312500000000000000e+00
5.630000114440917969e+00 -2.079999923706054688e+00 7.739999771118164062e+00 -6.750000000000000000e+00 1.400000000000000000e+01 -3.600000000000000000e+01 6.250000000000000000e-01 5.000000000000000000e-01 -1.375000000000000000e+00
5.650000095367431641e+00 -2.029999971389770508e+00 7.690000057220458984e+00 -6.750000000000000000e+00 1.400000000000000000e+01 -3.600000000000000000e+01 5.000000000000000000e-01 6.250000000000000000e-01 -1.312500000000000000e+00
5.650000095367431641e+00 -2.039999961853027344e+00 7.710000038146972656e+00 -6.750000000000000000e+00 1.400000000000000000e+01 -3.600000000000000000e+01 3.750000000000000000e-01 5.625000000000000000e-01 -1.187500000000000000e+00
5.650000095367431641e+00 -2.019999980926513672e+00 7.690000057220458984e+00 -6.750000000000000000e+00 1.400000000000000000e+01 -3.600000000000000000e+01 3.750000000000000000e-01 3.125000000000000000e-01 -1.000000000000000000e+00
5.610000133514404297e+00 -2.069999933242797852e+00 7.710000038146972656e+00 -6.750000000000000000e+00 1.400000000000000000e+01 -3.600000000000000000e+01 3.125000000000000000e-01 2.500000000000000000e-01 -8.750000000000000000e-01
5.639999866485595703e+00 -2.059999942779541016e+00 7.730000019073486328e+00 -6.375000000000000000e+00 1.468750000000000000e+01 -3.675000000000000000e+01 2.500000000000000000e-01 3.125000000000000000e-01 -6.875000000000000000e-01
5.650000095367431641e+00 -2.039999961853027344e+00 7.739999771118164062e+00 -6.375000000000000000e+00 1.468750000000000000e+01 -3.675000000000000000e+01 3.125000000000000000e-01 1.875000000000000000e-01 -4.375000000000000000e-01
5.639999866485595703e+00 -2.000000000000000000e+00 7.699999809265136719e+00 -6.375000000000000000e+00 1.468750000000000000e+01 -3.675000000000000000e+01 0.000000000000000000e+00 1.875000000000000000e-01 -4.375000000000000000e-01
5.639999866485595703e+00 -2.000000000000000000e+00 7.730000019073486328e+00 -6.375000000000000000e+00 1.468750000000000000e+01 -3.675000000000000000e+01 6.250000000000000000e-02 1.875000000000000000e-01 -3.125000000000000000e-01
5.639999866485595703e+00 -2.000000000000000000e+00 7.730000019073486328e+00 -6.375000000000000000e+00 1.468750000000000000e+01 -3.675000000000000000e+01 -1.250000000000000000e-01 1.250000000000000000e-01 -6.250000000000000000e-02
