5.730000019073486328e+00 -1.899999976158142090e+00 7.650000095367431641e+00 -1.918750000000000000e+01 1.037500000000000000e+01 -2.675000000000000000e+01 0.000000000000000000e+00 0.000000000000000000e+00 -1.250000000000000000e-01
5.739999771118164062e+00 -1.860000014305114746e+00 7.679999828338623047e+00 -1.837500000000000000e+01 1.000000000000000000e+01 -2.637500000000000000e+01 6.250000000000000000e-02 -6.250000000000000000e-02 -6.250000000000000000e-02
5.750000000000000000e+00 -1.889999985694885254e+00 7.650000095367431641e+00 -1.837500000000000000e+01 1.000000000000000000e+01 -2.637500000000000000e+01 0.000000000000000000e+00 0.000000000000000000e+00 0.000000000000000000e+00
5.739999771118164062e+00 -1.879999995231628418e+00 7.670000076293945312e+00 -1.837500000000000000e+01 1.000000000000000000e+01 -2.637500000000000000e+01 -6.250000000000000000e-02 0.000000000000000000e+00 -1.250000000000000000e-01
5.730000019073486328e+00 -1.870000004768371582e+00 7.659999847412109375e+00 -1.837500000000000000e+01 1.000000000000000000e+01 -2.637500000000000000e+01 1.875000000000000000e-01 0.000000000000000000e+00 -1.250000000000000000e-01
5.739999771118164062e+00 -1.860000014305114746e+00 7.650000095367431641e+00 -1.837500000000000000e+01 1.000000000000000000e+01 -2.637500000000000000e+01 6.250000000000000000e-02 -1.250000000000000000e-01 6.250000000000000000e-02
5.739999771118164062e+00 -1.899999976158142090e+00 7.670000076293945312e+00 -1.956250000000000000e+01 9.562500000000000000e+00 -2.475000000000000000e+01 6.250000000000000000e-02 -6.250000000000000000e-02 0.000000000000000000e+00
5.739999771118164062e+00 -1.860000014305114746e+00 7.659999847412109375e+00 -1.956250000000000000e+01 9.562500000000000000e+00 -2.475000000000000000e+01 6.250000000000000000e-02 6.250000000000000000e-02 -1.250000000000000000e-01
5.750000000000000000e+00 -1.870000004768371582e+00 7.650000095367431641e+00 -1.956250000000000000e+01 9.562500000000000000e+00 -2.475000000000000000e+01 1.250000000000000000e-01 -1.250000000000000000e-01 6.250000000000000000e-02
5.739999771118164062e+00 -1.870000004768371582e+00 7.690000057220458984e+00 -1.956250000000000000e+01 9.562500000000000000e+00 -2.475000000000000000e+01 0.000000000000000000e+00 0.000000000000000000e+00 -1.875000000000000000e-01
5.750000000000000000e+00 -1.870000004768371582e+00 7.659999847412109375e+00 -1.956250000000000000e+01 9.562500000000000000e+00 -2.475000000000000000e+01 6.250000000000000000e-02 -1.875000000000000000e-01 -6.250000000000000000e-02
5.750000000000000000e+00 -1.840000033378601074e+00 7.670000076293945312e+00 -1.837500000000000000e+01 1.037500000000000000e+01 -2.637500000000000000e+01 6.250000000000000000e-02 -1.250000000000000000e-01 -6.250000000000000000e-02
5.730000019073486328e+00 -1.860000014305114746e+00 7.650000095367431641e+00 -1.837500000000000000e+01 1.037500000000000000e+01 -2.637500000000000000e+01 0.000000000000000000e+00 -1.250000000000000000e-01 1.250000000000000000e-01
5.739999771118164062e+00 -1.870000004768371582e+00 7.630000114440917969e+00 -1.837500000000000000e+01 1.037500000000000000e+01 -2.637500000000000000e+01 0.000000000000000000e+00 0.000000000000000000e+00 -6.250000000000000000e-02
5.670000076293945312e+00 -1.879999995231628418e+00 7.599999904632568359e+00 -1.837500000000000000e+01 1.037500000000000000e+01 -2.637500000000000000e+01 3.125000000000000000e-01 -2.500000000000000000e-01 -3.125000000000000000e-01
5.329999923706054688e+00 -1.960000038146972656e+00 7.829999923706054688e+00 -1.837500000000000000e+01 1.037500000000000000e+01 -2.637500000000000000e+01 1.937500000000000000e+00 -1.125000000000000000e+00 -2.687500000000000000e+00
5.579999923706054688e+00 -2.660000085830688477e+00 7.599999904632568359e+00 -2.018750000000000000e+01 1.037500000000000000e+01 -2.675000000000000000e+01 3.937500000000000000e+00 -3.187500000000000000e+00 -6.437500000000000000e+00
5.699999809265136719e+00 -2.890000104904174805e+00 7.750000000000000000e+00 -2.018750000000000000e+01 1.037500000000000000e+01 -2.675000000000000000e+01 7.062500000000000000e+00 -4.062500000000000000e+00 -1.025000000000000000e+01
6.230000019073486328e+00 -3.539999961853027344e+00 7.230000019073486328e+00 -2.018750000000000000e+01 1.037500000000000000e+01 -2.675000000000000000e+01 9.062500000000000000e+00 -2.187500000000000000e+00 -1.368750000000000000e+01
5.710000038146972656e+00 -2.839999914169311523e+00 7.710000038146972656e+00 -2.018750000000000000e+01 1.037500000000000000e+01 -2.675000000000000000e+01 9.687500000000000000e+00 3.125000000000000000e+00 -1.843750000000000000e+01
5.789999961853027344e+00 -2.319999933242797852e+00 7.690000057220458984e+00 -2.018750000000000000e+01 1.037500000000000000e+01 -2.675000000000000000e+01 9.500000000000000000e+00 4.000000000000000000e+00 -1.956250000000000000e+01
5.840000152587890625e+00 -2.119999885559082031e+00 7.760000228881835938e+00 -1.906250000000000000e+01 1.100000000000000000e+01 -2.556250000000000000e+01 8.000000000000000000e+00 5.750000000000000000e+00 -2.181250000000000000e+01
5.940000057220458984e+00 -2.509999990463256836e+00 7.699999809265136719e+00 -1.906250000000000000e+01 1.100000000000000000e+01 -2.556250000000000000e+01 8.812500000000000000e+00 7.125000000000000000e+00 -2.356250000000000000e+01
5.889999866485595703e+00 -1.919999957084655762e+00 7.599999904632568359e+00 -1.906250000000000000e+01 1.100000000000000000e+01 -2.556250000000000000e+01 1.106250000000000000e+01 8.312500000000000000e+00 -2.393750000000000000e+01
5.849999904632568359e+00 -1.570000052452087402e+00 7.599999904632568359e+00 -1.906250000000000000e+01 1.100000000000000000e+01 -2.556250000000000000e+01 1.306250000000000000e+01 9.250000000000000000e+00 -2.331250000000000000e+01
5.769999980926513672e+00 -1.450000047683715820e+00 7.840000152587890625e+00 -1.906250000000000000e+01 1.100000000000000000e+01 -2.556250000000000000e+01 1.468750000000000000e+01 8.937500000000000000e+00 -2.243750000000000000e+01
5.900000095367431641e+00 -2.380000114440917969e+00 7.880000114440917969e+00 -2.056250000000000000e+01 1.025000000000000000e+01 -2.556250000000000000e+01 1.712500000000000000e+01 8.375000000000000000e+00 -2.225000000000000000e+01
5.679999828338623047e+00 -3.089999914169311523e+00 7.960000038146972656e+00 -2.056250000000000000e+01 1.025000000000000000e+01 -2.556250000000000000e+01 2.118750000000000000e+01 8.500000000000000000e+00 -2.468750000000000000e+01
5.590000152587890625e+00 -3.799999952316284180e+00 7.980000019073486328e+00 -2.056250000000000000e+01 1.025000000000000000e+01 -2.556250000000000000e+01 2.687500000000000000e+01 8.062500000000000000e+00 -2.937500000000000000e+01
5.659999847412109375e+00 -4.170000076293945312e+00 8.069999694824218750e+00 -2.056250000000000000e+01 1.025000000000000000e+01 -2.556250000000000000e+01 3.562500000000000000e+01 7.187500000000000000e+00 -3.518750000000000000e+01
5.989999771118164062e+00 -3.970000028610229492e+00 8.149999618530273438e+00 -2.056250000000000000e+01 1.025000000000000000e+01 -2.556250000000000000e+01 4.518750000000000000e+01 5.937500000000000000e+00 -4.125000000000000000e+01
6.190000057220458984e+00 -4.090000152587890625e+00 8.220000267028808594e+00 -1.906250000000000000e+01 9.500000000000000000e+00 -2.600000000000000000e+01 5.575000000000000000e+01 5.125000000000000000e+00 -4.800000000000000000e+01
6.269999980926513672e+00 -4.469999790191650391e+00 8.260000228881835938e+00 -1.906250000000000000e+01 9.500000000000000000e+00 -2.600000000000000000e+01 6.831250000000000000e+01 4.875000000000000000e+00 -5.543750000000000000e+01
6.119999885559082031e+00 -4.719999790191650391e+00 8.239999771118164062e+00 -1.906250000000000000e+01 9.500000000000000000e+00 -2.600000000000000000e+01 8.193750000000000000e+01 4.250000000000000000e+00 -6.306250000000000000e+01
6.010000228881835938e+00 -4.630000114440917969e+00 8.239999771118164062e+00 -1.906250000000000000e+01 9.500000000000000000e+00 -2.600000000000000000e+01 9.606250000000000000e+01 2.437500000000000000e+00 -7.112500000000000000e+01
6.210000038146972656e+00 -4.340000152587890625e+00 8.199999809265136719e+00 -1.906250000000000000e+01 9.500000000000000000e+00 -2.600000000000000000e+01 1.100625000000000000e+02 1.250000000000000000e-01 -7.806250000000000000e+01
6.030000209808349609e+00 -3.880000114440917969e+00 8.149999618530273438e+00 -1.906250000000000000e+01 7.375000000000000000e+00 -2.600000000000000000e+01 1.242500000000000000e+02 -1.625000000000000000e+00 -8.468750000000000000e+01
5.860000133514404297e+00 -4.119999885559082031e+00 8.119999885559082031e+00 -1.906250000000000000e+01 7.375000000000000000e+00 -2.600000000000000000e+01 1.375000000000000000e+02 -4.500000000000000000e+00 -9.212500000000000000e+01
5.869999885559082031e+00 -4.699999809265136719e+00 8.119999885559082031e+00 -1.906250000000000000e+01 7.375000000000000000e+00 -2.600000000000000000e+01 1.516875000000000000e+02 -8.375000000000000000e+00 -9.987500000000000000e+01
6.130000114440917969e+00 -4.619999885559082031e+00 7.929999828338623047e+00 -1.906250000000000000e+01 7.375000000000000000e+00 -2.600000000000000000e+01 1.688750000000000000e+02 -1.343750000000000000e+01 -1.076875000000000000e+02
6.389999866485595703e+00 -4.090000152587890625e+00 7.650000095367431641e+00 -1.906250000000000000e+01 7.375000000000000000e+00 -2.600000000000000000e+01 1.853125000000000000e+02 -1.787500000000000000e+01 -1.136250000000000000e+02
6.360000133514404297e+00 -1.080000042915344238e+00 6.599999904632568359e+00 -1.975000000000000000e+01 4.375000000000000000e+00 -2.768750000000000000e+01 1.991875000000000000e+02 -2.087500000000000000e+01 -1.166875000000000000e+02
6.219999790191650391e+00 1.409999966621398926e+00 6.059999942779541016e+00 -1.975000000000000000e+01 4.375000000000000000e+00 -2.768750000000000000e+01 2.066875000000000000e+02 -2.168750000000000000e+01 -1.139375000000000000e+02
6.320000171661376953e+00 4.440000057220458984e+00 5.449999809265136719e+00 -1.975000000000000000e+01 4.375000000000000000e+00 -2.768750000000000000e+01 2.008750000000000000e+02 -1.618750000000000000e+01 -1.013125000000000000e+02
5.530000209808349609e+00 7.530000209808349609e+00 4.679999828338623047e+00 -1.975000000000000000e+01 4.375000000000000000e+00 -2.768750000000000000e+01 1.819375000000000000e+02 -4.625000000000000000e+00 -7.918750000000000000e+01
3.349999904632568359e+00 1.072000026702880859e+01 3.599999904632568359e+00 -1.975000000000000000e+01 4.375000000000000000e+00 -2.768750000000000000e+01 1.558125000000000000e+02 4.375000000000000000e+00 -5.625000000000000000e+01
2.809999942779541016e+00 1.285000038146972656e+01 3.680000066757202148e+00 -2.037500000000000000e+01 -3.000000000000000000e+00 -2.737500000000000000e+01 1.313125000000000000e+02 8.000000000000000000e+00 -4.656250000000000000e+01
2.109999895095825195e+00 1.260999965667724609e+01 3.690000057220458984e+00 -2.037500000000000000e+01 -3.000000000000000000e+00 -2.737500000000000000e+01 9.950000000000000000e+01 1.275000000000000000e+01 -4.218750000000000000e+01
2.519999980926513672e+00 1.275000000000000000e+01 4.559999942779541016e+00 -2.037500000000000000e+01 -3.000000000000000000e+00 -2.737500000000000000e+01 6.756250000000000000e+01 1.450000000000000000e+01 -2.956250000000000000e+01
2.869999885559082031e+00 1.160999965667724609e+01 5.059999942779541016e+00 -2.037500000000000000e+01 -3.000000000000000000e+00 -2.737500000000000000e+01 3.643750000000000000e+01 1.518750000000000000e+01 -1.400000000000000000e+01
3.170000076293945312e+00 9.960000038146972656e+00 5.750000000000000000e+00 -2.037500000000000000e+01 -3.000000000000000000e+00 -2.737500000000000000e+01 8.812500000000000000e+00 1.450000000000000000e+01 -1.625000000000000000e+00
3.740000009536743164e+00 7.469999790191650391e+00 6.599999904632568359e+00 -2.050000000000000000e+01 -8.062500000000000000e+00 -2.687500000000000000e+01 -1.181250000000000000e+01 1.037500000000000000e+01 6.812500000000000000e+00
5.380000114440917969e+00 3.299999952316284180e+00 7.630000114440917969e+00 -2.050000000000000000e+01 -8.062500000000000000e+00 -2.687500000000000000e+01 -2.368750000000000000e+01 6.875000000000000000e+00 1.331250000000000000e+01
5.929999828338623047e+00 2.140000104904174805e+00 7.800000190734863281e+00 -2.050000000000000000e+01 -8.062500000000000000e+00 -2.687500000000000000e+01 -2.693750000000000000e+01 4.562500000000000000e+00 1.606250000000000000e+01
6.219999790191650391e+00 1.659999966621398926e+00 7.920000076293945312e+00 -2.050000000000000000e+01 -8.062500000000000000e+00 -2.687500000000000000e+01 -2.475000000000000000e+01 3.312500000000000000e+00 1.475000000000000000e+01
6.320000171661376953e+00 1.519999980926513672e+00 7.889999866485595703e+00 -2.050000000000000000e+01 -8.062500000000000000e+00 -2.687500000000000000e+01 -1.993750000000000000e+01 2.250000000000000000e+00 1.200000000000000000e+01
6.099999904632568359e+00 2.329999923706054688e+00 7.639999866485595703e+00 -1.900000000000000000e+01 -8.000000000000000000e+00 -2.625000000000000000e+01 -1.506250000000000000e+01 1.687500000000000000e+00 9.812500000000000000e+00
5.849999904632568359e+00 3.200000047683715820e+00 7.449999809265136719e+00 -1.900000000000000000e+01 -8.000000000000000000e+00 -2.625000000000000000e+01 -1.218750000000000000e+01 1.125000000000000000e+00 1.000000000000000000e+01
5.409999847412109375e+00 4.230000019073486328e+00 7.150000095367431641e+00 -1.900000000000000000e+01 -8.000000000000000000e+00 -2.625000000000000000e+01 -1.312500000000000000e+01 1.312500000000000000e+00 1.225000000000000000e+01
4.750000000000000000e+00 5.800000190734863281e+00 6.570000171661376953e+00 -1.900000000000000000e+01 -8.000000000000000000e+00 -2.625000000000000000e+01 -1.843750000000000000e+01 1.000000000000000000e+00 1.593750000000000000e+01
4.639999866485595703e+00 6.260000228881835938e+00 6.389999866485595703e+00 -1.900000000000000000e+01 -8.000000000000000000e+00 -2.625000000000000000e+01 -2.775000000000000000e+01 5.625000000000000000e-01 2.150000000000000000e+01
4.460000038146972656e+00 6.780000209808349609e+00 6.269999980926513672e+00 -1.856250000000000000e+01 -6.562500000000000000e+00 -2.600000000000000000e+01 -3.987500000000000000e+01 5.000000000000000000e-01 2.875000000000000000e+01
4.179999828338623047e+00 7.219999790191650391e+00 6.110000133514404297e+00 -1.856250000000000000e+01 -6.562500000000000000e+00 -2.600000000000000000e+01 -5.468750000000000000e+01 1.187500000000000000e+00 3.750000000000000000e+01
3.710000038146972656e+00 8.069999694824218750e+00 5.989999771118164062e+00 -1.856250000000000000e+01 -6.562500000000000000e+00 -2.600000000000000000e+01 -7.275000000000000000e+01 1.125000000000000000e+00 4.718750000000000000e+01
3.710000038146972656e+00 8.279999732971191406e+00 5.989999771118164062e+00 -1.856250000000000000e+01 -6.562500000000000000e+00 -2.600000000000000000e+01 -9.337500000000000000e+01 6.250000000000000000e-02 5.825000000000000000e+01
3.890000104904174805e+00 7.960000038146972656e+00 5.969999790191650391e+00 -1.856250000000000000e+01 -6.562500000000000000e+00 -2.600000000000000000e+01 -1.153750000000000000e+02 -1.500000000000000000e+00 7.087500000000000000e+01
4.230000019073486328e+00 7.590000152587890625e+00 5.940000057220458984e+00 -1.956250000000000000e+01 -6.000000000000000000e+00 -2.650000000000000000e+01 -1.376250000000000000e+02 -2.250000000000000000e+00 8.462500000000000000e+01
4.789999961853027344e+00 7.519999980926513672e+00 5.550000190734863281e+00 -1.956250000000000000e+01 -6.000000000000000000e+00 -2.650000000000000000e+01 -1.598125000000000000e+02 -1.437500000000000000e+00 1.002500000000000000e+02
4.809999942779541016e+00 7.510000228881835938e+00 5.199999809265136719e+00 -1.956250000000000000e+01 -6.000000000000000000e+00 -2.650000000000000000e+01 -1.834375000000000000e+02 1.187500000000000000e+00 1.174375000000000000e+02
4.619999885559082031e+00 7.440000057220458984e+00 4.840000152587890625e+00 -1.956250000000000000e+01 -6.000000000000000000e+00 -2.650000000000000000e+01 -2.093750000000000000e+02 3.937500000000000000e+00 1.353125000000000000e+02
4.019999980926513672e+00 6.230000019073486328e+00 4.570000171661376953e+00 -1.956250000000000000e+01 -6.000000000000000000e+00 -2.650000000000000000e+01 -2.366250000000000000e+02 7.062500000000000000e+00 1.537500000000000000e+02
3.690000057220458984e+00 5.230000019073486328e+00 4.760000228881835938e+00 -1.925000000000000000e+01 -3.375000000000000000e+00 -2.775000000000000000e+01 -2.611250000000000000e+02 8.562500000000000000e+00 1.703750000000000000e+02
3.690000057220458984e+00 3.890000104904174805e+00 5.119999885559082031e+00 -1.925000000000000000e+01 -3.375000000000000000e+00 -2.775000000000000000e+01 -2.829375000000000000e+02 9.187500000000000000e+00 1.845625000000000000e+02
4.289999961853027344e+00 1.820000052452087402e+00 5.960000038146972656e+00 -1.925000000000000000e+01 -3.375000000000000000e+00 -2.775000000000000000e+01 -2.976875000000000000e+02 9.437500000000000000e+00 1.951250000000000000e+02
1.653000068664550781e+01 -3.413000106811523438e+01 2.961000061035156250e+01 -1.925000000000000000e+01 -3.375000000000000000e+00 -2.775000000000000000e+01 -2.591875000000000000e+02 -1.437500000000000000e+00 1.873750000000000000e+02
6.159999847412109375e+00 -3.929000091552734375e+01 -9.090000152587890625e+00 -1.925000000000000000e+01 -3.375000000000000000e+00 -2.775000000000000000e+01 -6.575000000000000000e+01 -5.050000000000000000e+01 8.875000000000000000e+01
6.860000133514404297e+00 -3.475999832153320312e+01 -1.960000038146972656e+00 -1.875000000000000000e+01 5.500000000000000000e+00 -2.568750000000000000e+01 -1.631250000000000000e+01 2.681250000000000000e+01 -3.750000000000000000e-01
-7.699999809265136719e-01 -2.564999961853027344e+01 1.394999980926513672e+01 -1.875000000000000000e+01 5.500000000000000000e+00 -2.568750000000000000e+01 1.112500000000000000e+01 1.225000000000000000e+01 -3.356250000000000000e+01
5.309999942779541016e+00 5.739999771118164062e+00 6.340000152587890625e+00 -1.875000000000000000e+01 5.500000000000000000e+00 -2.568750000000000000e+01 3.125000000000000000e+01 -5.062500000000000000e+00 -4.643750000000000000e+01
6.900000095367431641e+00 8.770000457763671875e+00 8.170000076293945312e+00 -1.875000000000000000e+01 5.500000000000000000e+00 -2.568750000000000000e+01 2.981250000000000000e+01 -1.250000000000000000e-01 -3.181250000000000000e+01
6.719999790191650391e+00 6.059999942779541016e+00 8.670000076293945312e+00 -1.875000000000000000e+01 5.500000000000000000e+00 -2.568750000000000000e+01 1.418750000000000000e+01 3.250000000000000000e+00 -1.468750000000000000e+01
5.510000228881835938e+00 5.600000023841857910e-01 8.279999732971191406e+00 -1.837500000000000000e+01 1.000000000000000000e+01 -2.568750000000000000e+01 6.250000000000000000e-01 -1.875000000000000000e-01 -5.125000000000000000e+00
5.980000019073486328e+00 -5.699999928474426270e-01 7.619999885559082031e+00 -1.837500000000000000e+01 1.000000000000000000e+01 -2.568750000000000000e+01 -5.625000000000000000e+00 -5.062500000000000000e+00 4.625000000000000000e+00
6.110000133514404297e+00 -9.599999785423278809e-01 7.510000228881835938e+00 -1.837500000000000000e+01 1.000000000000000000e+01 -2.568750000000000000e+01 -7.125000000000000000e+00 -4.875000000000000000e+00 8.875000000000000000e+00
5.929999828338623047e+00 -2.069999933242797852e+00 7.579999923706054688e+00 -1.837500000000000000e+01 1.000000000000000000e+01 -2.568750000000000000e+01 -7.312500000000000000e+00 -3.062500000000000000e+00 9.875000000000000000e+00
5.559999942779541016e+00 -3.329999923706054688e+00 7.530000209808349609e+00 -1.837500000000000000e+01 1.000000000000000000e+01 -2.568750000000000000e+01 -5.937500000000000000e+00 -1.812500000000000000e+00 8.500000000000000000e+00
5.519999980926513672e+00 -2.940000057220458984e+00 7.570000171661376953e+00 -1.875000000000000000e+01 9.562500000000000000e+00 -2.650000000000000000e+01 -3.375000000000000000e+00 -1.125000000000000000e+00 5.125000000000000000e+00
5.599999904632568359e+00 -2.339999914169311523e+00 7.670000076293945312e+00 -1.875000000000000000e+01 9.562500000000000000e+00 -2.650000000000000000e+01 -1.187500000000000000e+00 -1.187500000000000000e+00 2.250000000000000000e+00
5.739999771118164062e+00 -1.909999966621398926e+00 7.679999828338623047e+00 -1.875000000000000000e+01 9.562500000000000000e+00 -2.650000000000000000e+01 -1.250000000000000000e-01 -1.625000000000000000e+00 1.375000000000000000e+00
5.780000209808349609e+00 -1.539999961853027344e+00 7.699999809265136719e+00 -1.875000000000000000e+01 9.562500000000000000e+00 -2.650000000000000000e+01 6.250000000000000000e-02 -1.562500000000000000e+00 1.375000000000000000e+00
5.750000000000000000e+00 -1.509999990463256836e+00 7.739999771118164062e+00 -1.875000000000000000e+01 9.562500000000000000e+00 -2.650000000000000000e+01 -5.000000000000000000e-01 -1.375000000000000000e+00 1.562500000000000000e+00
5.750000000000000000e+00 -1.509999990463256836e+00 7.739999771118164062e+00 -1.837500000000000000e+01 1.000000000000000000e+01 -2.656250000000000000e+01 -9.375000000000000000e-01 -1.562500000000000000e+00 1.687500000000000000e+00
5.800000190734863281e+00 -1.519999980926513672e+00 7.690000057220458984e+00 -1.837500000000000000e+01 1.000000000000000000e+01 -2.656250000000000000e+01 -1.437500000000000000e+00 -1.437500000000000000e+00 2.250000000000000000e+00
5.809999942779541016e+00 -1.559999942779541016e+00 7.639999866485595703e+00 -1.837500000000000000e+01 1.000000000000000000e+01 -2.656250000000000000e+01 -1.812500000000000000e+00 -1.375000000000000000e+00 2.875000000000000000e+00
5.800000190734863281e+00 -1.710000038146972656e+00 7.659999847412109375e+00 -1.837500000000000000e+01 1.000000000000000000e+01 -2.656250000000000000e+01 -2.062500000000000000e+00 -1.312500000000000000e+00 3.187500000000000000e+00
5.789999961853027344e+00 -1.879999995231628418e+00 7.599999904632568359e+00 -1.837500000000000000e+01 1.000000000000000000e+01 -2.656250000000000000e+01 -1.750000000000000000e+00 -1.125000000000000000e+00 3.062500000000000000e+00
5.789999961853027344e+00 -1.879999995231628418e+00 7.599999904632568359e+00 -1.956250000000000000e+01 9.562500000000000000e+00 -2.575000000000000000e+01 -1.250000000000000000e+00 -8.125000000000000000e-01 2.687500000000000000e+00
5.739999771118164062e+00 -1.909999966621398926e+00 7.639999866485595703e+00 -1.956250000000000000e+01 9.562500000000000000e+00 -2.575000000000000000e+01 -5.625000000000000000e-01 -7.500000000000000000e-01 1.937500000000000000e+00
5.730000019073486328e+00 -1.850000023841857910e+00 7.650000095367431641e+00 -1.956250000000000000e+01 9.562500000000000000e+00 -2.575000000000000000e+01 -4.375000000000000000e-01 -8.125000000000000000e-01 1.625000000000000000e+00
5.769999980926513672e+00 -1.799999952316284180e+00 7.679999828338623047e+00 -1.956250000000000000e+01 9.562500000000000000e+00 -2.575000000000000000e+01 -3.125000000000000000e-01 -6.250000000000000000e-01 1.375000000000000000e+00
