5.610000133514404297e+00 -1.980000019073486328e+00 7.769999980926513672e+00 -7.375000000000000000e+00 4.250000000000000000e+00 -3.918750000000000000e+01 1.250000000000000000e-01 -6.250000000000000000e-02 -1.250000000000000000e-01
5.610000133514404297e+00 -1.960000038146972656e+00 7.760000228881835938e+00 -7.375000000000000000e+00 4.250000000000000000e+00 -3.918750000000000000e+01 1.250000000000000000e-01 -6.250000000000000000e-02 6.250000000000000000e-02
5.599999904632568359e+00 -1.970000028610229492e+00 7.739999771118164062e+00 -7.375000000000000000e+00 4.250000000000000000e+00 -3.918750000000000000e+01 -6.250000000000000000e-02 6.250000000000000000e-02 0.000000000000000000e+00
5.599999904632568359e+00 -1.960000038146972656e+00 7.739999771118164062e+00 -7.375000000000000000e+00 4.250000000000000000e+00 -3.918750000000000000e+01 -6.250000000000000000e-02 -6.250000000000000000e-02 6.250000000000000000e-02
5.599999904632568359e+00 -1.950000047683715820e+00 7.760000228881835938e+00 -7.375000000000000000e+00 4.250000000000000000e+00 -3.918750000000000000e+01 -1.250000000000000000e-01 -6.250000000000000000e-02 1.250000000000000000e-01
5.590000152587890625e+00 -1.970000028610229492e+00 7.760000228881835938e+00 -7.375000000000000000e+00 4.250000000000000000e+00 -3.956250000000000000e+01 6.250000000000000000e-02 -6.250000000000000000e-02 0.000000000000000000e+00
5.579999923706054688e+00 -1.960000038146972656e+00 7.750000000000000000e+00 -7.375000000000000000e+00 4.250000000000000000e+00 -3.956250000000000000e+01 6.250000000000000000e-02 -6.250000000000000000e-02 1.250000000000000000e-01
5.619999885559082031e+00 -1.960000038146972656e+00 7.750000000000000000e+00 -7.375000000000000000e+00 4.250000000000000000e+00 -3.956250000000000000e+01 -1.875000000000000000e-01 6.250000000000000000e-02 6.250000000000000000e-02
5.579999923706054688e+00 -1.960000038146972656e+00 7.769999980926513672e+00 -7.375000000000000000e+00 4.250000000000000000e+00 -3.956250000000000000e+01 -6.250000000000000000e-02 6.250000000000000000e-02 0.000000000000000000e+00
5.610000133514404297e+00 -1.980000019073486328e+00 7.769999980926513672e+00 -7.375000000000000000e+00 4.250000000000000000e+00 -3.956250000000000000e+01 0.000000000000000000e+00 6.250000000000000000e-02 0.000000000000000000e+00
5.599999904632568359e+00 -1.929999947547912598e+00 7.750000000000000000e+00 -6.250000000000000000e+00 3.875000000000000000e+00 -3.918750000000000000e+01 0.000000000000000000e+00 1.250000000000000000e-01 0.000000000000000000e+00
5.590000152587890625e+00 -1.970000028610229492e+00 7.769999980926513672e+00 -6.250000000000000000e+00 3.875000000000000000e+00 -3.918750000000000000e+01 0.000000000000000000e+00 6.250000000000000000e-02 6.250000000000000000e-02
5.590000152587890625e+00 -1.990000009536743164e+00 7.750000000000000000e+00 -6.250000000000000000e+00 3.875000000000000000e+00 -3.918750000000000000e+01 1.875000000000000000e-01 6.250000000000000000e-02 6.250000000000000000e-02
5.579999923706054688e+00 -1.960000038146972656e+00 7.789999961853027344e+00 -6.250000000000000000e+00 3.875000000000000000e+00 -3.918750000000000000e+01 1.875000000000000000e-01 -6.250000000000000000e-02 -6.250000000000000000e-02
5.650000095367431641e+00 -1.889999985694885254e+00 7.800000190734863281e+00 -6.250000000000000000e+00 3.875000000000000000e+00 -3.918750000000000000e+01 -1.250000000000000000e-01 -2.500000000000000000e-01 -1.875000000000000000e-01
5.889999866485595703e+00 -2.390000104904174805e+00 7.739999771118164062e+00 -7.062500000000000000e+00 3.875000000000000000e+00 -3.837500000000000000e+01 -4.375000000000000000e-01 -1.875000000000000000e-01 -1.875000000000000000e-01
6.289999961853027344e+00 -1.610000014305114746e+00 7.400000095367431641e+00 -7.062500000000000000e+00 3.875000000000000000e+00 -3.837500000000000000e+01 -5.625000000000000000e-01 -1.250000000000000000e-01 2.500000000000000000e-01
5.730000019073486328e+00 -1.169999957084655762e+00 8.189999580383300781e+00 -7.062500000000000000e+00 3.875000000000000000e+00 -3.837500000000000000e+01 -2.250000000000000000e+00 1.875000000000000000e-01 1.937500000000000000e+00
6.010000228881835938e+00 -2.369999885559082031e+00 7.489999771118164062e+00 -7.062500000000000000e+00 3.875000000000000000e+00 -3.837500000000000000e+01 -3.562500000000000000e+00 -6.875000000000000000e-01 3.125000000000000000e+00
6.199999809265136719e+00 -2.380000114440917969e+00 7.460000038146972656e+00 -7.062500000000000000e+00 3.875000000000000000e+00 -3.837500000000000000e+01 -3.437500000000000000e+00 -1.062500000000000000e+00 3.250000000000000000e+00
6.369999885559082031e+00 -2.440000057220458984e+00 7.469999790191650391e+00 -7.062500000000000000e+00 4.250000000000000000e+00 -3.875000000000000000e+01 -3.687500000000000000e+00 -6.250000000000000000e-01 4.500000000000000000e+00
6.730000019073486328e+00 -2.490000009536743164e+00 7.570000171661376953e+00 -7.062500000000000000e+00 4.250000000000000000e+00 -3.875000000000000000e+01 -3.625000000000000000e+00 1.250000000000000000e-01 5.812500000000000000e+00
7.019999980926513672e+00 -2.319999933242797852e+00 7.570000171661376953e+00 -7.062500000000000000e+00 4.250000000000000000e+00 -3.875000000000000000e+01 -3.687500000000000000e+00 1.125000000000000000e+00 6.062500000000000000e+00
7.389999866485595703e+00 -1.980000019073486328e+00 7.429999828338623047e+00 -7.062500000000000000e+00 4.250000000000000000e+00 -3.875000000000000000e+01 -4.937500000000000000e+00 2.562500000000000000e+00 4.812500000000000000e+00
7.780000209808349609e+00 -1.879999995231628418e+00 6.710000038146972656e+00 -7.062500000000000000e+00 4.250000000000000000e+00 -3.875000000000000000e+01 -6.875000000000000000e+00 3.312500000000000000e+00 1.312500000000000000e+00
7.039999961853027344e+00 -2.480000019073486328e+00 4.570000171661376953e+00 -6.687500000000000000e+00 5.000000000000000000e+00 -3.800000000000000000e+01 -8.062500000000000000e+00 1.062500000000000000e+00 -5.750000000000000000e+00
7.329999923706054688e+00 -2.470000028610229492e+00 3.460000038146972656e+00 -6.687500000000000000e+00 5.000000000000000000e+00 -3.800000000000000000e+01 -9.562500000000000000e+00 -6.250000000000000000e+00 -1.375000000000000000e+01
8.500000000000000000e+00 -2.109999895095825195e+00 1.379999995231628418e+00 -6.687500000000000000e+00 5.000000000000000000e+00 -3.800000000000000000e+01 -1.375000000000000000e+01 -2.168750000000000000e+01 -2.006250000000000000e+01
8.609999656677246094e+00 -4.420000076293945312e+00 2.019999980926513672e+00 -6.687500000000000000e+00 5.000000000000000000e+00 -3.800000000000000000e+01 -1.237500000000000000e+01 -3.856250000000000000e+01 -2.381250000000000000e+01
1.895000076293945312e+01 -2.750000000000000000e+00 4.070000171661376953e+00 -6.687500000000000000e+00 5.000000000000000000e+00 -3.800000000000000000e+01 -1.875000000000000000e+00 -3.668750000000000000e+01 -2.456250000000000000e+01
9.789999961853027344e+00 -1.559999942779541016e+00 3.799999952316284180e+00 -6.250000000000000000e+00 3.875000000000000000e+00 -3.918750000000000000e+01 -2.375000000000000000e+00 9.125000000000000000e+00 -9.812500000000000000e+00
7.250000000000000000e+00 -2.359999895095825195e+00 2.730000019073486328e+00 -6.250000000000000000e+00 3.875000000000000000e+00 -3.918750000000000000e+01 -6.687500000000000000e+00 1.012500000000000000e+01 1.625000000000000000e+00
1.200000000000000000e+01 -5.710000038146972656e+00 3.779999971389770508e+00 -6.250000000000000000e+00 3.875000000000000000e+00 -3.918750000000000000e+01 -4.312500000000000000e+00 -1.000000000000000000e+01 6.062500000000000000e+00
1.247999954223632812e+01 -2.869999885559082031e+00 4.070000171661376953e+00 -6.250000000000000000e+00 3.875000000000000000e+00 -3.918750000000000000e+01 1.068750000000000000e+01 -1.156250000000000000e+01 3.875000000000000000e+00
1.047000026702880859e+01 -7.999999821186065674e-02 4.269999980926513672e+00 -6.250000000000000000e+00 3.875000000000000000e+00 -3.918750000000000000e+01 1.350000000000000000e+01 -1.937500000000000000e+00 7.500000000000000000e+00
8.930000305175781250e+00 -9.800000190734863281e-01 4.949999809265136719e+00 -7.750000000000000000e+00 5.000000000000000000e+00 -3.825000000000000000e+01 1.625000000000000000e+00 -5.625000000000000000e-01 1.306250000000000000e+01
8.529999732971191406e+00 -4.929999828338623047e+00 6.070000171661376953e+00 -7.750000000000000000e+00 5.000000000000000000e+00 -3.825000000000000000e+01 -9.125000000000000000e+00 -6.062500000000000000e+00 1.375000000000000000e+01
9.289999961853027344e+00 -2.869999885559082031e+00 5.750000000000000000e+00 -7.750000000000000000e+00 5.000000000000000000e+00 -3.825000000000000000e+01 -1.375000000000000000e+00 -1.100000000000000000e+01 7.187500000000000000e+00
8.260000228881835938e+00 9.999999776482582092e-03 6.880000114440917969e+00 -7.750000000000000000e+00 5.000000000000000000e+00 -3.825000000000000000e+01 3.312500000000000000e+00 -9.062500000000000000e+00 7.125000000000000000e+00
8.039999961853027344e+00 -1.899999976158142090e-01 6.480000019073486328e+00 -7.750000000000000000e+00 5.000000000000000000e+00 -3.825000000000000000e+01 -5.875000000000000000e+00 -9.187500000000000000e+00 1.225000000000000000e+01
6.760000228881835938e+00 -2.210000038146972656e+00 7.190000057220458984e+00 -7.375000000000000000e+00 3.875000000000000000e+00 -3.787500000000000000e+01 -1.662500000000000000e+01 -9.000000000000000000e+00 1.625000000000000000e+01
5.599999904632568359e+00 -2.630000114440917969e+00 7.739999771118164062e+00 -7.375000000000000000e+00 3.875000000000000000e+00 -3.787500000000000000e+01 -1.650000000000000000e+01 -8.937500000000000000e+00 1.568750000000000000e+01
4.340000152587890625e+00 -2.390000104904174805e+00 7.869999885559082031e+00 -7.375000000000000000e+00 3.875000000000000000e+00 -3.787500000000000000e+01 -1.050000000000000000e+01 -1.193750000000000000e+01 1.318750000000000000e+01
2.559999942779541016e+00 -2.079999923706054688e+00 8.260000228881835938e+00 -7.375000000000000000e+00 3.875000000000000000e+00 -3.787500000000000000e+01 -4.937500000000000000e+00 -2.031250000000000000e+01 1.143750000000000000e+01
2.809999942779541016e+00 -2.980000019073486328e+00 8.819999694824218750e+00 -7.375000000000000000e+00 3.875000000000000000e+00 -3.787500000000000000e+01 5.625000000000000000e-01 -3.206250000000000000e+01 9.187500000000000000e+00
3.019999980926513672e+00 -2.059999942779541016e+00 9.420000076293945312e+00 -8.062500000000000000e+00 3.187500000000000000e+00 -3.868750000000000000e+01 9.875000000000000000e+00 -4.006250000000000000e+01 5.375000000000000000e+00
3.460000038146972656e+00 -1.860000014305114746e+00 1.013000011444091797e+01 -8.062500000000000000e+00 3.187500000000000000e+00 -3.868750000000000000e+01 1.693750000000000000e+01 -4.275000000000000000e+01 3.812500000000000000e+00
3.200000047683715820e+00 4.000000059604644775e-01 1.052000045776367188e+01 -8.062500000000000000e+00 3.187500000000000000e+00 -3.868750000000000000e+01 1.862500000000000000e+01 -3.781250000000000000e+01 4.875000000000000000e+00
2.569999933242797852e+00 -1.199999973177909851e-01 1.092000007629394531e+01 -8.062500000000000000e+00 3.187500000000000000e+00 -3.868750000000000000e+01 1.100000000000000000e+01 -2.975000000000000000e+01 8.250000000000000000e+00
3.170000076293945312e+00 -1.330000042915344238e+00 1.114000034332275391e+01 -8.062500000000000000e+00 3.187500000000000000e+00 -3.868750000000000000e+01 5.687500000000000000e+00 -2.262500000000000000e+01 8.625000000000000000e+00
3.170000076293945312e+00 -1.330000042915344238e+00 1.114000034332275391e+01 -8.750000000000000000e+00 2.375000000000000000e+00 -3.868750000000000000e+01 2.625000000000000000e+00 -1.487500000000000000e+01 8.375000000000000000e+00
1.409999966621398926e+00 -1.570000052452087402e+00 1.161999988555908203e+01 -8.750000000000000000e+00 2.375000000000000000e+00 -3.868750000000000000e+01 -1.500000000000000000e+00 -1.600000000000000000e+01 7.437500000000000000e+00
1.320000052452087402e+00 -2.069999933242797852e+00 1.211999988555908203e+01 -8.750000000000000000e+00 2.375000000000000000e+00 -3.868750000000000000e+01 1.062500000000000000e+00 -1.143750000000000000e+01 4.187500000000000000e+00
6.700000166893005371e-01 -1.360000014305114746e+00 1.181000041961669922e+01 -8.750000000000000000e+00 2.375000000000000000e+00 -3.868750000000000000e+01 6.687500000000000000e+00 -4.812500000000000000e+00 1.625000000000000000e+00
3.300000131130218506e-01 -1.269999980926513672e+00 1.206000041961669922e+01 -8.750000000000000000e+00 2.375000000000000000e+00 -3.868750000000000000e+01 7.625000000000000000e+00 -3.312500000000000000e+00 1.625000000000000000e+00
3.300000131130218506e-01 -1.269999980926513672e+00 1.206000041961669922e+01 -1.025000000000000000e+01 2.750000000000000000e+00 -3.906250000000000000e+01 6.625000000000000000e+00 -2.437500000000000000e+00 2.562500000000000000e+00
3.199999928474426270e-01 -1.309999942779541016e+00 1.231999969482421875e+01 -1.025000000000000000e+01 2.750000000000000000e+00 -3.906250000000000000e+01 5.812500000000000000e+00 5.375000000000000000e+00 4.500000000000000000e+00
7.999999821186065674e-02 -1.440000057220458984e+00 1.193999958038330078e+01 -1.025000000000000000e+01 2.750000000000000000e+00 -3.906250000000000000e+01 4.687500000000000000e+00 9.375000000000000000e+00 6.875000000000000000e+00
2.170000076293945312e+00 -2.519999980926513672e+00 1.088000011444091797e+01 -1.025000000000000000e+01 2.750000000000000000e+00 -3.906250000000000000e+01 3.000000000000000000e+00 1.075000000000000000e+01 1.000000000000000000e+01
1.399999976158142090e+00 -1.909999966621398926e+00 1.102000045776367188e+01 -1.025000000000000000e+01 2.750000000000000000e+00 -3.906250000000000000e+01 2.687500000000000000e+00 1.218750000000000000e+01 8.875000000000000000e+00
1.399999976158142090e+00 -1.909999966621398926e+00 1.102000045776367188e+01 -1.100000000000000000e+01 5.625000000000000000e-01 -3.987500000000000000e+01 6.437500000000000000e+00 1.431250000000000000e+01 5.437500000000000000e+00
1.399999976158142090e+00 -1.600000023841857910e+00 1.101000022888183594e+01 -1.100000000000000000e+01 5.625000000000000000e-01 -3.987500000000000000e+01 7.687500000000000000e+00 1.693750000000000000e+01 4.562500000000000000e+00
1.769999980926513672e+00 -1.909999966621398926e+00 1.113000011444091797e+01 -1.100000000000000000e+01 5.625000000000000000e-01 -3.987500000000000000e+01 7.312500000000000000e+00 2.000000000000000000e+01 5.625000000000000000e+00
1.990000009536743164e+00 -1.659999966621398926e+00 1.125000000000000000e+01 -1.100000000000000000e+01 5.625000000000000000e-01 -3.987500000000000000e+01 6.750000000000000000e+00 2.168750000000000000e+01 6.000000000000000000e+00
1.840000033378601074e+00 -1.750000000000000000e+00 1.122000026702880859e+01 -1.100000000000000000e+01 5.625000000000000000e-01 -3.987500000000000000e+01 5.375000000000000000e+00 2.206250000000000000e+01 7.000000000000000000e+00
2.430000066757202148e+00 -2.079999923706054688e+00 1.122000026702880859e+01 -1.056250000000000000e+01 1.687500000000000000e+00 -4.025000000000000000e+01 3.125000000000000000e+00 2.143750000000000000e+01 6.500000000000000000e+00
2.380000114440917969e+00 -2.359999895095825195e+00 1.118999958038330078e+01 -1.056250000000000000e+01 1.687500000000000000e+00 -4.025000000000000000e+01 2.625000000000000000e+00 2.131250000000000000e+01 4.125000000000000000e+00
2.430000066757202148e+00 -2.670000076293945312e+00 1.106999969482421875e+01 -1.056250000000000000e+01 1.687500000000000000e+00 -4.025000000000000000e+01 4.312500000000000000e+00 2.243750000000000000e+01 2.500000000000000000e-01
2.650000095367431641e+00 -2.829999923706054688e+00 1.098999977111816406e+01 -1.056250000000000000e+01 1.687500000000000000e+00 -4.025000000000000000e+01 7.937500000000000000e+00 2.325000000000000000e+01 -4.312500000000000000e+00
3.039999961853027344e+00 -2.990000009536743164e+00 1.052999973297119141e+01 -1.056250000000000000e+01 1.687500000000000000e+00 -4.025000000000000000e+01 1.318750000000000000e+01 2.356250000000000000e+01 -8.375000000000000000e+00
3.230000019073486328e+00 -2.759999990463256836e+00 1.038000011444091797e+01 -9.875000000000000000e+00 2.000000000000000000e+00 -3.950000000000000000e+01 1.893750000000000000e+01 2.431250000000000000e+01 -1.143750000000000000e+01
3.500000000000000000e+00 -2.410000085830688477e+00 1.010999965667724609e+01 -9.875000000000000000e+00 2.000000000000000000e+00 -3.950000000000000000e+01 2.375000000000000000e+01 2.406250000000000000e+01 -1.262500000000000000e+01
3.720000028610229492e+00 -2.059999942779541016e+00 9.850000381469726562e+00 -9.875000000000000000e+00 2.000000000000000000e+00 -3.950000000000000000e+01 2.518750000000000000e+01 2.450000000000000000e+01 -1.262500000000000000e+01
4.449999809265136719e+00 -1.539999961853027344e+00 9.250000000000000000e+00 -9.875000000000000000e+00 2.000000000000000000e+00 -3.950000000000000000e+01 2.218750000000000000e+01 2.575000000000000000e+01 -1.187500000000000000e+01
4.650000095367431641e+00 -1.600000023841857910e+00 8.800000190734863281e+00 -9.875000000000000000e+00 2.000000000000000000e+00 -3.950000000000000000e+01 1.687500000000000000e+01 2.581250000000000000e+01 -9.937500000000000000e+00
4.719999790191650391e+00 -1.629999995231628418e+00 8.409999847412109375e+00 -8.375000000000000000e+00 2.375000000000000000e+00 -3.906250000000000000e+01 1.112500000000000000e+01 2.481250000000000000e+01 -6.562500000000000000e+00
4.900000095367431641e+00 -1.600000023841857910e+00 7.559999942779541016e+00 -8.375000000000000000e+00 2.375000000000000000e+00 -3.906250000000000000e+01 5.937500000000000000e+00 2.243750000000000000e+01 -2.250000000000000000e+00
5.139999866485595703e+00 -1.620000004768371582e+00 7.170000076293945312e+00 -8.375000000000000000e+00 2.375000000000000000e+00 -3.906250000000000000e+01 7.500000000000000000e-01 1.793750000000000000e+01 2.750000000000000000e+00
5.340000152587890625e+00 -1.659999966621398926e+00 6.780000209808349609e+00 -8.375000000000000000e+00 2.375000000000000000e+00 -3.906250000000000000e+01 -4.937500000000000000e+00 1.318750000000000000e+01 7.062500000000000000e+00
5.639999866485595703e+00 -1.769999980926513672e+00 6.429999828338623047e+00 -8.375000000000000000e+00 2.375000000000000000e+00 -3.906250000000000000e+01 -1.093750000000000000e+01 8.250000000000000000e+00 1.018750000000000000e+01
5.639999866485595703e+00 -1.769999980926513672e+00 6.429999828338623047e+00 -7.250000000000000000e+00 2.000000000000000000e+00 -3.825000000000000000e+01 -1.556250000000000000e+01 3.437500000000000000e+00 1.287500000000000000e+01
6.280000209808349609e+00 -2.160000085830688477e+00 5.820000171661376953e+00 -7.250000000000000000e+00 2.000000000000000000e+00 -3.825000000000000000e+01 -1.687500000000000000e+01 -6.875000000000000000e-01 1.550000000000000000e+01
7.099999904632568359e+00 -2.690000057220458984e+00 5.170000076293945312e+00 -7.250000000000000000e+00 2.000000000000000000e+00 -3.825000000000000000e+01 -1.518750000000000000e+01 -3.937500000000000000e+00 1.768750000000000000e+01
8.029999732971191406e+00 -2.490000009536743164e+00 4.670000076293945312e+00 -7.250000000000000000e+00 2.000000000000000000e+00 -3.825000000000000000e+01 -1.112500000000000000e+01 -5.437500000000000000e+00 1.881250000000000000e+01
8.380000114440917969e+00 -2.259999990463256836e+00 4.409999847412109375e+00 -7.250000000000000000e+00 2.000000000000000000e+00 -3.825000000000000000e+01 -7.125000000000000000e+00 -5.062500000000000000e+00 1.875000000000000000e+01
8.380000114440917969e+00 -2.259999990463256836e+00 4.409999847412109375e+00 -7.250000000000000000e+00 2.750000000000000000e+00 -3.868750000000000000e+01 -4.875000000000000000e+00 -3.375000000000000000e+00 1.843750000000000000e+01
8.770000457763671875e+00 -1.840000033378601074e+00 3.920000076293945312e+00 -7.250000000000000000e+00 2.750000000000000000e+00 -3.868750000000000000e+01 -4.125000000000000000e+00 -3.750000000000000000e-01 1.731250000000000000e+01
8.869999885559082031e+00 -1.710000038146972656e+00 3.430000066757202148e+00 -7.250000000000000000e+00 2.750000000000000000e+00 -3.868750000000000000e+01 -4.375000000000000000e+00 3.875000000000000000e+00 1.575000000000000000e+01
8.819999694824218750e+00 -1.870000004768371582e+00 3.279999971389770508e+00 -7.250000000000000000e+00 2.750000000000000000e+00 -3.868750000000000000e+01 -4.625000000000000000e+00 8.687500000000000000e+00 1.450000000000000000e+01
8.720000267028808594e+00 -2.039999961853027344e+00 3.140000104904174805e+00 -7.250000000000000000e+00 2.750000000000000000e+00 -3.868750000000000000e+01 -3.187500000000000000e+00 1.287500000000000000e+01 1.343750000000000000e+01
8.720000267028808594e+00 -2.039999961853027344e+00 3.140000104904174805e+00 -7.000000000000000000e+00 4.250000000000000000e+00 -3.825000000000000000e+01 3.750000000000000000e-01 1.656250000000000000e+01 1.200000000000000000e+01
8.689999580383300781e+00 -2.170000076293945312e+00 2.920000076293945312e+00 -7.000000000000000000e+00 4.250000000000000000e+00 -3.825000000000000000e+01 5.062500000000000000e+00 1.918750000000000000e+01 1.018750000000000000e+01
1.127000045776367188e+01 3.140000104904174805e+00 5.099999904632568359e+00 -7.000000000000000000e+00 4.250000000000000000e+00 -3.825000000000000000e+01 -2.500000000000000000e-01 1.012500000000000000e+01 8.937500000000000000e+00
9.039999961853027344e+00 -7.139999866485595703e+00 -4.920000076293945312e+00 -7.000000000000000000e+00 4.250000000000000000e+00 -3.825000000000000000e+01 -7.625000000000000000e+00 -4.131250000000000000e+01 6.500000000000000000e+00
1.106000041961669922e+01 -1.040999984741210938e+01 2.232999992370605469e+01 -7.000000000000000000e+00 4.250000000000000000e+00 -3.825000000000000000e+01 3.975000000000000000e+01 -6.025000000000000000e+01 -3.168750000000000000e+01
1.106000041961669922e+01 -1.040999984741210938e+01 2.232999992370605469e+01 -5.750000000000000000e+00 4.250000000000000000e+00 -3.737500000000000000e+01 4.350000000000000000e+01 -1.078125000000000000e+02 -6.406250000000000000e+01
1.925000000000000000e+01 -1.299999952316284180e-01 -9.770000457763671875e+00 -5.750000000000000000e+00 4.250000000000000000e+00 -3.737500000000000000e+01 -1.062500000000000000e+01 1.843750000000000000e+01 -4.000000000000000000e+00
-1.700000000000000000e+01 3.199999928474426270e-01 1.456000041961669922e+01 -5.750000000000000000e+00 4.250000000000000000e+00 -3.737500000000000000e+01 1.475000000000000000e+01 8.318750000000000000e+01 1.406250000000000000e+01
1.386999988555908203e+01 -2.190000057220458984e+00 6.539999961853027344e+00 -5.750000000000000000e+00 4.250000000000000000e+00 -3.737500000000000000e+01 -1.062500000000000000e+00 -3.556250000000000000e+01 1.437500000000000000e+00
1.481999969482421875e+01 -1.740000009536743164e+00 6.809999942779541016e+00 -5.750000000000000000e+00 4.250000000000000000e+00 -3.737500000000000000e+01 -4.875000000000000000e+00 -3.043750000000000000e+01 3.375000000000000000e+00
