5.429999828338623047e+00 -2.230000019073486328e+00 7.829999923706054688e+00 -1.368750000000000000e+01 1.468750000000000000e+01 -2.925000000000000000e+01 6.250000000000000000e-02 1.250000000000000000e-01 0.000000000000000000e+00
5.380000114440917969e+00 -2.230000019073486328e+00 7.849999904632568359e+00 -1.368750000000000000e+01 1.468750000000000000e+01 -2.850000000000000000e+01 0.000000000000000000e+00 -1.250000000000000000e-01 6.250000000000000000e-02
5.309999942779541016e+00 -2.299999952316284180e+00 7.849999904632568359e+00 -1.368750000000000000e+01 1.468750000000000000e+01 -2.850000000000000000e+01 0.000000000000000000e+00 -1.250000000000000000e-01 6.250000000000000000e-02
5.269999980926513672e+00 -2.259999990463256836e+00 7.829999923706054688e+00 -1.368750000000000000e+01 1.468750000000000000e+01 -2.850000000000000000e+01 0.000000000000000000e+00 -1.875000000000000000e-01 6.250000000000000000e-02
5.289999961853027344e+00 -2.009999990463256836e+00 7.989999771118164062e+00 -1.368750000000000000e+01 1.468750000000000000e+01 -2.850000000000000000e+01 6.250000000000000000e-02 -1.000000000000000000e+00 6.250000000000000000e-01
5.510000228881835938e+00 -1.789999961853027344e+00 7.929999828338623047e+00 -1.368750000000000000e+01 1.468750000000000000e+01 -2.850000000000000000e+01 -5.000000000000000000e-01 -2.812500000000000000e+00 1.875000000000000000e+00
5.260000228881835938e+00 -2.099999904632568359e+00 7.989999771118164062e+00 -1.300000000000000000e+01 1.506250000000000000e+01 -2.925000000000000000e+01 -3.000000000000000000e+00 -3.375000000000000000e+00 3.937500000000000000e+00
5.369999885559082031e+00 -2.519999980926513672e+00 7.909999847412109375e+00 -1.300000000000000000e+01 1.506250000000000000e+01 -2.925000000000000000e+01 -3.000000000000000000e+00 -3.375000000000000000e+00 3.937500000000000000e+00
5.570000171661376953e+00 -1.840000033378601074e+00 8.039999961853027344e+00 -1.300000000000000000e+01 1.506250000000000000e+01 -2.925000000000000000e+01 -3.937500000000000000e+00 -5.000000000000000000e+00 5.375000000000000000e+00
5.739999771118164062e+00 -1.509999990463256836e+00 8.109999656677246094e+00 -1.300000000000000000e+01 1.506250000000000000e+01 -2.925000000000000000e+01 -5.062500000000000000e+00 -6.437500000000000000e+00 7.812500000000000000e+00
5.769999980926513672e+00 -1.570000052452087402e+00 8.079999923706054688e+00 -1.300000000000000000e+01 1.506250000000000000e+01 -2.925000000000000000e+01 -6.812500000000000000e+00 -7.812500000000000000e+00 1.000000000000000000e+01
5.820000171661376953e+00 -1.789999961853027344e+00 7.929999828338623047e+00 -1.406250000000000000e+01 1.387500000000000000e+01 -2.850000000000000000e+01 -1.068750000000000000e+01 -8.750000000000000000e+00 1.656250000000000000e+01
5.760000228881835938e+00 -2.279999971389770508e+00 7.800000190734863281e+00 -1.406250000000000000e+01 1.387500000000000000e+01 -2.850000000000000000e+01 -1.068750000000000000e+01 -8.750000000000000000e+00 1.656250000000000000e+01
5.679999828338623047e+00 -2.269999980926513672e+00 8.140000343322753906e+00 -1.406250000000000000e+01 1.387500000000000000e+01 -2.850000000000000000e+01 -1.143750000000000000e+01 -7.812500000000000000e+00 1.937500000000000000e+01
6.510000228881835938e+00 -1.809999942779541016e+00 8.149999618530273438e+00 -1.406250000000000000e+01 1.387500000000000000e+01 -2.850000000000000000e+01 -1.243750000000000000e+01 -7.500000000000000000e+00 2.262500000000000000e+01
6.940000057220458984e+00 -9.599999785423278809e-01 8.119999885559082031e+00 -1.406250000000000000e+01 1.387500000000000000e+01 -2.850000000000000000e+01 -1.568750000000000000e+01 -5.687500000000000000e+00 2.818750000000000000e+01
6.800000190734863281e+00 -7.500000000000000000e-01 8.220000267028808594e+00 -1.337500000000000000e+01 1.425000000000000000e+01 -2.850000000000000000e+01 -2.412500000000000000e+01 8.687500000000000000e+00 4.300000000000000000e+01
7.019999980926513672e+00 -4.499999880790710449e-01 8.260000228881835938e+00 -1.337500000000000000e+01 1.425000000000000000e+01 -2.850000000000000000e+01 -2.412500000000000000e+01 8.687500000000000000e+00 4.300000000000000000e+01
7.239999771118164062e+00 -1.299999952316284180e-01 8.140000343322753906e+00 -1.337500000000000000e+01 1.425000000000000000e+01 -2.850000000000000000e+01 -3.218750000000000000e+01 1.600000000000000000e+01 5.075000000000000000e+01
5.210000038146972656e+00 -1.599999964237213135e-01 8.859999656677246094e+00 -1.337500000000000000e+01 1.425000000000000000e+01 -2.850000000000000000e+01 -4.262500000000000000e+01 2.306250000000000000e+01 5.968750000000000000e+01
5.980000019073486328e+00 -2.099999934434890747e-01 8.670000076293945312e+00 -1.337500000000000000e+01 1.425000000000000000e+01 -2.850000000000000000e+01 -5.293750000000000000e+01 2.450000000000000000e+01 7.000000000000000000e+01
6.059999942779541016e+00 -2.999999932944774628e-02 8.579999923706054688e+00 -1.337500000000000000e+01 1.537500000000000000e+01 -2.806250000000000000e+01 -7.900000000000000000e+01 1.837500000000000000e+01 9.675000000000000000e+01
5.550000190734863281e+00 3.000000119209289551e-01 8.750000000000000000e+00 -1.337500000000000000e+01 1.537500000000000000e+01 -2.806250000000000000e+01 -7.900000000000000000e+01 1.837500000000000000e+01 9.675000000000000000e+01
5.400000095367431641e+00 2.000000029802322388e-01 8.779999732971191406e+00 -1.337500000000000000e+01 1.537500000000000000e+01 -2.806250000000000000e+01 -9.350000000000000000e+01 1.487500000000000000e+01 1.123750000000000000e+02
5.360000133514404297e+00 9.999999776482582092e-03 8.590000152587890625e+00 -1.337500000000000000e+01 1.537500000000000000e+01 -2.806250000000000000e+01 -1.094375000000000000e+02 1.087500000000000000e+01 1.250000000000000000e+02
4.940000057220458984e+00 0.000000000000000000e+00 8.359999656677246094e+00 -1.337500000000000000e+01 1.537500000000000000e+01 -2.806250000000000000e+01 -1.268750000000000000e+02 1.006250000000000000e+01 1.343750000000000000e+02
4.119999885559082031e+00 -1.009999990463256836e+00 7.929999828338623047e+00 -1.150000000000000000e+01 1.837500000000000000e+01 -2.687500000000000000e+01 -1.438750000000000000e+02 1.218750000000000000e+01 1.408750000000000000e+02
4.639999866485595703e+00 -1.740000009536743164e+00 7.539999961853027344e+00 -1.150000000000000000e+01 1.837500000000000000e+01 -2.687500000000000000e+01 -1.585000000000000000e+02 1.025000000000000000e+01 1.431875000000000000e+02
4.760000228881835938e+00 -2.950000047683715820e+00 6.780000209808349609e+00 -1.150000000000000000e+01 1.837500000000000000e+01 -2.687500000000000000e+01 -1.711250000000000000e+02 9.000000000000000000e+00 1.442500000000000000e+02
4.110000133514404297e+00 -3.299999952316284180e+00 6.420000076293945312e+00 -1.150000000000000000e+01 1.837500000000000000e+01 -2.687500000000000000e+01 -1.794375000000000000e+02 1.200000000000000000e+01 1.434375000000000000e+02
4.340000152587890625e+00 -3.740000009536743164e+00 6.010000228881835938e+00 -1.150000000000000000e+01 1.837500000000000000e+01 -2.687500000000000000e+01 -1.817500000000000000e+02 1.487500000000000000e+01 1.360625000000000000e+02
4.150000095367431641e+00 -4.809999942779541016e+00 5.480000019073486328e+00 -9.750000000000000000e+00 2.100000000000000000e+01 -2.556250000000000000e+01 -1.816250000000000000e+02 1.750000000000000000e+01 1.238750000000000000e+02
3.029999971389770508e+00 -6.250000000000000000e+00 4.909999847412109375e+00 -9.750000000000000000e+00 2.100000000000000000e+01 -2.556250000000000000e+01 -1.811875000000000000e+02 2.425000000000000000e+01 1.115000000000000000e+02
2.000000000000000000e+00 -8.539999961853027344e+00 4.110000133514404297e+00 -9.750000000000000000e+00 2.100000000000000000e+01 -2.556250000000000000e+01 -1.784375000000000000e+02 2.943750000000000000e+01 1.022500000000000000e+02
8.799999952316284180e-01 -1.168999958038330078e+01 2.819999933242797852e+00 -9.750000000000000000e+00 2.100000000000000000e+01 -2.556250000000000000e+01 -1.688125000000000000e+02 2.906250000000000000e+01 9.337500000000000000e+01
9.200000166893005371e-01 -1.246000003814697266e+01 2.319999933242797852e+00 -9.750000000000000000e+00 2.100000000000000000e+01 -2.556250000000000000e+01 -1.522500000000000000e+02 2.668750000000000000e+01 8.162500000000000000e+01
8.999999761581420898e-01 -1.280000019073486328e+01 2.009999990463256836e+00 -6.187500000000000000e+00 2.575000000000000000e+01 -2.118750000000000000e+01 -1.295000000000000000e+02 2.593750000000000000e+01 6.587500000000000000e+01
4.600000083446502686e-01 -1.271000003814697266e+01 1.980000019073486328e+00 -6.187500000000000000e+00 2.575000000000000000e+01 -2.118750000000000000e+01 -1.036875000000000000e+02 2.706250000000000000e+01 4.825000000000000000e+01
8.899999856948852539e-01 -1.173999977111816406e+01 3.599999904632568359e+00 -6.187500000000000000e+00 2.575000000000000000e+01 -2.118750000000000000e+01 -7.581250000000000000e+01 2.581250000000000000e+01 3.131250000000000000e+01
1.590000033378601074e+00 -1.046000003814697266e+01 4.309999942779541016e+00 -6.187500000000000000e+00 2.575000000000000000e+01 -2.118750000000000000e+01 -5.181250000000000000e+01 2.062500000000000000e+01 1.918750000000000000e+01
2.309999942779541016e+00 -8.750000000000000000e+00 5.019999980926513672e+00 -6.187500000000000000e+00 2.575000000000000000e+01 -2.118750000000000000e+01 -3.437500000000000000e+01 1.650000000000000000e+01 1.162500000000000000e+01
4.039999961853027344e+00 -6.769999980926513672e+00 6.250000000000000000e+00 -4.000000000000000000e+00 2.906250000000000000e+01 -1.837500000000000000e+01 -2.381250000000000000e+01 1.300000000000000000e+01 6.437500000000000000e+00
4.440000057220458984e+00 -6.289999961853027344e+00 6.380000114440917969e+00 -4.000000000000000000e+00 2.906250000000000000e+01 -1.837500000000000000e+01 -1.993750000000000000e+01 1.193750000000000000e+01 4.312500000000000000e+00
4.219999790191650391e+00 -6.199999809265136719e+00 6.349999904632568359e+00 -4.000000000000000000e+00 2.906250000000000000e+01 -1.837500000000000000e+01 -2.268750000000000000e+01 1.468750000000000000e+01 5.062500000000000000e+00
3.789999961853027344e+00 -6.380000114440917969e+00 6.250000000000000000e+00 -4.000000000000000000e+00 2.906250000000000000e+01 -1.837500000000000000e+01 -2.775000000000000000e+01 1.806250000000000000e+01 7.000000000000000000e+00
2.720000028610229492e+00 -7.559999942779541016e+00 5.710000038146972656e+00 -4.000000000000000000e+00 2.906250000000000000e+01 -1.837500000000000000e+01 -3.250000000000000000e+01 1.918750000000000000e+01 8.375000000000000000e+00
2.269999980926513672e+00 -8.340000152587890625e+00 5.309999942779541016e+00 -2.875000000000000000e+00 2.906250000000000000e+01 -1.918750000000000000e+01 -3.568750000000000000e+01 1.856250000000000000e+01 9.875000000000000000e+00
1.970000028610229492e+00 -9.079999923706054688e+00 4.900000095367431641e+00 -2.875000000000000000e+00 2.906250000000000000e+01 -1.918750000000000000e+01 -3.556250000000000000e+01 1.650000000000000000e+01 1.000000000000000000e+01
1.850000023841857910e+00 -9.750000000000000000e+00 4.449999809265136719e+00 -2.875000000000000000e+00 2.906250000000000000e+01 -1.918750000000000000e+01 -3.168750000000000000e+01 1.325000000000000000e+01 8.625000000000000000e+00
1.690000057220458984e+00 -1.034000015258789062e+01 4.059999942779541016e+00 -2.875000000000000000e+00 2.906250000000000000e+01 -1.918750000000000000e+01 -2.400000000000000000e+01 1.006250000000000000e+01 5.625000000000000000e+00
1.549999952316284180e+00 -1.014000034332275391e+01 4.150000095367431641e+00 -2.875000000000000000e+00 2.906250000000000000e+01 -1.918750000000000000e+01 -1.362500000000000000e+01 7.375000000000000000e+00 1.250000000000000000e+00
1.379999995231628418e+00 -9.880000114440917969e+00 4.269999980926513672e+00 -2.062500000000000000e+00 2.987500000000000000e+01 -1.756250000000000000e+01 -1.937500000000000000e+00 4.187500000000000000e+00 -3.562500000000000000e+00
1.049999952316284180e+00 -9.050000190734863281e+00 4.550000190734863281e+00 -2.062500000000000000e+00 2.987500000000000000e+01 -1.756250000000000000e+01 9.875000000000000000e+00 -1.875000000000000000e-01 -8.687500000000000000e+00
1.379999995231628418e+00 -8.939999580383300781e+00 5.019999980926513672e+00 -2.062500000000000000e+00 2.987500000000000000e+01 -1.756250000000000000e+01 2.200000000000000000e+01 -6.062500000000000000e+00 -1.462500000000000000e+01
2.170000076293945312e+00 -9.079999923706054688e+00 5.280000209808349609e+00 -2.062500000000000000e+00 2.987500000000000000e+01 -1.756250000000000000e+01 3.268750000000000000e+01 -1.356250000000000000e+01 -2.018750000000000000e+01
3.250000000000000000e+00 -8.859999656677246094e+00 5.110000133514404297e+00 -2.062500000000000000e+00 2.987500000000000000e+01 -1.756250000000000000e+01 3.937500000000000000e+01 -1.875000000000000000e+01 -2.375000000000000000e+01
2.769999980926513672e+00 -8.970000267028808594e+00 4.760000228881835938e+00 -2.500000000000000000e+00 2.950000000000000000e+01 -1.718750000000000000e+01 4.393750000000000000e+01 -1.875000000000000000e+01 -2.625000000000000000e+01
2.490000009536743164e+00 -9.430000305175781250e+00 4.750000000000000000e+00 -2.500000000000000000e+00 2.950000000000000000e+01 -1.718750000000000000e+01 5.062500000000000000e+01 -1.700000000000000000e+01 -3.043750000000000000e+01
2.140000104904174805e+00 -1.011999988555908203e+01 4.630000114440917969e+00 -2.500000000000000000e+00 2.950000000000000000e+01 -1.718750000000000000e+01 6.000000000000000000e+01 -1.681250000000000000e+01 -3.631250000000000000e+01
1.570000052452087402e+00 -1.106999969482421875e+01 4.210000038146972656e+00 -2.500000000000000000e+00 2.950000000000000000e+01 -1.718750000000000000e+01 7.043750000000000000e+01 -1.806250000000000000e+01 -4.231250000000000000e+01
1.289999961853027344e+00 -1.122999954223632812e+01 4.170000076293945312e+00 -2.500000000000000000e+00 2.950000000000000000e+01 -1.718750000000000000e+01 8.362500000000000000e+01 -2.025000000000000000e+01 -4.962500000000000000e+01
1.029999971389770508e+00 -1.121000003814697266e+01 4.170000076293945312e+00 -3.562500000000000000e+00 2.950000000000000000e+01 -1.868750000000000000e+01 9.950000000000000000e+01 -2.350000000000000000e+01 -5.900000000000000000e+01
1.149999976158142090e+00 -1.089999961853027344e+01 3.910000085830688477e+00 -3.562500000000000000e+00 2.950000000000000000e+01 -1.868750000000000000e+01 1.159375000000000000e+02 -2.831250000000000000e+01 -6.843750000000000000e+01
1.919999957084655762e+00 -9.729999542236328125e+00 3.920000076293945312e+00 -3.562500000000000000e+00 2.950000000000000000e+01 -1.868750000000000000e+01 1.325000000000000000e+02 -3.481250000000000000e+01 -7.893750000000000000e+01
2.200000047683715820e+00 -8.920000076293945312e+00 4.050000190734863281e+00 -3.562500000000000000e+00 2.950000000000000000e+01 -1.868750000000000000e+01 1.497500000000000000e+02 -3.462500000000000000e+01 -9.150000000000000000e+01
2.660000085830688477e+00 -8.340000152587890625e+00 4.030000209808349609e+00 -3.562500000000000000e+00 2.950000000000000000e+01 -1.868750000000000000e+01 1.648750000000000000e+02 -3.500000000000000000e+01 -1.030000000000000000e+02
2.769999980926513672e+00 -7.820000171661376953e+00 4.150000095367431641e+00 -5.500000000000000000e+00 2.768750000000000000e+01 -2.156250000000000000e+01 1.789375000000000000e+02 -3.556250000000000000e+01 -1.131250000000000000e+02
2.960000038146972656e+00 -6.920000076293945312e+00 4.559999942779541016e+00 -5.500000000000000000e+00 2.768750000000000000e+01 -2.156250000000000000e+01 1.925625000000000000e+02 -3.425000000000000000e+01 -1.233750000000000000e+02
3.240000009536743164e+00 -6.199999809265136719e+00 4.739999771118164062e+00 -5.500000000000000000e+00 2.768750000000000000e+01 -2.156250000000000000e+01 2.042500000000000000e+02 -3.406250000000000000e+01 -1.336250000000000000e+02
3.420000076293945312e+00 -5.199999809265136719e+00 5.289999961853027344e+00 -5.500000000000000000e+00 2.768750000000000000e+01 -2.156250000000000000e+01 2.151250000000000000e+02 -3.362500000000000000e+01 -1.425625000000000000e+02
3.529999971389770508e+00 -3.250000000000000000e+00 5.800000190734863281e+00 -5.500000000000000000e+00 2.768750000000000000e+01 -2.156250000000000000e+01 2.223750000000000000e+02 -3.362500000000000000e+01 -1.493750000000000000e+02
3.710000038146972656e+00 -2.190000057220458984e+00 6.369999885559082031e+00 -8.687500000000000000e+00 2.275000000000000000e+01 -2.525000000000000000e+01 2.250625000000000000e+02 -3.406250000000000000e+01 -1.539375000000000000e+02
3.809999942779541016e+00 -5.400000214576721191e-01 6.809999942779541016e+00 -8.687500000000000000e+00 2.275000000000000000e+01 -2.525000000000000000e+01 2.248125000000000000e+02 -3.518750000000000000e+01 -1.576250000000000000e+02
4.869999885559082031e+00 9.800000190734863281e-01 7.389999866485595703e+00 -8.687500000000000000e+00 2.275000000000000000e+01 -2.525000000000000000e+01 2.185625000000000000e+02 -3.681250000000000000e+01 -1.584375000000000000e+02
1.122999954223632812e+01 1.862999916076660156e+01 1.712999916076660156e+01 -8.687500000000000000e+00 2.275000000000000000e+01 -2.525000000000000000e+01 2.052500000000000000e+02 -3.212500000000000000e+01 -1.586250000000000000e+02
2.212000083923339844e+01 1.619000053405761719e+01 1.068000030517578125e+01 -8.687500000000000000e+00 2.275000000000000000e+01 -2.525000000000000000e+01 1.350000000000000000e+02 -3.112500000000000000e+01 -1.340625000000000000e+02
1.639999961853027344e+01 1.471000003814697266e+01 6.400000095367431641e+00 -1.187500000000000000e+01 1.768750000000000000e+01 -2.737500000000000000e+01 3.587500000000000000e+01 -3.131250000000000000e+01 -6.525000000000000000e+01
1.840000033378601074e+00 9.050000190734863281e+00 1.159000015258789062e+01 -1.187500000000000000e+01 1.768750000000000000e+01 -2.737500000000000000e+01 6.375000000000000000e+00 2.968750000000000000e+01 -2.118750000000000000e+01
7.519999980926513672e+00 -6.480000019073486328e+00 6.510000228881835938e+00 -1.187500000000000000e+01 1.768750000000000000e+01 -2.737500000000000000e+01 -1.218750000000000000e+01 3.312500000000000000e+01 5.625000000000000000e+00
6.739999771118164062e+00 -7.119999885559082031e+00 6.440000057220458984e+00 -1.187500000000000000e+01 1.768750000000000000e+01 -2.737500000000000000e+01 -1.831250000000000000e+01 -8.187500000000000000e+00 1.418750000000000000e+01
3.950000047683715820e+00 -5.389999866485595703e+00 7.190000057220458984e+00 -1.187500000000000000e+01 1.768750000000000000e+01 -2.737500000000000000e+01 -1.318750000000000000e+01 1.875000000000000000e-01 1.400000000000000000e+01
4.980000019073486328e+00 -3.500000000000000000e+00 7.400000095367431641e+00 -1.337500000000000000e+01 1.468750000000000000e+01 -2.950000000000000000e+01 -7.312500000000000000e+00 3.687500000000000000e+00 1.200000000000000000e+01
5.460000038146972656e+00 -3.440000057220458984e+00 7.510000228881835938e+00 -1.337500000000000000e+01 1.468750000000000000e+01 -2.950000000000000000e+01 -2.125000000000000000e+00 -1.562500000000000000e+00 5.937500000000000000e+00
4.960000038146972656e+00 -3.519999980926513672e+00 7.480000019073486328e+00 -1.337500000000000000e+01 1.468750000000000000e+01 -2.950000000000000000e+01 1.562500000000000000e+00 -5.000000000000000000e-01 -4.375000000000000000e-01
4.690000057220458984e+00 -3.500000000000000000e+00 7.500000000000000000e+00 -1.337500000000000000e+01 1.468750000000000000e+01 -2.950000000000000000e+01 4.125000000000000000e+00 2.125000000000000000e+00 -4.937500000000000000e+00
5.710000038146972656e+00 -2.410000085830688477e+00 7.679999828338623047e+00 -1.337500000000000000e+01 1.468750000000000000e+01 -2.950000000000000000e+01 6.625000000000000000e+00 1.125000000000000000e+00 -7.562500000000000000e+00
5.750000000000000000e+00 -1.789999961853027344e+00 7.780000209808349609e+00 -1.300000000000000000e+01 1.356250000000000000e+01 -2.825000000000000000e+01 7.312500000000000000e+00 -7.500000000000000000e-01 -8.625000000000000000e+00
5.659999847412109375e+00 -1.639999985694885254e+00 7.920000076293945312e+00 -1.300000000000000000e+01 1.356250000000000000e+01 -2.825000000000000000e+01 6.562500000000000000e+00 6.250000000000000000e-01 -8.812500000000000000e+00
5.659999847412109375e+00 -1.840000033378601074e+00 7.860000133514404297e+00 -1.300000000000000000e+01 1.356250000000000000e+01 -2.825000000000000000e+01 5.000000000000000000e+00 2.000000000000000000e+00 -7.687500000000000000e+00
5.550000190734863281e+00 -2.109999895095825195e+00 7.849999904632568359e+00 -1.300000000000000000e+01 1.356250000000000000e+01 -2.825000000000000000e+01 3.437500000000000000e+00 1.937500000000000000e+00 -5.875000000000000000e+00
5.599999904632568359e+00 -2.170000076293945312e+00 7.730000019073486328e+00 -1.300000000000000000e+01 1.356250000000000000e+01 -2.825000000000000000e+01 2.250000000000000000e+00 2.000000000000000000e+00 -4.500000000000000000e+00
5.639999866485595703e+00 -2.210000038146972656e+00 7.780000209808349609e+00 -1.418750000000000000e+01 1.500000000000000000e+01 -2.825000000000000000e+01 1.687500000000000000e+00 1.625000000000000000e+00 -3.250000000000000000e+00
5.429999828338623047e+00 -2.230000019073486328e+00 7.800000190734863281e+00 -1.418750000000000000e+01 1.500000000000000000e+01 -2.825000000000000000e+01 1.562500000000000000e+00 1.687500000000000000e+00 -2.562500000000000000e+00
5.369999885559082031e+00 -2.329999923706054688e+00 7.829999923706054688e+00 -1.418750000000000000e+01 1.500000000000000000e+01 -2.825000000000000000e+01 1.125000000000000000e+00 1.625000000000000000e+00 -2.125000000000000000e+00
5.360000133514404297e+00 -2.380000114440917969e+00 7.800000190734863281e+00 -1.418750000000000000e+01 1.500000000000000000e+01 -2.825000000000000000e+01 1.000000000000000000e+00 1.312500000000000000e+00 -1.687500000000000000e+00
5.400000095367431641e+00 -2.380000114440917969e+00 7.780000209808349609e+00 -1.418750000000000000e+01 1.500000000000000000e+01 -2.825000000000000000e+01 9.375000000000000000e-01 6.250000000000000000e-01 -1.625000000000000000e+00
5.519999980926513672e+00 -2.289999961853027344e+00 7.750000000000000000e+00 -1.300000000000000000e+01 1.375000000000000000e+01 -2.825000000000000000e+01 8.750000000000000000e-01 4.375000000000000000e-01 -1.375000000000000000e+00
5.519999980926513672e+00 -2.309999942779541016e+00 7.739999771118164062e+00 -1.300000000000000000e+01 1.375000000000000000e+01 -2.825000000000000000e+01 7.500000000000000000e-01 3.125000000000000000e-01 -1.250000000000000000e+00
5.510000228881835938e+00 -2.349999904632568359e+00 7.730000019073486328e+00 -1.300000000000000000e+01 1.375000000000000000e+01 -2.825000000000000000e+01 6.250000000000000000e-01 5.000000000000000000e-01 -1.062500000000000000e+00
5.449999809265136719e+00 -2.380000114440917969e+00 7.719999790191650391e+00 -1.300000000000000000e+01 1.375000000000000000e+01 -2.825000000000000000e+01 5.625000000000000000e-01 6.875000000000000000e-01 -1.062500000000000000e+00
