5.639999866485595703e+00 -2.140000104904174805e+00 7.699999809265136719e+00 -5.562500000000000000e+00 1.300000000000000000e+01 -3.856250000000000000e+01 2.500000000000000000e-01 -4.375000000000000000e-01 -1.250000000000000000e-01
5.630000114440917969e+00 -2.140000104904174805e+00 7.679999828338623047e+00 -5.562500000000000000e+00 1.300000000000000000e+01 -3.856250000000000000e+01 4.375000000000000000e-01 -6.250000000000000000e-02 -2.500000000000000000e-01
5.619999885559082031e+00 -2.109999895095825195e+00 7.699999809265136719e+00 -5.562500000000000000e+00 1.300000000000000000e+01 -3.856250000000000000e+01 1.875000000000000000e-01 -3.750000000000000000e-01 1.250000000000000000e-01
5.619999885559082031e+00 -2.140000104904174805e+00 7.699999809265136719e+00 -5.562500000000000000e+00 1.300000000000000000e+01 -3.856250000000000000e+01 1.250000000000000000e-01 -4.375000000000000000e-01 0.000000000000000000e+00
5.639999866485595703e+00 -2.150000095367431641e+00 7.710000038146972656e+00 -5.562500000000000000e+00 1.300000000000000000e+01 -3.856250000000000000e+01 2.500000000000000000e-01 -3.750000000000000000e-01 -6.250000000000000000e-02
5.639999866485595703e+00 -2.109999895095825195e+00 7.679999828338623047e+00 -5.562500000000000000e+00 1.256250000000000000e+01 -3.700000000000000000e+01 2.500000000000000000e-01 -1.875000000000000000e-01 -1.875000000000000000e-01
5.650000095367431641e+00 -2.140000104904174805e+00 7.730000019073486328e+00 -5.562500000000000000e+00 1.256250000000000000e+01 -3.700000000000000000e+01 1.250000000000000000e-01 -3.125000000000000000e-01 -1.875000000000000000e-01
5.619999885559082031e+00 -2.119999885559082031e+00 7.670000076293945312e+00 -5.562500000000000000e+00 1.256250000000000000e+01 -3.700000000000000000e+01 1.250000000000000000e-01 -3.125000000000000000e-01 -1.250000000000000000e-01
5.630000114440917969e+00 -2.130000114440917969e+00 7.699999809265136719e+00 -5.562500000000000000e+00 1.256250000000000000e+01 -3.700000000000000000e+01 1.875000000000000000e-01 -4.375000000000000000e-01 -1.250000000000000000e-01
5.619999885559082031e+00 -2.150000095367431641e+00 7.739999771118164062e+00 -5.562500000000000000e+00 1.256250000000000000e+01 -3.700000000000000000e+01 2.500000000000000000e-01 -4.375000000000000000e-01 0.000000000000000000e+00
5.610000133514404297e+00 -2.140000104904174805e+00 7.730000019073486328e+00 -6.000000000000000000e+00 1.256250000000000000e+01 -3.856250000000000000e+01 1.875000000000000000e-01 -3.750000000000000000e-01 -1.875000000000000000e-01
5.650000095367431641e+00 -2.160000085830688477e+00 7.670000076293945312e+00 -6.000000000000000000e+00 1.256250000000000000e+01 -3.856250000000000000e+01 3.125000000000000000e-01 -5.000000000000000000e-01 -2.500000000000000000e-01
5.619999885559082031e+00 -2.119999885559082031e+00 7.690000057220458984e+00 -6.000000000000000000e+00 1.256250000000000000e+01 -3.856250000000000000e+01 3.750000000000000000e-01 -3.125000000000000000e-01 -2.500000000000000000e-01
5.619999885559082031e+00 -2.119999885559082031e+00 7.699999809265136719e+00 -6.000000000000000000e+00 1.256250000000000000e+01 -3.856250000000000000e+01 1.875000000000000000e-01 -4.375000000000000000e-01 -1.875000000000000000e-01
5.630000114440917969e+00 -2.119999885559082031e+00 7.710000038146972656e+00 -6.000000000000000000e+00 1.256250000000000000e+01 -3.856250000000000000e+01 2.500000000000000000e-01 -3.125000000000000000e-01 -2.500000000000000000e-01
5.619999885559082031e+00 -2.130000114440917969e+00 7.719999790191650391e+00 -5.562500000000000000e+00 1.150000000000000000e+01 -3.775000000000000000e+01 2.500000000000000000e-01 -3.750000000000000000e-01 -2.500000000000000000e-01
5.630000114440917969e+00 -2.099999904632568359e+00 7.699999809265136719e+00 -5.562500000000000000e+00 1.150000000000000000e+01 -3.775000000000000000e+01 1.250000000000000000e-01 -3.750000000000000000e-01 -3.125000000000000000e-01
5.599999904632568359e+00 -2.069999933242797852e+00 7.710000038146972656e+00 -5.562500000000000000e+00 1.150000000000000000e+01 -3.775000000000000000e+01 3.750000000000000000e-01 -4.375000000000000000e-01 -3.750000000000000000e-01
5.539999961853027344e+00 -1.620000004768371582e+00 7.980000019073486328e+00 -5.562500000000000000e+00 1.150000000000000000e+01 -3.775000000000000000e+01 1.250000000000000000e-01 -7.500000000000000000e-01 -4.375000000000000000e-01
5.670000076293945312e+00 -1.049999952316284180e+00 8.329999923706054688e+00 -5.562500000000000000e+00 1.150000000000000000e+01 -3.775000000000000000e+01 -1.000000000000000000e+00 -2.250000000000000000e+00 -6.250000000000000000e-02
5.969999790191650391e+00 -6.700000166893005371e-01 8.470000267028808594e+00 -4.500000000000000000e+00 1.300000000000000000e+01 -3.818750000000000000e+01 -3.812500000000000000e+00 -5.125000000000000000e+00 1.062500000000000000e+00
6.969999790191650391e+00 2.800000011920928955e-01 8.079999923706054688e+00 -4.500000000000000000e+00 1.300000000000000000e+01 -3.818750000000000000e+01 -5.375000000000000000e+00 -8.375000000000000000e+00 2.187500000000000000e+00
8.720000267028808594e+00 7.000000029802322388e-02 7.199999809265136719e+00 -4.500000000000000000e+00 1.300000000000000000e+01 -3.818750000000000000e+01 -1.043750000000000000e+01 -7.125000000000000000e+00 2.687500000000000000e+00
8.800000190734863281e+00 -7.200000286102294922e-01 6.949999809265136719e+00 -4.500000000000000000e+00 1.300000000000000000e+01 -3.818750000000000000e+01 -1.837500000000000000e+01 6.062500000000000000e+00 -2.750000000000000000e+00
7.880000114440917969e+00 9.900000095367431641e-01 6.789999961853027344e+00 -4.500000000000000000e+00 1.300000000000000000e+01 -3.818750000000000000e+01 -3.000000000000000000e+01 1.893750000000000000e+01 -3.012500000000000000e+01
8.930000305175781250e+00 8.350000381469726562e+00 6.659999847412109375e+00 -5.562500000000000000e+00 1.175000000000000000e+01 -3.775000000000000000e+01 -4.731250000000000000e+01 2.493750000000000000e+01 -8.150000000000000000e+01
1.003999996185302734e+01 1.060000038146972656e+01 6.630000114440917969e+00 -5.562500000000000000e+00 1.175000000000000000e+01 -3.775000000000000000e+01 -7.406250000000000000e+01 3.437500000000000000e+01 -1.431250000000000000e+02
1.075000000000000000e+01 1.181000041961669922e+01 6.679999828338623047e+00 -5.562500000000000000e+00 1.175000000000000000e+01 -3.775000000000000000e+01 -1.090625000000000000e+02 4.812500000000000000e+01 -2.073750000000000000e+02
1.118999958038330078e+01 1.109000015258789062e+01 6.670000076293945312e+00 -5.562500000000000000e+00 1.175000000000000000e+01 -3.775000000000000000e+01 -1.471250000000000000e+02 6.581250000000000000e+01 -2.587500000000000000e+02
1.052999973297119141e+01 5.409999847412109375e+00 6.190000057220458984e+00 -5.562500000000000000e+00 1.175000000000000000e+01 -3.775000000000000000e+01 -1.796250000000000000e+02 8.450000000000000000e+01 -2.880625000000000000e+02
9.760000228881835938e+00 1.240000009536743164e+00 5.780000209808349609e+00 -5.562500000000000000e+00 1.368750000000000000e+01 -3.737500000000000000e+01 -1.996875000000000000e+02 9.812500000000000000e+01 -3.003750000000000000e+02
8.140000343322753906e+00 -2.079999923706054688e+00 6.030000209808349609e+00 -5.562500000000000000e+00 1.368750000000000000e+01 -3.737500000000000000e+01 -2.056875000000000000e+02 1.051250000000000000e+02 -3.031875000000000000e+02
6.869999885559082031e+00 -9.729999542236328125e+00 5.869999885559082031e+00 -5.562500000000000000e+00 1.368750000000000000e+01 -3.737500000000000000e+01 -1.990000000000000000e+02 1.023125000000000000e+02 -2.936250000000000000e+02
6.289999961853027344e+00 -1.318000030517578125e+01 5.929999828338623047e+00 -5.562500000000000000e+00 1.368750000000000000e+01 -3.737500000000000000e+01 -1.833750000000000000e+02 9.462500000000000000e+01 -2.760625000000000000e+02
5.429999828338623047e+00 -1.490999984741210938e+01 5.829999923706054688e+00 -5.562500000000000000e+00 1.368750000000000000e+01 -3.737500000000000000e+01 -1.560625000000000000e+02 8.787500000000000000e+01 -2.502500000000000000e+02
4.769999980926513672e+00 -1.536999988555908203e+01 6.230000019073486328e+00 -7.375000000000000000e+00 1.668750000000000000e+01 -3.575000000000000000e+01 -1.245625000000000000e+02 7.675000000000000000e+01 -2.096250000000000000e+02
6.399999856948852539e-01 -1.794000053405761719e+01 5.599999904632568359e+00 -7.375000000000000000e+00 1.668750000000000000e+01 -3.575000000000000000e+01 -9.100000000000000000e+01 5.875000000000000000e+01 -1.460000000000000000e+02
-5.799999833106994629e-01 -1.710000038146972656e+01 6.179999828338623047e+00 -7.375000000000000000e+00 1.668750000000000000e+01 -3.575000000000000000e+01 -5.000000000000000000e+01 3.431250000000000000e+01 -8.187500000000000000e+01
5.400000214576721191e-01 -1.629000091552734375e+01 6.510000228881835938e+00 -7.375000000000000000e+00 1.668750000000000000e+01 -3.575000000000000000e+01 -1.106250000000000000e+01 4.062500000000000000e+00 -2.118750000000000000e+01
2.039999961853027344e+00 -1.169999980926513672e+01 7.050000190734863281e+00 -7.375000000000000000e+00 1.668750000000000000e+01 -3.575000000000000000e+01 1.868750000000000000e+01 -1.668750000000000000e+01 1.656250000000000000e+01
4.090000152587890625e+00 9.499999880790710449e-01 8.039999961853027344e+00 -7.750000000000000000e+00 1.887500000000000000e+01 -3.575000000000000000e+01 3.093750000000000000e+01 -2.768750000000000000e+01 2.368750000000000000e+01
5.480000019073486328e+00 3.839999914169311523e+00 8.310000419616699219e+00 -7.750000000000000000e+00 1.887500000000000000e+01 -3.575000000000000000e+01 2.656250000000000000e+01 -3.056250000000000000e+01 1.925000000000000000e+01
5.940000057220458984e+00 4.840000152587890625e+00 8.729999542236328125e+00 -7.750000000000000000e+00 1.887500000000000000e+01 -3.575000000000000000e+01 1.412500000000000000e+01 -2.781250000000000000e+01 1.081250000000000000e+01
9.079999923706054688e+00 1.649999976158142090e+00 8.699999809265136719e+00 -7.750000000000000000e+00 1.887500000000000000e+01 -3.575000000000000000e+01 -2.312500000000000000e+00 -2.075000000000000000e+01 4.062500000000000000e+00
9.130000114440917969e+00 -5.699999928474426270e-01 8.380000114440917969e+00 -7.750000000000000000e+00 1.887500000000000000e+01 -3.575000000000000000e+01 -1.250000000000000000e+01 -7.500000000000000000e+00 2.437500000000000000e+00
7.320000171661376953e+00 -3.289999961853027344e+00 7.719999790191650391e+00 -8.250000000000000000e+00 1.837500000000000000e+01 -3.487500000000000000e+01 -1.437500000000000000e+01 4.437500000000000000e+00 5.937500000000000000e+00
4.989999771118164062e+00 -5.070000171661376953e+00 7.389999866485595703e+00 -8.250000000000000000e+00 1.837500000000000000e+01 -3.487500000000000000e+01 -1.125000000000000000e+01 7.875000000000000000e+00 8.937500000000000000e+00
5.030000209808349609e+00 -4.150000095367431641e+00 7.929999828338623047e+00 -8.250000000000000000e+00 1.837500000000000000e+01 -3.487500000000000000e+01 -4.000000000000000000e+00 2.875000000000000000e+00 6.000000000000000000e+00
6.269999980926513672e+00 -2.880000114440917969e+00 8.189999580383300781e+00 -8.250000000000000000e+00 1.837500000000000000e+01 -3.487500000000000000e+01 1.875000000000000000e-01 6.875000000000000000e-01 3.875000000000000000e+00
7.199999809265136719e+00 -2.619999885559082031e+00 8.289999961853027344e+00 -8.250000000000000000e+00 1.837500000000000000e+01 -3.487500000000000000e+01 -1.187500000000000000e+00 5.625000000000000000e+00 7.437500000000000000e+00
7.619999885559082031e+00 -3.259999990463256836e+00 8.039999961853027344e+00 -8.062500000000000000e+00 1.918750000000000000e+01 -3.518750000000000000e+01 -2.500000000000000000e+00 1.443750000000000000e+01 1.475000000000000000e+01
6.690000057220458984e+00 -5.550000190734863281e+00 7.429999828338623047e+00 -8.062500000000000000e+00 1.918750000000000000e+01 -3.518750000000000000e+01 -8.125000000000000000e-01 2.231250000000000000e+01 2.412500000000000000e+01
5.449999809265136719e+00 -6.300000190734863281e+00 6.949999809265136719e+00 -8.062500000000000000e+00 1.918750000000000000e+01 -3.518750000000000000e+01 4.625000000000000000e+00 2.468750000000000000e+01 3.906250000000000000e+01
3.940000057220458984e+00 -6.550000190734863281e+00 6.750000000000000000e+00 -8.062500000000000000e+00 1.918750000000000000e+01 -3.518750000000000000e+01 1.300000000000000000e+01 1.918750000000000000e+01 6.056250000000000000e+01
2.470000028610229492e+00 -7.579999923706054688e+00 6.789999961853027344e+00 -8.062500000000000000e+00 1.918750000000000000e+01 -3.518750000000000000e+01 2.312500000000000000e+01 2.875000000000000000e+00 8.675000000000000000e+01
4.010000228881835938e+00 -6.840000152587890625e+00 7.010000228881835938e+00 -8.062500000000000000e+00 1.868750000000000000e+01 -3.518750000000000000e+01 3.893750000000000000e+01 -2.150000000000000000e+01 1.178750000000000000e+02
5.889999866485595703e+00 -5.980000019073486328e+00 6.400000095367431641e+00 -8.062500000000000000e+00 1.868750000000000000e+01 -3.518750000000000000e+01 5.250000000000000000e+01 -3.993750000000000000e+01 1.575625000000000000e+02
7.230000019073486328e+00 -6.619999885559082031e+00 5.929999828338623047e+00 -8.062500000000000000e+00 1.868750000000000000e+01 -3.518750000000000000e+01 6.450000000000000000e+01 -5.075000000000000000e+01 1.992500000000000000e+02
8.060000419616699219e+00 -6.590000152587890625e+00 5.599999904632568359e+00 -8.062500000000000000e+00 1.868750000000000000e+01 -3.518750000000000000e+01 8.093750000000000000e+01 -5.587500000000000000e+01 2.353750000000000000e+02
8.369999885559082031e+00 -5.699999809265136719e+00 4.840000152587890625e+00 -8.062500000000000000e+00 1.868750000000000000e+01 -3.518750000000000000e+01 9.962500000000000000e+01 -5.831250000000000000e+01 2.593750000000000000e+02
6.800000190734863281e+00 -4.510000228881835938e+00 5.699999809265136719e+00 -5.562500000000000000e+00 1.868750000000000000e+01 -3.475000000000000000e+01 1.155625000000000000e+02 -6.006250000000000000e+01 2.736875000000000000e+02
7.409999847412109375e+00 -4.340000152587890625e+00 5.219999790191650391e+00 -5.562500000000000000e+00 1.868750000000000000e+01 -3.475000000000000000e+01 1.273125000000000000e+02 -6.837500000000000000e+01 2.845000000000000000e+02
6.400000095367431641e+00 -3.809999942779541016e+00 5.820000171661376953e+00 -5.562500000000000000e+00 1.868750000000000000e+01 -3.475000000000000000e+01 1.357500000000000000e+02 -7.468750000000000000e+01 2.918125000000000000e+02
6.659999847412109375e+00 -3.319999933242797852e+00 6.719999790191650391e+00 -5.562500000000000000e+00 1.868750000000000000e+01 -3.475000000000000000e+01 1.403125000000000000e+02 -7.837500000000000000e+01 2.910000000000000000e+02
7.349999904632568359e+00 -1.309999942779541016e+00 6.960000038146972656e+00 -5.562500000000000000e+00 1.868750000000000000e+01 -3.475000000000000000e+01 1.423125000000000000e+02 -7.725000000000000000e+01 2.756250000000000000e+02
6.510000228881835938e+00 2.740000009536743164e+00 9.109999656677246094e+00 -3.687500000000000000e+00 1.825000000000000000e+01 -3.475000000000000000e+01 1.361875000000000000e+02 -6.812500000000000000e+01 2.471250000000000000e+02
5.940000057220458984e+00 5.269999980926513672e+00 9.430000305175781250e+00 -3.687500000000000000e+00 1.825000000000000000e+01 -3.475000000000000000e+01 1.218750000000000000e+02 -5.693750000000000000e+01 2.064375000000000000e+02
4.119999885559082031e+00 6.829999923706054688e+00 1.005000019073486328e+01 -3.687500000000000000e+00 1.825000000000000000e+01 -3.475000000000000000e+01 1.013125000000000000e+02 -4.493750000000000000e+01 1.605000000000000000e+02
3.009999990463256836e+00 7.900000095367431641e+00 9.829999923706054688e+00 -3.687500000000000000e+00 1.825000000000000000e+01 -3.475000000000000000e+01 7.675000000000000000e+01 -4.012500000000000000e+01 1.108125000000000000e+02
1.059999942779541016e+00 6.590000152587890625e+00 9.189999580383300781e+00 -3.687500000000000000e+00 1.825000000000000000e+01 -3.475000000000000000e+01 5.231250000000000000e+01 -4.000000000000000000e+01 6.268750000000000000e+01
7.200000286102294922e-01 5.079999923706054688e+00 8.920000076293945312e+00 -1.500000000000000000e+00 1.525000000000000000e+01 -3.675000000000000000e+01 3.118750000000000000e+01 -4.506250000000000000e+01 2.025000000000000000e+01
6.200000047683715820e-01 3.160000085830688477e+00 8.899999618530273438e+00 -1.500000000000000000e+00 1.525000000000000000e+01 -3.675000000000000000e+01 1.487500000000000000e+01 -5.343750000000000000e+01 -1.231250000000000000e+01
1.740000009536743164e+00 -1.179999947547912598e+00 9.189999580383300781e+00 -1.500000000000000000e+00 1.525000000000000000e+01 -3.675000000000000000e+01 1.356250000000000000e+01 -6.656250000000000000e+01 -3.556250000000000000e+01
9.380000114440917969e+00 -9.159999847412109375e+00 7.300000190734863281e+00 -1.500000000000000000e+00 1.525000000000000000e+01 -3.675000000000000000e+01 2.643750000000000000e+01 -7.612500000000000000e+01 -4.825000000000000000e+01
1.156999969482421875e+01 -1.059000015258789062e+01 6.429999828338623047e+00 -1.500000000000000000e+00 1.525000000000000000e+01 -3.675000000000000000e+01 3.606250000000000000e+01 -6.175000000000000000e+01 -3.568750000000000000e+01
1.032999992370605469e+01 -6.900000095367431641e+00 5.699999809265136719e+00 -3.750000000000000000e+00 1.318750000000000000e+01 -3.706250000000000000e+01 4.243750000000000000e+01 -3.375000000000000000e+01 -2.750000000000000000e+01
7.110000133514404297e+00 1.200000047683715820e+00 8.329999923706054688e+00 -3.750000000000000000e+00 1.318750000000000000e+01 -3.706250000000000000e+01 4.081250000000000000e+01 -1.450000000000000000e+01 -3.200000000000000000e+01
7.550000190734863281e+00 1.110000014305114746e+00 8.630000114440917969e+00 -3.750000000000000000e+00 1.318750000000000000e+01 -3.706250000000000000e+01 2.862500000000000000e+01 -7.750000000000000000e+00 -3.125000000000000000e+01
7.530000209808349609e+00 9.300000071525573730e-01 8.579999923706054688e+00 -3.750000000000000000e+00 1.318750000000000000e+01 -3.706250000000000000e+01 1.500000000000000000e+01 -5.625000000000000000e-01 -2.456250000000000000e+01
6.550000190734863281e+00 5.000000000000000000e-01 8.420000076293945312e+00 -3.750000000000000000e+00 1.318750000000000000e+01 -3.706250000000000000e+01 5.875000000000000000e+00 4.937500000000000000e+00 -1.656250000000000000e+01
5.289999961853027344e+00 -1.389999985694885254e+00 8.050000190734863281e+00 -5.000000000000000000e+00 1.156250000000000000e+01 -3.750000000000000000e+01 5.625000000000000000e-01 3.937500000000000000e+00 -1.162500000000000000e+01
5.750000000000000000e+00 -2.170000076293945312e+00 7.730000019073486328e+00 -5.000000000000000000e+00 1.156250000000000000e+01 -3.750000000000000000e+01 -1.937500000000000000e+00 3.750000000000000000e-01 -9.875000000000000000e+00
5.989999771118164062e+00 -2.750000000000000000e+00 7.539999961853027344e+00 -5.000000000000000000e+00 1.156250000000000000e+01 -3.750000000000000000e+01 -2.687500000000000000e+00 1.250000000000000000e-01 -8.375000000000000000e+00
5.769999980926513672e+00 -3.049999952316284180e+00 7.449999809265136719e+00 -5.000000000000000000e+00 1.156250000000000000e+01 -3.750000000000000000e+01 -2.000000000000000000e+00 1.000000000000000000e+00 -7.125000000000000000e+00
5.530000209808349609e+00 -2.819999933242797852e+00 7.530000209808349609e+00 -5.000000000000000000e+00 1.156250000000000000e+01 -3.750000000000000000e+01 -8.750000000000000000e-01 4.375000000000000000e-01 -6.062500000000000000e+00
5.599999904632568359e+00 -2.619999885559082031e+00 7.599999904632568359e+00 -6.062500000000000000e+00 1.275000000000000000e+01 -3.868750000000000000e+01 3.750000000000000000e-01 -2.500000000000000000e-01 -5.250000000000000000e+00
5.630000114440917969e+00 -2.240000009536743164e+00 7.670000076293945312e+00 -6.062500000000000000e+00 1.275000000000000000e+01 -3.868750000000000000e+01 1.062500000000000000e+00 -2.500000000000000000e-01 -4.562500000000000000e+00
5.719999790191650391e+00 -1.919999957084655762e+00 7.710000038146972656e+00 -6.062500000000000000e+00 1.275000000000000000e+01 -3.868750000000000000e+01 1.000000000000000000e+00 -1.250000000000000000e-01 -4.125000000000000000e+00
5.699999809265136719e+00 -1.950000047683715820e+00 7.730000019073486328e+00 -6.062500000000000000e+00 1.275000000000000000e+01 -3.868750000000000000e+01 5.625000000000000000e-01 6.250000000000000000e-02 -3.625000000000000000e+00
5.670000076293945312e+00 -2.119999885559082031e+00 7.710000038146972656e+00 -6.062500000000000000e+00 1.275000000000000000e+01 -3.868750000000000000e+01 6.250000000000000000e-02 2.500000000000000000e-01 -3.062500000000000000e+00
5.630000114440917969e+00 -2.240000009536743164e+00 7.690000057220458984e+00 -5.000000000000000000e+00 1.156250000000000000e+01 -3.787500000000000000e+01 1.875000000000000000e-01 6.250000000000000000e-02 -2.562500000000000000e+00
5.639999866485595703e+00 -2.289999961853027344e+00 7.670000076293945312e+00 -5.000000000000000000e+00 1.156250000000000000e+01 -3.787500000000000000e+01 1.875000000000000000e-01 2.500000000000000000e-01 -2.437500000000000000e+00
5.619999885559082031e+00 -2.259999990463256836e+00 7.690000057220458984e+00 -5.000000000000000000e+00 1.156250000000000000e+01 -3.787500000000000000e+01 3.750000000000000000e-01 0.000000000000000000e+00 -2.312500000000000000e+00
5.630000114440917969e+00 -2.230000019073486328e+00 7.670000076293945312e+00 -5.000000000000000000e+00 1.156250000000000000e+01 -3.787500000000000000e+01 3.750000000000000000e-01 -1.250000000000000000e-01 -2.312500000000000000e+00
5.630000114440917969e+00 -2.180000066757202148e+00 7.690000057220458984e+00 -5.000000000000000000e+00 1.156250000000000000e+01 -3.787500000000000000e+01 3.750000000000000000e-01 -6.250000000000000000e-02 -2.125000000000000000e+00
5.639999866485595703e+00 -2.089999914169311523e+00 7.690000057220458984e+00 -6.187500000000000000e+00 1.200000000000000000e+01 -3.825000000000000000e+01 1.875000000000000000e-01 -1.875000000000000000e-01 -1.625000000000000000e+00
5.659999847412109375e+00 -2.079999923706054688e+00 7.710000038146972656e+00 -6.187500000000000000e+00 1.200000000000000000e+01 -3.825000000000000000e+01 1.250000000000000000e-01 -4.375000000000000000e-01 -1.375000000000000000e+00
5.659999847412109375e+00 -2.119999885559082031e+00 7.699999809265136719e+00 -6.187500000000000000e+00 1.200000000000000000e+01 -3.825000000000000000e+01 1.875000000000000000e-01 -4.375000000000000000e-01 -1.000000000000000000e+00
5.610000133514404297e+00 -2.160000085830688477e+00 7.670000076293945312e+00 -6.187500000000000000e+00 1.200000000000000000e+01 -3.825000000000000000e+01 -1.250000000000000000e-01 -2.500000000000000000e-01 -7.500000000000000000e-01
5.610000133514404297e+00 -2.180000066757202148e+00 7.690000057220458984e+00 -6.187500000000000000e+00 1.200000000000000000e+01 -3.825000000000000000e+01 -1.875000000000000000e-01 -4.375000000000000000e-01 -5.625000000000000000e-01
