5.360000133514404297e+00 -2.289999961853027344e+00 7.849999904632568359e+00 -1.250000000000000000e+01 1.506250000000000000e+01 -2.887500000000000000e+01 8.125000000000000000e-01 5.000000000000000000e-01 -1.000000000000000000e+00
5.380000114440917969e+00 -2.269999980926513672e+00 7.829999923706054688e+00 -1.287500000000000000e+01 1.475000000000000000e+01 -2.925000000000000000e+01 9.375000000000000000e-01 5.625000000000000000e-01 -1.187500000000000000e+00
5.340000152587890625e+00 -2.319999933242797852e+00 7.820000171661376953e+00 -1.287500000000000000e+01 1.475000000000000000e+01 -2.925000000000000000e+01 1.375000000000000000e+00 8.750000000000000000e-01 -2.000000000000000000e+00
5.329999923706054688e+00 -2.420000076293945312e+00 7.829999923706054688e+00 -1.287500000000000000e+01 1.475000000000000000e+01 -2.925000000000000000e+01 1.625000000000000000e+00 1.187500000000000000e+00 -2.750000000000000000e+00
5.389999866485595703e+00 -2.460000038146972656e+00 7.789999961853027344e+00 -1.287500000000000000e+01 1.475000000000000000e+01 -2.925000000000000000e+01 2.125000000000000000e+00 1.312500000000000000e+00 -3.187500000000000000e+00
5.360000133514404297e+00 -2.490000009536743164e+00 7.769999980926513672e+00 -1.287500000000000000e+01 1.475000000000000000e+01 -2.925000000000000000e+01 2.375000000000000000e+00 1.937500000000000000e+00 -4.312500000000000000e+00
5.300000190734863281e+00 -2.589999914169311523e+00 7.760000228881835938e+00 -1.287500000000000000e+01 1.475000000000000000e+01 -2.887500000000000000e+01 2.875000000000000000e+00 2.312500000000000000e+00 -5.000000000000000000e+00
5.269999980926513672e+00 -2.460000038146972656e+00 7.789999961853027344e+00 -1.287500000000000000e+01 1.475000000000000000e+01 -2.887500000000000000e+01 3.375000000000000000e+00 2.250000000000000000e+00 -5.937500000000000000e+00
5.230000019073486328e+00 -2.380000114440917969e+00 7.849999904632568359e+00 -1.287500000000000000e+01 1.475000000000000000e+01 -2.887500000000000000e+01 3.812500000000000000e+00 3.187500000000000000e+00 -7.437500000000000000e+00
5.179999828338623047e+00 -2.569999933242797852e+00 7.849999904632568359e+00 -1.287500000000000000e+01 1.475000000000000000e+01 -2.887500000000000000e+01 4.625000000000000000e+00 3.187500000000000000e+00 -8.937500000000000000e+00
4.960000038146972656e+00 -2.740000009536743164e+00 7.840000152587890625e+00 -1.287500000000000000e+01 1.475000000000000000e+01 -2.887500000000000000e+01 5.437500000000000000e+00 4.375000000000000000e+00 -1.225000000000000000e+01
4.989999771118164062e+00 -2.920000076293945312e+00 8.039999961853027344e+00 -1.437500000000000000e+01 1.437500000000000000e+01 -2.887500000000000000e+01 6.312500000000000000e+00 4.812500000000000000e+00 -1.650000000000000000e+01
5.210000038146972656e+00 -3.210000038146972656e+00 7.800000190734863281e+00 -1.437500000000000000e+01 1.437500000000000000e+01 -2.887500000000000000e+01 6.125000000000000000e+00 4.312500000000000000e+00 -1.943750000000000000e+01
5.210000038146972656e+00 -2.859999895095825195e+00 7.940000057220458984e+00 -1.437500000000000000e+01 1.437500000000000000e+01 -2.887500000000000000e+01 7.562500000000000000e+00 3.625000000000000000e+00 -1.943750000000000000e+01
5.079999923706054688e+00 -2.130000114440917969e+00 8.020000457763671875e+00 -1.437500000000000000e+01 1.437500000000000000e+01 -2.887500000000000000e+01 8.437500000000000000e+00 3.375000000000000000e+00 -1.987500000000000000e+01
5.050000190734863281e+00 -2.059999942779541016e+00 8.079999923706054688e+00 -1.437500000000000000e+01 1.437500000000000000e+01 -2.887500000000000000e+01 8.250000000000000000e+00 1.875000000000000000e+00 -2.056250000000000000e+01
4.969999790191650391e+00 -2.680000066757202148e+00 8.229999542236328125e+00 -1.250000000000000000e+01 1.400000000000000000e+01 -2.850000000000000000e+01 8.250000000000000000e+00 5.000000000000000000e-01 -2.206250000000000000e+01
4.719999790191650391e+00 -3.140000104904174805e+00 8.390000343322753906e+00 -1.250000000000000000e+01 1.400000000000000000e+01 -2.850000000000000000e+01 1.018750000000000000e+01 3.125000000000000000e-01 -2.525000000000000000e+01
4.170000076293945312e+00 -5.119999885559082031e+00 8.979999542236328125e+00 -1.250000000000000000e+01 1.400000000000000000e+01 -2.850000000000000000e+01 1.581250000000000000e+01 -1.375000000000000000e+00 -3.037500000000000000e+01
4.340000152587890625e+00 -5.289999961853027344e+00 9.130000114440917969e+00 -1.250000000000000000e+01 1.400000000000000000e+01 -2.850000000000000000e+01 2.618750000000000000e+01 -6.562500000000000000e+00 -3.962500000000000000e+01
5.010000228881835938e+00 -4.389999866485595703e+00 9.090000152587890625e+00 -1.250000000000000000e+01 1.400000000000000000e+01 -2.850000000000000000e+01 3.725000000000000000e+01 -1.331250000000000000e+01 -5.056250000000000000e+01
6.150000095367431641e+00 -4.320000171661376953e+00 9.180000305175781250e+00 -1.356250000000000000e+01 1.325000000000000000e+01 -2.850000000000000000e+01 4.431250000000000000e+01 -2.143750000000000000e+01 -5.825000000000000000e+01
7.000000000000000000e+00 -7.820000171661376953e+00 8.760000228881835938e+00 -1.356250000000000000e+01 1.325000000000000000e+01 -2.850000000000000000e+01 5.400000000000000000e+01 -2.806250000000000000e+01 -6.800000000000000000e+01
6.079999923706054688e+00 -8.180000305175781250e+00 8.640000343322753906e+00 -1.356250000000000000e+01 1.325000000000000000e+01 -2.850000000000000000e+01 7.306250000000000000e+01 -3.137500000000000000e+01 -7.912500000000000000e+01
5.719999790191650391e+00 -7.090000152587890625e+00 8.380000114440917969e+00 -1.356250000000000000e+01 1.325000000000000000e+01 -2.850000000000000000e+01 9.643750000000000000e+01 -3.887500000000000000e+01 -8.593750000000000000e+01
5.099999904632568359e+00 -5.030000209808349609e+00 8.350000381469726562e+00 -1.356250000000000000e+01 1.325000000000000000e+01 -2.850000000000000000e+01 1.160625000000000000e+02 -4.700000000000000000e+01 -9.106250000000000000e+01
5.059999942779541016e+00 -2.259999990463256836e+00 8.500000000000000000e+00 -1.437500000000000000e+01 1.218750000000000000e+01 -2.887500000000000000e+01 1.271875000000000000e+02 -5.837500000000000000e+01 -9.681250000000000000e+01
5.380000114440917969e+00 -1.279999971389770508e+00 8.270000457763671875e+00 -1.437500000000000000e+01 1.218750000000000000e+01 -2.887500000000000000e+01 1.275000000000000000e+02 -6.918750000000000000e+01 -1.023125000000000000e+02
5.929999828338623047e+00 -5.500000119209289551e-01 8.340000152587890625e+00 -1.437500000000000000e+01 1.218750000000000000e+01 -2.887500000000000000e+01 1.187500000000000000e+02 -7.437500000000000000e+01 -1.077500000000000000e+02
6.000000000000000000e+00 -3.799999952316284180e-01 7.360000133514404297e+00 -1.437500000000000000e+01 1.218750000000000000e+01 -2.887500000000000000e+01 1.086250000000000000e+02 -7.418750000000000000e+01 -1.130000000000000000e+02
5.650000095367431641e+00 1.099999994039535522e-01 6.869999885559082031e+00 -1.437500000000000000e+01 1.218750000000000000e+01 -2.887500000000000000e+01 1.023750000000000000e+02 -7.262500000000000000e+01 -1.200625000000000000e+02
5.789999961853027344e+00 8.299999833106994629e-01 6.510000228881835938e+00 -1.725000000000000000e+01 7.375000000000000000e+00 -2.887500000000000000e+01 9.493750000000000000e+01 -7.387500000000000000e+01 -1.213750000000000000e+02
5.920000076293945312e+00 1.440000057220458984e+00 6.070000171661376953e+00 -1.725000000000000000e+01 7.375000000000000000e+00 -2.887500000000000000e+01 8.362500000000000000e+01 -7.256250000000000000e+01 -1.186875000000000000e+02
5.550000190734863281e+00 3.039999961853027344e+00 5.980000019073486328e+00 -1.725000000000000000e+01 7.375000000000000000e+00 -2.887500000000000000e+01 7.175000000000000000e+01 -6.750000000000000000e+01 -1.159375000000000000e+02
5.690000057220458984e+00 2.910000085830688477e+00 5.539999961853027344e+00 -1.725000000000000000e+01 7.375000000000000000e+00 -2.887500000000000000e+01 6.150000000000000000e+01 -6.418750000000000000e+01 -1.110000000000000000e+02
5.789999961853027344e+00 3.529999971389770508e+00 5.449999809265136719e+00 -1.725000000000000000e+01 7.375000000000000000e+00 -2.887500000000000000e+01 5.412500000000000000e+01 -5.856250000000000000e+01 -1.056875000000000000e+02
6.090000152587890625e+00 3.769999980926513672e+00 5.250000000000000000e+00 -1.950000000000000000e+01 4.750000000000000000e+00 -2.925000000000000000e+01 4.825000000000000000e+01 -5.350000000000000000e+01 -9.756250000000000000e+01
6.739999771118164062e+00 3.950000047683715820e+00 4.659999847412109375e+00 -1.950000000000000000e+01 4.750000000000000000e+00 -2.925000000000000000e+01 4.387500000000000000e+01 -4.662500000000000000e+01 -8.981250000000000000e+01
6.420000076293945312e+00 4.219999790191650391e+00 4.530000209808349609e+00 -1.950000000000000000e+01 4.750000000000000000e+00 -2.925000000000000000e+01 4.325000000000000000e+01 -3.700000000000000000e+01 -8.218750000000000000e+01
6.519999980926513672e+00 4.420000076293945312e+00 4.570000171661376953e+00 -1.950000000000000000e+01 4.750000000000000000e+00 -2.925000000000000000e+01 4.431250000000000000e+01 -2.793750000000000000e+01 -7.406250000000000000e+01
6.219999790191650391e+00 4.449999809265136719e+00 4.969999790191650391e+00 -1.950000000000000000e+01 4.750000000000000000e+00 -2.925000000000000000e+01 4.612500000000000000e+01 -1.850000000000000000e+01 -6.537500000000000000e+01
6.239999771118164062e+00 4.400000095367431641e+00 5.039999961853027344e+00 -2.125000000000000000e+01 2.187500000000000000e+00 -2.868750000000000000e+01 4.956250000000000000e+01 -9.687500000000000000e+00 -5.712500000000000000e+01
6.230000019073486328e+00 4.480000019073486328e+00 5.190000057220458984e+00 -2.125000000000000000e+01 2.187500000000000000e+00 -2.868750000000000000e+01 5.437500000000000000e+01 -1.625000000000000000e+00 -4.793750000000000000e+01
6.380000114440917969e+00 4.630000114440917969e+00 5.289999961853027344e+00 -2.125000000000000000e+01 2.187500000000000000e+00 -2.868750000000000000e+01 5.968750000000000000e+01 5.125000000000000000e+00 -3.893750000000000000e+01
6.260000228881835938e+00 4.929999828338623047e+00 5.519999980926513672e+00 -2.125000000000000000e+01 2.187500000000000000e+00 -2.868750000000000000e+01 6.362500000000000000e+01 1.193750000000000000e+01 -3.037500000000000000e+01
6.329999923706054688e+00 4.750000000000000000e+00 5.730000019073486328e+00 -2.125000000000000000e+01 2.187500000000000000e+00 -2.868750000000000000e+01 6.500000000000000000e+01 1.693750000000000000e+01 -2.250000000000000000e+01
6.309999942779541016e+00 4.309999942779541016e+00 5.900000095367431641e+00 -2.150000000000000000e+01 -3.750000000000000000e-01 -3.018750000000000000e+01 6.475000000000000000e+01 2.056250000000000000e+01 -1.562500000000000000e+01
6.219999790191650391e+00 3.769999980926513672e+00 6.150000095367431641e+00 -2.150000000000000000e+01 -3.750000000000000000e-01 -3.018750000000000000e+01 6.500000000000000000e+01 2.306250000000000000e+01 -1.018750000000000000e+01
6.340000152587890625e+00 3.549999952316284180e+00 6.780000209808349609e+00 -2.150000000000000000e+01 -3.750000000000000000e-01 -3.018750000000000000e+01 6.500000000000000000e+01 2.375000000000000000e+01 -6.250000000000000000e+00
6.329999923706054688e+00 3.220000028610229492e+00 6.860000133514404297e+00 -2.150000000000000000e+01 -3.750000000000000000e-01 -3.018750000000000000e+01 6.387500000000000000e+01 2.406250000000000000e+01 -4.250000000000000000e+00
6.369999885559082031e+00 2.950000047683715820e+00 6.829999923706054688e+00 -2.150000000000000000e+01 -3.750000000000000000e-01 -3.018750000000000000e+01 6.237500000000000000e+01 2.393750000000000000e+01 -3.562500000000000000e+00
6.360000133514404297e+00 3.210000038146972656e+00 6.699999809265136719e+00 -2.075000000000000000e+01 -2.687500000000000000e+00 -2.950000000000000000e+01 6.112500000000000000e+01 2.256250000000000000e+01 -3.312500000000000000e+00
6.130000114440917969e+00 3.579999923706054688e+00 6.809999942779541016e+00 -2.075000000000000000e+01 -2.687500000000000000e+00 -2.950000000000000000e+01 5.818750000000000000e+01 2.081250000000000000e+01 -4.000000000000000000e+00
6.079999923706054688e+00 3.910000085830688477e+00 6.829999923706054688e+00 -2.075000000000000000e+01 -2.687500000000000000e+00 -2.950000000000000000e+01 5.206250000000000000e+01 1.850000000000000000e+01 -4.687500000000000000e+00
6.039999961853027344e+00 3.930000066757202148e+00 6.869999885559082031e+00 -2.075000000000000000e+01 -2.687500000000000000e+00 -2.950000000000000000e+01 4.456250000000000000e+01 1.568750000000000000e+01 -5.500000000000000000e+00
5.889999866485595703e+00 4.030000209808349609e+00 6.829999923706054688e+00 -2.075000000000000000e+01 -2.687500000000000000e+00 -2.950000000000000000e+01 3.818750000000000000e+01 1.287500000000000000e+01 -6.000000000000000000e+00
6.070000171661376953e+00 4.280000209808349609e+00 6.909999847412109375e+00 -1.975000000000000000e+01 -3.500000000000000000e+00 -2.956250000000000000e+01 3.256250000000000000e+01 9.750000000000000000e+00 -5.500000000000000000e+00
6.199999809265136719e+00 4.219999790191650391e+00 6.789999961853027344e+00 -1.975000000000000000e+01 -3.500000000000000000e+00 -2.956250000000000000e+01 2.762500000000000000e+01 7.625000000000000000e+00 -4.875000000000000000e+00
6.039999961853027344e+00 4.199999809265136719e+00 6.610000133514404297e+00 -1.975000000000000000e+01 -3.500000000000000000e+00 -2.956250000000000000e+01 2.375000000000000000e+01 6.187500000000000000e+00 -3.375000000000000000e+00
5.969999790191650391e+00 4.730000019073486328e+00 6.320000171661376953e+00 -1.975000000000000000e+01 -3.500000000000000000e+00 -2.956250000000000000e+01 2.050000000000000000e+01 4.750000000000000000e+00 -1.812500000000000000e+00
5.940000057220458984e+00 4.840000152587890625e+00 6.150000095367431641e+00 -1.975000000000000000e+01 -3.500000000000000000e+00 -2.956250000000000000e+01 1.593750000000000000e+01 3.750000000000000000e+00 -6.250000000000000000e-02
6.079999923706054688e+00 4.869999885559082031e+00 6.059999942779541016e+00 -1.968750000000000000e+01 -5.375000000000000000e+00 -2.956250000000000000e+01 1.075000000000000000e+01 3.125000000000000000e+00 1.187500000000000000e+00
6.050000190734863281e+00 4.380000114440917969e+00 5.949999809265136719e+00 -1.968750000000000000e+01 -5.375000000000000000e+00 -2.956250000000000000e+01 5.000000000000000000e+00 3.562500000000000000e+00 2.750000000000000000e+00
6.110000133514404297e+00 4.159999847412109375e+00 5.989999771118164062e+00 -1.968750000000000000e+01 -5.375000000000000000e+00 -2.956250000000000000e+01 7.500000000000000000e-01 4.250000000000000000e+00 4.625000000000000000e+00
6.050000190734863281e+00 4.030000209808349609e+00 5.969999790191650391e+00 -1.968750000000000000e+01 -5.375000000000000000e+00 -2.956250000000000000e+01 -1.375000000000000000e+00 5.875000000000000000e+00 7.312500000000000000e+00
6.059999942779541016e+00 4.210000038146972656e+00 5.940000057220458984e+00 -1.968750000000000000e+01 -5.375000000000000000e+00 -2.956250000000000000e+01 -1.312500000000000000e+00 7.500000000000000000e+00 1.056250000000000000e+01
5.969999790191650391e+00 5.159999847412109375e+00 5.570000171661376953e+00 -1.900000000000000000e+01 -5.687500000000000000e+00 -2.956250000000000000e+01 -1.125000000000000000e+00 1.006250000000000000e+01 1.562500000000000000e+01
5.869999885559082031e+00 5.210000038146972656e+00 5.199999809265136719e+00 -1.900000000000000000e+01 -5.687500000000000000e+00 -2.956250000000000000e+01 -2.812500000000000000e+00 1.325000000000000000e+01 2.181250000000000000e+01
5.460000038146972656e+00 5.309999942779541016e+00 5.280000209808349609e+00 -1.900000000000000000e+01 -5.687500000000000000e+00 -2.956250000000000000e+01 -3.812500000000000000e+00 1.575000000000000000e+01 2.625000000000000000e+01
5.650000095367431641e+00 5.050000190734863281e+00 5.320000171661376953e+00 -1.900000000000000000e+01 -5.687500000000000000e+00 -2.956250000000000000e+01 -5.187500000000000000e+00 1.662500000000000000e+01 2.925000000000000000e+01
5.730000019073486328e+00 4.460000038146972656e+00 5.710000038146972656e+00 -1.900000000000000000e+01 -5.687500000000000000e+00 -2.956250000000000000e+01 -6.250000000000000000e+00 1.837500000000000000e+01 3.431250000000000000e+01
5.750000000000000000e+00 4.510000228881835938e+00 5.849999904632568359e+00 -1.900000000000000000e+01 -6.062500000000000000e+00 -2.956250000000000000e+01 -5.125000000000000000e+00 2.137500000000000000e+01 4.056250000000000000e+01
6.139999866485595703e+00 4.699999809265136719e+00 5.639999866485595703e+00 -1.900000000000000000e+01 -6.062500000000000000e+00 -2.956250000000000000e+01 -4.187500000000000000e+00 2.568750000000000000e+01 4.800000000000000000e+01
6.760000228881835938e+00 5.579999923706054688e+00 4.940000057220458984e+00 -1.900000000000000000e+01 -6.062500000000000000e+00 -2.956250000000000000e+01 -7.812500000000000000e+00 3.231250000000000000e+01 5.650000000000000000e+01
6.400000095367431641e+00 5.519999980926513672e+00 4.760000228881835938e+00 -1.900000000000000000e+01 -6.062500000000000000e+00 -2.956250000000000000e+01 -1.718750000000000000e+01 4.137500000000000000e+01 6.481250000000000000e+01
6.400000095367431641e+00 5.360000133514404297e+00 4.929999828338623047e+00 -1.900000000000000000e+01 -6.062500000000000000e+00 -2.956250000000000000e+01 -2.875000000000000000e+01 4.812500000000000000e+01 6.893750000000000000e+01
6.670000076293945312e+00 4.880000114440917969e+00 4.880000114440917969e+00 -1.750000000000000000e+01 -5.000000000000000000e+00 -2.956250000000000000e+01 -4.106250000000000000e+01 5.543750000000000000e+01 7.118750000000000000e+01
6.219999790191650391e+00 3.630000114440917969e+00 4.940000057220458984e+00 -1.750000000000000000e+01 -5.000000000000000000e+00 -2.956250000000000000e+01 -5.406250000000000000e+01 6.487500000000000000e+01 7.443750000000000000e+01
6.219999790191650391e+00 3.930000066757202148e+00 5.269999980926513672e+00 -1.750000000000000000e+01 -5.000000000000000000e+00 -2.956250000000000000e+01 -6.481250000000000000e+01 7.275000000000000000e+01 7.687500000000000000e+01
6.349999904632568359e+00 3.900000095367431641e+00 5.440000057220458984e+00 -1.750000000000000000e+01 -5.000000000000000000e+00 -2.956250000000000000e+01 -7.612500000000000000e+01 7.987500000000000000e+01 7.887500000000000000e+01
5.789999961853027344e+00 2.440000057220458984e+00 6.639999866485595703e+00 -1.750000000000000000e+01 -5.000000000000000000e+00 -2.956250000000000000e+01 -8.575000000000000000e+01 8.675000000000000000e+01 7.856250000000000000e+01
6.139999866485595703e+00 1.539999961853027344e+00 7.389999866485595703e+00 -1.750000000000000000e+01 -3.875000000000000000e+00 -3.050000000000000000e+01 -8.800000000000000000e+01 9.131250000000000000e+01 7.462500000000000000e+01
7.000000000000000000e+00 1.429999947547912598e+00 8.050000190734863281e+00 -1.750000000000000000e+01 -3.875000000000000000e+00 -3.050000000000000000e+01 -8.956250000000000000e+01 9.893750000000000000e+01 7.268750000000000000e+01
5.710000038146972656e+00 3.380000114440917969e+00 8.170000076293945312e+00 -1.750000000000000000e+01 -3.875000000000000000e+00 -3.050000000000000000e+01 -1.013125000000000000e+02 1.099375000000000000e+02 7.250000000000000000e+01
3.250000000000000000e+00 9.619999885559082031e+00 9.409999847412109375e+00 -1.750000000000000000e+01 -3.875000000000000000e+00 -3.050000000000000000e+01 -1.446250000000000000e+02 1.099375000000000000e+02 8.687500000000000000e+01
2.529999971389770508e+00 8.439999580383300781e+00 1.475000000000000000e+01 -1.750000000000000000e+01 -3.875000000000000000e+00 -3.050000000000000000e+01 -1.723750000000000000e+02 7.293750000000000000e+01 1.112500000000000000e+02
2.259999990463256836e+00 4.349999904632568359e+00 1.157999992370605469e+01 -1.275000000000000000e+01 -8.750000000000000000e-01 -3.175000000000000000e+01 -1.895625000000000000e+02 4.387500000000000000e+01 1.253750000000000000e+02
2.240000009536743164e+00 1.179999947547912598e+00 9.600000381469726562e+00 -1.275000000000000000e+01 -8.750000000000000000e-01 -3.175000000000000000e+01 -1.968750000000000000e+02 1.600000000000000000e+01 1.279375000000000000e+02
5.349999904632568359e+00 -4.829999923706054688e+00 6.769999980926513672e+00 -1.275000000000000000e+01 -8.750000000000000000e-01 -3.175000000000000000e+01 -1.938750000000000000e+02 -1.812500000000000000e+00 1.219375000000000000e+02
4.940000057220458984e+00 -5.010000228881835938e+00 6.380000114440917969e+00 -1.275000000000000000e+01 -8.750000000000000000e-01 -3.175000000000000000e+01 -1.796250000000000000e+02 -4.562500000000000000e+00 1.073125000000000000e+02
4.309999942779541016e+00 -5.920000076293945312e+00 6.980000019073486328e+00 -1.275000000000000000e+01 -8.750000000000000000e-01 -3.175000000000000000e+01 -1.638750000000000000e+02 -2.437500000000000000e+00 9.912500000000000000e+01
5.070000171661376953e+00 -5.380000114440917969e+00 7.460000038146972656e+00 -1.106250000000000000e+01 4.250000000000000000e+00 -3.118750000000000000e+01 -1.458750000000000000e+02 -5.000000000000000000e+00 9.131250000000000000e+01
4.800000190734863281e+00 -4.340000152587890625e+00 7.860000133514404297e+00 -1.106250000000000000e+01 4.250000000000000000e+00 -3.118750000000000000e+01 -1.284375000000000000e+02 -3.937500000000000000e+00 8.168750000000000000e+01
4.679999828338623047e+00 -3.470000028610229492e+00 8.109999656677246094e+00 -1.106250000000000000e+01 4.250000000000000000e+00 -3.118750000000000000e+01 -1.146250000000000000e+02 -3.750000000000000000e+00 7.343750000000000000e+01
4.630000114440917969e+00 -3.220000028610229492e+00 8.409999847412109375e+00 -1.106250000000000000e+01 4.250000000000000000e+00 -3.118750000000000000e+01 -1.041250000000000000e+02 -6.625000000000000000e+00 6.675000000000000000e+01
5.050000190734863281e+00 -8.420000076293945312e+00 8.770000457763671875e+00 -1.106250000000000000e+01 4.250000000000000000e+00 -3.118750000000000000e+01 -7.993750000000000000e+01 -1.556250000000000000e+01 5.618750000000000000e+01
6.690000057220458984e+00 -6.179999828338623047e+00 6.420000076293945312e+00 -1.006250000000000000e+01 1.006250000000000000e+01 -3.156250000000000000e+01 -4.912500000000000000e+01 -2.812500000000000000e+01 3.212500000000000000e+01
6.030000209808349609e+00 -8.189999580383300781e+00 7.630000114440917969e+00 -1.006250000000000000e+01 1.006250000000000000e+01 -3.156250000000000000e+01 -3.656250000000000000e+01 -1.981250000000000000e+01 2.268750000000000000e+01
6.639999866485595703e+00 -9.100000381469726562e+00 7.110000133514404297e+00 -1.006250000000000000e+01 1.006250000000000000e+01 -3.156250000000000000e+01 -1.925000000000000000e+01 -1.612500000000000000e+01 1.568750000000000000e+01
5.239999771118164062e+00 -2.950000047683715820e+00 7.409999847412109375e+00 -1.006250000000000000e+01 1.006250000000000000e+01 -3.156250000000000000e+01 -6.937500000000000000e+00 -7.687500000000000000e+00 7.812500000000000000e+00
