5.590000152587890625e+00 -2.329999923706054688e+00 7.670000076293945312e+00 -5.750000000000000000e+00 1.350000000000000000e+01 -3.706250000000000000e+01 -1.187500000000000000e+00 8.750000000000000000e-01 -1.812500000000000000e+00
5.619999885559082031e+00 -2.279999971389770508e+00 7.699999809265136719e+00 -5.750000000000000000e+00 1.350000000000000000e+01 -3.706250000000000000e+01 -8.750000000000000000e-01 6.250000000000000000e-01 -1.625000000000000000e+00
5.619999885559082031e+00 -2.279999971389770508e+00 7.699999809265136719e+00 -6.562500000000000000e+00 1.500000000000000000e+01 -3.550000000000000000e+01 -5.000000000000000000e-01 5.625000000000000000e-01 -1.937500000000000000e+00
5.639999866485595703e+00 -2.170000076293945312e+00 7.719999790191650391e+00 -6.562500000000000000e+00 1.500000000000000000e+01 -3.550000000000000000e+01 0.000000000000000000e+00 5.000000000000000000e-01 -1.875000000000000000e+00
5.679999828338623047e+00 -2.130000114440917969e+00 7.670000076293945312e+00 -6.562500000000000000e+00 1.500000000000000000e+01 -3.550000000000000000e+01 6.250000000000000000e-02 5.625000000000000000e-01 -1.750000000000000000e+00
5.650000095367431641e+00 -2.109999895095825195e+00 7.699999809265136719e+00 -6.562500000000000000e+00 1.500000000000000000e+01 -3.550000000000000000e+01 1.250000000000000000e-01 6.250000000000000000e-01 -1.687500000000000000e+00
5.650000095367431641e+00 -2.089999914169311523e+00 7.690000057220458984e+00 -6.562500000000000000e+00 1.500000000000000000e+01 -3.550000000000000000e+01 1.250000000000000000e-01 5.000000000000000000e-01 -1.625000000000000000e+00
5.659999847412109375e+00 -2.079999923706054688e+00 7.679999828338623047e+00 -5.375000000000000000e+00 1.425000000000000000e+01 -3.787500000000000000e+01 6.250000000000000000e-02 3.125000000000000000e-01 -1.250000000000000000e+00
5.650000095367431641e+00 -2.130000114440917969e+00 7.679999828338623047e+00 -5.375000000000000000e+00 1.425000000000000000e+01 -3.787500000000000000e+01 2.500000000000000000e-01 5.625000000000000000e-01 -1.250000000000000000e+00
5.670000076293945312e+00 -2.089999914169311523e+00 7.750000000000000000e+00 -5.375000000000000000e+00 1.425000000000000000e+01 -3.787500000000000000e+01 3.125000000000000000e-01 5.625000000000000000e-01 -1.000000000000000000e+00
5.820000171661376953e+00 -2.049999952316284180e+00 7.809999942779541016e+00 -5.375000000000000000e+00 1.425000000000000000e+01 -3.787500000000000000e+01 6.250000000000000000e-02 3.750000000000000000e-01 -6.875000000000000000e-01
6.070000171661376953e+00 -1.720000028610229492e+00 8.079999923706054688e+00 -5.375000000000000000e+00 1.425000000000000000e+01 -3.787500000000000000e+01 -5.000000000000000000e-01 3.750000000000000000e-01 -5.000000000000000000e-01
6.070000171661376953e+00 -1.720000028610229492e+00 8.079999923706054688e+00 -6.875000000000000000e+00 1.456250000000000000e+01 -3.706250000000000000e+01 -3.000000000000000000e+00 4.375000000000000000e-01 1.062500000000000000e+00
1.143000030517578125e+01 1.320000052452087402e+00 9.149999618530273438e+00 -6.875000000000000000e+00 1.456250000000000000e+01 -3.706250000000000000e+01 -1.081250000000000000e+01 1.750000000000000000e+00 4.812500000000000000e+00
1.578999996185302734e+01 2.369999885559082031e+00 9.630000114440917969e+00 -6.875000000000000000e+00 1.456250000000000000e+01 -3.706250000000000000e+01 -2.531250000000000000e+01 1.218750000000000000e+01 1.000000000000000000e+01
1.922999954223632812e+01 2.800000011920928955e-01 8.520000457763671875e+00 -6.875000000000000000e+00 1.456250000000000000e+01 -3.706250000000000000e+01 -4.787500000000000000e+01 4.081250000000000000e+01 2.031250000000000000e+01
2.094000053405761719e+01 -4.050000190734863281e+00 1.046000003814697266e+01 -6.875000000000000000e+00 1.456250000000000000e+01 -3.706250000000000000e+01 -5.875000000000000000e+01 9.643750000000000000e+01 2.931250000000000000e+01
2.094000053405761719e+01 -4.050000190734863281e+00 1.046000003814697266e+01 -4.687500000000000000e+00 1.456250000000000000e+01 -3.625000000000000000e+01 -4.556250000000000000e+01 1.524375000000000000e+02 2.706250000000000000e+01
1.518000030517578125e+01 -7.119999885559082031e+00 8.369999885559082031e+00 -4.687500000000000000e+00 1.456250000000000000e+01 -3.625000000000000000e+01 -3.318750000000000000e+01 2.019375000000000000e+02 3.343750000000000000e+01
3.440000057220458984e+00 -8.789999961853027344e+00 6.460000038146972656e+00 -4.687500000000000000e+00 1.456250000000000000e+01 -3.625000000000000000e+01 -1.625000000000000000e+01 2.201250000000000000e+02 3.987500000000000000e+01
-1.210000038146972656e+00 -3.589999914169311523e+00 7.309999942779541016e+00 -4.687500000000000000e+00 1.456250000000000000e+01 -3.625000000000000000e+01 5.812500000000000000e+00 2.083750000000000000e+02 3.737500000000000000e+01
-1.159999966621398926e+00 -2.789999961853027344e+00 6.690000057220458984e+00 -4.687500000000000000e+00 1.456250000000000000e+01 -3.625000000000000000e+01 1.825000000000000000e+01 1.851875000000000000e+02 3.250000000000000000e+01
-2.349999904632568359e+00 -1.659999966621398926e+00 6.349999904632568359e+00 -2.062500000000000000e+00 1.568750000000000000e+01 -3.625000000000000000e+01 2.093750000000000000e+01 1.630000000000000000e+02 3.137500000000000000e+01
-3.390000104904174805e+00 -1.099999994039535522e-01 6.829999923706054688e+00 -2.062500000000000000e+00 1.568750000000000000e+01 -3.625000000000000000e+01 2.062500000000000000e+01 1.435000000000000000e+02 2.856250000000000000e+01
-2.730000019073486328e+00 3.499999940395355225e-01 6.719999790191650391e+00 -2.062500000000000000e+00 1.568750000000000000e+01 -3.625000000000000000e+01 1.425000000000000000e+01 1.230625000000000000e+02 2.318750000000000000e+01
-1.759999990463256836e+00 -2.300000041723251343e-01 7.239999771118164062e+00 -2.062500000000000000e+00 1.568750000000000000e+01 -3.625000000000000000e+01 7.937500000000000000e+00 1.030000000000000000e+02 1.568750000000000000e+01
-1.299999952316284180e-01 -6.999999880790710449e-01 7.360000133514404297e+00 -2.062500000000000000e+00 1.568750000000000000e+01 -3.625000000000000000e+01 2.250000000000000000e+00 8.643750000000000000e+01 5.625000000000000000e+00
-1.299999952316284180e-01 -6.999999880790710449e-01 7.360000133514404297e+00 5.250000000000000000e+00 1.606250000000000000e+01 -3.587500000000000000e+01 -1.687500000000000000e+00 7.650000000000000000e+01 -2.437500000000000000e+00
5.600000023841857910e-01 -1.370000004768371582e+00 7.849999904632568359e+00 5.250000000000000000e+00 1.606250000000000000e+01 -3.587500000000000000e+01 -3.750000000000000000e+00 6.987500000000000000e+01 -6.562500000000000000e+00
1.039999961853027344e+00 -3.009999990463256836e+00 8.409999847412109375e+00 5.250000000000000000e+00 1.606250000000000000e+01 -3.587500000000000000e+01 -4.062500000000000000e+00 6.256250000000000000e+01 -7.687500000000000000e+00
1.440000057220458984e+00 -3.599999904632568359e+00 8.529999732971191406e+00 5.250000000000000000e+00 1.606250000000000000e+01 -3.587500000000000000e+01 -2.562500000000000000e+00 5.550000000000000000e+01 -6.062500000000000000e+00
1.720000028610229492e+00 -3.990000009536743164e+00 8.510000228881835938e+00 5.250000000000000000e+00 1.606250000000000000e+01 -3.587500000000000000e+01 5.000000000000000000e-01 4.993750000000000000e+01 -2.000000000000000000e+00
1.090000033378601074e+00 -3.750000000000000000e+00 8.640000343322753906e+00 6.375000000000000000e+00 1.500000000000000000e+01 -3.518750000000000000e+01 3.937500000000000000e+00 4.343750000000000000e+01 2.250000000000000000e+00
1.129999995231628418e+00 -2.990000009536743164e+00 8.579999923706054688e+00 6.375000000000000000e+00 1.500000000000000000e+01 -3.518750000000000000e+01 5.562500000000000000e+00 3.762500000000000000e+01 7.187500000000000000e+00
1.129999995231628418e+00 -2.990000009536743164e+00 8.579999923706054688e+00 6.375000000000000000e+00 1.500000000000000000e+01 -3.518750000000000000e+01 6.500000000000000000e+00 3.262500000000000000e+01 1.037500000000000000e+01
9.300000071525573730e-01 -2.559999942779541016e+00 8.579999923706054688e+00 6.375000000000000000e+00 1.500000000000000000e+01 -3.518750000000000000e+01 6.875000000000000000e+00 2.775000000000000000e+01 1.106250000000000000e+01
1.450000047683715820e+00 -1.789999961853027344e+00 8.750000000000000000e+00 6.375000000000000000e+00 1.500000000000000000e+01 -3.518750000000000000e+01 5.750000000000000000e+00 2.443750000000000000e+01 1.050000000000000000e+01
1.120000004768371582e+00 -1.629999995231628418e+00 8.680000305175781250e+00 9.875000000000000000e+00 1.525000000000000000e+01 -3.600000000000000000e+01 4.687500000000000000e+00 2.193750000000000000e+01 8.062500000000000000e+00
7.300000190734863281e-01 -1.440000057220458984e+00 8.649999618530273438e+00 9.875000000000000000e+00 1.525000000000000000e+01 -3.600000000000000000e+01 3.375000000000000000e+00 1.756250000000000000e+01 4.875000000000000000e+00
4.099999964237213135e-01 -1.350000023841857910e+00 8.520000457763671875e+00 9.875000000000000000e+00 1.525000000000000000e+01 -3.600000000000000000e+01 1.437500000000000000e+00 1.212500000000000000e+01 2.250000000000000000e+00
-1.549999952316284180e+00 -1.559999942779541016e+00 7.400000095367431641e+00 9.875000000000000000e+00 1.525000000000000000e+01 -3.600000000000000000e+01 1.062500000000000000e+00 3.187500000000000000e+00 -5.000000000000000000e-01
-3.190000057220458984e+00 -1.590000033378601074e+00 7.119999885559082031e+00 9.875000000000000000e+00 1.525000000000000000e+01 -3.600000000000000000e+01 2.062500000000000000e+00 -1.331250000000000000e+01 -4.062500000000000000e+00
-3.390000104904174805e+00 -1.419999957084655762e+00 7.039999961853027344e+00 9.000000000000000000e+00 1.387500000000000000e+01 -3.568750000000000000e+01 1.562500000000000000e+00 -3.118750000000000000e+01 -7.375000000000000000e+00
-4.849999904632568359e+00 -1.230000019073486328e+00 5.530000209808349609e+00 9.000000000000000000e+00 1.387500000000000000e+01 -3.568750000000000000e+01 2.625000000000000000e+00 -5.062500000000000000e+01 -1.137500000000000000e+01
-7.389999866485595703e+00 -9.399999976158142090e-01 4.519999980926513672e+00 9.000000000000000000e+00 1.387500000000000000e+01 -3.568750000000000000e+01 7.187500000000000000e+00 -7.862500000000000000e+01 -1.931250000000000000e+01
-9.600000381469726562e+00 -6.299999952316284180e-01 4.309999942779541016e+00 9.000000000000000000e+00 1.387500000000000000e+01 -3.568750000000000000e+01 9.687500000000000000e+00 -1.153125000000000000e+02 -2.956250000000000000e+01
-1.002000045776367188e+01 -1.199999973177909851e-01 4.750000000000000000e+00 9.000000000000000000e+00 1.387500000000000000e+01 -3.568750000000000000e+01 4.187500000000000000e+00 -1.532500000000000000e+02 -3.537500000000000000e+01
-7.500000000000000000e+00 -1.199999973177909851e-01 5.110000133514404297e+00 8.562500000000000000e+00 1.525000000000000000e+01 -3.718750000000000000e+01 -6.437500000000000000e+00 -1.905000000000000000e+02 -3.731250000000000000e+01
-4.719999790191650391e+00 1.000000014901161194e-01 6.769999980926513672e+00 8.562500000000000000e+00 1.525000000000000000e+01 -3.718750000000000000e+01 -2.218750000000000000e+01 -2.258750000000000000e+02 -3.812500000000000000e+01
9.599999785423278809e-01 7.599999904632568359e-01 6.400000095367431641e+00 8.562500000000000000e+00 1.525000000000000000e+01 -3.718750000000000000e+01 -3.950000000000000000e+01 -2.466875000000000000e+02 -3.331250000000000000e+01
3.359999895095825195e+00 -5.000000000000000000e-01 5.429999828338623047e+00 8.562500000000000000e+00 1.525000000000000000e+01 -3.718750000000000000e+01 -3.806250000000000000e+01 -2.561250000000000000e+02 -3.200000000000000000e+01
5.530000209808349609e+00 -6.320000171661376953e+00 8.229999542236328125e+00 8.562500000000000000e+00 1.525000000000000000e+01 -3.718750000000000000e+01 -1.706250000000000000e+01 -2.783125000000000000e+02 -4.968750000000000000e+01
9.779999732971191406e+00 -6.539999961853027344e+00 7.380000114440917969e+00 2.375000000000000000e+00 1.525000000000000000e+01 -3.518750000000000000e+01 7.562500000000000000e+00 -2.856250000000000000e+02 -7.525000000000000000e+01
1.360999965667724609e+01 -8.779999732971191406e+00 1.047000026702880859e+01 2.375000000000000000e+00 1.525000000000000000e+01 -3.518750000000000000e+01 7.175000000000000000e+01 -2.748750000000000000e+02 -9.793750000000000000e+01
3.941999816894531250e+01 -8.590000152587890625e+00 9.680000305175781250e+00 2.375000000000000000e+00 1.525000000000000000e+01 -3.518750000000000000e+01 8.943750000000000000e+01 -1.838125000000000000e+02 -9.912500000000000000e+01
1.798999977111816406e+01 4.969999790191650391e+00 -2.780999946594238281e+01 2.375000000000000000e+00 1.525000000000000000e+01 -3.518750000000000000e+01 -5.000000000000000000e-01 1.761250000000000000e+02 -2.062500000000000000e+00
-2.690999984741210938e+01 6.880000114440917969e+00 2.913999938964843750e+01 2.375000000000000000e+00 1.525000000000000000e+01 -3.518750000000000000e+01 3.475000000000000000e+01 1.061250000000000000e+02 1.187500000000000000e+00
-1.322000026702880859e+01 9.640000343322753906e+00 1.293999958038330078e+01 -7.187500000000000000e+00 1.456250000000000000e+01 -3.637500000000000000e+01 -5.375000000000000000e+00 -6.900000000000000000e+01 2.181250000000000000e+01
1.264000034332275391e+01 -2.079999923706054688e+00 2.859999895095825195e+00 -7.187500000000000000e+00 1.456250000000000000e+01 -3.637500000000000000e+01 -1.275000000000000000e+01 -2.587500000000000000e+01 2.137500000000000000e+01
2.880000114440917969e+00 -1.950000047683715820e+00 1.172000026702880859e+01 -7.187500000000000000e+00 1.456250000000000000e+01 -3.637500000000000000e+01 -3.062500000000000000e+00 3.225000000000000000e+01 1.350000000000000000e+01
-9.700000286102294922e-01 -1.899999976158142090e+00 1.034000015258789062e+01 -7.187500000000000000e+00 1.456250000000000000e+01 -3.637500000000000000e+01 -1.275000000000000000e+01 -6.250000000000000000e-02 1.181250000000000000e+01
3.819999933242797852e+00 -3.980000019073486328e+00 6.710000038146972656e+00 -7.187500000000000000e+00 1.456250000000000000e+01 -3.637500000000000000e+01 -7.812500000000000000e+00 -1.731250000000000000e+01 5.437500000000000000e+00
7.099999904632568359e+00 -3.779999971389770508e+00 6.960000038146972656e+00 -5.750000000000000000e+00 1.525000000000000000e+01 -3.650000000000000000e+01 -2.250000000000000000e+00 -7.375000000000000000e+00 1.750000000000000000e+00
5.550000190734863281e+00 -3.440000057220458984e+00 6.940000057220458984e+00 -5.750000000000000000e+00 1.525000000000000000e+01 -3.650000000000000000e+01 3.750000000000000000e-01 3.125000000000000000e-01 -2.500000000000000000e-01
4.980000019073486328e+00 -2.769999980926513672e+00 7.519999980926513672e+00 -5.750000000000000000e+00 1.525000000000000000e+01 -3.650000000000000000e+01 2.687500000000000000e+00 -1.875000000000000000e-01 -2.375000000000000000e+00
5.559999942779541016e+00 -2.089999914169311523e+00 7.750000000000000000e+00 -5.750000000000000000e+00 1.525000000000000000e+01 -3.650000000000000000e+01 3.437500000000000000e+00 6.875000000000000000e-01 -2.937500000000000000e+00
5.179999828338623047e+00 -1.649999976158142090e+00 8.020000457763671875e+00 -5.750000000000000000e+00 1.525000000000000000e+01 -3.650000000000000000e+01 3.687500000000000000e+00 2.500000000000000000e-01 -3.125000000000000000e+00
5.699999809265136719e+00 -1.580000042915344238e+00 7.889999866485595703e+00 -5.375000000000000000e+00 1.525000000000000000e+01 -3.606250000000000000e+01 2.437500000000000000e+00 -1.937500000000000000e+00 -2.187500000000000000e+00
6.090000152587890625e+00 -1.539999961853027344e+00 7.739999771118164062e+00 -5.375000000000000000e+00 1.525000000000000000e+01 -3.606250000000000000e+01 8.750000000000000000e-01 -5.625000000000000000e-01 -8.750000000000000000e-01
5.570000171661376953e+00 -1.970000028610229492e+00 7.739999771118164062e+00 -5.375000000000000000e+00 1.525000000000000000e+01 -3.606250000000000000e+01 6.250000000000000000e-02 -2.500000000000000000e-01 1.875000000000000000e-01
5.619999885559082031e+00 -2.279999971389770508e+00 7.710000038146972656e+00 -5.375000000000000000e+00 1.525000000000000000e+01 -3.606250000000000000e+01 1.250000000000000000e-01 -4.375000000000000000e-01 5.625000000000000000e-01
5.550000190734863281e+00 -2.369999885559082031e+00 7.750000000000000000e+00 -5.375000000000000000e+00 1.525000000000000000e+01 -3.606250000000000000e+01 3.125000000000000000e-01 -1.250000000000000000e-01 5.000000000000000000e-01
5.519999980926513672e+00 -2.299999952316284180e+00 7.730000019073486328e+00 -5.750000000000000000e+00 1.387500000000000000e+01 -3.650000000000000000e+01 8.125000000000000000e-01 -3.125000000000000000e-01 1.875000000000000000e-01
5.590000152587890625e+00 -2.059999942779541016e+00 7.750000000000000000e+00 -5.750000000000000000e+00 1.387500000000000000e+01 -3.650000000000000000e+01 8.750000000000000000e-01 -3.750000000000000000e-01 2.500000000000000000e-01
5.590000152587890625e+00 -2.069999933242797852e+00 7.750000000000000000e+00 -5.750000000000000000e+00 1.387500000000000000e+01 -3.650000000000000000e+01 8.750000000000000000e-01 -3.750000000000000000e-01 2.500000000000000000e-01
5.599999904632568359e+00 -2.079999923706054688e+00 7.710000038146972656e+00 -5.750000000000000000e+00 1.387500000000000000e+01 -3.650000000000000000e+01 8.125000000000000000e-01 -5.625000000000000000e-01 4.375000000000000000e-01
5.619999885559082031e+00 -2.069999933242797852e+00 7.730000019073486328e+00 -5.750000000000000000e+00 1.387500000000000000e+01 -3.650000000000000000e+01 9.375000000000000000e-01 -3.125000000000000000e-01 3.125000000000000000e-01
5.610000133514404297e+00 -2.000000000000000000e+00 7.739999771118164062e+00 -5.062500000000000000e+00 1.387500000000000000e+01 -3.725000000000000000e+01 7.500000000000000000e-01 -6.250000000000000000e-02 4.375000000000000000e-01
5.610000133514404297e+00 -2.019999980926513672e+00 7.750000000000000000e+00 -5.062500000000000000e+00 1.387500000000000000e+01 -3.725000000000000000e+01 8.125000000000000000e-01 -3.125000000000000000e-01 5.000000000000000000e-01
5.579999923706054688e+00 -2.069999933242797852e+00 7.730000019073486328e+00 -5.062500000000000000e+00 1.387500000000000000e+01 -3.725000000000000000e+01 6.875000000000000000e-01 -3.125000000000000000e-01 3.125000000000000000e-01
5.559999942779541016e+00 -2.180000066757202148e+00 7.710000038146972656e+00 -5.062500000000000000e+00 1.387500000000000000e+01 -3.725000000000000000e+01 8.750000000000000000e-01 -4.375000000000000000e-01 1.250000000000000000e-01
5.559999942779541016e+00 -2.200000047683715820e+00 7.719999790191650391e+00 -5.062500000000000000e+00 1.387500000000000000e+01 -3.725000000000000000e+01 9.375000000000000000e-01 -3.125000000000000000e-01 -1.875000000000000000e-01
5.539999961853027344e+00 -2.150000095367431641e+00 7.719999790191650391e+00 -6.187500000000000000e+00 1.456250000000000000e+01 -3.650000000000000000e+01 1.125000000000000000e+00 -2.500000000000000000e-01 -6.875000000000000000e-01
5.599999904632568359e+00 -2.029999971389770508e+00 7.760000228881835938e+00 -6.187500000000000000e+00 1.456250000000000000e+01 -3.650000000000000000e+01 1.000000000000000000e+00 -1.250000000000000000e-01 -6.250000000000000000e-01
5.610000133514404297e+00 -2.009999990463256836e+00 7.730000019073486328e+00 -6.187500000000000000e+00 1.456250000000000000e+01 -3.650000000000000000e+01 6.875000000000000000e-01 -1.250000000000000000e-01 -5.625000000000000000e-01
5.630000114440917969e+00 -2.009999990463256836e+00 7.730000019073486328e+00 -6.187500000000000000e+00 1.456250000000000000e+01 -3.650000000000000000e+01 2.500000000000000000e-01 -6.250000000000000000e-02 -5.000000000000000000e-01
5.639999866485595703e+00 -2.009999990463256836e+00 7.739999771118164062e+00 -6.187500000000000000e+00 1.456250000000000000e+01 -3.650000000000000000e+01 -2.500000000000000000e-01 1.250000000000000000e-01 -3.125000000000000000e-01
5.610000133514404297e+00 -2.079999923706054688e+00 7.739999771118164062e+00 -6.562500000000000000e+00 1.387500000000000000e+01 -3.768750000000000000e+01 -3.750000000000000000e-01 2.500000000000000000e-01 -1.875000000000000000e-01
5.599999904632568359e+00 -2.130000114440917969e+00 7.739999771118164062e+00 -6.562500000000000000e+00 1.387500000000000000e+01 -3.768750000000000000e+01 -3.125000000000000000e-01 2.500000000000000000e-01 -6.250000000000000000e-02
5.559999942779541016e+00 -2.150000095367431641e+00 7.739999771118164062e+00 -6.562500000000000000e+00 1.387500000000000000e+01 -3.768750000000000000e+01 -2.500000000000000000e-01 4.375000000000000000e-01 -2.500000000000000000e-01
5.590000152587890625e+00 -2.140000104904174805e+00 7.699999809265136719e+00 -6.562500000000000000e+00 1.387500000000000000e+01 -3.768750000000000000e+01 -1.250000000000000000e-01 5.000000000000000000e-01 -3.125000000000000000e-01
5.599999904632568359e+00 -2.089999914169311523e+00 7.710000038146972656e+00 -6.562500000000000000e+00 1.387500000000000000e+01 -3.768750000000000000e+01 -6.250000000000000000e-02 2.500000000000000000e-01 -4.375000000000000000e-01
5.599999904632568359e+00 -2.069999933242797852e+00 7.719999790191650391e+00 -6.562500000000000000e+00 1.456250000000000000e+01 -3.687500000000000000e+01 1.250000000000000000e-01 4.375000000000000000e-01 -3.750000000000000000e-01
5.610000133514404297e+00 -2.069999933242797852e+00 7.739999771118164062e+00 -6.562500000000000000e+00 1.456250000000000000e+01 -3.687500000000000000e+01 1.250000000000000000e-01 4.375000000000000000e-01 -4.375000000000000000e-01
5.619999885559082031e+00 -2.079999923706054688e+00 7.739999771118164062e+00 -6.562500000000000000e+00 1.456250000000000000e+01 -3.687500000000000000e+01 1.250000000000000000e-01 3.125000000000000000e-01 -3.125000000000000000e-01
5.610000133514404297e+00 -2.069999933242797852e+00 7.710000038146972656e+00 -6.562500000000000000e+00 1.456250000000000000e+01 -3.687500000000000000e+01 2.500000000000000000e-01 6.250000000000000000e-02 -2.500000000000000000e-01
5.610000133514404297e+00 -2.079999923706054688e+00 7.730000019073486328e+00 -6.562500000000000000e+00 1.456250000000000000e+01 -3.687500000000000000e+01 0.000000000000000000e+00 6.250000000000000000e-02 -1.875000000000000000e-01
5.590000152587890625e+00 -2.079999923706054688e+00 7.730000019073486328e+00 -5.375000000000000000e+00 1.350000000000000000e+01 -3.725000000000000000e+01 1.250000000000000000e-01 -6.250000000000000000e-02 -6.250000000000000000e-02
5.599999904632568359e+00 -2.089999914169311523e+00 7.719999790191650391e+00 -5.375000000000000000e+00 1.350000000000000000e+01 -3.725000000000000000e+01 1.875000000000000000e-01 6.250000000000000000e-02 -1.250000000000000000e-01
5.610000133514404297e+00 -2.099999904632568359e+00 7.730000019073486328e+00 -5.375000000000000000e+00 1.350000000000000000e+01 -3.725000000000000000e+01 3.125000000000000000e-01 1.250000000000000000e-01 -1.250000000000000000e-01
