5.599999904632568359e+00 -1.879999995231628418e+00 7.750000000000000000e+00 -1.906250000000000000e+01 1.275000000000000000e+01 -2.625000000000000000e+01 1.875000000000000000e-01 1.250000000000000000e-01 -2.500000000000000000e-01
5.590000152587890625e+00 -1.879999995231628418e+00 7.760000228881835938e+00 -1.906250000000000000e+01 1.275000000000000000e+01 -2.625000000000000000e+01 2.500000000000000000e-01 -6.250000000000000000e-02 0.000000000000000000e+00
5.590000152587890625e+00 -1.889999985694885254e+00 7.769999980926513672e+00 -1.906250000000000000e+01 1.275000000000000000e+01 -2.625000000000000000e+01 2.500000000000000000e-01 6.250000000000000000e-02 0.000000000000000000e+00
5.610000133514404297e+00 -1.899999976158142090e+00 7.760000228881835938e+00 -1.906250000000000000e+01 1.275000000000000000e+01 -2.625000000000000000e+01 2.500000000000000000e-01 2.500000000000000000e-01 0.000000000000000000e+00
5.679999828338623047e+00 -1.899999976158142090e+00 7.780000209808349609e+00 -1.906250000000000000e+01 1.275000000000000000e+01 -2.625000000000000000e+01 3.125000000000000000e-01 -6.250000000000000000e-02 -6.250000000000000000e-02
5.570000171661376953e+00 -1.860000014305114746e+00 7.750000000000000000e+00 -1.906250000000000000e+01 1.200000000000000000e+01 -2.587500000000000000e+01 6.875000000000000000e-01 6.250000000000000000e-02 -2.500000000000000000e-01
5.570000171661376953e+00 -1.850000023841857910e+00 7.780000209808349609e+00 -1.906250000000000000e+01 1.200000000000000000e+01 -2.587500000000000000e+01 4.375000000000000000e-01 -1.875000000000000000e-01 -1.875000000000000000e-01
5.630000114440917969e+00 -1.879999995231628418e+00 7.750000000000000000e+00 -1.906250000000000000e+01 1.200000000000000000e+01 -2.587500000000000000e+01 2.500000000000000000e-01 -1.875000000000000000e-01 -6.250000000000000000e-02
5.610000133514404297e+00 -1.899999976158142090e+00 7.760000228881835938e+00 -1.906250000000000000e+01 1.200000000000000000e+01 -2.587500000000000000e+01 1.875000000000000000e-01 -2.500000000000000000e-01 -6.250000000000000000e-02
5.590000152587890625e+00 -1.970000028610229492e+00 7.750000000000000000e+00 -1.906250000000000000e+01 1.200000000000000000e+01 -2.587500000000000000e+01 3.125000000000000000e-01 -2.500000000000000000e-01 -1.875000000000000000e-01
5.539999961853027344e+00 -1.929999947547912598e+00 7.800000190734863281e+00 -1.950000000000000000e+01 1.306250000000000000e+01 -2.550000000000000000e+01 3.750000000000000000e-01 -6.875000000000000000e-01 -6.250000000000000000e-02
5.539999961853027344e+00 -1.889999985694885254e+00 7.900000095367431641e+00 -1.950000000000000000e+01 1.306250000000000000e+01 -2.550000000000000000e+01 -4.375000000000000000e-01 -2.000000000000000000e+00 7.500000000000000000e-01
5.579999923706054688e+00 -1.049999952316284180e+00 8.319999694824218750e+00 -1.950000000000000000e+01 1.306250000000000000e+01 -2.550000000000000000e+01 -2.875000000000000000e+00 -4.750000000000000000e+00 2.812500000000000000e+00
5.780000209808349609e+00 -6.299999952316284180e-01 8.340000152587890625e+00 -1.950000000000000000e+01 1.306250000000000000e+01 -2.550000000000000000e+01 -6.187500000000000000e+00 -7.562500000000000000e+00 5.437500000000000000e+00
6.079999923706054688e+00 -8.299999833106994629e-01 8.390000343322753906e+00 -1.950000000000000000e+01 1.306250000000000000e+01 -2.550000000000000000e+01 -1.093750000000000000e+01 -9.625000000000000000e+00 1.137500000000000000e+01
6.619999885559082031e+00 -6.899999976158142090e-01 7.949999809265136719e+00 -1.950000000000000000e+01 1.306250000000000000e+01 -2.668750000000000000e+01 -1.556250000000000000e+01 -1.068750000000000000e+01 2.006250000000000000e+01
6.559999942779541016e+00 -2.000000029802322388e-01 7.960000038146972656e+00 -1.950000000000000000e+01 1.306250000000000000e+01 -2.668750000000000000e+01 -1.818750000000000000e+01 -8.375000000000000000e+00 2.656250000000000000e+01
6.380000114440917969e+00 -3.600000143051147461e-01 8.310000419616699219e+00 -1.950000000000000000e+01 1.306250000000000000e+01 -2.668750000000000000e+01 -2.293750000000000000e+01 -4.000000000000000000e+00 3.275000000000000000e+01
6.969999790191650391e+00 -6.200000047683715820e-01 8.569999694824218750e+00 -1.950000000000000000e+01 1.306250000000000000e+01 -2.668750000000000000e+01 -3.156250000000000000e+01 6.375000000000000000e+00 3.975000000000000000e+01
7.429999828338623047e+00 4.799999892711639404e-01 8.460000038146972656e+00 -1.950000000000000000e+01 1.306250000000000000e+01 -2.668750000000000000e+01 -4.093750000000000000e+01 2.037500000000000000e+01 4.700000000000000000e+01
6.730000019073486328e+00 7.200000286102294922e-01 8.529999732971191406e+00 -1.900000000000000000e+01 1.337500000000000000e+01 -2.550000000000000000e+01 -5.125000000000000000e+01 3.031250000000000000e+01 5.312500000000000000e+01
6.519999980926513672e+00 9.900000095367431641e-01 8.500000000000000000e+00 -1.900000000000000000e+01 1.337500000000000000e+01 -2.550000000000000000e+01 -6.412500000000000000e+01 3.700000000000000000e+01 5.962500000000000000e+01
7.800000190734863281e+00 7.500000000000000000e-01 8.359999656677246094e+00 -1.900000000000000000e+01 1.337500000000000000e+01 -2.550000000000000000e+01 -8.000000000000000000e+01 5.050000000000000000e+01 6.668750000000000000e+01
7.630000114440917969e+00 2.849999904632568359e+00 8.920000076293945312e+00 -1.900000000000000000e+01 1.337500000000000000e+01 -2.550000000000000000e+01 -1.015000000000000000e+02 6.275000000000000000e+01 7.762500000000000000e+01
6.820000171661376953e+00 4.030000209808349609e+00 9.279999732971191406e+00 -1.900000000000000000e+01 1.337500000000000000e+01 -2.550000000000000000e+01 -1.286250000000000000e+02 6.525000000000000000e+01 9.056250000000000000e+01
5.670000076293945312e+00 3.940000057220458984e+00 9.800000190734863281e+00 -1.756250000000000000e+01 1.450000000000000000e+01 -2.437500000000000000e+01 -1.581250000000000000e+02 5.787500000000000000e+01 1.051250000000000000e+02
4.679999828338623047e+00 4.829999923706054688e+00 1.031999969482421875e+01 -1.756250000000000000e+01 1.450000000000000000e+01 -2.437500000000000000e+01 -1.913125000000000000e+02 4.506250000000000000e+01 1.219375000000000000e+02
4.980000019073486328e+00 4.829999923706054688e+00 9.800000190734863281e+00 -1.756250000000000000e+01 1.450000000000000000e+01 -2.437500000000000000e+01 -2.236875000000000000e+02 3.281250000000000000e+01 1.366875000000000000e+02
4.480000019073486328e+00 3.059999942779541016e+00 9.180000305175781250e+00 -1.756250000000000000e+01 1.450000000000000000e+01 -2.437500000000000000e+01 -2.505625000000000000e+02 2.306250000000000000e+01 1.480000000000000000e+02
3.819999933242797852e+00 4.900000095367431641e-01 8.199999809265136719e+00 -1.756250000000000000e+01 1.450000000000000000e+01 -2.437500000000000000e+01 -2.665000000000000000e+02 1.650000000000000000e+01 1.513125000000000000e+02
3.089999914169311523e+00 -2.849999904632568359e+00 5.920000076293945312e+00 -1.450000000000000000e+01 1.900000000000000000e+01 -2.318750000000000000e+01 -2.735000000000000000e+02 1.231250000000000000e+01 1.471875000000000000e+02
3.059999942779541016e+00 -4.789999961853027344e+00 4.639999866485595703e+00 -1.450000000000000000e+01 1.900000000000000000e+01 -2.318750000000000000e+01 -2.666875000000000000e+02 7.437500000000000000e+00 1.356875000000000000e+02
9.700000286102294922e-01 -8.189999580383300781e+00 4.309999942779541016e+00 -1.450000000000000000e+01 1.900000000000000000e+01 -2.318750000000000000e+01 -2.337500000000000000e+02 8.750000000000000000e-01 1.224375000000000000e+02
2.199999988079071045e-01 -1.268999958038330078e+01 3.390000104904174805e+00 -1.450000000000000000e+01 1.900000000000000000e+01 -2.318750000000000000e+01 -1.777500000000000000e+02 -8.437500000000000000e+00 1.103750000000000000e+02
-5.199999809265136719e-01 -1.464999961853027344e+01 1.500000000000000000e+00 -1.450000000000000000e+01 1.900000000000000000e+01 -2.318750000000000000e+01 -1.232500000000000000e+02 -2.200000000000000000e+01 1.026875000000000000e+02
7.900000214576721191e-01 -1.269999980926513672e+01 8.399999737739562988e-01 -1.156250000000000000e+01 2.475000000000000000e+01 -2.018750000000000000e+01 -8.537500000000000000e+01 -2.781250000000000000e+01 9.518750000000000000e+01
1.250000000000000000e+00 -1.147000026702880859e+01 6.600000262260437012e-01 -1.156250000000000000e+01 2.475000000000000000e+01 -2.018750000000000000e+01 -6.350000000000000000e+01 -2.662500000000000000e+01 8.356250000000000000e+01
2.190000057220458984e+00 -1.069999980926513672e+01 1.009999990463256836e+00 -1.156250000000000000e+01 2.475000000000000000e+01 -2.018750000000000000e+01 -5.237500000000000000e+01 -1.887500000000000000e+01 6.950000000000000000e+01
2.490000009536743164e+00 -1.057999992370605469e+01 1.169999957084655762e+00 -1.156250000000000000e+01 2.475000000000000000e+01 -2.018750000000000000e+01 -4.737500000000000000e+01 -6.312500000000000000e+00 5.412500000000000000e+01
2.779999971389770508e+00 -1.125000000000000000e+01 1.490000009536743164e+00 -1.156250000000000000e+01 2.475000000000000000e+01 -2.018750000000000000e+01 -4.362500000000000000e+01 9.250000000000000000e+00 3.562500000000000000e+01
2.559999942779541016e+00 -1.240999984741210938e+01 2.190000057220458984e+00 -1.037500000000000000e+01 2.768750000000000000e+01 -1.750000000000000000e+01 -3.012500000000000000e+01 2.243750000000000000e+01 1.668750000000000000e+01
1.710000038146972656e+00 -1.327000045776367188e+01 3.990000009536743164e+00 -1.037500000000000000e+01 2.768750000000000000e+01 -1.750000000000000000e+01 -1.087500000000000000e+01 2.575000000000000000e+01 3.562500000000000000e+00
2.099999904632568359e+00 -1.188000011444091797e+01 4.829999923706054688e+00 -1.037500000000000000e+01 2.768750000000000000e+01 -1.750000000000000000e+01 3.937500000000000000e+00 1.956250000000000000e+01 -1.687500000000000000e+00
2.869999885559082031e+00 -9.210000038146972656e+00 5.780000209808349609e+00 -1.037500000000000000e+01 2.768750000000000000e+01 -1.750000000000000000e+01 1.050000000000000000e+01 1.356250000000000000e+01 -2.875000000000000000e+00
3.700000047683715820e+00 -6.559999942779541016e+00 6.760000228881835938e+00 -1.037500000000000000e+01 2.768750000000000000e+01 -1.750000000000000000e+01 6.125000000000000000e+00 1.131250000000000000e+01 -2.250000000000000000e+00
4.079999923706054688e+00 -4.340000152587890625e+00 7.760000228881835938e+00 -8.875000000000000000e+00 2.818750000000000000e+01 -1.650000000000000000e+01 -4.500000000000000000e+00 1.043750000000000000e+01 1.250000000000000000e-01
3.839999914169311523e+00 -4.860000133514404297e+00 7.400000095367431641e+00 -8.875000000000000000e+00 2.818750000000000000e+01 -1.650000000000000000e+01 -1.406250000000000000e+01 8.375000000000000000e+00 3.687500000000000000e+00
3.640000104904174805e+00 -5.769999980926513672e+00 6.630000114440917969e+00 -8.875000000000000000e+00 2.818750000000000000e+01 -1.650000000000000000e+01 -1.768750000000000000e+01 5.312500000000000000e+00 7.500000000000000000e+00
2.980000019073486328e+00 -7.739999771118164062e+00 5.190000057220458984e+00 -8.875000000000000000e+00 2.818750000000000000e+01 -1.650000000000000000e+01 -1.612500000000000000e+01 2.562500000000000000e+00 9.187500000000000000e+00
2.849999904632568359e+00 -8.579999923706054688e+00 4.800000190734863281e+00 -8.875000000000000000e+00 2.818750000000000000e+01 -1.650000000000000000e+01 -1.075000000000000000e+01 1.437500000000000000e+00 7.562500000000000000e+00
2.710000038146972656e+00 -9.159999847412109375e+00 4.559999942779541016e+00 -9.062500000000000000e+00 2.775000000000000000e+01 -1.606250000000000000e+01 -2.937500000000000000e+00 2.312500000000000000e+00 3.875000000000000000e+00
2.690000057220458984e+00 -9.579999923706054688e+00 4.449999809265136719e+00 -9.062500000000000000e+00 2.775000000000000000e+01 -1.606250000000000000e+01 6.562500000000000000e+00 3.750000000000000000e+00 -7.500000000000000000e-01
2.700000047683715820e+00 -9.750000000000000000e+00 4.420000076293945312e+00 -9.062500000000000000e+00 2.775000000000000000e+01 -1.606250000000000000e+01 1.706250000000000000e+01 4.437500000000000000e+00 -5.937500000000000000e+00
2.710000038146972656e+00 -9.729999542236328125e+00 4.489999771118164062e+00 -9.062500000000000000e+00 2.775000000000000000e+01 -1.606250000000000000e+01 2.831250000000000000e+01 5.250000000000000000e+00 -1.118750000000000000e+01
2.769999980926513672e+00 -9.710000038146972656e+00 4.510000228881835938e+00 -9.062500000000000000e+00 2.775000000000000000e+01 -1.606250000000000000e+01 4.043750000000000000e+01 5.625000000000000000e+00 -1.693750000000000000e+01
2.690000057220458984e+00 -9.789999961853027344e+00 4.510000228881835938e+00 -9.062500000000000000e+00 2.775000000000000000e+01 -1.606250000000000000e+01 5.462500000000000000e+01 4.625000000000000000e+00 -2.412500000000000000e+01
1.820000052452087402e+00 -1.027000045776367188e+01 4.090000152587890625e+00 -8.687500000000000000e+00 2.875000000000000000e+01 -1.637500000000000000e+01 7.181250000000000000e+01 1.875000000000000000e+00 -3.331250000000000000e+01
8.100000023841857910e-01 -1.023999977111816406e+01 3.700000047683715820e+00 -8.687500000000000000e+00 2.875000000000000000e+01 -1.637500000000000000e+01 9.206250000000000000e+01 -4.500000000000000000e+00 -4.375000000000000000e+01
-1.330000042915344238e+00 -1.003999996185302734e+01 4.070000171661376953e+00 -8.687500000000000000e+00 2.875000000000000000e+01 -1.637500000000000000e+01 1.128750000000000000e+02 -2.243750000000000000e+01 -5.387500000000000000e+01
-1.259999990463256836e+00 -1.053999996185302734e+01 4.679999828338623047e+00 -8.687500000000000000e+00 2.875000000000000000e+01 -1.637500000000000000e+01 1.315625000000000000e+02 -4.531250000000000000e+01 -6.287500000000000000e+01
1.299999952316284180e-01 -9.970000267028808594e+00 4.449999809265136719e+00 -8.687500000000000000e+00 2.875000000000000000e+01 -1.637500000000000000e+01 1.476250000000000000e+02 -6.250000000000000000e+01 -7.262500000000000000e+01
1.610000014305114746e+00 -9.329999923706054688e+00 4.170000076293945312e+00 -8.750000000000000000e+00 2.687500000000000000e+01 -1.706250000000000000e+01 1.629375000000000000e+02 -7.156250000000000000e+01 -8.406250000000000000e+01
2.660000085830688477e+00 -8.729999542236328125e+00 4.239999771118164062e+00 -8.750000000000000000e+00 2.687500000000000000e+01 -1.706250000000000000e+01 1.762500000000000000e+02 -7.450000000000000000e+01 -9.425000000000000000e+01
3.619999885559082031e+00 -9.199999809265136719e+00 3.549999952316284180e+00 -8.750000000000000000e+00 2.687500000000000000e+01 -1.706250000000000000e+01 1.897500000000000000e+02 -6.656250000000000000e+01 -1.086250000000000000e+02
3.079999923706054688e+00 -9.529999732971191406e+00 3.519999980926513672e+00 -8.750000000000000000e+00 2.687500000000000000e+01 -1.706250000000000000e+01 2.064375000000000000e+02 -5.700000000000000000e+01 -1.241875000000000000e+02
2.539999961853027344e+00 -9.359999656677246094e+00 3.430000066757202148e+00 -1.075000000000000000e+01 2.387500000000000000e+01 -2.037500000000000000e+01 2.264375000000000000e+02 -5.418750000000000000e+01 -1.386875000000000000e+02
2.140000104904174805e+00 -9.180000305175781250e+00 3.539999961853027344e+00 -1.075000000000000000e+01 2.387500000000000000e+01 -2.037500000000000000e+01 2.468125000000000000e+02 -5.543750000000000000e+01 -1.552500000000000000e+02
2.150000095367431641e+00 -7.139999866485595703e+00 3.809999942779541016e+00 -1.075000000000000000e+01 2.387500000000000000e+01 -2.037500000000000000e+01 2.634375000000000000e+02 -5.631250000000000000e+01 -1.710625000000000000e+02
2.430000066757202148e+00 -5.500000000000000000e+00 4.210000038146972656e+00 -1.075000000000000000e+01 2.387500000000000000e+01 -2.037500000000000000e+01 2.744375000000000000e+02 -5.650000000000000000e+01 -1.853125000000000000e+02
2.890000104904174805e+00 -3.609999895095825195e+00 4.539999961853027344e+00 -1.075000000000000000e+01 2.387500000000000000e+01 -2.037500000000000000e+01 2.800625000000000000e+02 -5.531250000000000000e+01 -1.963125000000000000e+02
3.160000085830688477e+00 2.799999952316284180e+00 8.689999580383300781e+00 -1.075000000000000000e+01 2.387500000000000000e+01 -2.037500000000000000e+01 2.623750000000000000e+02 -5.393750000000000000e+01 -1.991875000000000000e+02
6.489999771118164062e+00 1.831999969482421875e+01 1.938999938964843750e+01 -1.468750000000000000e+01 1.868750000000000000e+01 -2.306250000000000000e+01 1.256875000000000000e+02 -5.943750000000000000e+01 -1.620000000000000000e+02
3.352000045776367188e+01 2.582999992370605469e+01 1.826000022888183594e+01 -1.468750000000000000e+01 1.868750000000000000e+01 -2.306250000000000000e+01 4.375000000000000000e-01 1.093750000000000000e+01 -1.066250000000000000e+02
2.459000015258789062e+01 3.659000015258789062e+01 -4.210000038146972656e+00 -1.468750000000000000e+01 1.868750000000000000e+01 -2.306250000000000000e+01 -1.750000000000000000e+00 9.800000000000000000e+01 -7.187500000000000000e+00
-1.139999985694885254e+00 -3.880000114440917969e+00 1.153999996185302734e+01 -1.468750000000000000e+01 1.868750000000000000e+01 -2.306250000000000000e+01 -1.412500000000000000e+01 -6.500000000000000000e+00 3.500000000000000000e+01
8.140000343322753906e+00 -9.149999618530273438e+00 5.250000000000000000e+00 -1.818750000000000000e+01 1.100000000000000000e+01 -2.568750000000000000e+01 -1.243750000000000000e+01 -1.800000000000000000e+01 2.768750000000000000e+01
8.829999923706054688e+00 -4.789999961853027344e+00 5.980000019073486328e+00 -1.818750000000000000e+01 1.100000000000000000e+01 -2.568750000000000000e+01 -8.250000000000000000e+00 2.062500000000000000e+00 2.137500000000000000e+01
4.920000076293945312e+00 -3.230000019073486328e+00 7.590000152587890625e+00 -1.818750000000000000e+01 1.100000000000000000e+01 -2.568750000000000000e+01 -5.437500000000000000e+00 1.500000000000000000e+00 1.293750000000000000e+01
4.760000228881835938e+00 -4.880000114440917969e+00 7.289999961853027344e+00 -1.818750000000000000e+01 1.100000000000000000e+01 -2.568750000000000000e+01 -1.625000000000000000e+00 -1.750000000000000000e+00 4.875000000000000000e+00
4.889999866485595703e+00 -4.869999885559082031e+00 7.170000076293945312e+00 -1.818750000000000000e+01 1.100000000000000000e+01 -2.568750000000000000e+01 3.187500000000000000e+00 6.250000000000000000e-01 -2.500000000000000000e+00
4.719999790191650391e+00 -3.849999904632568359e+00 7.480000019073486328e+00 -1.818750000000000000e+01 1.100000000000000000e+01 -2.568750000000000000e+01 6.500000000000000000e+00 0.000000000000000000e+00 -7.687500000000000000e+00
6.119999885559082031e+00 -1.789999961853027344e+00 7.420000076293945312e+00 -1.756250000000000000e+01 1.318750000000000000e+01 -2.675000000000000000e+01 6.687500000000000000e+00 1.125000000000000000e+00 -8.625000000000000000e+00
6.150000095367431641e+00 -1.169999957084655762e+00 7.650000095367431641e+00 -1.756250000000000000e+01 1.318750000000000000e+01 -2.675000000000000000e+01 5.312500000000000000e+00 3.625000000000000000e+00 -7.187500000000000000e+00
6.010000228881835938e+00 -9.200000166893005371e-01 7.800000190734863281e+00 -1.756250000000000000e+01 1.318750000000000000e+01 -2.675000000000000000e+01 3.312500000000000000e+00 4.500000000000000000e+00 -4.500000000000000000e+00
5.840000152587890625e+00 -1.269999980926513672e+00 7.820000171661376953e+00 -1.756250000000000000e+01 1.318750000000000000e+01 -2.675000000000000000e+01 2.062500000000000000e+00 4.187500000000000000e+00 -2.250000000000000000e+00
5.500000000000000000e+00 -2.039999961853027344e+00 7.800000190734863281e+00 -1.756250000000000000e+01 1.318750000000000000e+01 -2.675000000000000000e+01 1.687500000000000000e+00 3.437500000000000000e+00 -1.500000000000000000e+00
5.469999790191650391e+00 -2.130000114440917969e+00 7.840000152587890625e+00 -1.750000000000000000e+01 1.256250000000000000e+01 -2.506250000000000000e+01 1.500000000000000000e+00 2.812500000000000000e+00 -1.375000000000000000e+00
5.539999961853027344e+00 -2.019999980926513672e+00 7.800000190734863281e+00 -1.750000000000000000e+01 1.256250000000000000e+01 -2.506250000000000000e+01 1.500000000000000000e+00 1.937500000000000000e+00 -1.250000000000000000e+00
5.610000133514404297e+00 -1.990000009536743164e+00 7.739999771118164062e+00 -1.750000000000000000e+01 1.256250000000000000e+01 -2.506250000000000000e+01 1.250000000000000000e+00 1.875000000000000000e+00 -1.312500000000000000e+00
5.599999904632568359e+00 -2.000000000000000000e+00 7.750000000000000000e+00 -1.750000000000000000e+01 1.256250000000000000e+01 -2.506250000000000000e+01 1.250000000000000000e+00 2.000000000000000000e+00 -1.250000000000000000e+00
5.570000171661376953e+00 -2.079999923706054688e+00 7.769999980926513672e+00 -1.750000000000000000e+01 1.256250000000000000e+01 -2.506250000000000000e+01 1.062500000000000000e+00 2.125000000000000000e+00 -1.312500000000000000e+00
5.510000228881835938e+00 -2.079999923706054688e+00 7.820000171661376953e+00 -1.756250000000000000e+01 1.168750000000000000e+01 -2.656250000000000000e+01 1.250000000000000000e+00 1.812500000000000000e+00 -1.312500000000000000e+00
5.570000171661376953e+00 -1.870000004768371582e+00 7.809999942779541016e+00 -1.756250000000000000e+01 1.168750000000000000e+01 -2.656250000000000000e+01 8.125000000000000000e-01 1.250000000000000000e+00 -1.250000000000000000e+00
5.650000095367431641e+00 -1.860000014305114746e+00 7.750000000000000000e+00 -1.756250000000000000e+01 1.168750000000000000e+01 -2.656250000000000000e+01 5.625000000000000000e-01 9.375000000000000000e-01 -7.500000000000000000e-01
5.639999866485595703e+00 -1.879999995231628418e+00 7.750000000000000000e+00 -1.756250000000000000e+01 1.168750000000000000e+01 -2.656250000000000000e+01 4.375000000000000000e-01 7.500000000000000000e-01 -6.250000000000000000e-01
5.619999885559082031e+00 -1.960000038146972656e+00 7.730000019073486328e+00 -1.637500000000000000e+01 1.125000000000000000e+01 -2.587500000000000000e+01 3.750000000000000000e-01 1.000000000000000000e+00 -3.750000000000000000e-01
5.579999923706054688e+00 -2.059999942779541016e+00 7.719999790191650391e+00 -1.637500000000000000e+01 1.125000000000000000e+01 -2.587500000000000000e+01 5.000000000000000000e-01 6.875000000000000000e-01 -4.375000000000000000e-01
5.599999904632568359e+00 -2.109999895095825195e+00 7.710000038146972656e+00 -1.637500000000000000e+01 1.125000000000000000e+01 -2.587500000000000000e+01 5.625000000000000000e-01 8.125000000000000000e-01 -5.000000000000000000e-01
5.590000152587890625e+00 -2.069999933242797852e+00 7.719999790191650391e+00 -1.637500000000000000e+01 1.125000000000000000e+01 -2.587500000000000000e+01 7.500000000000000000e-01 8.125000000000000000e-01 -6.250000000000000000e-01
5.570000171661376953e+00 -2.049999952316284180e+00 7.719999790191650391e+00 -1.637500000000000000e+01 1.125000000000000000e+01 -2.587500000000000000e+01 8.125000000000000000e-01 7.500000000000000000e-01 -5.625000000000000000e-01
