5.460000038146972656e+00 -1.980000019073486328e+00 7.860000133514404297e+00 -6.187500000000000000e+00 -1.500000000000000000e+00 -4.068750000000000000e+01 0.000000000000000000e+00 -6.250000000000000000e-02 0.000000000000000000e+00
5.440000057220458984e+00 -1.970000028610229492e+00 7.840000152587890625e+00 -6.187500000000000000e+00 -1.500000000000000000e+00 -4.068750000000000000e+01 6.250000000000000000e-02 -1.250000000000000000e-01 -6.250000000000000000e-02
5.429999828338623047e+00 -1.980000019073486328e+00 7.849999904632568359e+00 -6.187500000000000000e+00 -1.500000000000000000e+00 -4.068750000000000000e+01 -1.250000000000000000e-01 6.250000000000000000e-02 6.250000000000000000e-02
5.449999809265136719e+00 -1.980000019073486328e+00 7.880000114440917969e+00 -6.187500000000000000e+00 -1.500000000000000000e+00 -4.068750000000000000e+01 -1.250000000000000000e-01 6.250000000000000000e-02 6.250000000000000000e-02
5.440000057220458984e+00 -1.980000019073486328e+00 7.860000133514404297e+00 -5.750000000000000000e+00 -1.062500000000000000e+00 -3.818750000000000000e+01 0.000000000000000000e+00 0.000000000000000000e+00 0.000000000000000000e+00
5.460000038146972656e+00 -1.970000028610229492e+00 7.880000114440917969e+00 -5.750000000000000000e+00 -1.062500000000000000e+00 -3.818750000000000000e+01 0.000000000000000000e+00 -6.250000000000000000e-02 -6.250000000000000000e-02
5.449999809265136719e+00 -1.990000009536743164e+00 7.840000152587890625e+00 -5.750000000000000000e+00 -1.062500000000000000e+00 -3.818750000000000000e+01 6.250000000000000000e-02 1.250000000000000000e-01 6.250000000000000000e-02
5.440000057220458984e+00 -2.009999990463256836e+00 7.900000095367431641e+00 -5.750000000000000000e+00 -1.062500000000000000e+00 -3.818750000000000000e+01 -6.250000000000000000e-02 0.000000000000000000e+00 6.250000000000000000e-02
5.449999809265136719e+00 -1.980000019073486328e+00 7.889999866485595703e+00 -5.750000000000000000e+00 -1.062500000000000000e+00 -3.818750000000000000e+01 -6.250000000000000000e-02 0.000000000000000000e+00 6.250000000000000000e-02
5.440000057220458984e+00 -2.000000000000000000e+00 7.869999885559082031e+00 -5.750000000000000000e+00 -7.500000000000000000e-01 -3.975000000000000000e+01 1.250000000000000000e-01 -1.250000000000000000e-01 -6.250000000000000000e-02
5.440000057220458984e+00 -1.990000009536743164e+00 7.849999904632568359e+00 -5.750000000000000000e+00 -7.500000000000000000e-01 -3.975000000000000000e+01 1.250000000000000000e-01 6.250000000000000000e-02 -6.250000000000000000e-02
5.449999809265136719e+00 -1.960000038146972656e+00 7.849999904632568359e+00 -5.750000000000000000e+00 -7.500000000000000000e-01 -3.975000000000000000e+01 0.000000000000000000e+00 6.250000000000000000e-02 0.000000000000000000e+00
5.469999790191650391e+00 -1.950000047683715820e+00 7.849999904632568359e+00 -5.750000000000000000e+00 -7.500000000000000000e-01 -3.975000000000000000e+01 6.250000000000000000e-02 1.250000000000000000e-01 -6.250000000000000000e-02
5.449999809265136719e+00 -1.980000019073486328e+00 7.849999904632568359e+00 -5.750000000000000000e+00 -7.500000000000000000e-01 -3.975000000000000000e+01 6.250000000000000000e-02 1.250000000000000000e-01 -6.250000000000000000e-02
5.440000057220458984e+00 -2.019999980926513672e+00 7.860000133514404297e+00 -7.250000000000000000e+00 -1.500000000000000000e+00 -3.818750000000000000e+01 1.250000000000000000e-01 6.250000000000000000e-02 -6.250000000000000000e-02
5.420000076293945312e+00 -1.990000009536743164e+00 7.869999885559082031e+00 -7.250000000000000000e+00 -1.500000000000000000e+00 -3.818750000000000000e+01 0.000000000000000000e+00 0.000000000000000000e+00 6.250000000000000000e-02
5.420000076293945312e+00 -1.940000057220458984e+00 7.840000152587890625e+00 -7.250000000000000000e+00 -1.500000000000000000e+00 -3.818750000000000000e+01 1.875000000000000000e-01 0.000000000000000000e+00 -1.250000000000000000e-01
5.440000057220458984e+00 -1.980000019073486328e+00 7.840000152587890625e+00 -7.250000000000000000e+00 -1.500000000000000000e+00 -3.818750000000000000e+01 0.000000000000000000e+00 0.000000000000000000e+00 -6.250000000000000000e-02
5.440000057220458984e+00 -2.000000000000000000e+00 7.849999904632568359e+00 -7.250000000000000000e+00 -1.500000000000000000e+00 -3.818750000000000000e+01 0.000000000000000000e+00 0.000000000000000000e+00 -6.250000000000000000e-02
5.449999809265136719e+00 -1.970000028610229492e+00 7.860000133514404297e+00 -5.750000000000000000e+00 -7.500000000000000000e-01 -3.900000000000000000e+01 -1.250000000000000000e-01 -1.875000000000000000e-01 1.250000000000000000e-01
5.429999828338623047e+00 -2.000000000000000000e+00 7.889999866485595703e+00 -5.750000000000000000e+00 -7.500000000000000000e-01 -3.900000000000000000e+01 1.250000000000000000e-01 6.250000000000000000e-02 -6.250000000000000000e-02
5.440000057220458984e+00 -2.029999971389770508e+00 7.849999904632568359e+00 -5.750000000000000000e+00 -7.500000000000000000e-01 -3.900000000000000000e+01 0.000000000000000000e+00 1.250000000000000000e-01 -1.250000000000000000e-01
5.389999866485595703e+00 -1.950000047683715820e+00 7.820000171661376953e+00 -5.750000000000000000e+00 -7.500000000000000000e-01 -3.900000000000000000e+01 6.250000000000000000e-02 1.250000000000000000e-01 -2.500000000000000000e-01
5.409999847412109375e+00 -1.970000028610229492e+00 7.909999847412109375e+00 -5.750000000000000000e+00 -7.500000000000000000e-01 -3.900000000000000000e+01 6.250000000000000000e-02 1.250000000000000000e-01 -2.500000000000000000e-01
5.489999771118164062e+00 -1.980000019073486328e+00 7.829999923706054688e+00 -7.250000000000000000e+00 -7.500000000000000000e-01 -3.937500000000000000e+01 1.250000000000000000e-01 -2.500000000000000000e-01 -6.250000000000000000e-02
5.389999866485595703e+00 -1.970000028610229492e+00 7.869999885559082031e+00 -7.250000000000000000e+00 -7.500000000000000000e-01 -3.937500000000000000e+01 0.000000000000000000e+00 -5.625000000000000000e-01 -3.750000000000000000e-01
5.159999847412109375e+00 -2.000000000000000000e+00 7.739999771118164062e+00 -7.250000000000000000e+00 -7.500000000000000000e-01 -3.937500000000000000e+01 -6.250000000000000000e-02 -5.000000000000000000e-01 -8.750000000000000000e-01
4.420000076293945312e+00 -2.000000000000000000e+00 7.780000209808349609e+00 -7.250000000000000000e+00 -7.500000000000000000e-01 -3.937500000000000000e+01 1.875000000000000000e-01 -3.125000000000000000e+00 -2.562500000000000000e+00
4.090000152587890625e+00 -2.140000104904174805e+00 8.260000228881835938e+00 -7.250000000000000000e+00 -7.500000000000000000e-01 -3.937500000000000000e+01 1.875000000000000000e-01 -3.125000000000000000e+00 -2.562500000000000000e+00
3.910000085830688477e+00 -2.059999942779541016e+00 8.210000038146972656e+00 -6.562500000000000000e+00 -1.062500000000000000e+00 -3.975000000000000000e+01 1.250000000000000000e-01 -7.812500000000000000e+00 -5.562500000000000000e+00
4.010000228881835938e+00 -2.150000095367431641e+00 8.680000305175781250e+00 -6.562500000000000000e+00 -1.062500000000000000e+00 -3.975000000000000000e+01 1.875000000000000000e+00 -1.587500000000000000e+01 -1.468750000000000000e+01
5.280000209808349609e+00 -2.339999914169311523e+00 9.090000152587890625e+00 -6.562500000000000000e+00 -1.062500000000000000e+00 -3.975000000000000000e+01 8.125000000000000000e-01 -2.050000000000000000e+01 -1.531250000000000000e+01
5.940000057220458984e+00 -2.240000009536743164e+00 8.590000152587890625e+00 -6.562500000000000000e+00 -1.062500000000000000e+00 -3.975000000000000000e+01 5.625000000000000000e-01 -2.406250000000000000e+01 -1.543750000000000000e+01
3.599999904632568359e+00 -2.490000009536743164e+00 1.050000000000000000e+01 -6.562500000000000000e+00 -1.062500000000000000e+00 -3.975000000000000000e+01 5.625000000000000000e-01 -2.406250000000000000e+01 -1.543750000000000000e+01
3.829999923706054688e+00 -1.870000004768371582e+00 1.201000022888183594e+01 -6.187500000000000000e+00 -3.750000000000000000e-01 -3.818750000000000000e+01 -1.687500000000000000e+00 -3.731250000000000000e+01 -1.825000000000000000e+01
2.759999990463256836e+00 -2.079999923706054688e+00 1.327999973297119141e+01 -6.187500000000000000e+00 -3.750000000000000000e-01 -3.818750000000000000e+01 -1.787500000000000000e+01 -8.693750000000000000e+01 -2.068750000000000000e+01
3.730000019073486328e+00 -1.809999942779541016e+00 1.188000011444091797e+01 -6.187500000000000000e+00 -3.750000000000000000e-01 -3.818750000000000000e+01 -2.387500000000000000e+01 -1.132500000000000000e+02 -1.906250000000000000e+01
4.139999866485595703e+00 -2.019999980926513672e+00 1.127999973297119141e+01 -6.187500000000000000e+00 -3.750000000000000000e-01 -3.818750000000000000e+01 -2.331250000000000000e+01 -1.383125000000000000e+02 -1.818750000000000000e+01
4.210000038146972656e+00 -1.929999947547912598e+00 9.810000419616699219e+00 -6.187500000000000000e+00 -3.750000000000000000e-01 -3.818750000000000000e+01 -2.331250000000000000e+01 -1.383125000000000000e+02 -1.818750000000000000e+01
4.639999866485595703e+00 -1.179999947547912598e+00 9.170000076293945312e+00 -8.000000000000000000e+00 -1.062500000000000000e+00 -3.856250000000000000e+01 -2.081250000000000000e+01 -1.593750000000000000e+02 -1.793750000000000000e+01
6.260000228881835938e+00 -9.399999976158142090e-01 7.579999923706054688e+00 -8.000000000000000000e+00 -1.062500000000000000e+00 -3.856250000000000000e+01 -2.781250000000000000e+01 -1.775625000000000000e+02 -1.900000000000000000e+01
7.829999923706054688e+00 -1.700000047683715820e+00 7.139999866485595703e+00 -8.000000000000000000e+00 -1.062500000000000000e+00 -3.856250000000000000e+01 -2.843750000000000000e+01 -1.731875000000000000e+02 -1.681250000000000000e+01
8.270000457763671875e+00 -2.170000076293945312e+00 6.260000228881835938e+00 -8.000000000000000000e+00 -1.062500000000000000e+00 -3.856250000000000000e+01 -2.356250000000000000e+01 -1.613125000000000000e+02 -1.481250000000000000e+01
7.019999980926513672e+00 -2.099999904632568359e+00 5.010000228881835938e+00 -8.000000000000000000e+00 -1.062500000000000000e+00 -3.856250000000000000e+01 -2.356250000000000000e+01 -1.613125000000000000e+02 -1.481250000000000000e+01
7.949999809265136719e+00 -6.000000238418579102e-01 3.259999990463256836e+00 -1.275000000000000000e+01 -1.062500000000000000e+00 -3.775000000000000000e+01 -2.056250000000000000e+01 -1.521875000000000000e+02 -1.318750000000000000e+01
8.489999771118164062e+00 -8.500000238418579102e-01 2.740000009536743164e+00 -1.275000000000000000e+01 -1.062500000000000000e+00 -3.775000000000000000e+01 -2.675000000000000000e+01 -1.291875000000000000e+02 -5.062500000000000000e+00
8.770000457763671875e+00 -1.080000042915344238e+00 2.150000095367431641e+00 -1.275000000000000000e+01 -1.062500000000000000e+00 -3.775000000000000000e+01 -2.743750000000000000e+01 -1.123125000000000000e+02 -7.500000000000000000e-01
9.050000190734863281e+00 -1.379999995231628418e+00 1.610000014305114746e+00 -1.275000000000000000e+01 -1.062500000000000000e+00 -3.775000000000000000e+01 -2.743750000000000000e+01 -1.123125000000000000e+02 -7.500000000000000000e-01
9.479999542236328125e+00 -1.789999961853027344e+00 8.899999856948852539e-01 -1.275000000000000000e+01 -1.062500000000000000e+00 -3.775000000000000000e+01 -2.537500000000000000e+01 -9.287500000000000000e+01 3.125000000000000000e+00
9.430000305175781250e+00 -2.019999980926513672e+00 7.500000000000000000e-01 -1.768750000000000000e+01 3.750000000000000000e-01 -3.537500000000000000e+01 -2.168750000000000000e+01 -7.150000000000000000e+01 5.812500000000000000e+00
9.310000419616699219e+00 -2.250000000000000000e+00 7.200000286102294922e-01 -1.768750000000000000e+01 3.750000000000000000e-01 -3.537500000000000000e+01 -1.712500000000000000e+01 -4.962500000000000000e+01 7.875000000000000000e+00
9.500000000000000000e+00 -1.990000009536743164e+00 1.120000004768371582e+00 -1.768750000000000000e+01 3.750000000000000000e-01 -3.537500000000000000e+01 -1.162500000000000000e+01 -2.850000000000000000e+01 9.687500000000000000e+00
9.210000038146972656e+00 -1.529999971389770508e+00 1.210000038146972656e+00 -1.768750000000000000e+01 3.750000000000000000e-01 -3.537500000000000000e+01 -6.500000000000000000e+00 -8.062500000000000000e+00 1.200000000000000000e+01
8.979999542236328125e+00 -1.440000057220458984e+00 1.490000009536743164e+00 -1.768750000000000000e+01 3.750000000000000000e-01 -3.537500000000000000e+01 -5.250000000000000000e+00 1.287500000000000000e+01 1.531250000000000000e+01
9.189999580383300781e+00 -1.240000009536743164e+00 2.019999980926513672e+00 -2.025000000000000000e+01 2.250000000000000000e+00 -3.375000000000000000e+01 -6.687500000000000000e+00 3.131250000000000000e+01 2.112500000000000000e+01
8.819999694824218750e+00 -2.099999904632568359e+00 2.759999990463256836e+00 -2.025000000000000000e+01 2.250000000000000000e+00 -3.375000000000000000e+01 -7.062500000000000000e+00 4.862500000000000000e+01 2.606250000000000000e+01
8.930000305175781250e+00 -3.450000047683715820e+00 3.210000038146972656e+00 -2.025000000000000000e+01 2.250000000000000000e+00 -3.375000000000000000e+01 -2.312500000000000000e+00 6.375000000000000000e+01 2.675000000000000000e+01
8.750000000000000000e+00 -3.549999952316284180e+00 3.630000114440917969e+00 -2.025000000000000000e+01 2.250000000000000000e+00 -3.375000000000000000e+01 6.250000000000000000e+00 7.618750000000000000e+01 2.512500000000000000e+01
8.560000419616699219e+00 -2.839999914169311523e+00 4.250000000000000000e+00 -2.025000000000000000e+01 2.250000000000000000e+00 -3.375000000000000000e+01 1.087500000000000000e+01 8.775000000000000000e+01 2.243750000000000000e+01
8.520000457763671875e+00 -4.349999904632568359e+00 5.230000019073486328e+00 -1.918750000000000000e+01 1.500000000000000000e+00 -3.506250000000000000e+01 1.075000000000000000e+01 9.856250000000000000e+01 1.937500000000000000e+01
7.260000228881835938e+00 -4.489999771118164062e+00 5.489999771118164062e+00 -1.918750000000000000e+01 1.500000000000000000e+00 -3.506250000000000000e+01 1.631250000000000000e+01 1.084375000000000000e+02 1.437500000000000000e+01
6.820000171661376953e+00 -4.170000076293945312e+00 5.989999771118164062e+00 -1.918750000000000000e+01 1.500000000000000000e+00 -3.506250000000000000e+01 2.531250000000000000e+01 1.123750000000000000e+02 9.062500000000000000e+00
6.789999961853027344e+00 -3.150000095367431641e+00 6.230000019073486328e+00 -1.918750000000000000e+01 1.500000000000000000e+00 -3.506250000000000000e+01 3.156250000000000000e+01 1.125625000000000000e+02 3.625000000000000000e+00
6.309999942779541016e+00 -2.369999885559082031e+00 6.099999904632568359e+00 -1.918750000000000000e+01 1.500000000000000000e+00 -3.506250000000000000e+01 3.406250000000000000e+01 1.136875000000000000e+02 -1.250000000000000000e-01
6.909999847412109375e+00 -1.230000019073486328e+00 5.730000019073486328e+00 -1.700000000000000000e+01 1.187500000000000000e+00 -3.575000000000000000e+01 3.487500000000000000e+01 1.121250000000000000e+02 -1.000000000000000000e+00
7.369999885559082031e+00 -1.700000017881393433e-01 5.079999923706054688e+00 -1.700000000000000000e+01 1.187500000000000000e+00 -3.575000000000000000e+01 3.237500000000000000e+01 1.143750000000000000e+02 1.125000000000000000e+00
6.530000209808349609e+00 2.700000107288360596e-01 7.639999866485595703e+00 -1.700000000000000000e+01 1.187500000000000000e+00 -3.575000000000000000e+01 2.518750000000000000e+01 1.216875000000000000e+02 7.000000000000000000e+00
5.780000209808349609e+00 -6.700000166893005371e-01 9.149999618530273438e+00 -1.700000000000000000e+01 1.187500000000000000e+00 -3.575000000000000000e+01 1.587500000000000000e+01 1.216875000000000000e+02 1.456250000000000000e+01
4.960000038146972656e+00 -2.779999971389770508e+00 9.539999961853027344e+00 -1.700000000000000000e+01 1.187500000000000000e+00 -3.575000000000000000e+01 1.406250000000000000e+01 1.165625000000000000e+02 1.756250000000000000e+01
5.199999809265136719e+00 -2.799999952316284180e+00 9.250000000000000000e+00 -1.256250000000000000e+01 -2.500000000000000000e-01 -3.706250000000000000e+01 1.750000000000000000e+01 1.040625000000000000e+02 1.631250000000000000e+01
5.519999980926513672e+00 -2.829999923706054688e+00 8.840000152587890625e+00 -1.256250000000000000e+01 -2.500000000000000000e-01 -3.706250000000000000e+01 1.750000000000000000e+01 8.937500000000000000e+01 1.450000000000000000e+01
5.239999771118164062e+00 -3.440000057220458984e+00 8.649999618530273438e+00 -1.256250000000000000e+01 -2.500000000000000000e-01 -3.706250000000000000e+01 1.800000000000000000e+01 7.968750000000000000e+01 1.125000000000000000e+01
5.289999961853027344e+00 -4.000000000000000000e+00 8.390000343322753906e+00 -1.256250000000000000e+01 -2.500000000000000000e-01 -3.706250000000000000e+01 2.187500000000000000e+01 7.187500000000000000e+01 6.875000000000000000e+00
5.199999809265136719e+00 -3.559999942779541016e+00 8.350000381469726562e+00 -1.256250000000000000e+01 -2.500000000000000000e-01 -3.706250000000000000e+01 2.787500000000000000e+01 6.681250000000000000e+01 8.750000000000000000e-01
2.519999980926513672e+00 -5.199999809265136719e-01 1.143999958038330078e+01 -1.000000000000000000e+01 1.187500000000000000e+00 -3.868750000000000000e+01 3.312500000000000000e+01 6.343750000000000000e+01 -4.875000000000000000e+00
8.299999833106994629e-01 1.700000017881393433e-01 1.281999969482421875e+01 -1.000000000000000000e+01 1.187500000000000000e+00 -3.868750000000000000e+01 2.331250000000000000e+01 5.268750000000000000e+01 -5.625000000000000000e+00
6.219999790191650391e+00 -7.999999821186065674e-02 8.979999542236328125e+00 -1.000000000000000000e+01 1.187500000000000000e+00 -3.868750000000000000e+01 1.081250000000000000e+01 1.900000000000000000e+01 -5.500000000000000000e+00
4.320000171661376953e+00 -1.639999985694885254e+00 8.869999885559082031e+00 -1.000000000000000000e+01 1.187500000000000000e+00 -3.868750000000000000e+01 3.437500000000000000e+00 1.231250000000000000e+01 0.000000000000000000e+00
5.170000076293945312e+00 -2.640000104904174805e+00 7.849999904632568359e+00 -1.000000000000000000e+01 1.187500000000000000e+00 -3.868750000000000000e+01 -1.687500000000000000e+00 2.625000000000000000e+00 2.812500000000000000e+00
5.579999923706054688e+00 -2.930000066757202148e+00 7.309999942779541016e+00 -7.750000000000000000e+00 -1.375000000000000000e+00 -3.987500000000000000e+01 -2.625000000000000000e+00 -1.750000000000000000e+00 1.812500000000000000e+00
5.500000000000000000e+00 -2.710000038146972656e+00 7.369999885559082031e+00 -7.750000000000000000e+00 -1.375000000000000000e+00 -3.987500000000000000e+01 -3.125000000000000000e-01 -7.500000000000000000e-01 -3.125000000000000000e-01
5.630000114440917969e+00 -2.079999923706054688e+00 7.570000171661376953e+00 -7.750000000000000000e+00 -1.375000000000000000e+00 -3.987500000000000000e+01 1.687500000000000000e+00 1.250000000000000000e-01 -2.187500000000000000e+00
5.579999923706054688e+00 -1.799999952316284180e+00 7.670000076293945312e+00 -7.750000000000000000e+00 -1.375000000000000000e+00 -3.987500000000000000e+01 2.562500000000000000e+00 1.250000000000000000e+00 -2.812500000000000000e+00
5.730000019073486328e+00 -1.690000057220458984e+00 7.639999866485595703e+00 -7.750000000000000000e+00 -1.375000000000000000e+00 -3.987500000000000000e+01 2.500000000000000000e+00 1.812500000000000000e+00 -2.687500000000000000e+00
5.719999790191650391e+00 -1.750000000000000000e+00 7.710000038146972656e+00 -7.750000000000000000e+00 -2.500000000000000000e-01 -3.906250000000000000e+01 2.250000000000000000e+00 2.562500000000000000e+00 -2.187500000000000000e+00
5.739999771118164062e+00 -1.840000033378601074e+00 7.730000019073486328e+00 -7.750000000000000000e+00 -2.500000000000000000e-01 -3.906250000000000000e+01 1.812500000000000000e+00 3.187500000000000000e+00 -1.500000000000000000e+00
5.739999771118164062e+00 -1.909999966621398926e+00 7.719999790191650391e+00 -7.750000000000000000e+00 -2.500000000000000000e-01 -3.906250000000000000e+01 1.562500000000000000e+00 3.375000000000000000e+00 -9.375000000000000000e-01
5.699999809265136719e+00 -1.960000038146972656e+00 7.739999771118164062e+00 -7.750000000000000000e+00 -2.500000000000000000e-01 -3.906250000000000000e+01 1.437500000000000000e+00 3.562500000000000000e+00 -5.000000000000000000e-01
5.760000228881835938e+00 -1.919999957084655762e+00 7.739999771118164062e+00 -7.750000000000000000e+00 -2.500000000000000000e-01 -3.906250000000000000e+01 1.500000000000000000e+00 3.875000000000000000e+00 -4.375000000000000000e-01
5.730000019073486328e+00 -1.950000047683715820e+00 7.760000228881835938e+00 -7.000000000000000000e+00 -1.750000000000000000e+00 -3.950000000000000000e+01 1.500000000000000000e+00 4.187500000000000000e+00 1.250000000000000000e-01
5.690000057220458984e+00 -1.990000009536743164e+00 7.760000228881835938e+00 -7.000000000000000000e+00 -1.750000000000000000e+00 -3.950000000000000000e+01 1.875000000000000000e+00 4.562500000000000000e+00 3.125000000000000000e-01
5.639999866485595703e+00 -2.009999990463256836e+00 7.739999771118164062e+00 -7.000000000000000000e+00 -1.750000000000000000e+00 -3.950000000000000000e+01 1.625000000000000000e+00 5.000000000000000000e+00 6.875000000000000000e-01
5.440000057220458984e+00 -1.990000009536743164e+00 7.849999904632568359e+00 -7.000000000000000000e+00 -1.750000000000000000e+00 -3.950000000000000000e+01 1.750000000000000000e+00 4.875000000000000000e+00 8.125000000000000000e-01
5.400000095367431641e+00 -1.960000038146972656e+00 7.909999847412109375e+00 -7.000000000000000000e+00 -1.750000000000000000e+00 -3.950000000000000000e+01 1.625000000000000000e+00 4.250000000000000000e+00 6.250000000000000000e-01
5.380000114440917969e+00 -1.970000028610229492e+00 7.929999828338623047e+00 -7.750000000000000000e+00 -1.375000000000000000e+00 -3.950000000000000000e+01 1.562500000000000000e+00 3.437500000000000000e+00 5.000000000000000000e-01
5.440000057220458984e+00 -1.970000028610229492e+00 7.860000133514404297e+00 -7.750000000000000000e+00 -1.375000000000000000e+00 -3.950000000000000000e+01 1.250000000000000000e+00 3.000000000000000000e+00 1.875000000000000000e-01
5.489999771118164062e+00 -1.970000028610229492e+00 7.800000190734863281e+00 -7.750000000000000000e+00 -1.375000000000000000e+00 -3.950000000000000000e+01 8.750000000000000000e-01 2.250000000000000000e+00 6.250000000000000000e-02
5.500000000000000000e+00 -1.940000057220458984e+00 7.780000209808349609e+00 -7.750000000000000000e+00 -1.375000000000000000e+00 -3.950000000000000000e+01 6.875000000000000000e-01 1.812500000000000000e+00 -6.250000000000000000e-02
5.500000000000000000e+00 -1.919999957084655762e+00 7.760000228881835938e+00 -7.750000000000000000e+00 -1.375000000000000000e+00 -3.950000000000000000e+01 8.125000000000000000e-01 1.375000000000000000e+00 -6.250000000000000000e-02
5.519999980926513672e+00 -1.889999985694885254e+00 7.809999942779541016e+00 -5.875000000000000000e+00 -6.875000000000000000e-01 -4.025000000000000000e+01 6.875000000000000000e-01 1.375000000000000000e+00 0.000000000000000000e+00
