5.619999885559082031e+00 -1.889999985694885254e+00 7.769999980926513672e+00 -6.062500000000000000e+00 2.187500000000000000e+00 -3.956250000000000000e+01 1.250000000000000000e-01 6.250000000000000000e-02 0.000000000000000000e+00
5.619999885559082031e+00 -1.870000004768371582e+00 7.769999980926513672e+00 -6.062500000000000000e+00 2.187500000000000000e+00 -3.956250000000000000e+01 0.000000000000000000e+00 1.250000000000000000e-01 0.000000000000000000e+00
5.630000114440917969e+00 -1.879999995231628418e+00 7.769999980926513672e+00 -6.500000000000000000e+00 2.187500000000000000e+00 -3.837500000000000000e+01 1.250000000000000000e-01 0.000000000000000000e+00 6.250000000000000000e-02
5.610000133514404297e+00 -1.899999976158142090e+00 7.739999771118164062e+00 -6.500000000000000000e+00 2.187500000000000000e+00 -3.837500000000000000e+01 -6.250000000000000000e-02 6.250000000000000000e-02 6.250000000000000000e-02
5.630000114440917969e+00 -1.879999995231628418e+00 7.739999771118164062e+00 -6.500000000000000000e+00 2.187500000000000000e+00 -3.837500000000000000e+01 0.000000000000000000e+00 1.875000000000000000e-01 0.000000000000000000e+00
5.630000114440917969e+00 -1.879999995231628418e+00 7.750000000000000000e+00 -6.500000000000000000e+00 2.187500000000000000e+00 -3.837500000000000000e+01 0.000000000000000000e+00 0.000000000000000000e+00 -1.250000000000000000e-01
5.619999885559082031e+00 -1.870000004768371582e+00 7.769999980926513672e+00 -6.500000000000000000e+00 2.187500000000000000e+00 -3.837500000000000000e+01 0.000000000000000000e+00 1.250000000000000000e-01 6.250000000000000000e-02
5.610000133514404297e+00 -1.889999985694885254e+00 7.760000228881835938e+00 -6.875000000000000000e+00 1.750000000000000000e+00 -3.800000000000000000e+01 -6.250000000000000000e-02 6.250000000000000000e-02 -1.250000000000000000e-01
5.619999885559082031e+00 -1.909999966621398926e+00 7.760000228881835938e+00 -6.875000000000000000e+00 1.750000000000000000e+00 -3.800000000000000000e+01 -1.250000000000000000e-01 0.000000000000000000e+00 0.000000000000000000e+00
5.599999904632568359e+00 -1.879999995231628418e+00 7.750000000000000000e+00 -6.875000000000000000e+00 1.750000000000000000e+00 -3.800000000000000000e+01 -6.250000000000000000e-02 -1.875000000000000000e-01 1.875000000000000000e-01
5.610000133514404297e+00 -1.899999976158142090e+00 7.750000000000000000e+00 -6.875000000000000000e+00 1.750000000000000000e+00 -3.800000000000000000e+01 0.000000000000000000e+00 0.000000000000000000e+00 1.250000000000000000e-01
5.619999885559082031e+00 -1.889999985694885254e+00 7.750000000000000000e+00 -6.875000000000000000e+00 1.750000000000000000e+00 -3.800000000000000000e+01 -6.250000000000000000e-02 6.250000000000000000e-02 -6.250000000000000000e-02
5.630000114440917969e+00 -1.899999976158142090e+00 7.769999980926513672e+00 -5.375000000000000000e+00 2.187500000000000000e+00 -3.800000000000000000e+01 0.000000000000000000e+00 -6.250000000000000000e-02 -6.250000000000000000e-02
5.619999885559082031e+00 -1.940000057220458984e+00 7.769999980926513672e+00 -5.375000000000000000e+00 2.187500000000000000e+00 -3.800000000000000000e+01 6.250000000000000000e-02 0.000000000000000000e+00 6.250000000000000000e-02
5.599999904632568359e+00 -1.909999966621398926e+00 7.730000019073486328e+00 -5.375000000000000000e+00 2.187500000000000000e+00 -3.800000000000000000e+01 6.250000000000000000e-02 -2.500000000000000000e-01 -6.250000000000000000e-02
5.579999923706054688e+00 -1.960000038146972656e+00 7.800000190734863281e+00 -5.375000000000000000e+00 2.187500000000000000e+00 -3.800000000000000000e+01 6.250000000000000000e-02 -1.250000000000000000e-01 -1.250000000000000000e-01
5.519999980926513672e+00 -1.960000038146972656e+00 7.849999904632568359e+00 -5.375000000000000000e+00 2.187500000000000000e+00 -3.800000000000000000e+01 1.250000000000000000e-01 -1.875000000000000000e-01 -3.125000000000000000e-01
5.559999942779541016e+00 -1.990000009536743164e+00 7.780000209808349609e+00 -6.500000000000000000e+00 1.500000000000000000e+00 -3.875000000000000000e+01 1.875000000000000000e-01 -6.875000000000000000e-01 -6.250000000000000000e-01
5.539999961853027344e+00 -2.029999971389770508e+00 7.809999942779541016e+00 -6.500000000000000000e+00 1.500000000000000000e+00 -3.875000000000000000e+01 1.250000000000000000e-01 -1.062500000000000000e+00 -8.750000000000000000e-01
5.380000114440917969e+00 -2.230000019073486328e+00 7.909999847412109375e+00 -6.500000000000000000e+00 1.500000000000000000e+00 -3.875000000000000000e+01 2.500000000000000000e-01 -1.625000000000000000e+00 -1.375000000000000000e+00
5.500000000000000000e+00 -2.230000019073486328e+00 7.789999961853027344e+00 -6.500000000000000000e+00 1.500000000000000000e+00 -3.875000000000000000e+01 5.000000000000000000e-01 -2.500000000000000000e+00 -2.125000000000000000e+00
5.429999828338623047e+00 -2.140000104904174805e+00 7.929999828338623047e+00 -6.500000000000000000e+00 1.500000000000000000e+00 -3.875000000000000000e+01 8.125000000000000000e-01 -3.062500000000000000e+00 -2.875000000000000000e+00
5.260000228881835938e+00 -2.339999914169311523e+00 7.980000019073486328e+00 -6.875000000000000000e+00 2.187500000000000000e+00 -3.800000000000000000e+01 1.375000000000000000e+00 -4.125000000000000000e+00 -3.812500000000000000e+00
5.280000209808349609e+00 -2.309999942779541016e+00 7.949999809265136719e+00 -6.875000000000000000e+00 2.187500000000000000e+00 -3.800000000000000000e+01 2.562500000000000000e+00 -5.437500000000000000e+00 -5.000000000000000000e+00
5.250000000000000000e+00 -2.099999904632568359e+00 8.029999732971191406e+00 -6.875000000000000000e+00 2.187500000000000000e+00 -3.800000000000000000e+01 4.062500000000000000e+00 -6.687500000000000000e+00 -5.625000000000000000e+00
5.309999942779541016e+00 -1.889999985694885254e+00 8.149999618530273438e+00 -6.875000000000000000e+00 2.187500000000000000e+00 -3.800000000000000000e+01 4.875000000000000000e+00 -8.250000000000000000e+00 -6.250000000000000000e+00
5.170000076293945312e+00 -1.879999995231628418e+00 8.350000381469726562e+00 -6.875000000000000000e+00 2.187500000000000000e+00 -3.800000000000000000e+01 4.937500000000000000e+00 -9.187500000000000000e+00 -5.937500000000000000e+00
4.780000209808349609e+00 -2.079999923706054688e+00 8.560000419616699219e+00 -5.375000000000000000e+00 1.062500000000000000e+00 -3.750000000000000000e+01 5.125000000000000000e+00 -9.750000000000000000e+00 -4.500000000000000000e+00
4.400000095367431641e+00 -2.180000066757202148e+00 8.739999771118164062e+00 -5.375000000000000000e+00 1.062500000000000000e+00 -3.750000000000000000e+01 6.312500000000000000e+00 -9.750000000000000000e+00 -2.500000000000000000e+00
3.980000019073486328e+00 -2.160000085830688477e+00 8.909999847412109375e+00 -5.375000000000000000e+00 1.062500000000000000e+00 -3.750000000000000000e+01 7.687500000000000000e+00 -9.687500000000000000e+00 5.000000000000000000e-01
3.609999895095825195e+00 -1.570000052452087402e+00 9.350000381469726562e+00 -5.375000000000000000e+00 1.062500000000000000e+00 -3.750000000000000000e+01 8.750000000000000000e+00 -1.006250000000000000e+01 3.437500000000000000e+00
3.089999914169311523e+00 -1.490000009536743164e+00 9.520000457763671875e+00 -5.375000000000000000e+00 1.062500000000000000e+00 -3.750000000000000000e+01 7.875000000000000000e+00 -9.625000000000000000e+00 8.375000000000000000e+00
2.609999895095825195e+00 -1.169999957084655762e+00 1.002999973297119141e+01 -6.062500000000000000e+00 2.562500000000000000e+00 -3.737500000000000000e+01 5.500000000000000000e+00 -9.312500000000000000e+00 1.387500000000000000e+01
1.210000038146972656e+00 -2.309999942779541016e+00 1.080000019073486328e+01 -6.062500000000000000e+00 2.562500000000000000e+00 -3.737500000000000000e+01 1.937500000000000000e+00 -7.750000000000000000e+00 2.006250000000000000e+01
7.500000000000000000e-01 -2.599999904632568359e+00 1.100000000000000000e+01 -6.062500000000000000e+00 2.562500000000000000e+00 -3.737500000000000000e+01 1.250000000000000000e+00 -6.687500000000000000e+00 2.450000000000000000e+01
5.400000214576721191e-01 -2.549999952316284180e+00 1.113000011444091797e+01 -6.062500000000000000e+00 2.562500000000000000e+00 -3.737500000000000000e+01 1.812500000000000000e+00 -6.437500000000000000e+00 2.700000000000000000e+01
9.000000357627868652e-02 -2.509999990463256836e+00 1.131999969482421875e+01 -6.062500000000000000e+00 2.562500000000000000e+00 -3.737500000000000000e+01 3.562500000000000000e+00 -6.875000000000000000e+00 2.700000000000000000e+01
1.090000033378601074e+00 -1.940000057220458984e+00 1.118999958038330078e+01 -6.500000000000000000e+00 1.500000000000000000e+00 -3.837500000000000000e+01 4.750000000000000000e+00 -6.812500000000000000e+00 2.543750000000000000e+01
5.600000023841857910e-01 -7.599999904632568359e-01 1.135999965667724609e+01 -6.500000000000000000e+00 1.500000000000000000e+00 -3.837500000000000000e+01 3.937500000000000000e+00 -4.062500000000000000e+00 2.393750000000000000e+01
9.900000095367431641e-01 -1.909999966621398926e+00 1.114999961853027344e+01 -6.500000000000000000e+00 1.500000000000000000e+00 -3.837500000000000000e+01 -1.250000000000000000e-01 -6.312500000000000000e+00 2.312500000000000000e+01
8.000000119209289551e-01 -2.119999885559082031e+00 1.113000011444091797e+01 -6.500000000000000000e+00 1.500000000000000000e+00 -3.837500000000000000e+01 6.875000000000000000e-01 -8.562500000000000000e+00 1.793750000000000000e+01
2.089999914169311523e+00 -3.700000047683715820e-01 1.078999996185302734e+01 -6.500000000000000000e+00 1.500000000000000000e+00 -3.837500000000000000e+01 2.500000000000000000e-01 -8.750000000000000000e+00 1.243750000000000000e+01
1.690000057220458984e+00 -8.299999833106994629e-01 1.097999954223632812e+01 -6.875000000000000000e+00 2.562500000000000000e+00 -3.706250000000000000e+01 -3.750000000000000000e+00 -6.500000000000000000e+00 1.150000000000000000e+01
2.509999990463256836e+00 -6.800000071525573730e-01 1.040999984741210938e+01 -6.875000000000000000e+00 2.562500000000000000e+00 -3.706250000000000000e+01 -8.062500000000000000e+00 -6.125000000000000000e+00 1.000000000000000000e+01
4.289999961853027344e+00 -9.300000071525573730e-01 9.659999847412109375e+00 -6.875000000000000000e+00 2.562500000000000000e+00 -3.706250000000000000e+01 -1.025000000000000000e+01 -4.375000000000000000e+00 7.937500000000000000e+00
3.250000000000000000e+00 -3.600000143051147461e-01 9.319999694824218750e+00 -6.875000000000000000e+00 2.562500000000000000e+00 -3.706250000000000000e+01 -1.118750000000000000e+01 2.500000000000000000e-01 5.687500000000000000e+00
4.210000038146972656e+00 -8.799999952316284180e-01 9.060000419616699219e+00 -6.875000000000000000e+00 2.562500000000000000e+00 -3.706250000000000000e+01 -1.568750000000000000e+01 6.875000000000000000e-01 3.875000000000000000e+00
5.730000019073486328e+00 -1.100000023841857910e+00 8.880000114440917969e+00 -6.875000000000000000e+00 1.750000000000000000e+00 -3.750000000000000000e+01 -1.868750000000000000e+01 3.437500000000000000e+00 2.062500000000000000e+00
6.489999771118164062e+00 -5.099999904632568359e-01 7.719999790191650391e+00 -6.875000000000000000e+00 1.750000000000000000e+00 -3.750000000000000000e+01 -2.137500000000000000e+01 8.125000000000000000e+00 1.125000000000000000e+00
6.829999923706054688e+00 -3.799999952316284180e-01 7.480000019073486328e+00 -6.875000000000000000e+00 1.750000000000000000e+00 -3.750000000000000000e+01 -2.581250000000000000e+01 1.600000000000000000e+01 3.750000000000000000e+00
8.079999923706054688e+00 -8.299999833106994629e-01 7.079999923706054688e+00 -6.875000000000000000e+00 1.750000000000000000e+00 -3.750000000000000000e+01 -3.262500000000000000e+01 2.237500000000000000e+01 8.625000000000000000e+00
9.819999694824218750e+00 -2.279999971389770508e+00 6.239999771118164062e+00 -6.875000000000000000e+00 1.750000000000000000e+00 -3.750000000000000000e+01 -3.418750000000000000e+01 2.712500000000000000e+01 9.562500000000000000e+00
8.210000038146972656e+00 -3.690000057220458984e+00 4.250000000000000000e+00 -6.062500000000000000e+00 4.500000000000000000e+00 -3.750000000000000000e+01 -2.668750000000000000e+01 2.987500000000000000e+01 4.437500000000000000e+00
8.529999732971191406e+00 -2.910000085830688477e+00 3.599999904632568359e+00 -6.062500000000000000e+00 4.500000000000000000e+00 -3.750000000000000000e+01 -1.437500000000000000e+01 2.625000000000000000e+01 -6.750000000000000000e+00
1.053999996185302734e+01 -3.089999914169311523e+00 2.990000009536743164e+00 -6.062500000000000000e+00 4.500000000000000000e+00 -3.750000000000000000e+01 -5.437500000000000000e+00 1.931250000000000000e+01 -1.568750000000000000e+01
9.720000267028808594e+00 -1.259999990463256836e+00 1.980000019073486328e+00 -6.062500000000000000e+00 4.500000000000000000e+00 -3.750000000000000000e+01 -1.250000000000000000e-01 1.262500000000000000e+01 -2.343750000000000000e+01
1.171000003814697266e+01 -1.440000057220458984e+00 1.279999971389770508e+00 -6.062500000000000000e+00 4.500000000000000000e+00 -3.750000000000000000e+01 -5.437500000000000000e+00 4.312500000000000000e+00 -2.218750000000000000e+01
1.078999996185302734e+01 -2.990000009536743164e+00 7.500000000000000000e-01 -4.562500000000000000e+00 4.562500000000000000e+00 -3.800000000000000000e+01 -1.300000000000000000e+01 -6.750000000000000000e+00 -1.531250000000000000e+01
1.085999965667724609e+01 -5.360000133514404297e+00 9.900000095367431641e-01 -4.562500000000000000e+00 4.562500000000000000e+00 -3.800000000000000000e+01 -8.500000000000000000e+00 -2.275000000000000000e+01 -1.550000000000000000e+01
1.503999996185302734e+01 -4.550000190734863281e+00 1.600000023841857910e+00 -4.562500000000000000e+00 4.562500000000000000e+00 -3.800000000000000000e+01 1.531250000000000000e+01 -3.556250000000000000e+01 -3.081250000000000000e+01
1.606999969482421875e+01 -2.900000095367431641e+00 2.690000057220458984e+00 -4.562500000000000000e+00 4.562500000000000000e+00 -3.800000000000000000e+01 2.781250000000000000e+01 -2.862500000000000000e+01 -3.350000000000000000e+01
1.662999916076660156e+01 -2.849999904632568359e+00 2.950000047683715820e+00 -4.562500000000000000e+00 4.562500000000000000e+00 -3.800000000000000000e+01 2.212500000000000000e+01 -1.218750000000000000e+01 -1.906250000000000000e+01
1.211999988555908203e+01 -1.529999971389770508e+00 4.230000019073486328e+00 -5.375000000000000000e+00 5.562500000000000000e+00 -3.800000000000000000e+01 1.506250000000000000e+01 6.812500000000000000e+00 -8.437500000000000000e+00
8.020000457763671875e+00 -4.099999964237213135e-01 8.270000457763671875e+00 -5.375000000000000000e+00 5.562500000000000000e+00 -3.800000000000000000e+01 8.437500000000000000e+00 9.937500000000000000e+00 -1.000000000000000000e+00
7.360000133514404297e+00 -1.029999971389770508e+00 8.520000457763671875e+00 -5.375000000000000000e+00 5.562500000000000000e+00 -3.800000000000000000e+01 -1.250000000000000000e-01 9.062500000000000000e+00 8.500000000000000000e+00
7.710000038146972656e+00 -1.590000033378601074e+00 8.090000152587890625e+00 -5.375000000000000000e+00 5.562500000000000000e+00 -3.800000000000000000e+01 -6.437500000000000000e+00 9.250000000000000000e+00 1.587500000000000000e+01
8.029999732971191406e+00 -3.190000057220458984e+00 6.159999847412109375e+00 -5.375000000000000000e+00 5.562500000000000000e+00 -3.800000000000000000e+01 -7.187500000000000000e+00 1.050000000000000000e+01 1.793750000000000000e+01
7.599999904632568359e+00 -3.369999885559082031e+00 5.280000209808349609e+00 -5.687500000000000000e+00 4.562500000000000000e+00 -3.750000000000000000e+01 -3.812500000000000000e+00 1.006250000000000000e+01 1.612500000000000000e+01
7.039999961853027344e+00 -3.359999895095825195e+00 4.929999828338623047e+00 -5.687500000000000000e+00 4.562500000000000000e+00 -3.750000000000000000e+01 1.500000000000000000e+00 6.312500000000000000e+00 1.168750000000000000e+01
7.369999885559082031e+00 -2.859999895095825195e+00 4.630000114440917969e+00 -5.687500000000000000e+00 4.562500000000000000e+00 -3.750000000000000000e+01 6.000000000000000000e+00 -1.250000000000000000e+00 6.750000000000000000e+00
7.989999771118164062e+00 -1.559999942779541016e+00 4.239999771118164062e+00 -5.687500000000000000e+00 4.562500000000000000e+00 -3.750000000000000000e+01 6.625000000000000000e+00 -9.625000000000000000e+00 5.000000000000000000e+00
8.420000076293945312e+00 -1.120000004768371582e+00 4.110000133514404297e+00 -5.687500000000000000e+00 4.562500000000000000e+00 -3.750000000000000000e+01 1.812500000000000000e+00 -1.581250000000000000e+01 5.750000000000000000e+00
8.789999961853027344e+00 -1.120000004768371582e+00 3.890000104904174805e+00 -4.562500000000000000e+00 5.250000000000000000e+00 -3.875000000000000000e+01 -6.000000000000000000e+00 -1.956250000000000000e+01 8.375000000000000000e+00
9.420000076293945312e+00 -1.440000057220458984e+00 3.509999990463256836e+00 -4.562500000000000000e+00 5.250000000000000000e+00 -3.875000000000000000e+01 -1.268750000000000000e+01 -2.125000000000000000e+01 1.125000000000000000e+01
1.075000000000000000e+01 -2.500000000000000000e+00 2.599999904632568359e+00 -4.562500000000000000e+00 5.250000000000000000e+00 -3.875000000000000000e+01 -1.443750000000000000e+01 -2.012500000000000000e+01 1.381250000000000000e+01
1.138000011444091797e+01 -2.950000047683715820e+00 2.150000095367431641e+00 -4.562500000000000000e+00 5.250000000000000000e+00 -3.875000000000000000e+01 -9.500000000000000000e+00 -1.662500000000000000e+01 1.568750000000000000e+01
1.218000030517578125e+01 -4.230000019073486328e+00 2.190000057220458984e+00 -4.562500000000000000e+00 5.250000000000000000e+00 -3.875000000000000000e+01 4.250000000000000000e+00 -1.106250000000000000e+01 1.568750000000000000e+01
1.364000034332275391e+01 -4.489999771118164062e+00 2.769999980926513672e+00 -5.000000000000000000e+00 4.500000000000000000e+00 -3.637500000000000000e+01 3.450000000000000000e+01 -1.937500000000000000e+00 9.312500000000000000e+00
1.106999969482421875e+01 1.800000071525573730e-01 4.340000152587890625e+00 -5.000000000000000000e+00 4.500000000000000000e+00 -3.637500000000000000e+01 6.300000000000000000e+01 1.162500000000000000e+01 5.750000000000000000e+00
5.670000076293945312e+00 6.389999866485595703e+00 1.130000019073486328e+01 -5.000000000000000000e+00 4.500000000000000000e+00 -3.637500000000000000e+01 4.675000000000000000e+01 2.287500000000000000e+01 1.075000000000000000e+01
9.109999656677246094e+00 3.269999980926513672e+00 1.236999988555908203e+01 -5.000000000000000000e+00 4.500000000000000000e+00 -3.637500000000000000e+01 -3.812500000000000000e+00 2.643750000000000000e+01 1.962500000000000000e+01
7.829999923706054688e+00 -4.590000152587890625e+00 1.436999988555908203e+01 -5.000000000000000000e+00 4.500000000000000000e+00 -3.637500000000000000e+01 -1.343750000000000000e+01 4.512500000000000000e+01 1.956250000000000000e+01
1.027000045776367188e+01 -1.649999976158142090e+00 9.500000000000000000e+00 -6.062500000000000000e+00 4.187500000000000000e+00 -3.750000000000000000e+01 -1.025000000000000000e+01 5.275000000000000000e+01 7.875000000000000000e+00
8.649999618530273438e+00 -1.710000038146972656e+00 5.130000114440917969e+00 -6.062500000000000000e+00 4.187500000000000000e+00 -3.750000000000000000e+01 -6.812500000000000000e+00 6.237500000000000000e+01 4.937500000000000000e+00
4.809999942779541016e+00 -3.519999980926513672e+00 2.950000047683715820e+00 -6.062500000000000000e+00 4.187500000000000000e+00 -3.750000000000000000e+01 8.937500000000000000e+00 5.037500000000000000e+01 3.062500000000000000e+00
1.960000038146972656e+00 -4.230000019073486328e+00 3.420000076293945312e+00 -6.062500000000000000e+00 4.187500000000000000e+00 -3.750000000000000000e+01 3.475000000000000000e+01 1.775000000000000000e+01 -3.125000000000000000e+00
4.369999885559082031e+00 -3.319999933242797852e+00 2.710000038146972656e+00 -6.062500000000000000e+00 4.187500000000000000e+00 -3.750000000000000000e+01 5.731250000000000000e+01 -2.175000000000000000e+01 -5.250000000000000000e+00
4.980000019073486328e+00 -2.450000047683715820e+00 2.599999904632568359e+00 -5.000000000000000000e+00 4.187500000000000000e+00 -3.668750000000000000e+01 7.381250000000000000e+01 -5.087500000000000000e+01 1.250000000000000000e-01
5.090000152587890625e+00 -1.899999976158142090e-01 3.029999971389770508e+00 -5.000000000000000000e+00 4.187500000000000000e+00 -3.668750000000000000e+01 7.756250000000000000e+01 -7.256250000000000000e+01 9.625000000000000000e+00
5.420000076293945312e+00 6.299999952316284180e-01 3.269999980926513672e+00 -5.000000000000000000e+00 4.187500000000000000e+00 -3.668750000000000000e+01 6.781250000000000000e+01 -8.968750000000000000e+01 2.200000000000000000e+01
5.309999942779541016e+00 1.059999942779541016e+00 3.549999952316284180e+00 -5.000000000000000000e+00 4.187500000000000000e+00 -3.668750000000000000e+01 4.881250000000000000e+01 -1.016250000000000000e+02 3.506250000000000000e+01
5.119999885559082031e+00 9.100000262260437012e-01 3.849999904632568359e+00 -5.000000000000000000e+00 4.187500000000000000e+00 -3.668750000000000000e+01 2.512500000000000000e+01 -1.112500000000000000e+02 4.562500000000000000e+01
2.803000068664550781e+01 4.960000038146972656e+00 2.002000045776367188e+01 -5.375000000000000000e+00 1.875000000000000000e+00 -3.837500000000000000e+01 -2.806250000000000000e+01 -9.681250000000000000e+01 6.537500000000000000e+01
2.132999992370605469e+01 -1.584000015258789062e+01 7.239999771118164062e+00 -5.375000000000000000e+00 1.875000000000000000e+00 -3.837500000000000000e+01 -7.081250000000000000e+01 1.331250000000000000e+01 6.725000000000000000e+01
-7.869999885559082031e+00 -4.349999904632568359e+00 5.250000000000000000e+00 -5.375000000000000000e+00 1.875000000000000000e+00 -3.837500000000000000e+01 -5.562500000000000000e+00 1.072500000000000000e+02 3.037500000000000000e+01
-1.467000007629394531e+01 -6.570000171661376953e+00 8.729999542236328125e+00 -5.375000000000000000e+00 1.875000000000000000e+00 -3.837500000000000000e+01 2.775000000000000000e+01 2.643750000000000000e+01 1.250000000000000000e+00
1.418999958038330078e+01 2.680000066757202148e+00 1.255000019073486328e+01 -5.375000000000000000e+00 1.875000000000000000e+00 -3.837500000000000000e+01 4.781250000000000000e+01 -2.206250000000000000e+01 -1.918750000000000000e+01
6.360000133514404297e+00 3.200000047683715820e+00 1.030000019073486328e+01 -9.000000000000000000e+00 5.000000000000000000e-01 -3.800000000000000000e+01 2.393750000000000000e+01 4.050000000000000000e+01 -5.687500000000000000e+00
-4.389999866485595703e+00 -1.000000014901161194e-01 1.131999969482421875e+01 -9.000000000000000000e+00 5.000000000000000000e-01 -3.800000000000000000e+01 1.375000000000000000e+00 6.825000000000000000e+01 -1.375000000000000000e+00
-4.679999828338623047e+00 -2.019999980926513672e+00 1.732999992370605469e+01 -9.000000000000000000e+00 5.000000000000000000e-01 -3.800000000000000000e+01 -1.743750000000000000e+01 5.612500000000000000e+01 -8.875000000000000000e+00
