5.469999790191650391e+00 -2.019999980926513672e+00 7.809999942779541016e+00 -1.950000000000000000e+01 5.625000000000000000e-01 -3.056250000000000000e+01 -6.250000000000000000e-02 0.000000000000000000e+00 0.000000000000000000e+00
5.480000019073486328e+00 -1.990000009536743164e+00 7.849999904632568359e+00 -1.975000000000000000e+01 2.062500000000000000e+00 -3.100000000000000000e+01 1.250000000000000000e-01 -6.250000000000000000e-02 1.250000000000000000e-01
5.469999790191650391e+00 -1.990000009536743164e+00 7.840000152587890625e+00 -1.975000000000000000e+01 2.062500000000000000e+00 -3.100000000000000000e+01 1.250000000000000000e-01 6.250000000000000000e-02 -6.250000000000000000e-02
5.469999790191650391e+00 -2.019999980926513672e+00 7.809999942779541016e+00 -1.975000000000000000e+01 2.062500000000000000e+00 -3.100000000000000000e+01 0.000000000000000000e+00 -6.250000000000000000e-02 6.250000000000000000e-02
5.480000019073486328e+00 -1.990000009536743164e+00 7.849999904632568359e+00 -1.975000000000000000e+01 2.062500000000000000e+00 -3.100000000000000000e+01 -6.250000000000000000e-02 -6.250000000000000000e-02 -1.250000000000000000e-01
5.449999809265136719e+00 -2.000000000000000000e+00 7.840000152587890625e+00 -1.975000000000000000e+01 2.062500000000000000e+00 -3.100000000000000000e+01 -1.250000000000000000e-01 -1.250000000000000000e-01 0.000000000000000000e+00
5.480000019073486328e+00 -1.970000028610229492e+00 7.840000152587890625e+00 -1.868750000000000000e+01 5.625000000000000000e-01 -3.056250000000000000e+01 -1.250000000000000000e-01 -1.250000000000000000e-01 6.250000000000000000e-02
5.449999809265136719e+00 -1.970000028610229492e+00 7.820000171661376953e+00 -1.868750000000000000e+01 5.625000000000000000e-01 -3.056250000000000000e+01 -6.250000000000000000e-02 -1.250000000000000000e-01 6.250000000000000000e-02
5.469999790191650391e+00 -1.990000009536743164e+00 7.860000133514404297e+00 -1.868750000000000000e+01 5.625000000000000000e-01 -3.056250000000000000e+01 -6.250000000000000000e-02 -1.250000000000000000e-01 6.250000000000000000e-02
5.489999771118164062e+00 -1.980000019073486328e+00 7.849999904632568359e+00 -1.868750000000000000e+01 5.625000000000000000e-01 -3.056250000000000000e+01 0.000000000000000000e+00 -1.250000000000000000e-01 -2.500000000000000000e-01
5.460000038146972656e+00 -1.970000028610229492e+00 7.869999885559082031e+00 -1.868750000000000000e+01 5.625000000000000000e-01 -3.056250000000000000e+01 -6.250000000000000000e-02 -6.250000000000000000e-02 1.250000000000000000e-01
5.489999771118164062e+00 -2.000000000000000000e+00 7.809999942779541016e+00 -1.868750000000000000e+01 1.687500000000000000e+00 -3.100000000000000000e+01 -5.000000000000000000e-01 -2.500000000000000000e-01 -6.250000000000000000e-02
5.480000019073486328e+00 -2.109999895095825195e+00 7.840000152587890625e+00 -1.868750000000000000e+01 1.687500000000000000e+00 -3.100000000000000000e+01 -8.125000000000000000e-01 -4.375000000000000000e-01 0.000000000000000000e+00
5.530000209808349609e+00 -1.970000028610229492e+00 7.769999980926513672e+00 -1.868750000000000000e+01 1.687500000000000000e+00 -3.100000000000000000e+01 -9.375000000000000000e-01 -3.125000000000000000e-01 -1.875000000000000000e-01
5.550000190734863281e+00 -1.909999966621398926e+00 7.829999923706054688e+00 -1.868750000000000000e+01 1.687500000000000000e+00 -3.100000000000000000e+01 -1.062500000000000000e+00 -2.500000000000000000e-01 0.000000000000000000e+00
5.579999923706054688e+00 -1.940000057220458984e+00 7.920000076293945312e+00 -1.868750000000000000e+01 1.687500000000000000e+00 -3.100000000000000000e+01 -1.500000000000000000e+00 -3.125000000000000000e-01 5.000000000000000000e-01
5.480000019073486328e+00 -1.990000009536743164e+00 8.060000419616699219e+00 -1.906250000000000000e+01 1.000000000000000000e+00 -3.018750000000000000e+01 -2.562500000000000000e+00 -6.250000000000000000e-02 1.125000000000000000e+00
5.679999828338623047e+00 -1.769999980926513672e+00 8.039999961853027344e+00 -1.906250000000000000e+01 1.000000000000000000e+00 -3.018750000000000000e+01 -4.375000000000000000e+00 -9.375000000000000000e-01 1.625000000000000000e+00
5.849999904632568359e+00 -1.789999961853027344e+00 7.960000038146972656e+00 -1.906250000000000000e+01 1.000000000000000000e+00 -3.018750000000000000e+01 -6.562500000000000000e+00 -1.000000000000000000e+00 2.812500000000000000e+00
6.099999904632568359e+00 -1.600000023841857910e+00 8.020000457763671875e+00 -1.906250000000000000e+01 1.000000000000000000e+00 -3.018750000000000000e+01 -8.937500000000000000e+00 -3.125000000000000000e-01 4.875000000000000000e+00
6.480000019073486328e+00 -1.289999961853027344e+00 8.050000190734863281e+00 -1.906250000000000000e+01 1.000000000000000000e+00 -3.018750000000000000e+01 -1.131250000000000000e+01 9.375000000000000000e-01 8.000000000000000000e+00
6.900000095367431641e+00 -7.900000214576721191e-01 8.079999923706054688e+00 -1.950000000000000000e+01 1.375000000000000000e+00 -3.018750000000000000e+01 -1.456250000000000000e+01 4.937500000000000000e+00 1.168750000000000000e+01
7.460000038146972656e+00 -4.000000059604644775e-01 8.199999809265136719e+00 -1.950000000000000000e+01 1.375000000000000000e+00 -3.018750000000000000e+01 -1.887500000000000000e+01 1.143750000000000000e+01 1.475000000000000000e+01
7.369999885559082031e+00 -7.200000286102294922e-01 8.380000114440917969e+00 -1.950000000000000000e+01 1.375000000000000000e+00 -3.018750000000000000e+01 -2.543750000000000000e+01 2.081250000000000000e+01 1.887500000000000000e+01
7.289999961853027344e+00 -1.450000047683715820e+00 8.430000305175781250e+00 -1.950000000000000000e+01 1.375000000000000000e+00 -3.018750000000000000e+01 -3.187500000000000000e+01 2.918750000000000000e+01 2.350000000000000000e+01
7.929999828338623047e+00 -2.049999952316284180e+00 8.529999732971191406e+00 -1.950000000000000000e+01 1.375000000000000000e+00 -3.018750000000000000e+01 -3.450000000000000000e+01 3.700000000000000000e+01 2.650000000000000000e+01
8.560000419616699219e+00 -2.430000066757202148e+00 7.929999828338623047e+00 -1.800000000000000000e+01 2.875000000000000000e+00 -2.975000000000000000e+01 -3.437500000000000000e+01 4.856250000000000000e+01 2.900000000000000000e+01
7.409999847412109375e+00 -2.589999914169311523e+00 7.940000057220458984e+00 -1.800000000000000000e+01 2.875000000000000000e+00 -2.975000000000000000e+01 -3.262500000000000000e+01 6.056250000000000000e+01 3.018750000000000000e+01
6.340000152587890625e+00 -2.670000076293945312e+00 7.869999885559082031e+00 -1.800000000000000000e+01 2.875000000000000000e+00 -2.975000000000000000e+01 -3.000000000000000000e+01 6.731250000000000000e+01 2.818750000000000000e+01
5.309999942779541016e+00 -2.630000114440917969e+00 8.159999847412109375e+00 -1.800000000000000000e+01 2.875000000000000000e+00 -2.975000000000000000e+01 -2.718750000000000000e+01 7.062500000000000000e+01 2.387500000000000000e+01
4.769999980926513672e+00 -3.630000114440917969e+00 7.849999904632568359e+00 -1.800000000000000000e+01 2.875000000000000000e+00 -2.975000000000000000e+01 -2.406250000000000000e+01 7.181250000000000000e+01 1.812500000000000000e+01
4.239999771118164062e+00 -3.680000066757202148e+00 7.690000057220458984e+00 -1.787500000000000000e+01 3.500000000000000000e+00 -2.975000000000000000e+01 -1.806250000000000000e+01 7.287500000000000000e+01 7.062500000000000000e+00
4.260000228881835938e+00 -3.839999914169311523e+00 7.679999828338623047e+00 -1.787500000000000000e+01 3.500000000000000000e+00 -2.975000000000000000e+01 -8.000000000000000000e+00 7.193750000000000000e+01 -1.193750000000000000e+01
5.639999866485595703e+00 -1.590000033378601074e+00 7.409999847412109375e+00 -1.787500000000000000e+01 3.500000000000000000e+00 -2.975000000000000000e+01 3.062500000000000000e+00 7.287500000000000000e+01 -4.125000000000000000e+01
6.329999923706054688e+00 8.500000238418579102e-01 7.550000190734863281e+00 -1.787500000000000000e+01 3.500000000000000000e+00 -2.975000000000000000e+01 9.062500000000000000e+00 7.725000000000000000e+01 -7.818750000000000000e+01
6.579999923706054688e+00 3.480000019073486328e+00 8.000000000000000000e+00 -1.787500000000000000e+01 3.500000000000000000e+00 -2.975000000000000000e+01 5.375000000000000000e+00 8.175000000000000000e+01 -1.168125000000000000e+02
6.599999904632568359e+00 5.460000038146972656e+00 8.520000457763671875e+00 -1.556250000000000000e+01 3.875000000000000000e+00 -3.100000000000000000e+01 -7.312500000000000000e+00 8.443750000000000000e+01 -1.526875000000000000e+02
5.980000019073486328e+00 5.610000133514404297e+00 8.949999809265136719e+00 -1.556250000000000000e+01 3.875000000000000000e+00 -3.100000000000000000e+01 -2.643750000000000000e+01 8.843750000000000000e+01 -1.823125000000000000e+02
5.630000114440917969e+00 3.609999895095825195e+00 8.390000343322753906e+00 -1.556250000000000000e+01 3.875000000000000000e+00 -3.100000000000000000e+01 -4.618750000000000000e+01 9.350000000000000000e+01 -2.036875000000000000e+02
4.599999904632568359e+00 1.590000033378601074e+00 8.369999885559082031e+00 -1.556250000000000000e+01 3.875000000000000000e+00 -3.100000000000000000e+01 -6.187500000000000000e+01 9.868750000000000000e+01 -2.181875000000000000e+02
3.740000009536743164e+00 -1.220000028610229492e+00 7.769999980926513672e+00 -1.556250000000000000e+01 3.875000000000000000e+00 -3.100000000000000000e+01 -7.087500000000000000e+01 9.943750000000000000e+01 -2.231875000000000000e+02
2.279999971389770508e+00 -5.739999771118164062e+00 7.230000019073486328e+00 -1.318750000000000000e+01 3.187500000000000000e+00 -3.118750000000000000e+01 -7.106250000000000000e+01 9.425000000000000000e+01 -2.178125000000000000e+02
1.309999942779541016e+00 -7.590000152587890625e+00 7.150000095367431641e+00 -1.318750000000000000e+01 3.187500000000000000e+00 -3.118750000000000000e+01 -6.656250000000000000e+01 8.406250000000000000e+01 -2.006875000000000000e+02
7.400000095367431641e-01 -9.270000457763671875e+00 7.280000209808349609e+00 -1.318750000000000000e+01 3.187500000000000000e+00 -3.118750000000000000e+01 -5.762500000000000000e+01 7.075000000000000000e+01 -1.720000000000000000e+02
1.309999942779541016e+00 -1.164000034332275391e+01 7.570000171661376953e+00 -1.318750000000000000e+01 3.187500000000000000e+00 -3.118750000000000000e+01 -4.437500000000000000e+01 5.337500000000000000e+01 -1.353125000000000000e+02
2.500000000000000000e+00 -1.190999984741210938e+01 7.760000228881835938e+00 -1.318750000000000000e+01 3.187500000000000000e+00 -3.118750000000000000e+01 -2.581250000000000000e+01 3.781250000000000000e+01 -1.030000000000000000e+02
3.680000066757202148e+00 -1.073999977111816406e+01 8.090000152587890625e+00 -9.750000000000000000e+00 5.375000000000000000e+00 -3.106250000000000000e+01 -5.875000000000000000e+00 2.750000000000000000e+01 -7.662500000000000000e+01
4.650000095367431641e+00 -8.399999618530273438e+00 8.420000076293945312e+00 -9.750000000000000000e+00 5.375000000000000000e+00 -3.106250000000000000e+01 1.281250000000000000e+01 2.237500000000000000e+01 -5.631250000000000000e+01
4.570000171661376953e+00 -3.940000057220458984e+00 9.140000343322753906e+00 -9.750000000000000000e+00 5.375000000000000000e+00 -3.106250000000000000e+01 2.493750000000000000e+01 2.281250000000000000e+01 -4.137500000000000000e+01
3.740000009536743164e+00 -1.830000042915344238e+00 9.260000228881835938e+00 -9.750000000000000000e+00 5.375000000000000000e+00 -3.106250000000000000e+01 3.062500000000000000e+01 2.356250000000000000e+01 -3.250000000000000000e+01
3.150000095367431641e+00 -1.899999976158142090e-01 9.109999656677246094e+00 -9.750000000000000000e+00 5.375000000000000000e+00 -3.106250000000000000e+01 3.081250000000000000e+01 2.243750000000000000e+01 -2.937500000000000000e+01
2.579999923706054688e+00 9.399999976158142090e-01 8.710000038146972656e+00 -3.000000000000000000e+00 5.062500000000000000e+00 -3.350000000000000000e+01 2.556250000000000000e+01 2.025000000000000000e+01 -2.831250000000000000e+01
2.150000095367431641e+00 1.590000033378601074e+00 8.390000343322753906e+00 -3.000000000000000000e+00 5.062500000000000000e+00 -3.350000000000000000e+01 1.656250000000000000e+01 1.837500000000000000e+01 -2.843750000000000000e+01
2.380000114440917969e+00 1.190000057220458984e+00 8.380000114440917969e+00 -3.000000000000000000e+00 5.062500000000000000e+00 -3.350000000000000000e+01 7.187500000000000000e+00 1.593750000000000000e+01 -2.906250000000000000e+01
2.730000019073486328e+00 3.499999940395355225e-01 8.529999732971191406e+00 -3.000000000000000000e+00 5.062500000000000000e+00 -3.350000000000000000e+01 1.875000000000000000e-01 1.400000000000000000e+01 -3.306250000000000000e+01
3.529999971389770508e+00 -7.799999713897705078e-01 8.859999656677246094e+00 -3.000000000000000000e+00 5.062500000000000000e+00 -3.350000000000000000e+01 -3.812500000000000000e+00 1.412500000000000000e+01 -3.937500000000000000e+01
3.559999942779541016e+00 -1.039999961853027344e+00 9.010000228881835938e+00 -3.750000000000000000e-01 3.750000000000000000e+00 -3.475000000000000000e+01 -6.250000000000000000e+00 1.481250000000000000e+01 -4.343750000000000000e+01
3.450000047683715820e+00 -1.620000004768371582e+00 9.029999732971191406e+00 -3.750000000000000000e-01 3.750000000000000000e+00 -3.475000000000000000e+01 -7.875000000000000000e+00 1.512500000000000000e+01 -4.356250000000000000e+01
3.529999971389770508e+00 -2.190000057220458984e+00 8.989999771118164062e+00 -3.750000000000000000e-01 3.750000000000000000e+00 -3.475000000000000000e+01 -7.875000000000000000e+00 1.400000000000000000e+01 -4.212500000000000000e+01
3.509999990463256836e+00 -2.250000000000000000e+00 8.979999542236328125e+00 -3.750000000000000000e-01 3.750000000000000000e+00 -3.475000000000000000e+01 -6.125000000000000000e+00 1.293750000000000000e+01 -4.131250000000000000e+01
3.299999952316284180e+00 -2.299999952316284180e+00 8.920000076293945312e+00 -3.750000000000000000e-01 3.750000000000000000e+00 -3.475000000000000000e+01 -4.250000000000000000e+00 1.212500000000000000e+01 -3.937500000000000000e+01
3.130000114440917969e+00 -2.380000114440917969e+00 8.760000228881835938e+00 -5.000000000000000000e-01 2.750000000000000000e+00 -3.575000000000000000e+01 -2.187500000000000000e+00 1.018750000000000000e+01 -3.618750000000000000e+01
2.710000038146972656e+00 -2.240000009536743164e+00 8.670000076293945312e+00 -5.000000000000000000e-01 2.750000000000000000e+00 -3.575000000000000000e+01 -4.375000000000000000e-01 7.875000000000000000e+00 -3.225000000000000000e+01
2.319999933242797852e+00 -1.899999976158142090e+00 8.649999618530273438e+00 -5.000000000000000000e-01 2.750000000000000000e+00 -3.575000000000000000e+01 1.250000000000000000e-01 4.250000000000000000e+00 -2.725000000000000000e+01
2.430000066757202148e+00 -1.960000038146972656e+00 8.689999580383300781e+00 -5.000000000000000000e-01 2.750000000000000000e+00 -3.575000000000000000e+01 -4.375000000000000000e-01 1.250000000000000000e-01 -2.143750000000000000e+01
2.700000047683715820e+00 -2.150000095367431641e+00 8.789999961853027344e+00 -5.000000000000000000e-01 2.750000000000000000e+00 -3.575000000000000000e+01 -3.750000000000000000e-01 -2.625000000000000000e+00 -1.631250000000000000e+01
3.490000009536743164e+00 -2.180000066757202148e+00 8.909999847412109375e+00 6.250000000000000000e-02 2.875000000000000000e+00 -3.500000000000000000e+01 5.000000000000000000e-01 -4.125000000000000000e+00 -1.237500000000000000e+01
3.670000076293945312e+00 -2.109999895095825195e+00 9.000000000000000000e+00 6.250000000000000000e-02 2.875000000000000000e+00 -3.500000000000000000e+01 1.375000000000000000e+00 -4.437500000000000000e+00 -8.187500000000000000e+00
3.750000000000000000e+00 -2.069999933242797852e+00 9.069999694824218750e+00 6.250000000000000000e-02 2.875000000000000000e+00 -3.500000000000000000e+01 1.812500000000000000e+00 -4.187500000000000000e+00 -3.687500000000000000e+00
3.839999914169311523e+00 -2.000000000000000000e+00 9.130000114440917969e+00 6.250000000000000000e-02 2.875000000000000000e+00 -3.500000000000000000e+01 1.875000000000000000e+00 -3.625000000000000000e+00 1.062500000000000000e+00
3.980000019073486328e+00 -1.860000014305114746e+00 9.090000152587890625e+00 6.250000000000000000e-02 2.875000000000000000e+00 -3.500000000000000000e+01 1.687500000000000000e+00 -2.500000000000000000e+00 6.125000000000000000e+00
3.920000076293945312e+00 -1.730000019073486328e+00 9.060000419616699219e+00 7.500000000000000000e-01 3.000000000000000000e+00 -3.468750000000000000e+01 1.187500000000000000e+00 -1.062500000000000000e+00 1.193750000000000000e+01
3.680000066757202148e+00 -1.870000004768371582e+00 9.020000457763671875e+00 7.500000000000000000e-01 3.000000000000000000e+00 -3.468750000000000000e+01 -6.250000000000000000e-02 0.000000000000000000e+00 1.875000000000000000e+01
3.559999942779541016e+00 -2.450000047683715820e+00 8.859999656677246094e+00 7.500000000000000000e-01 3.000000000000000000e+00 -3.468750000000000000e+01 -1.875000000000000000e-01 -6.250000000000000000e-02 2.556250000000000000e+01
3.329999923706054688e+00 -3.890000104904174805e+00 8.760000228881835938e+00 7.500000000000000000e-01 3.000000000000000000e+00 -3.468750000000000000e+01 1.125000000000000000e+00 -3.750000000000000000e-01 3.437500000000000000e+01
3.119999885559082031e+00 -4.619999885559082031e+00 8.609999656677246094e+00 7.500000000000000000e-01 3.000000000000000000e+00 -3.468750000000000000e+01 3.187500000000000000e+00 -1.000000000000000000e+00 4.818750000000000000e+01
2.480000019073486328e+00 -5.159999847412109375e+00 8.399999618530273438e+00 -1.875000000000000000e-01 2.500000000000000000e+00 -3.518750000000000000e+01 5.625000000000000000e+00 -2.937500000000000000e+00 6.900000000000000000e+01
1.340000033378601074e+00 -5.329999923706054688e+00 8.020000457763671875e+00 -1.875000000000000000e-01 2.500000000000000000e+00 -3.518750000000000000e+01 8.312500000000000000e+00 -8.375000000000000000e+00 9.568750000000000000e+01
1.190000057220458984e+00 -5.179999828338623047e+00 7.969999790191650391e+00 -1.875000000000000000e-01 2.500000000000000000e+00 -3.518750000000000000e+01 1.043750000000000000e+01 -1.737500000000000000e+01 1.247500000000000000e+02
1.480000019073486328e+00 -5.119999885559082031e+00 7.960000038146972656e+00 -1.875000000000000000e-01 2.500000000000000000e+00 -3.518750000000000000e+01 1.243750000000000000e+01 -2.950000000000000000e+01 1.526875000000000000e+02
1.840000033378601074e+00 -5.000000000000000000e+00 7.869999885559082031e+00 -1.875000000000000000e-01 2.500000000000000000e+00 -3.518750000000000000e+01 1.525000000000000000e+01 -4.350000000000000000e+01 1.767500000000000000e+02
4.119999885559082031e+00 -4.460000038146972656e+00 8.300000190734863281e+00 1.687500000000000000e+00 4.187500000000000000e+00 -3.506250000000000000e+01 1.868750000000000000e+01 -5.587500000000000000e+01 1.968125000000000000e+02
4.969999790191650391e+00 -4.510000228881835938e+00 8.229999542236328125e+00 1.687500000000000000e+00 4.187500000000000000e+00 -3.506250000000000000e+01 2.331250000000000000e+01 -6.206250000000000000e+01 2.105625000000000000e+02
5.380000114440917969e+00 -4.179999828338623047e+00 8.600000381469726562e+00 1.687500000000000000e+00 4.187500000000000000e+00 -3.506250000000000000e+01 3.106250000000000000e+01 -6.493750000000000000e+01 2.149375000000000000e+02
6.099999904632568359e+00 -3.099999904632568359e+00 8.739999771118164062e+00 1.687500000000000000e+00 4.187500000000000000e+00 -3.506250000000000000e+01 3.856250000000000000e+01 -6.368750000000000000e+01 2.111875000000000000e+02
6.519999980926513672e+00 -1.360000014305114746e+00 9.000000000000000000e+00 1.687500000000000000e+00 4.187500000000000000e+00 -3.506250000000000000e+01 4.256250000000000000e+01 -5.925000000000000000e+01 2.034375000000000000e+02
6.000000000000000000e+00 -4.300000071525573730e-01 9.149999618530273438e+00 -6.250000000000000000e-02 1.875000000000000000e+00 -3.475000000000000000e+01 4.418750000000000000e+01 -5.281250000000000000e+01 1.927500000000000000e+02
5.699999809265136719e+00 4.000000059604644775e-01 8.920000076293945312e+00 -6.250000000000000000e-02 1.875000000000000000e+00 -3.475000000000000000e+01 4.250000000000000000e+01 -4.787500000000000000e+01 1.800000000000000000e+02
4.900000095367431641e+00 6.299999952316284180e-01 8.600000381469726562e+00 -6.250000000000000000e-02 1.875000000000000000e+00 -3.475000000000000000e+01 3.850000000000000000e+01 -4.337500000000000000e+01 1.670000000000000000e+02
4.750000000000000000e+00 9.499999880790710449e-01 8.670000076293945312e+00 -6.250000000000000000e-02 1.875000000000000000e+00 -3.475000000000000000e+01 3.400000000000000000e+01 -4.031250000000000000e+01 1.510625000000000000e+02
4.900000095367431641e+00 1.309999942779541016e+00 8.800000190734863281e+00 -6.250000000000000000e-02 1.875000000000000000e+00 -3.475000000000000000e+01 2.975000000000000000e+01 -3.631250000000000000e+01 1.300000000000000000e+02
4.750000000000000000e+00 1.649999976158142090e+00 8.949999809265136719e+00 -1.000000000000000000e+00 5.625000000000000000e-01 -3.556250000000000000e+01 2.525000000000000000e+01 -3.056250000000000000e+01 1.053750000000000000e+02
3.740000009536743164e+00 2.230000019073486328e+00 8.979999542236328125e+00 -1.000000000000000000e+00 5.625000000000000000e-01 -3.556250000000000000e+01 2.000000000000000000e+01 -2.556250000000000000e+01 7.787500000000000000e+01
3.400000095367431641e+00 2.410000085830688477e+00 8.920000076293945312e+00 -1.000000000000000000e+00 5.625000000000000000e-01 -3.556250000000000000e+01 1.375000000000000000e+01 -2.256250000000000000e+01 5.012500000000000000e+01
3.150000095367431641e+00 2.339999914169311523e+00 9.020000457763671875e+00 -1.000000000000000000e+00 5.625000000000000000e-01 -3.556250000000000000e+01 5.937500000000000000e+00 -2.106250000000000000e+01 2.437500000000000000e+01
3.190000057220458984e+00 2.079999923706054688e+00 8.979999542236328125e+00 -1.000000000000000000e+00 5.625000000000000000e-01 -3.556250000000000000e+01 -2.812500000000000000e+00 -1.962500000000000000e+01 3.062500000000000000e+00
3.309999942779541016e+00 7.400000095367431641e-01 8.899999618530273438e+00 -1.687500000000000000e+00 -6.875000000000000000e-01 -3.525000000000000000e+01 -1.206250000000000000e+01 -1.906250000000000000e+01 -1.187500000000000000e+01
3.509999990463256836e+00 -7.799999713897705078e-01 8.699999809265136719e+00 -1.687500000000000000e+00 -6.875000000000000000e-01 -3.525000000000000000e+01 -2.018750000000000000e+01 -1.918750000000000000e+01 -1.850000000000000000e+01
3.920000076293945312e+00 -2.349999904632568359e+00 8.600000381469726562e+00 -1.687500000000000000e+00 -6.875000000000000000e-01 -3.525000000000000000e+01 -2.425000000000000000e+01 -2.012500000000000000e+01 -1.912500000000000000e+01
4.739999771118164062e+00 -5.489999771118164062e+00 8.210000038146972656e+00 -1.687500000000000000e+00 -6.875000000000000000e-01 -3.525000000000000000e+01 -2.275000000000000000e+01 -1.993750000000000000e+01 -1.743750000000000000e+01
