5.469999790191650391e+00 -2.019999980926513672e+00 7.809999942779541016e+00 -6.062500000000000000e+00 1.562500000000000000e+00 -4.018750000000000000e+01 -1.875000000000000000e-01 1.250000000000000000e-01 0.000000000000000000e+00
5.510000228881835938e+00 -2.019999980926513672e+00 7.820000171661376953e+00 -6.062500000000000000e+00 1.562500000000000000e+00 -4.018750000000000000e+01 -1.250000000000000000e-01 0.000000000000000000e+00 1.250000000000000000e-01
5.500000000000000000e+00 -2.009999990463256836e+00 7.829999923706054688e+00 -6.062500000000000000e+00 1.562500000000000000e+00 -4.018750000000000000e+01 -6.250000000000000000e-02 0.000000000000000000e+00 -6.250000000000000000e-02
5.489999771118164062e+00 -2.029999971389770508e+00 7.820000171661376953e+00 -6.500000000000000000e+00 1.250000000000000000e+00 -3.900000000000000000e+01 -1.250000000000000000e-01 -6.250000000000000000e-02 -6.250000000000000000e-02
5.500000000000000000e+00 -2.029999971389770508e+00 7.829999923706054688e+00 -6.500000000000000000e+00 1.250000000000000000e+00 -3.900000000000000000e+01 -6.250000000000000000e-02 -1.250000000000000000e-01 1.250000000000000000e-01
5.489999771118164062e+00 -2.019999980926513672e+00 7.809999942779541016e+00 -6.500000000000000000e+00 1.250000000000000000e+00 -3.900000000000000000e+01 0.000000000000000000e+00 0.000000000000000000e+00 0.000000000000000000e+00
5.489999771118164062e+00 -2.000000000000000000e+00 7.829999923706054688e+00 -6.500000000000000000e+00 1.250000000000000000e+00 -3.900000000000000000e+01 0.000000000000000000e+00 -2.500000000000000000e-01 -1.250000000000000000e-01
5.489999771118164062e+00 -2.009999990463256836e+00 7.820000171661376953e+00 -6.500000000000000000e+00 1.250000000000000000e+00 -3.900000000000000000e+01 -6.250000000000000000e-02 6.250000000000000000e-02 1.875000000000000000e-01
5.489999771118164062e+00 -2.000000000000000000e+00 7.829999923706054688e+00 -6.062500000000000000e+00 2.000000000000000000e+00 -3.937500000000000000e+01 -1.250000000000000000e-01 1.250000000000000000e-01 6.250000000000000000e-02
5.480000019073486328e+00 -2.009999990463256836e+00 7.829999923706054688e+00 -6.062500000000000000e+00 2.000000000000000000e+00 -3.937500000000000000e+01 -1.875000000000000000e-01 -1.250000000000000000e-01 1.250000000000000000e-01
5.460000038146972656e+00 -2.029999971389770508e+00 7.820000171661376953e+00 -6.062500000000000000e+00 2.000000000000000000e+00 -3.937500000000000000e+01 6.250000000000000000e-02 -2.500000000000000000e-01 0.000000000000000000e+00
5.489999771118164062e+00 -2.049999952316284180e+00 7.809999942779541016e+00 -6.062500000000000000e+00 2.000000000000000000e+00 -3.937500000000000000e+01 -1.250000000000000000e-01 0.000000000000000000e+00 0.000000000000000000e+00
5.550000190734863281e+00 -2.009999990463256836e+00 7.829999923706054688e+00 -6.062500000000000000e+00 2.000000000000000000e+00 -3.937500000000000000e+01 -1.250000000000000000e-01 0.000000000000000000e+00 0.000000000000000000e+00
5.690000057220458984e+00 -1.970000028610229492e+00 7.900000095367431641e+00 -5.250000000000000000e+00 8.750000000000000000e-01 -4.018750000000000000e+01 -4.375000000000000000e-01 6.250000000000000000e-02 5.625000000000000000e-01
7.199999809265136719e+00 -1.559999942779541016e+00 7.949999809265136719e+00 -5.250000000000000000e+00 8.750000000000000000e-01 -4.018750000000000000e+01 -2.125000000000000000e+00 1.312500000000000000e+00 2.625000000000000000e+00
7.619999885559082031e+00 -1.500000000000000000e+00 8.189999580383300781e+00 -5.250000000000000000e+00 8.750000000000000000e-01 -4.018750000000000000e+01 -5.875000000000000000e+00 5.437500000000000000e+00 7.875000000000000000e+00
9.430000305175781250e+00 -1.269999980926513672e+00 8.270000457763671875e+00 -5.250000000000000000e+00 8.750000000000000000e-01 -4.018750000000000000e+01 -1.275000000000000000e+01 1.162500000000000000e+01 1.593750000000000000e+01
1.506999969482421875e+01 -1.029999971389770508e+00 8.229999542236328125e+00 -5.250000000000000000e+00 8.750000000000000000e-01 -4.018750000000000000e+01 -2.306250000000000000e+01 3.131250000000000000e+01 2.825000000000000000e+01
1.481000041961669922e+01 -4.789999961853027344e+00 9.109999656677246094e+00 -6.500000000000000000e+00 1.562500000000000000e+00 -3.850000000000000000e+01 -2.743750000000000000e+01 6.818750000000000000e+01 3.818750000000000000e+01
1.397000026702880859e+01 -4.900000095367431641e+00 9.039999961853027344e+00 -6.500000000000000000e+00 1.562500000000000000e+00 -3.850000000000000000e+01 -1.443750000000000000e+01 1.036250000000000000e+02 3.918750000000000000e+01
1.353999996185302734e+01 -3.019999980926513672e+00 9.640000343322753906e+00 -6.500000000000000000e+00 1.562500000000000000e+00 -3.850000000000000000e+01 -8.062500000000000000e+00 1.319375000000000000e+02 4.156250000000000000e+01
1.303999996185302734e+01 -4.920000076293945312e+00 8.710000038146972656e+00 -6.500000000000000000e+00 1.562500000000000000e+00 -3.850000000000000000e+01 -5.875000000000000000e+00 1.575625000000000000e+02 4.931250000000000000e+01
1.068000030517578125e+01 -5.409999847412109375e+00 8.770000457763671875e+00 -6.500000000000000000e+00 1.562500000000000000e+00 -3.850000000000000000e+01 5.000000000000000000e-01 1.853125000000000000e+02 5.400000000000000000e+01
7.309999942779541016e+00 -5.369999885559082031e+00 9.350000381469726562e+00 -3.750000000000000000e+00 1.687500000000000000e+00 -3.987500000000000000e+01 1.250000000000000000e+01 2.040625000000000000e+02 4.900000000000000000e+01
5.699999809265136719e+00 -4.530000209808349609e+00 9.250000000000000000e+00 -3.750000000000000000e+00 1.687500000000000000e+00 -3.987500000000000000e+01 2.462500000000000000e+01 2.059375000000000000e+02 3.881250000000000000e+01
5.139999866485595703e+00 -4.139999866485595703e+00 7.239999771118164062e+00 -3.750000000000000000e+00 1.687500000000000000e+00 -3.987500000000000000e+01 3.206250000000000000e+01 2.047500000000000000e+02 3.318750000000000000e+01
3.730000019073486328e+00 -3.970000028610229492e+00 7.170000076293945312e+00 -3.750000000000000000e+00 1.687500000000000000e+00 -3.987500000000000000e+01 3.968750000000000000e+01 2.041875000000000000e+02 3.043750000000000000e+01
1.110000014305114746e+00 -2.529999971389770508e+00 7.269999980926513672e+00 -3.750000000000000000e+00 1.687500000000000000e+00 -3.987500000000000000e+01 4.656250000000000000e+01 1.998750000000000000e+02 2.687500000000000000e+01
-1.629999995231628418e+00 -6.899999976158142090e-01 7.510000228881835938e+00 2.062500000000000000e+00 2.000000000000000000e+00 -3.850000000000000000e+01 4.381250000000000000e+01 1.858750000000000000e+02 2.500000000000000000e+01
-1.110000014305114746e+00 -1.480000019073486328e+00 6.250000000000000000e+00 2.062500000000000000e+00 2.000000000000000000e+00 -3.850000000000000000e+01 3.806250000000000000e+01 1.686250000000000000e+02 2.543750000000000000e+01
-2.509999990463256836e+00 -1.279999971389770508e+00 6.230000019073486328e+00 2.062500000000000000e+00 2.000000000000000000e+00 -3.850000000000000000e+01 3.775000000000000000e+01 1.550625000000000000e+02 2.150000000000000000e+01
-3.039999961853027344e+00 -9.700000286102294922e-01 6.530000209808349609e+00 2.062500000000000000e+00 2.000000000000000000e+00 -3.850000000000000000e+01 3.625000000000000000e+01 1.400000000000000000e+02 1.550000000000000000e+01
-2.430000066757202148e+00 -5.699999928474426270e-01 6.920000076293945312e+00 2.062500000000000000e+00 2.000000000000000000e+00 -3.850000000000000000e+01 3.356250000000000000e+01 1.265000000000000000e+02 1.050000000000000000e+01
-3.279999971389770508e+00 -3.799999952316284180e-01 6.710000038146972656e+00 9.062500000000000000e+00 -1.875000000000000000e-01 -3.900000000000000000e+01 3.075000000000000000e+01 1.146250000000000000e+02 5.187500000000000000e+00
-4.929999828338623047e+00 -4.399999976158142090e-01 6.849999904632568359e+00 9.062500000000000000e+00 -1.875000000000000000e-01 -3.900000000000000000e+01 2.862500000000000000e+01 9.881250000000000000e+01 -4.375000000000000000e-01
-5.230000019073486328e+00 3.999999910593032837e-02 7.090000152587890625e+00 9.062500000000000000e+00 -1.875000000000000000e-01 -3.900000000000000000e+01 2.462500000000000000e+01 7.750000000000000000e+01 -5.000000000000000000e+00
-2.180000066757202148e+00 9.999999776482582092e-03 7.969999790191650391e+00 9.062500000000000000e+00 -1.875000000000000000e-01 -3.900000000000000000e+01 1.800000000000000000e+01 6.081250000000000000e+01 -5.812500000000000000e+00
-1.080000042915344238e+00 -5.299999713897705078e-01 8.140000343322753906e+00 9.062500000000000000e+00 -1.875000000000000000e-01 -3.900000000000000000e+01 1.100000000000000000e+01 5.225000000000000000e+01 -4.687500000000000000e+00
-1.039999961853027344e+00 -1.049999952316284180e+00 8.359999656677246094e+00 1.206250000000000000e+01 -2.000000000000000000e+00 -3.700000000000000000e+01 7.125000000000000000e+00 4.600000000000000000e+01 -3.812500000000000000e+00
-8.100000023841857910e-01 -1.549999952316284180e+00 9.079999923706054688e+00 1.206250000000000000e+01 -2.000000000000000000e+00 -3.700000000000000000e+01 5.812500000000000000e+00 3.843750000000000000e+01 -4.125000000000000000e+00
-4.499999880790710449e-01 -1.610000014305114746e+00 9.329999923706054688e+00 1.206250000000000000e+01 -2.000000000000000000e+00 -3.700000000000000000e+01 4.875000000000000000e+00 3.206250000000000000e+01 -4.187500000000000000e+00
-4.499999880790710449e-01 -1.730000019073486328e+00 9.310000419616699219e+00 1.206250000000000000e+01 -2.000000000000000000e+00 -3.700000000000000000e+01 3.187500000000000000e+00 2.756250000000000000e+01 -2.500000000000000000e+00
-2.700000107288360596e-01 -1.840000033378601074e+00 9.229999542236328125e+00 1.206250000000000000e+01 -2.000000000000000000e+00 -3.700000000000000000e+01 2.750000000000000000e+00 2.262500000000000000e+01 -8.750000000000000000e-01
-6.999999880790710449e-01 -1.779999971389770508e+00 9.079999923706054688e+00 1.506250000000000000e+01 -2.250000000000000000e+00 -3.700000000000000000e+01 2.937500000000000000e+00 1.762500000000000000e+01 6.250000000000000000e-02
-7.799999713897705078e-01 -1.649999976158142090e+00 8.939999580383300781e+00 1.506250000000000000e+01 -2.250000000000000000e+00 -3.700000000000000000e+01 3.625000000000000000e+00 1.268750000000000000e+01 -6.250000000000000000e-02
-1.149999976158142090e+00 -1.429999947547912598e+00 8.850000381469726562e+00 1.506250000000000000e+01 -2.250000000000000000e+00 -3.700000000000000000e+01 4.125000000000000000e+00 7.375000000000000000e+00 -1.062500000000000000e+00
-1.159999966621398926e+00 -1.120000004768371582e+00 8.859999656677246094e+00 1.506250000000000000e+01 -2.250000000000000000e+00 -3.700000000000000000e+01 3.000000000000000000e+00 1.875000000000000000e+00 -1.500000000000000000e+00
-7.200000286102294922e-01 -1.049999952316284180e+00 8.770000457763671875e+00 1.506250000000000000e+01 -2.250000000000000000e+00 -3.700000000000000000e+01 6.250000000000000000e-02 -2.375000000000000000e+00 -7.500000000000000000e-01
-8.299999833106994629e-01 -1.169999957084655762e+00 8.779999732971191406e+00 1.500000000000000000e+01 -2.250000000000000000e+00 -3.575000000000000000e+01 -2.437500000000000000e+00 -5.937500000000000000e+00 1.250000000000000000e-01
-9.100000262260437012e-01 -1.139999985694885254e+00 8.819999694824218750e+00 1.500000000000000000e+01 -2.250000000000000000e+00 -3.575000000000000000e+01 -4.500000000000000000e+00 -1.006250000000000000e+01 5.625000000000000000e-01
-5.400000214576721191e-01 -1.340000033378601074e+00 8.930000305175781250e+00 1.500000000000000000e+01 -2.250000000000000000e+00 -3.575000000000000000e+01 -6.125000000000000000e+00 -1.450000000000000000e+01 6.875000000000000000e-01
-5.600000023841857910e-01 -1.419999957084655762e+00 8.979999542236328125e+00 1.500000000000000000e+01 -2.250000000000000000e+00 -3.575000000000000000e+01 -7.062500000000000000e+00 -1.806250000000000000e+01 1.875000000000000000e-01
-6.299999952316284180e-01 -1.320000052452087402e+00 8.909999847412109375e+00 1.500000000000000000e+01 -2.250000000000000000e+00 -3.575000000000000000e+01 -7.687500000000000000e+00 -2.187500000000000000e+01 -1.062500000000000000e+00
-1.080000042915344238e+00 -1.250000000000000000e+00 8.760000228881835938e+00 1.437500000000000000e+01 -2.000000000000000000e+00 -3.750000000000000000e+01 -7.937500000000000000e+00 -2.700000000000000000e+01 -2.437500000000000000e+00
-2.170000076293945312e+00 -1.139999985694885254e+00 8.189999580383300781e+00 1.437500000000000000e+01 -2.000000000000000000e+00 -3.750000000000000000e+01 -7.937500000000000000e+00 -3.456250000000000000e+01 -4.250000000000000000e+00
-2.849999904632568359e+00 -9.399999976158142090e-01 7.889999866485595703e+00 1.437500000000000000e+01 -2.000000000000000000e+00 -3.750000000000000000e+01 -7.312500000000000000e+00 -4.512500000000000000e+01 -7.750000000000000000e+00
-3.640000104904174805e+00 -5.899999737739562988e-01 7.469999790191650391e+00 1.437500000000000000e+01 -2.000000000000000000e+00 -3.750000000000000000e+01 -7.500000000000000000e+00 -5.831250000000000000e+01 -1.200000000000000000e+01
-3.380000114440917969e+00 4.099999964237213135e-01 8.149999618530273438e+00 1.437500000000000000e+01 -2.000000000000000000e+00 -3.750000000000000000e+01 -1.100000000000000000e+01 -7.506250000000000000e+01 -1.606250000000000000e+01
-1.330000042915344238e+00 9.700000286102294922e-01 8.289999961853027344e+00 1.425000000000000000e+01 -2.000000000000000000e+00 -3.700000000000000000e+01 -2.281250000000000000e+01 -8.900000000000000000e+01 -1.400000000000000000e+01
-2.700000107288360596e-01 9.399999976158142090e-01 7.750000000000000000e+00 1.425000000000000000e+01 -2.000000000000000000e+00 -3.700000000000000000e+01 -3.968750000000000000e+01 -9.475000000000000000e+01 -3.375000000000000000e+00
-6.899999976158142090e-01 -5.999999865889549255e-02 7.920000076293945312e+00 1.425000000000000000e+01 -2.000000000000000000e+00 -3.700000000000000000e+01 -5.181250000000000000e+01 -1.012500000000000000e+02 8.187500000000000000e+00
9.499999880790710449e-01 -2.329999923706054688e+00 8.539999961853027344e+00 1.425000000000000000e+01 -2.000000000000000000e+00 -3.700000000000000000e+01 -5.675000000000000000e+01 -1.107500000000000000e+02 1.237500000000000000e+01
2.259999990463256836e+00 -3.259999990463256836e+00 8.260000228881835938e+00 1.425000000000000000e+01 -2.000000000000000000e+00 -3.700000000000000000e+01 -5.362500000000000000e+01 -1.156875000000000000e+02 7.562500000000000000e+00
2.019999980926513672e+00 -3.569999933242797852e+00 8.369999885559082031e+00 1.275000000000000000e+01 -1.562500000000000000e+00 -3.700000000000000000e+01 -4.343750000000000000e+01 -1.160000000000000000e+02 -5.000000000000000000e+00
1.620000004768371582e+00 -3.529999971389770508e+00 8.819999694824218750e+00 1.275000000000000000e+01 -1.562500000000000000e+00 -3.700000000000000000e+01 -3.412500000000000000e+01 -1.186875000000000000e+02 -1.856250000000000000e+01
2.799999952316284180e+00 -3.349999904632568359e+00 8.529999732971191406e+00 1.275000000000000000e+01 -1.562500000000000000e+00 -3.700000000000000000e+01 -2.781250000000000000e+01 -1.227500000000000000e+02 -2.787500000000000000e+01
2.369999885559082031e+00 -3.660000085830688477e+00 8.270000457763671875e+00 1.275000000000000000e+01 -1.562500000000000000e+00 -3.700000000000000000e+01 -2.131250000000000000e+01 -1.246875000000000000e+02 -3.331250000000000000e+01
1.529999971389770508e+00 -3.640000104904174805e+00 7.969999790191650391e+00 1.275000000000000000e+01 -1.562500000000000000e+00 -3.700000000000000000e+01 -1.443750000000000000e+01 -1.297500000000000000e+02 -3.731250000000000000e+01
1.129999995231628418e+00 -2.980000019073486328e+00 7.380000114440917969e+00 7.687500000000000000e+00 2.500000000000000000e-01 -3.856250000000000000e+01 -1.025000000000000000e+01 -1.385000000000000000e+02 -3.881250000000000000e+01
9.700000286102294922e-01 -2.490000009536743164e+00 7.230000019073486328e+00 7.687500000000000000e+00 2.500000000000000000e-01 -3.856250000000000000e+01 -8.937500000000000000e+00 -1.476250000000000000e+02 -3.743750000000000000e+01
6.600000262260437012e-01 -2.450000047683715820e+00 7.269999980926513672e+00 7.687500000000000000e+00 2.500000000000000000e-01 -3.856250000000000000e+01 -9.437500000000000000e+00 -1.576875000000000000e+02 -3.425000000000000000e+01
4.600000083446502686e-01 -2.410000085830688477e+00 7.300000190734863281e+00 7.687500000000000000e+00 2.500000000000000000e-01 -3.856250000000000000e+01 -9.750000000000000000e+00 -1.697500000000000000e+02 -3.356250000000000000e+01
7.900000214576721191e-01 -1.960000038146972656e+00 7.869999885559082031e+00 7.687500000000000000e+00 2.500000000000000000e-01 -3.856250000000000000e+01 -6.312500000000000000e+00 -1.859375000000000000e+02 -3.787500000000000000e+01
1.580000042915344238e+00 -1.360000014305114746e+00 7.550000190734863281e+00 3.875000000000000000e+00 1.000000000000000000e+00 -3.987500000000000000e+01 -2.625000000000000000e+00 -2.038125000000000000e+02 -4.562500000000000000e+01
2.009999990463256836e+00 -1.740000009536743164e+00 7.539999961853027344e+00 3.875000000000000000e+00 1.000000000000000000e+00 -3.987500000000000000e+01 -3.312500000000000000e+00 -2.176875000000000000e+02 -5.150000000000000000e+01
4.019999980926513672e+00 -3.450000047683715820e+00 8.850000381469726562e+00 3.875000000000000000e+00 1.000000000000000000e+00 -3.987500000000000000e+01 3.250000000000000000e+00 -2.321875000000000000e+02 -5.900000000000000000e+01
3.815000152587890625e+01 -1.559000015258789062e+01 2.652000045776367188e+01 3.875000000000000000e+00 1.000000000000000000e+00 -3.987500000000000000e+01 5.256250000000000000e+01 -2.395625000000000000e+02 -9.131250000000000000e+01
3.838999938964843750e+01 2.529999971389770508e+00 -2.607999992370605469e+01 3.875000000000000000e+00 1.000000000000000000e+00 -3.987500000000000000e+01 1.987500000000000000e+01 -6.337500000000000000e+01 -6.112500000000000000e+01
-7.429999828338623047e+00 -3.619999885559082031e+00 9.470000267028808594e+00 -2.187500000000000000e+00 2.062500000000000000e+00 -3.950000000000000000e+01 2.606250000000000000e+01 1.981875000000000000e+02 -6.250000000000000000e-02
1.222000026702880859e+01 -6.000000238418579102e-01 1.022999954223632812e+01 -2.187500000000000000e+00 2.062500000000000000e+00 -3.950000000000000000e+01 1.281250000000000000e+01 -1.168750000000000000e+01 1.312500000000000000e+00
1.356000041961669922e+01 1.820000052452087402e+00 4.409999847412109375e+00 -2.187500000000000000e+00 2.062500000000000000e+00 -3.950000000000000000e+01 -9.500000000000000000e+00 -4.487500000000000000e+01 1.656250000000000000e+01
3.499999940395355225e-01 1.179999947547912598e+00 1.127999973297119141e+01 -2.187500000000000000e+00 2.062500000000000000e+00 -3.950000000000000000e+01 -5.937500000000000000e+00 1.975000000000000000e+01 1.243750000000000000e+01
3.390000104904174805e+00 -1.909999966621398926e+00 7.230000019073486328e+00 -2.187500000000000000e+00 2.062500000000000000e+00 -3.950000000000000000e+01 -1.143750000000000000e+01 -5.062500000000000000e+00 9.062500000000000000e+00
5.889999866485595703e+00 -4.340000152587890625e+00 7.599999904632568359e+00 -4.875000000000000000e+00 1.687500000000000000e+00 -3.906250000000000000e+01 -6.875000000000000000e+00 -5.437500000000000000e+00 7.250000000000000000e+00
5.099999904632568359e+00 -3.710000038146972656e+00 7.400000095367431641e+00 -4.875000000000000000e+00 1.687500000000000000e+00 -3.906250000000000000e+01 -3.187500000000000000e+00 6.250000000000000000e-01 5.750000000000000000e+00
3.819999933242797852e+00 -2.880000114440917969e+00 7.730000019073486328e+00 -4.875000000000000000e+00 1.687500000000000000e+00 -3.906250000000000000e+01 6.250000000000000000e-01 1.687500000000000000e+00 1.312500000000000000e+00
4.530000209808349609e+00 -2.420000076293945312e+00 7.750000000000000000e+00 -4.875000000000000000e+00 1.687500000000000000e+00 -3.906250000000000000e+01 2.812500000000000000e+00 -2.500000000000000000e+00 -2.375000000000000000e+00
5.389999866485595703e+00 -1.440000057220458984e+00 8.029999732971191406e+00 -4.875000000000000000e+00 1.687500000000000000e+00 -3.906250000000000000e+01 3.625000000000000000e+00 -3.625000000000000000e+00 -3.062500000000000000e+00
5.409999847412109375e+00 -1.379999995231628418e+00 7.989999771118164062e+00 -4.875000000000000000e+00 1.375000000000000000e+00 -3.787500000000000000e+01 2.812500000000000000e+00 -3.062500000000000000e+00 -3.125000000000000000e+00
5.460000038146972656e+00 -1.860000014305114746e+00 7.949999809265136719e+00 -4.875000000000000000e+00 1.375000000000000000e+00 -3.787500000000000000e+01 2.125000000000000000e+00 -2.937500000000000000e+00 -3.312500000000000000e+00
5.809999942779541016e+00 -2.400000095367431641e+00 7.690000057220458984e+00 -4.875000000000000000e+00 1.375000000000000000e+00 -3.787500000000000000e+01 1.812500000000000000e+00 -3.687500000000000000e+00 -3.125000000000000000e+00
5.590000152587890625e+00 -2.259999990463256836e+00 7.820000171661376953e+00 -4.875000000000000000e+00 1.375000000000000000e+00 -3.787500000000000000e+01 1.937500000000000000e+00 -2.500000000000000000e+00 -2.750000000000000000e+00
5.710000038146972656e+00 -1.929999947547912598e+00 7.780000209808349609e+00 -4.875000000000000000e+00 1.375000000000000000e+00 -3.787500000000000000e+01 1.750000000000000000e+00 -1.937500000000000000e+00 -2.375000000000000000e+00
5.650000095367431641e+00 -1.850000023841857910e+00 7.840000152587890625e+00 -5.687500000000000000e+00 1.375000000000000000e+00 -3.856250000000000000e+01 1.250000000000000000e+00 -9.375000000000000000e-01 -2.062500000000000000e+00
5.449999809265136719e+00 -1.960000038146972656e+00 7.920000076293945312e+00 -5.687500000000000000e+00 1.375000000000000000e+00 -3.856250000000000000e+01 6.250000000000000000e-01 -7.500000000000000000e-01 -1.500000000000000000e+00
5.460000038146972656e+00 -1.960000038146972656e+00 7.840000152587890625e+00 -5.687500000000000000e+00 1.375000000000000000e+00 -3.856250000000000000e+01 5.000000000000000000e-01 -1.187500000000000000e+00 -1.062500000000000000e+00
5.539999961853027344e+00 -1.919999957084655762e+00 7.849999904632568359e+00 -5.687500000000000000e+00 1.375000000000000000e+00 -3.856250000000000000e+01 3.750000000000000000e-01 -1.562500000000000000e+00 -8.750000000000000000e-01
5.550000190734863281e+00 -1.889999985694885254e+00 7.860000133514404297e+00 -5.687500000000000000e+00 1.375000000000000000e+00 -3.856250000000000000e+01 1.250000000000000000e-01 -1.437500000000000000e+00 -8.125000000000000000e-01
5.510000228881835938e+00 -1.940000057220458984e+00 7.869999885559082031e+00 -5.687500000000000000e+00 1.375000000000000000e+00 -3.950000000000000000e+01 6.250000000000000000e-02 -1.125000000000000000e+00 -3.125000000000000000e-01
5.480000019073486328e+00 -2.000000000000000000e+00 7.849999904632568359e+00 -5.687500000000000000e+00 1.375000000000000000e+00 -3.950000000000000000e+01 -1.875000000000000000e-01 -1.187500000000000000e+00 6.250000000000000000e-02
