5.590000152587890625e+00 -1.870000004768371582e+00 7.769999980926513672e+00 -5.687500000000000000e+00 1.875000000000000000e+00 -3.775000000000000000e+01 6.250000000000000000e-02 6.250000000000000000e-02 0.000000000000000000e+00
5.599999904632568359e+00 -1.879999995231628418e+00 7.800000190734863281e+00 -5.687500000000000000e+00 1.875000000000000000e+00 -3.775000000000000000e+01 6.250000000000000000e-02 -6.250000000000000000e-02 6.250000000000000000e-02
5.610000133514404297e+00 -1.889999985694885254e+00 7.809999942779541016e+00 -6.000000000000000000e+00 2.687500000000000000e+00 -3.856250000000000000e+01 -6.250000000000000000e-02 0.000000000000000000e+00 0.000000000000000000e+00
5.610000133514404297e+00 -1.899999976158142090e+00 7.760000228881835938e+00 -6.000000000000000000e+00 2.687500000000000000e+00 -3.856250000000000000e+01 0.000000000000000000e+00 -1.250000000000000000e-01 6.250000000000000000e-02
5.599999904632568359e+00 -1.870000004768371582e+00 7.760000228881835938e+00 -6.000000000000000000e+00 2.687500000000000000e+00 -3.856250000000000000e+01 -6.250000000000000000e-02 6.250000000000000000e-02 6.250000000000000000e-02
5.599999904632568359e+00 -1.889999985694885254e+00 7.780000209808349609e+00 -6.000000000000000000e+00 2.687500000000000000e+00 -3.856250000000000000e+01 0.000000000000000000e+00 1.250000000000000000e-01 6.250000000000000000e-02
5.579999923706054688e+00 -1.889999985694885254e+00 7.789999961853027344e+00 -6.000000000000000000e+00 2.687500000000000000e+00 -3.856250000000000000e+01 -1.250000000000000000e-01 3.125000000000000000e-01 1.250000000000000000e-01
5.590000152587890625e+00 -1.899999976158142090e+00 7.760000228881835938e+00 -6.375000000000000000e+00 2.250000000000000000e+00 -3.856250000000000000e+01 0.000000000000000000e+00 1.250000000000000000e-01 0.000000000000000000e+00
5.599999904632568359e+00 -1.889999985694885254e+00 7.769999980926513672e+00 -6.375000000000000000e+00 2.250000000000000000e+00 -3.856250000000000000e+01 -1.250000000000000000e-01 0.000000000000000000e+00 -1.250000000000000000e-01
5.579999923706054688e+00 -1.879999995231628418e+00 7.739999771118164062e+00 -6.375000000000000000e+00 2.250000000000000000e+00 -3.856250000000000000e+01 6.250000000000000000e-02 -6.250000000000000000e-02 6.250000000000000000e-02
5.579999923706054688e+00 -1.870000004768371582e+00 7.789999961853027344e+00 -6.375000000000000000e+00 2.250000000000000000e+00 -3.856250000000000000e+01 0.000000000000000000e+00 -6.250000000000000000e-02 6.250000000000000000e-02
5.559999942779541016e+00 -1.909999966621398926e+00 7.809999942779541016e+00 -6.375000000000000000e+00 2.250000000000000000e+00 -3.856250000000000000e+01 -6.250000000000000000e-02 1.250000000000000000e-01 6.250000000000000000e-02
5.440000057220458984e+00 -1.919999957084655762e+00 7.849999904632568359e+00 -6.375000000000000000e+00 1.562500000000000000e+00 -3.900000000000000000e+01 1.875000000000000000e-01 0.000000000000000000e+00 -1.875000000000000000e-01
5.349999904632568359e+00 -2.109999895095825195e+00 7.820000171661376953e+00 -6.375000000000000000e+00 1.562500000000000000e+00 -3.900000000000000000e+01 4.375000000000000000e-01 -4.375000000000000000e-01 -4.375000000000000000e-01
5.309999942779541016e+00 -2.069999933242797852e+00 7.909999847412109375e+00 -6.375000000000000000e+00 1.562500000000000000e+00 -3.900000000000000000e+01 1.125000000000000000e+00 -7.500000000000000000e-01 -1.875000000000000000e+00
4.860000133514404297e+00 -1.509999990463256836e+00 8.350000381469726562e+00 -6.375000000000000000e+00 1.562500000000000000e+00 -3.900000000000000000e+01 2.562500000000000000e+00 -2.125000000000000000e+00 -3.500000000000000000e+00
5.000000000000000000e+00 -1.639999985694885254e+00 8.140000343322753906e+00 -6.375000000000000000e+00 1.562500000000000000e+00 -3.900000000000000000e+01 3.625000000000000000e+00 -3.750000000000000000e+00 -5.187500000000000000e+00
4.579999923706054688e+00 -1.799999952316284180e+00 8.189999580383300781e+00 -5.250000000000000000e+00 1.875000000000000000e+00 -3.775000000000000000e+01 2.812500000000000000e+00 -7.375000000000000000e+00 -6.062500000000000000e+00
4.409999847412109375e+00 -1.960000038146972656e+00 8.710000038146972656e+00 -5.250000000000000000e+00 1.875000000000000000e+00 -3.775000000000000000e+01 2.250000000000000000e+00 -1.031250000000000000e+01 -8.500000000000000000e+00
4.900000095367431641e+00 -3.069999933242797852e+00 8.869999885559082031e+00 -5.250000000000000000e+00 1.875000000000000000e+00 -3.775000000000000000e+01 2.500000000000000000e-01 -1.712500000000000000e+01 -1.093750000000000000e+01
4.449999809265136719e+00 -2.869999885559082031e+00 9.649999618530273438e+00 -5.250000000000000000e+00 1.875000000000000000e+00 -3.775000000000000000e+01 -1.437500000000000000e+00 -2.312500000000000000e+01 -1.325000000000000000e+01
4.800000190734863281e+00 -1.730000019073486328e+00 9.970000267028808594e+00 -5.250000000000000000e+00 1.875000000000000000e+00 -3.775000000000000000e+01 -2.625000000000000000e+00 -3.100000000000000000e+01 -1.625000000000000000e+01
4.309999942779541016e+00 -6.399999856948852539e-01 1.102999973297119141e+01 -6.000000000000000000e+00 2.250000000000000000e+00 -3.718750000000000000e+01 -1.425000000000000000e+01 -4.156250000000000000e+01 -2.068750000000000000e+01
4.150000095367431641e+00 -2.250000000000000000e+00 1.118999958038330078e+01 -6.000000000000000000e+00 2.250000000000000000e+00 -3.718750000000000000e+01 -2.843750000000000000e+01 -5.793750000000000000e+01 -2.331250000000000000e+01
4.900000095367431641e+00 -8.199999928474426270e-01 1.085999965667724609e+01 -6.000000000000000000e+00 2.250000000000000000e+00 -3.718750000000000000e+01 -2.687500000000000000e+01 -8.687500000000000000e+01 -2.443750000000000000e+01
4.869999885559082031e+00 -5.099999904632568359e-01 9.850000381469726562e+00 -6.000000000000000000e+00 2.250000000000000000e+00 -3.718750000000000000e+01 -2.806250000000000000e+01 -1.093750000000000000e+02 -2.250000000000000000e+01
6.079999923706054688e+00 -2.599999904632568359e-01 7.469999790191650391e+00 -6.000000000000000000e+00 2.250000000000000000e+00 -3.718750000000000000e+01 -2.993750000000000000e+01 -1.254375000000000000e+02 -2.043750000000000000e+01
6.710000038146972656e+00 -4.099999964237213135e-01 6.420000076293945312e+00 -7.500000000000000000e+00 2.250000000000000000e+00 -3.818750000000000000e+01 -3.081250000000000000e+01 -1.367500000000000000e+02 -1.506250000000000000e+01
6.980000019073486328e+00 -8.799999952316284180e-01 5.849999904632568359e+00 -7.500000000000000000e+00 2.250000000000000000e+00 -3.818750000000000000e+01 -3.250000000000000000e+01 -1.392500000000000000e+02 -1.018750000000000000e+01
7.409999847412109375e+00 -1.309999942779541016e+00 5.789999961853027344e+00 -7.500000000000000000e+00 2.250000000000000000e+00 -3.818750000000000000e+01 -3.556250000000000000e+01 -1.352500000000000000e+02 -5.812500000000000000e+00
7.380000114440917969e+00 -2.240000009536743164e+00 5.199999809265136719e+00 -7.500000000000000000e+00 2.250000000000000000e+00 -3.818750000000000000e+01 -3.731250000000000000e+01 -1.273125000000000000e+02 -3.625000000000000000e+00
7.159999847412109375e+00 -1.840000033378601074e+00 4.980000019073486328e+00 -7.500000000000000000e+00 2.250000000000000000e+00 -3.818750000000000000e+01 -3.612500000000000000e+01 -1.165000000000000000e+02 -2.687500000000000000e+00
7.519999980926513672e+00 -1.570000052452087402e+00 4.650000095367431641e+00 -1.156250000000000000e+01 3.375000000000000000e+00 -3.637500000000000000e+01 -3.506250000000000000e+01 -1.078750000000000000e+02 -1.437500000000000000e+00
8.020000457763671875e+00 -1.830000042915344238e+00 4.340000152587890625e+00 -1.156250000000000000e+01 3.375000000000000000e+00 -3.637500000000000000e+01 -3.550000000000000000e+01 -9.993750000000000000e+01 -1.062500000000000000e+00
7.929999828338623047e+00 -2.000000000000000000e+00 3.960000038146972656e+00 -1.156250000000000000e+01 3.375000000000000000e+00 -3.637500000000000000e+01 -3.575000000000000000e+01 -9.025000000000000000e+01 6.250000000000000000e-01
8.149999618530273438e+00 -2.200000047683715820e+00 4.079999923706054688e+00 -1.156250000000000000e+01 3.375000000000000000e+00 -3.637500000000000000e+01 -3.325000000000000000e+01 -8.081250000000000000e+01 2.062500000000000000e+00
8.380000114440917969e+00 -2.150000095367431641e+00 4.179999828338623047e+00 -1.156250000000000000e+01 3.375000000000000000e+00 -3.637500000000000000e+01 -2.968750000000000000e+01 -7.356250000000000000e+01 3.812500000000000000e+00
8.289999961853027344e+00 -2.069999933242797852e+00 4.150000095367431641e+00 -1.525000000000000000e+01 3.750000000000000000e+00 -3.487500000000000000e+01 -2.581250000000000000e+01 -6.537500000000000000e+01 6.125000000000000000e+00
8.189999580383300781e+00 -2.279999971389770508e+00 4.110000133514404297e+00 -1.525000000000000000e+01 3.750000000000000000e+00 -3.487500000000000000e+01 -2.337500000000000000e+01 -5.700000000000000000e+01 8.125000000000000000e+00
8.180000305175781250e+00 -2.569999933242797852e+00 4.159999847412109375e+00 -1.525000000000000000e+01 3.750000000000000000e+00 -3.487500000000000000e+01 -2.131250000000000000e+01 -4.943750000000000000e+01 9.750000000000000000e+00
8.279999732971191406e+00 -2.789999961853027344e+00 4.119999885559082031e+00 -1.525000000000000000e+01 3.750000000000000000e+00 -3.487500000000000000e+01 -1.775000000000000000e+01 -4.231250000000000000e+01 1.012500000000000000e+01
8.180000305175781250e+00 -2.769999980926513672e+00 4.360000133514404297e+00 -1.525000000000000000e+01 3.750000000000000000e+00 -3.487500000000000000e+01 -1.337500000000000000e+01 -3.575000000000000000e+01 9.937500000000000000e+00
8.180000305175781250e+00 -2.769999980926513672e+00 4.360000133514404297e+00 -1.750000000000000000e+01 6.000000000000000000e+00 -3.368750000000000000e+01 -9.875000000000000000e+00 -2.962500000000000000e+01 9.125000000000000000e+00
8.239999771118164062e+00 -2.930000066757202148e+00 4.480000019073486328e+00 -1.750000000000000000e+01 6.000000000000000000e+00 -3.368750000000000000e+01 -7.687500000000000000e+00 -2.325000000000000000e+01 8.125000000000000000e+00
8.640000343322753906e+00 -2.849999904632568359e+00 4.320000171661376953e+00 -1.750000000000000000e+01 6.000000000000000000e+00 -3.368750000000000000e+01 -6.062500000000000000e+00 -1.743750000000000000e+01 7.375000000000000000e+00
8.369999885559082031e+00 -2.650000095367431641e+00 4.150000095367431641e+00 -1.750000000000000000e+01 6.000000000000000000e+00 -3.368750000000000000e+01 -4.125000000000000000e+00 -1.156250000000000000e+01 6.312500000000000000e+00
8.470000267028808594e+00 -2.470000028610229492e+00 4.090000152587890625e+00 -1.750000000000000000e+01 6.000000000000000000e+00 -3.368750000000000000e+01 -2.437500000000000000e+00 -5.125000000000000000e+00 6.125000000000000000e+00
8.369999885559082031e+00 -2.269999980926513672e+00 3.960000038146972656e+00 -1.825000000000000000e+01 5.562500000000000000e+00 -3.206250000000000000e+01 -1.062500000000000000e+00 1.437500000000000000e+00 7.062500000000000000e+00
8.409999847412109375e+00 -2.670000076293945312e+00 3.849999904632568359e+00 -1.825000000000000000e+01 5.562500000000000000e+00 -3.206250000000000000e+01 2.500000000000000000e-01 8.750000000000000000e+00 8.375000000000000000e+00
8.289999961853027344e+00 -2.869999885559082031e+00 3.819999933242797852e+00 -1.825000000000000000e+01 5.562500000000000000e+00 -3.206250000000000000e+01 2.500000000000000000e+00 1.625000000000000000e+01 9.062500000000000000e+00
8.369999885559082031e+00 -3.170000076293945312e+00 3.890000104904174805e+00 -1.825000000000000000e+01 5.562500000000000000e+00 -3.206250000000000000e+01 6.750000000000000000e+00 2.400000000000000000e+01 8.375000000000000000e+00
8.289999961853027344e+00 -3.250000000000000000e+00 3.980000019073486328e+00 -1.825000000000000000e+01 5.562500000000000000e+00 -3.206250000000000000e+01 1.225000000000000000e+01 3.131250000000000000e+01 6.437500000000000000e+00
8.409999847412109375e+00 -3.140000104904174805e+00 4.429999828338623047e+00 -1.856250000000000000e+01 6.750000000000000000e+00 -3.406250000000000000e+01 1.681250000000000000e+01 3.825000000000000000e+01 4.250000000000000000e+00
8.260000228881835938e+00 -2.710000038146972656e+00 4.460000038146972656e+00 -1.856250000000000000e+01 6.750000000000000000e+00 -3.406250000000000000e+01 2.000000000000000000e+01 4.487500000000000000e+01 2.500000000000000000e+00
8.340000152587890625e+00 -2.569999933242797852e+00 4.480000019073486328e+00 -1.856250000000000000e+01 6.750000000000000000e+00 -3.406250000000000000e+01 2.212500000000000000e+01 5.156250000000000000e+01 1.625000000000000000e+00
8.350000381469726562e+00 -2.220000028610229492e+00 4.400000095367431641e+00 -1.856250000000000000e+01 6.750000000000000000e+00 -3.406250000000000000e+01 2.375000000000000000e+01 5.781250000000000000e+01 2.250000000000000000e+00
8.369999885559082031e+00 -2.079999923706054688e+00 4.539999961853027344e+00 -1.856250000000000000e+01 6.750000000000000000e+00 -3.406250000000000000e+01 2.525000000000000000e+01 6.450000000000000000e+01 3.875000000000000000e+00
8.380000114440917969e+00 -2.170000076293945312e+00 4.550000190734863281e+00 -1.750000000000000000e+01 5.562500000000000000e+00 -3.418750000000000000e+01 2.618750000000000000e+01 7.150000000000000000e+01 5.000000000000000000e+00
7.860000133514404297e+00 -2.170000076293945312e+00 4.789999961853027344e+00 -1.750000000000000000e+01 5.562500000000000000e+00 -3.418750000000000000e+01 2.881250000000000000e+01 7.918750000000000000e+01 6.562500000000000000e+00
7.889999866485595703e+00 -3.089999914169311523e+00 6.090000152587890625e+00 -1.750000000000000000e+01 5.562500000000000000e+00 -3.418750000000000000e+01 3.237500000000000000e+01 8.581250000000000000e+01 5.187500000000000000e+00
6.920000076293945312e+00 -2.950000047683715820e+00 6.429999828338623047e+00 -1.750000000000000000e+01 5.562500000000000000e+00 -3.418750000000000000e+01 3.406250000000000000e+01 9.237500000000000000e+01 3.250000000000000000e+00
6.559999942779541016e+00 -2.609999895095825195e+00 6.659999847412109375e+00 -1.750000000000000000e+01 5.562500000000000000e+00 -3.418750000000000000e+01 3.237500000000000000e+01 9.668750000000000000e+01 2.062500000000000000e+00
6.610000133514404297e+00 -1.940000057220458984e+00 6.559999942779541016e+00 -1.600000000000000000e+01 5.250000000000000000e+00 -3.456250000000000000e+01 2.868750000000000000e+01 9.737500000000000000e+01 2.375000000000000000e+00
6.500000000000000000e+00 -1.690000057220458984e+00 7.190000057220458984e+00 -1.600000000000000000e+01 5.250000000000000000e+00 -3.456250000000000000e+01 2.531250000000000000e+01 9.762500000000000000e+01 3.625000000000000000e+00
6.309999942779541016e+00 -2.529999971389770508e+00 7.559999942779541016e+00 -1.600000000000000000e+01 5.250000000000000000e+00 -3.456250000000000000e+01 2.331250000000000000e+01 9.712500000000000000e+01 3.375000000000000000e+00
5.539999961853027344e+00 -2.750000000000000000e+00 7.869999885559082031e+00 -1.600000000000000000e+01 5.250000000000000000e+00 -3.456250000000000000e+01 2.412500000000000000e+01 9.543750000000000000e+01 2.000000000000000000e+00
5.340000152587890625e+00 -2.460000038146972656e+00 8.100000381469726562e+00 -1.600000000000000000e+01 5.250000000000000000e+00 -3.456250000000000000e+01 2.643750000000000000e+01 9.075000000000000000e+01 4.375000000000000000e-01
5.730000019073486328e+00 -1.929999947547912598e+00 7.920000076293945312e+00 -1.225000000000000000e+01 4.562500000000000000e+00 -3.656250000000000000e+01 2.668750000000000000e+01 8.393750000000000000e+01 -1.500000000000000000e+00
5.889999866485595703e+00 -1.549999952316284180e+00 7.699999809265136719e+00 -1.225000000000000000e+01 4.562500000000000000e+00 -3.656250000000000000e+01 2.481250000000000000e+01 7.806250000000000000e+01 -1.937500000000000000e+00
6.159999847412109375e+00 -1.029999971389770508e+00 7.630000114440917969e+00 -1.225000000000000000e+01 4.562500000000000000e+00 -3.656250000000000000e+01 2.243750000000000000e+01 7.350000000000000000e+01 -6.250000000000000000e-02
5.999999865889549255e-02 3.789999961853027344e+00 1.289000034332275391e+01 -1.225000000000000000e+01 4.562500000000000000e+00 -3.656250000000000000e+01 2.075000000000000000e+01 7.118750000000000000e+01 2.875000000000000000e+00
2.450000047683715820e+00 -5.299999713897705078e-01 1.342000007629394531e+01 -1.225000000000000000e+01 4.562500000000000000e+00 -3.656250000000000000e+01 8.000000000000000000e+00 6.656250000000000000e+01 1.025000000000000000e+01
2.450000047683715820e+00 -5.299999713897705078e-01 1.342000007629394531e+01 -1.006250000000000000e+01 3.375000000000000000e+00 -3.737500000000000000e+01 -3.500000000000000000e+00 2.450000000000000000e+01 1.512500000000000000e+01
5.170000076293945312e+00 -5.389999866485595703e+00 7.920000076293945312e+00 -1.006250000000000000e+01 3.375000000000000000e+00 -3.737500000000000000e+01 -1.118750000000000000e+01 -3.125000000000000000e+00 1.406250000000000000e+01
7.019999980926513672e+00 -4.139999866485595703e+00 5.769999980926513672e+00 -1.006250000000000000e+01 3.375000000000000000e+00 -3.737500000000000000e+01 -9.062500000000000000e+00 -1.062500000000000000e+01 1.012500000000000000e+01
6.690000057220458984e+00 -2.329999923706054688e+00 6.380000114440917969e+00 -1.006250000000000000e+01 3.375000000000000000e+00 -3.737500000000000000e+01 -1.875000000000000000e+00 -8.687500000000000000e+00 4.875000000000000000e+00
6.079999923706054688e+00 -1.620000004768371582e+00 7.130000114440917969e+00 -1.006250000000000000e+01 3.375000000000000000e+00 -3.737500000000000000e+01 1.812500000000000000e+00 -1.062500000000000000e+00 1.312500000000000000e+00
6.079999923706054688e+00 -1.620000004768371582e+00 7.130000114440917969e+00 -9.000000000000000000e+00 2.687500000000000000e+00 -3.706250000000000000e+01 2.312500000000000000e+00 3.187500000000000000e+00 1.125000000000000000e+00
6.010000228881835938e+00 -1.210000038146972656e+00 7.409999847412109375e+00 -9.000000000000000000e+00 2.687500000000000000e+00 -3.706250000000000000e+01 1.437500000000000000e+00 5.000000000000000000e+00 2.250000000000000000e+00
6.159999847412109375e+00 -2.140000104904174805e+00 7.110000133514404297e+00 -9.000000000000000000e+00 2.687500000000000000e+00 -3.706250000000000000e+01 -1.875000000000000000e-01 6.625000000000000000e+00 3.500000000000000000e+00
6.079999923706054688e+00 -2.430000066757202148e+00 7.150000095367431641e+00 -9.000000000000000000e+00 2.687500000000000000e+00 -3.706250000000000000e+01 -4.375000000000000000e-01 8.875000000000000000e+00 4.125000000000000000e+00
6.030000209808349609e+00 -2.250000000000000000e+00 7.469999790191650391e+00 -9.000000000000000000e+00 2.687500000000000000e+00 -3.706250000000000000e+01 6.250000000000000000e-01 1.075000000000000000e+01 3.687500000000000000e+00
6.030000209808349609e+00 -2.250000000000000000e+00 7.469999790191650391e+00 -8.187500000000000000e+00 3.062500000000000000e+00 -3.825000000000000000e+01 2.000000000000000000e+00 1.200000000000000000e+01 2.625000000000000000e+00
5.699999809265136719e+00 -2.710000038146972656e+00 7.630000114440917969e+00 -8.187500000000000000e+00 3.062500000000000000e+00 -3.825000000000000000e+01 2.750000000000000000e+00 1.256250000000000000e+01 8.750000000000000000e-01
5.780000209808349609e+00 -2.640000104904174805e+00 7.550000190734863281e+00 -8.187500000000000000e+00 3.062500000000000000e+00 -3.825000000000000000e+01 3.312500000000000000e+00 1.206250000000000000e+01 -9.375000000000000000e-01
5.889999866485595703e+00 -2.410000085830688477e+00 7.400000095367431641e+00 -8.187500000000000000e+00 3.062500000000000000e+00 -3.825000000000000000e+01 4.187500000000000000e+00 1.168750000000000000e+01 -2.625000000000000000e+00
5.760000228881835938e+00 -2.170000076293945312e+00 7.590000152587890625e+00 -8.187500000000000000e+00 3.062500000000000000e+00 -3.825000000000000000e+01 4.875000000000000000e+00 1.237500000000000000e+01 -3.937500000000000000e+00
5.789999961853027344e+00 -1.639999985694885254e+00 7.739999771118164062e+00 -8.187500000000000000e+00 3.375000000000000000e+00 -3.706250000000000000e+01 5.000000000000000000e+00 1.187500000000000000e+01 -3.750000000000000000e+00
5.900000095367431641e+00 -1.370000004768371582e+00 7.750000000000000000e+00 -8.187500000000000000e+00 3.375000000000000000e+00 -3.706250000000000000e+01 4.125000000000000000e+00 1.012500000000000000e+01 -2.750000000000000000e+00
5.900000095367431641e+00 -2.000000000000000000e+00 7.539999961853027344e+00 -8.187500000000000000e+00 3.375000000000000000e+00 -3.706250000000000000e+01 2.812500000000000000e+00 9.187500000000000000e+00 -1.625000000000000000e+00
5.889999866485595703e+00 -2.069999933242797852e+00 7.510000228881835938e+00 -8.187500000000000000e+00 3.375000000000000000e+00 -3.706250000000000000e+01 1.750000000000000000e+00 9.437500000000000000e+00 -1.187500000000000000e+00
5.880000114440917969e+00 -2.079999923706054688e+00 7.530000209808349609e+00 -8.187500000000000000e+00 3.375000000000000000e+00 -3.706250000000000000e+01 1.437500000000000000e+00 9.875000000000000000e+00 -9.375000000000000000e-01
5.800000190734863281e+00 -2.039999961853027344e+00 7.610000133514404297e+00 -7.500000000000000000e+00 3.750000000000000000e+00 -3.706250000000000000e+01 1.125000000000000000e+00 1.025000000000000000e+01 -8.125000000000000000e-01
5.739999771118164062e+00 -2.019999980926513672e+00 7.699999809265136719e+00 -7.500000000000000000e+00 3.750000000000000000e+00 -3.706250000000000000e+01 1.312500000000000000e+00 1.037500000000000000e+01 -1.000000000000000000e+00
5.650000095367431641e+00 -2.089999914169311523e+00 7.650000095367431641e+00 -7.500000000000000000e+00 3.750000000000000000e+00 -3.706250000000000000e+01 1.187500000000000000e+00 1.025000000000000000e+01 -1.312500000000000000e+00
5.659999847412109375e+00 -2.119999885559082031e+00 7.690000057220458984e+00 -7.500000000000000000e+00 3.750000000000000000e+00 -3.706250000000000000e+01 1.312500000000000000e+00 9.562500000000000000e+00 -1.937500000000000000e+00
5.650000095367431641e+00 -2.190000057220458984e+00 7.659999847412109375e+00 -7.500000000000000000e+00 3.750000000000000000e+00 -3.706250000000000000e+01 1.625000000000000000e+00 8.625000000000000000e+00 -2.187500000000000000e+00
5.670000076293945312e+00 -2.130000114440917969e+00 7.659999847412109375e+00 -7.187500000000000000e+00 2.687500000000000000e+00 -3.787500000000000000e+01 1.937500000000000000e+00 7.750000000000000000e+00 -2.562500000000000000e+00
5.690000057220458984e+00 -2.089999914169311523e+00 7.670000076293945312e+00 -7.187500000000000000e+00 2.687500000000000000e+00 -3.787500000000000000e+01 2.125000000000000000e+00 7.062500000000000000e+00 -3.062500000000000000e+00
5.750000000000000000e+00 -2.009999990463256836e+00 7.639999866485595703e+00 -7.187500000000000000e+00 2.687500000000000000e+00 -3.787500000000000000e+01 2.375000000000000000e+00 6.125000000000000000e+00 -3.250000000000000000e+00
