5.440000057220458984e+00 -1.980000019073486328e+00 7.880000114440917969e+00 -5.000000000000000000e+00 4.562500000000000000e+00 -3.868750000000000000e+01 1.875000000000000000e-01 -6.250000000000000000e-01 -2.500000000000000000e-01
5.420000076293945312e+00 -2.000000000000000000e+00 7.849999904632568359e+00 -5.000000000000000000e+00 4.562500000000000000e+00 -3.868750000000000000e+01 8.125000000000000000e-01 -5.000000000000000000e-01 -1.500000000000000000e+00
5.369999885559082031e+00 -2.160000085830688477e+00 7.730000019073486328e+00 -5.000000000000000000e+00 4.562500000000000000e+00 -3.868750000000000000e+01 2.125000000000000000e+00 -1.312500000000000000e+00 -2.875000000000000000e+00
5.360000133514404297e+00 -2.170000076293945312e+00 7.860000133514404297e+00 -5.000000000000000000e+00 4.562500000000000000e+00 -3.868750000000000000e+01 2.125000000000000000e+00 -1.312500000000000000e+00 -2.875000000000000000e+00
5.130000114440917969e+00 -1.899999976158142090e+00 8.090000152587890625e+00 -4.562500000000000000e+00 4.562500000000000000e+00 -3.868750000000000000e+01 3.250000000000000000e+00 -2.312500000000000000e+00 -4.375000000000000000e+00
5.090000152587890625e+00 -1.690000057220458984e+00 8.079999923706054688e+00 -4.562500000000000000e+00 4.562500000000000000e+00 -3.868750000000000000e+01 3.875000000000000000e+00 -7.125000000000000000e+00 -5.750000000000000000e+00
5.099999904632568359e+00 -1.730000019073486328e+00 8.029999732971191406e+00 -4.562500000000000000e+00 4.562500000000000000e+00 -3.868750000000000000e+01 3.125000000000000000e+00 -1.018750000000000000e+01 -7.312500000000000000e+00
4.989999771118164062e+00 -1.870000004768371582e+00 8.279999732971191406e+00 -4.562500000000000000e+00 4.562500000000000000e+00 -3.868750000000000000e+01 1.625000000000000000e+00 -1.481250000000000000e+01 -8.312500000000000000e+00
4.869999885559082031e+00 -2.299999952316284180e+00 8.239999771118164062e+00 -4.562500000000000000e+00 4.562500000000000000e+00 -3.868750000000000000e+01 1.625000000000000000e+00 -1.481250000000000000e+01 -8.312500000000000000e+00
4.960000038146972656e+00 -2.690000057220458984e+00 8.340000152587890625e+00 -5.250000000000000000e+00 3.875000000000000000e+00 -3.787500000000000000e+01 5.625000000000000000e-01 -2.081250000000000000e+01 -8.937500000000000000e+00
3.710000038146972656e+00 -2.349999904632568359e+00 9.819999694824218750e+00 -5.250000000000000000e+00 3.875000000000000000e+00 -3.787500000000000000e+01 -6.250000000000000000e+00 -3.700000000000000000e+01 -1.450000000000000000e+01
3.609999895095825195e+00 -2.799999952316284180e+00 1.034000015258789062e+01 -5.250000000000000000e+00 3.875000000000000000e+00 -3.787500000000000000e+01 -1.500000000000000000e+01 -5.387500000000000000e+01 -2.000000000000000000e+01
3.049999952316284180e+00 -2.769999980926513672e+00 1.156999969482421875e+01 -5.250000000000000000e+00 3.875000000000000000e+00 -3.787500000000000000e+01 -2.200000000000000000e+01 -7.975000000000000000e+01 -2.300000000000000000e+01
3.200000047683715820e+00 -2.029999971389770508e+00 1.200000000000000000e+01 -5.250000000000000000e+00 3.875000000000000000e+00 -3.787500000000000000e+01 -2.200000000000000000e+01 -7.975000000000000000e+01 -2.300000000000000000e+01
4.389999866485595703e+00 9.999999776482582092e-03 1.136999988555908203e+01 -5.187500000000000000e+00 4.250000000000000000e+00 -3.868750000000000000e+01 -2.606250000000000000e+01 -1.040625000000000000e+02 -2.106250000000000000e+01
4.039999961853027344e+00 -9.999999776482582092e-03 1.106000041961669922e+01 -5.187500000000000000e+00 4.250000000000000000e+00 -3.868750000000000000e+01 -2.843750000000000000e+01 -1.508125000000000000e+02 -9.687500000000000000e+00
4.019999980926513672e+00 -1.299999952316284180e-01 1.034000015258789062e+01 -5.187500000000000000e+00 4.250000000000000000e+00 -3.868750000000000000e+01 -3.331250000000000000e+01 -1.670625000000000000e+02 -3.312500000000000000e+00
5.809999942779541016e+00 3.400000035762786865e-01 9.100000381469726562e+00 -5.187500000000000000e+00 4.250000000000000000e+00 -3.868750000000000000e+01 -4.531250000000000000e+01 -1.726875000000000000e+02 3.437500000000000000e+00
7.480000019073486328e+00 -9.999999776482582092e-03 8.550000190734863281e+00 -5.187500000000000000e+00 4.250000000000000000e+00 -3.868750000000000000e+01 -4.531250000000000000e+01 -1.726875000000000000e+02 3.437500000000000000e+00
8.569999694824218750e+00 -3.600000143051147461e-01 7.489999771118164062e+00 -7.375000000000000000e+00 5.000000000000000000e+00 -3.706250000000000000e+01 -5.831250000000000000e+01 -1.685625000000000000e+02 1.256250000000000000e+01
8.350000381469726562e+00 -9.900000095367431641e-01 5.829999923706054688e+00 -7.375000000000000000e+00 5.000000000000000000e+00 -3.706250000000000000e+01 -6.568750000000000000e+01 -1.593750000000000000e+02 1.881250000000000000e+01
9.890000343322753906e+00 -1.460000038146972656e+00 3.269999980926513672e+00 -7.375000000000000000e+00 5.000000000000000000e+00 -3.706250000000000000e+01 -6.593750000000000000e+01 -1.253125000000000000e+02 2.868750000000000000e+01
9.439999580383300781e+00 -1.669999957084655762e+00 2.099999904632568359e+00 -7.375000000000000000e+00 5.000000000000000000e+00 -3.706250000000000000e+01 -5.737500000000000000e+01 -1.013750000000000000e+02 3.225000000000000000e+01
9.100000381469726562e+00 -2.410000085830688477e+00 1.230000019073486328e+00 -7.375000000000000000e+00 5.000000000000000000e+00 -3.706250000000000000e+01 -5.737500000000000000e+01 -1.013750000000000000e+02 3.225000000000000000e+01
9.069999694824218750e+00 -3.109999895095825195e+00 7.200000286102294922e-01 -1.456250000000000000e+01 6.500000000000000000e+00 -3.625000000000000000e+01 -4.187500000000000000e+01 -7.950000000000000000e+01 3.300000000000000000e+01
7.679999828338623047e+00 -3.559999942779541016e+00 3.100000023841857910e-01 -1.456250000000000000e+01 6.500000000000000000e+00 -3.625000000000000000e+01 -6.625000000000000000e+00 -4.762500000000000000e+01 3.212500000000000000e+01
7.239999771118164062e+00 -3.880000114440917969e+00 5.099999904632568359e-01 -1.456250000000000000e+01 6.500000000000000000e+00 -3.625000000000000000e+01 8.000000000000000000e+00 -3.781250000000000000e+01 3.000000000000000000e+01
7.230000019073486328e+00 -4.079999923706054688e+00 1.220000028610229492e+00 -1.456250000000000000e+01 6.500000000000000000e+00 -3.625000000000000000e+01 1.781250000000000000e+01 -2.856250000000000000e+01 2.693750000000000000e+01
6.889999866485595703e+00 -3.529999971389770508e+00 3.019999980926513672e+00 -1.456250000000000000e+01 6.500000000000000000e+00 -3.625000000000000000e+01 1.781250000000000000e+01 -2.856250000000000000e+01 2.693750000000000000e+01
6.900000095367431641e+00 -3.430000066757202148e+00 3.880000114440917969e+00 -1.650000000000000000e+01 8.250000000000000000e+00 -3.437500000000000000e+01 1.925000000000000000e+01 -2.118750000000000000e+01 2.406250000000000000e+01
7.159999847412109375e+00 -3.710000038146972656e+00 4.690000057220458984e+00 -1.650000000000000000e+01 8.250000000000000000e+00 -3.437500000000000000e+01 1.437500000000000000e+01 -1.500000000000000000e+01 1.993750000000000000e+01
7.369999885559082031e+00 -4.170000076293945312e+00 5.139999866485595703e+00 -1.650000000000000000e+01 8.250000000000000000e+00 -3.437500000000000000e+01 7.437500000000000000e+00 -9.562500000000000000e+00 1.450000000000000000e+01
7.840000152587890625e+00 -4.809999942779541016e+00 5.230000019073486328e+00 -1.650000000000000000e+01 8.250000000000000000e+00 -3.437500000000000000e+01 1.125000000000000000e+00 -6.062500000000000000e+00 9.125000000000000000e+00
8.260000228881835938e+00 -4.829999923706054688e+00 5.380000114440917969e+00 -1.650000000000000000e+01 8.250000000000000000e+00 -3.437500000000000000e+01 1.125000000000000000e+00 -6.062500000000000000e+00 9.125000000000000000e+00
8.300000190734863281e+00 -4.139999866485595703e+00 5.409999847412109375e+00 -1.787500000000000000e+01 7.562500000000000000e+00 -3.475000000000000000e+01 1.187500000000000000e+00 -2.187500000000000000e+00 -2.125000000000000000e+00
8.029999732971191406e+00 -3.190000057220458984e+00 5.500000000000000000e+00 -1.787500000000000000e+01 7.562500000000000000e+00 -3.475000000000000000e+01 2.625000000000000000e+00 -2.125000000000000000e+00 -4.625000000000000000e+00
7.949999809265136719e+00 -2.329999923706054688e+00 6.090000152587890625e+00 -1.787500000000000000e+01 7.562500000000000000e+00 -3.475000000000000000e+01 3.687500000000000000e+00 -3.625000000000000000e+00 -4.375000000000000000e+00
7.920000076293945312e+00 -1.929999947547912598e+00 6.250000000000000000e+00 -1.787500000000000000e+01 7.562500000000000000e+00 -3.475000000000000000e+01 4.125000000000000000e+00 -8.562500000000000000e+00 5.625000000000000000e-01
7.889999866485595703e+00 -1.799999952316284180e+00 6.329999923706054688e+00 -1.787500000000000000e+01 7.562500000000000000e+00 -3.475000000000000000e+01 4.125000000000000000e+00 -8.562500000000000000e+00 5.625000000000000000e-01
7.960000038146972656e+00 -2.259999990463256836e+00 5.989999771118164062e+00 -1.900000000000000000e+01 8.000000000000000000e+00 -3.356250000000000000e+01 2.625000000000000000e+00 -1.081250000000000000e+01 3.437500000000000000e+00
8.020000457763671875e+00 -2.559999942779541016e+00 5.619999885559082031e+00 -1.900000000000000000e+01 8.000000000000000000e+00 -3.356250000000000000e+01 1.312500000000000000e+00 -1.193750000000000000e+01 5.500000000000000000e+00
8.000000000000000000e+00 -3.029999971389770508e+00 5.219999790191650391e+00 -1.900000000000000000e+01 8.000000000000000000e+00 -3.356250000000000000e+01 6.875000000000000000e-01 -1.106250000000000000e+01 6.250000000000000000e+00
7.820000171661376953e+00 -3.440000057220458984e+00 4.800000190734863281e+00 -1.900000000000000000e+01 8.000000000000000000e+00 -3.356250000000000000e+01 1.000000000000000000e+00 -8.187500000000000000e+00 5.500000000000000000e+00
7.900000095367431641e+00 -3.660000085830688477e+00 4.139999866485595703e+00 -1.900000000000000000e+01 8.000000000000000000e+00 -3.356250000000000000e+01 1.000000000000000000e+00 -8.187500000000000000e+00 5.500000000000000000e+00
7.710000038146972656e+00 -3.849999904632568359e+00 3.990000009536743164e+00 -1.787500000000000000e+01 8.687500000000000000e+00 -3.318750000000000000e+01 1.875000000000000000e+00 2.437500000000000000e+00 4.375000000000000000e-01
7.750000000000000000e+00 -4.090000152587890625e+00 4.030000209808349609e+00 -1.787500000000000000e+01 8.687500000000000000e+00 -3.318750000000000000e+01 3.750000000000000000e+00 7.500000000000000000e+00 -3.125000000000000000e+00
7.809999942779541016e+00 -3.880000114440917969e+00 4.119999885559082031e+00 -1.787500000000000000e+01 8.687500000000000000e+00 -3.318750000000000000e+01 7.250000000000000000e+00 1.262500000000000000e+01 -6.187500000000000000e+00
8.239999771118164062e+00 -3.079999923706054688e+00 4.340000152587890625e+00 -1.787500000000000000e+01 8.687500000000000000e+00 -3.318750000000000000e+01 9.937500000000000000e+00 1.756250000000000000e+01 -7.375000000000000000e+00
8.289999961853027344e+00 -2.430000066757202148e+00 4.389999866485595703e+00 -1.787500000000000000e+01 8.687500000000000000e+00 -3.318750000000000000e+01 9.937500000000000000e+00 1.756250000000000000e+01 -7.375000000000000000e+00
8.289999961853027344e+00 -1.600000023841857910e+00 4.250000000000000000e+00 -1.825000000000000000e+01 8.000000000000000000e+00 -3.437500000000000000e+01 1.550000000000000000e+01 2.818750000000000000e+01 -1.187500000000000000e+00
8.449999809265136719e+00 -1.970000028610229492e+00 4.289999961853027344e+00 -1.825000000000000000e+01 8.000000000000000000e+00 -3.437500000000000000e+01 1.962500000000000000e+01 3.393750000000000000e+01 3.687500000000000000e+00
8.510000228881835938e+00 -2.009999990463256836e+00 4.300000190734863281e+00 -1.825000000000000000e+01 8.000000000000000000e+00 -3.437500000000000000e+01 2.587500000000000000e+01 4.025000000000000000e+01 9.500000000000000000e+00
8.619999885559082031e+00 -2.190000057220458984e+00 4.039999961853027344e+00 -1.825000000000000000e+01 8.000000000000000000e+00 -3.437500000000000000e+01 3.250000000000000000e+01 4.837500000000000000e+01 1.693750000000000000e+01
8.069999694824218750e+00 -2.019999980926513672e+00 3.779999971389770508e+00 -1.825000000000000000e+01 8.000000000000000000e+00 -3.437500000000000000e+01 3.250000000000000000e+01 4.837500000000000000e+01 1.693750000000000000e+01
8.369999885559082031e+00 -4.039999961853027344e+00 4.500000000000000000e+00 -1.825000000000000000e+01 7.562500000000000000e+00 -3.518750000000000000e+01 4.337500000000000000e+01 5.581250000000000000e+01 2.168750000000000000e+01
7.440000057220458984e+00 -3.119999885559082031e+00 4.550000190734863281e+00 -1.825000000000000000e+01 7.562500000000000000e+00 -3.518750000000000000e+01 7.268750000000000000e+01 6.987500000000000000e+01 2.462500000000000000e+01
7.070000171661376953e+00 -2.829999923706054688e+00 5.349999904632568359e+00 -1.825000000000000000e+01 7.562500000000000000e+00 -3.518750000000000000e+01 7.881250000000000000e+01 7.531250000000000000e+01 2.062500000000000000e+01
8.180000305175781250e+00 -3.650000095367431641e+00 5.730000019073486328e+00 -1.825000000000000000e+01 7.562500000000000000e+00 -3.518750000000000000e+01 7.593750000000000000e+01 8.343750000000000000e+01 1.631250000000000000e+01
7.989999771118164062e+00 -3.789999961853027344e+00 4.780000209808349609e+00 -1.825000000000000000e+01 7.562500000000000000e+00 -3.518750000000000000e+01 7.593750000000000000e+01 8.343750000000000000e+01 1.631250000000000000e+01
8.000000000000000000e+00 -4.349999904632568359e+00 4.849999904632568359e+00 -1.568750000000000000e+01 5.687500000000000000e+00 -3.475000000000000000e+01 6.425000000000000000e+01 1.066250000000000000e+02 1.437500000000000000e+00
8.020000457763671875e+00 -4.179999828338623047e+00 5.190000057220458984e+00 -1.568750000000000000e+01 5.687500000000000000e+00 -3.475000000000000000e+01 6.168750000000000000e+01 1.161250000000000000e+02 -4.562500000000000000e+00
6.239999771118164062e+00 -1.000000000000000000e+00 6.949999809265136719e+00 -1.568750000000000000e+01 5.687500000000000000e+00 -3.475000000000000000e+01 5.737500000000000000e+01 1.196875000000000000e+02 -4.562500000000000000e+00
6.369999885559082031e+00 -9.000000357627868652e-02 7.400000095367431641e+00 -1.568750000000000000e+01 5.687500000000000000e+00 -3.475000000000000000e+01 5.087500000000000000e+01 1.204375000000000000e+02 -3.187500000000000000e+00
5.639999866485595703e+00 2.999999932944774628e-02 7.699999809265136719e+00 -1.568750000000000000e+01 5.687500000000000000e+00 -3.475000000000000000e+01 5.087500000000000000e+01 1.204375000000000000e+02 -3.187500000000000000e+00
5.639999866485595703e+00 -1.700000017881393433e-01 7.690000057220458984e+00 -1.268750000000000000e+01 4.250000000000000000e+00 -3.637500000000000000e+01 4.318750000000000000e+01 1.200000000000000000e+02 2.187500000000000000e+00
7.070000171661376953e+00 -1.700000047683715820e+00 8.069999694824218750e+00 -1.268750000000000000e+01 4.250000000000000000e+00 -3.637500000000000000e+01 4.300000000000000000e+01 1.157500000000000000e+02 1.912500000000000000e+01
3.049999952316284180e+00 3.509999990463256836e+00 1.376000022888183594e+01 -1.268750000000000000e+01 4.250000000000000000e+00 -3.637500000000000000e+01 4.725000000000000000e+01 1.178750000000000000e+02 2.150000000000000000e+01
-5.900000095367431641e+00 3.440000057220458984e+00 1.952000045776367188e+01 -1.268750000000000000e+01 4.250000000000000000e+00 -3.637500000000000000e+01 1.087500000000000000e+01 8.337500000000000000e+01 1.506250000000000000e+01
-4.900000095367431641e-01 -1.470000028610229492e+00 1.695000076293945312e+01 -1.268750000000000000e+01 4.250000000000000000e+00 -3.637500000000000000e+01 1.087500000000000000e+01 8.337500000000000000e+01 1.506250000000000000e+01
7.079999923706054688e+00 -7.889999866485595703e+00 3.759999990463256836e+00 -8.562500000000000000e+00 2.750000000000000000e+00 -3.875000000000000000e+01 -1.275000000000000000e+01 -5.750000000000000000e+00 8.562500000000000000e+00
7.139999866485595703e+00 -4.670000076293945312e+00 5.099999904632568359e+00 -8.562500000000000000e+00 2.750000000000000000e+00 -3.875000000000000000e+01 5.875000000000000000e+00 -2.000000000000000000e+00 -7.187500000000000000e+00
7.119999885559082031e+00 -2.509999990463256836e+00 6.340000152587890625e+00 -8.562500000000000000e+00 2.750000000000000000e+00 -3.875000000000000000e+01 1.056250000000000000e+01 8.750000000000000000e+00 -1.043750000000000000e+01
4.949999809265136719e+00 -6.800000071525573730e-01 8.319999694824218750e+00 -8.562500000000000000e+00 2.750000000000000000e+00 -3.875000000000000000e+01 8.750000000000000000e+00 1.337500000000000000e+01 -1.106250000000000000e+01
5.489999771118164062e+00 -5.400000214576721191e-01 7.989999771118164062e+00 -8.562500000000000000e+00 2.750000000000000000e+00 -3.875000000000000000e+01 8.750000000000000000e+00 1.337500000000000000e+01 -1.106250000000000000e+01
5.980000019073486328e+00 -8.199999928474426270e-01 7.639999866485595703e+00 -7.875000000000000000e+00 1.562500000000000000e+00 -3.925000000000000000e+01 5.562500000000000000e+00 1.031250000000000000e+01 -9.062500000000000000e+00
5.820000171661376953e+00 -1.409999966621398926e+00 7.579999923706054688e+00 -7.875000000000000000e+00 1.562500000000000000e+00 -3.925000000000000000e+01 1.687500000000000000e+00 9.500000000000000000e+00 -3.062500000000000000e+00
5.750000000000000000e+00 -1.590000033378601074e+00 7.739999771118164062e+00 -7.875000000000000000e+00 1.562500000000000000e+00 -3.925000000000000000e+01 1.000000000000000000e+00 7.562500000000000000e+00 -7.500000000000000000e-01
5.929999828338623047e+00 -1.509999990463256836e+00 7.750000000000000000e+00 -7.875000000000000000e+00 1.562500000000000000e+00 -3.925000000000000000e+01 -6.250000000000000000e-02 5.812500000000000000e+00 8.125000000000000000e-01
5.860000133514404297e+00 -1.629999995231628418e+00 7.739999771118164062e+00 -7.875000000000000000e+00 1.562500000000000000e+00 -3.925000000000000000e+01 -6.250000000000000000e-02 5.812500000000000000e+00 8.125000000000000000e-01
5.710000038146972656e+00 -1.879999995231628418e+00 7.750000000000000000e+00 -7.062500000000000000e+00 2.375000000000000000e+00 -3.768750000000000000e+01 -1.250000000000000000e+00 5.500000000000000000e+00 2.312500000000000000e+00
5.670000076293945312e+00 -2.369999885559082031e+00 7.639999866485595703e+00 -7.062500000000000000e+00 2.375000000000000000e+00 -3.768750000000000000e+01 -1.562500000000000000e+00 4.562500000000000000e+00 2.875000000000000000e+00
5.670000076293945312e+00 -2.339999914169311523e+00 7.630000114440917969e+00 -7.062500000000000000e+00 2.375000000000000000e+00 -3.768750000000000000e+01 -1.125000000000000000e+00 4.375000000000000000e+00 2.250000000000000000e+00
5.650000095367431641e+00 -2.240000009536743164e+00 7.599999904632568359e+00 -7.062500000000000000e+00 2.375000000000000000e+00 -3.768750000000000000e+01 -3.750000000000000000e-01 4.312500000000000000e+00 1.187500000000000000e+00
5.639999866485595703e+00 -2.190000057220458984e+00 7.659999847412109375e+00 -7.062500000000000000e+00 2.375000000000000000e+00 -3.768750000000000000e+01 -3.750000000000000000e-01 4.312500000000000000e+00 1.187500000000000000e+00
5.710000038146972656e+00 -2.230000019073486328e+00 7.610000133514404297e+00 -7.062500000000000000e+00 2.000000000000000000e+00 -3.925000000000000000e+01 1.875000000000000000e-01 4.125000000000000000e+00 4.375000000000000000e-01
5.610000133514404297e+00 -2.279999971389770508e+00 7.690000057220458984e+00 -7.062500000000000000e+00 2.000000000000000000e+00 -3.925000000000000000e+01 1.375000000000000000e+00 4.625000000000000000e+00 -1.625000000000000000e+00
5.610000133514404297e+00 -2.200000047683715820e+00 7.650000095367431641e+00 -7.062500000000000000e+00 2.000000000000000000e+00 -3.925000000000000000e+01 1.875000000000000000e+00 4.500000000000000000e+00 -2.437500000000000000e+00
5.670000076293945312e+00 -2.059999942779541016e+00 7.679999828338623047e+00 -7.062500000000000000e+00 2.000000000000000000e+00 -3.925000000000000000e+01 2.125000000000000000e+00 4.250000000000000000e+00 -2.687500000000000000e+00
5.690000057220458984e+00 -1.940000057220458984e+00 7.710000038146972656e+00 -7.062500000000000000e+00 2.000000000000000000e+00 -3.925000000000000000e+01 2.125000000000000000e+00 4.250000000000000000e+00 -2.687500000000000000e+00
5.719999790191650391e+00 -1.889999985694885254e+00 7.690000057220458984e+00 -6.500000000000000000e+00 3.062500000000000000e+00 -3.800000000000000000e+01 1.875000000000000000e+00 3.687500000000000000e+00 -2.500000000000000000e+00
5.679999828338623047e+00 -1.860000014305114746e+00 7.719999790191650391e+00 -6.500000000000000000e+00 3.062500000000000000e+00 -3.800000000000000000e+01 1.062500000000000000e+00 3.250000000000000000e+00 -1.625000000000000000e+00
5.659999847412109375e+00 -1.870000004768371582e+00 7.719999790191650391e+00 -6.500000000000000000e+00 3.062500000000000000e+00 -3.800000000000000000e+01 7.500000000000000000e-01 2.875000000000000000e+00 -1.125000000000000000e+00
5.699999809265136719e+00 -1.929999947547912598e+00 7.719999790191650391e+00 -6.500000000000000000e+00 3.062500000000000000e+00 -3.800000000000000000e+01 6.250000000000000000e-01 2.625000000000000000e+00 -1.000000000000000000e+00
5.719999790191650391e+00 -1.929999947547912598e+00 7.659999847412109375e+00 -6.500000000000000000e+00 3.062500000000000000e+00 -3.800000000000000000e+01 6.250000000000000000e-01 2.625000000000000000e+00 -1.000000000000000000e+00
5.679999828338623047e+00 -1.990000009536743164e+00 7.690000057220458984e+00 -5.687500000000000000e+00 2.000000000000000000e+00 -3.968750000000000000e+01 4.375000000000000000e-01 2.312500000000000000e+00 -7.500000000000000000e-01
5.650000095367431641e+00 -1.970000028610229492e+00 7.760000228881835938e+00 -5.687500000000000000e+00 2.000000000000000000e+00 -3.968750000000000000e+01 3.750000000000000000e-01 2.125000000000000000e+00 -6.250000000000000000e-01
5.670000076293945312e+00 -1.940000057220458984e+00 7.699999809265136719e+00 -5.687500000000000000e+00 2.000000000000000000e+00 -3.968750000000000000e+01 3.750000000000000000e-01 1.875000000000000000e+00 -5.625000000000000000e-01
5.630000114440917969e+00 -1.940000057220458984e+00 7.730000019073486328e+00 -5.687500000000000000e+00 2.000000000000000000e+00 -3.968750000000000000e+01 1.250000000000000000e-01 1.687500000000000000e+00 -3.125000000000000000e-01
5.679999828338623047e+00 -1.950000047683715820e+00 7.739999771118164062e+00 -5.687500000000000000e+00 2.000000000000000000e+00 -3.968750000000000000e+01 1.250000000000000000e-01 1.687500000000000000e+00 -3.125000000000000000e-01
5.650000095367431641e+00 -2.019999980926513672e+00 7.699999809265136719e+00 -6.062500000000000000e+00 2.375000000000000000e+00 -3.806250000000000000e+01 0.000000000000000000e+00 1.375000000000000000e+00 -6.250000000000000000e-02
