5.449999809265136719e+00 -1.929999947547912598e+00 7.860000133514404297e+00 -5.500000000000000000e+00 3.062500000000000000e+00 -4.056250000000000000e+01 -6.250000000000000000e-02 0.000000000000000000e+00 -6.250000000000000000e-02
5.460000038146972656e+00 -1.940000057220458984e+00 7.849999904632568359e+00 -4.375000000000000000e+00 2.750000000000000000e+00 -4.056250000000000000e+01 -1.250000000000000000e-01 -2.500000000000000000e-01 -6.250000000000000000e-02
5.460000038146972656e+00 -1.970000028610229492e+00 7.840000152587890625e+00 -4.375000000000000000e+00 2.750000000000000000e+00 -4.056250000000000000e+01 -1.250000000000000000e-01 -3.125000000000000000e-01 -1.875000000000000000e-01
5.489999771118164062e+00 -1.940000057220458984e+00 7.849999904632568359e+00 -4.375000000000000000e+00 2.750000000000000000e+00 -4.056250000000000000e+01 -1.250000000000000000e-01 -3.750000000000000000e-01 -1.250000000000000000e-01
5.469999790191650391e+00 -1.899999976158142090e+00 7.840000152587890625e+00 -4.375000000000000000e+00 2.750000000000000000e+00 -4.056250000000000000e+01 -1.875000000000000000e-01 -1.875000000000000000e-01 -1.250000000000000000e-01
5.489999771118164062e+00 -1.919999957084655762e+00 7.840000152587890625e+00 -4.375000000000000000e+00 2.750000000000000000e+00 -4.056250000000000000e+01 -1.875000000000000000e-01 -1.875000000000000000e-01 -1.250000000000000000e-01
5.460000038146972656e+00 -1.929999947547912598e+00 7.869999885559082031e+00 -6.250000000000000000e+00 2.750000000000000000e+00 -3.975000000000000000e+01 -1.250000000000000000e-01 -1.250000000000000000e-01 6.250000000000000000e-02
5.469999790191650391e+00 -1.960000038146972656e+00 7.840000152587890625e+00 -6.250000000000000000e+00 2.750000000000000000e+00 -3.975000000000000000e+01 -3.125000000000000000e-01 -3.750000000000000000e-01 6.250000000000000000e-02
5.500000000000000000e+00 -1.950000047683715820e+00 7.860000133514404297e+00 -6.250000000000000000e+00 2.750000000000000000e+00 -3.975000000000000000e+01 -1.875000000000000000e-01 -3.125000000000000000e-01 1.250000000000000000e-01
5.519999980926513672e+00 -1.940000057220458984e+00 7.860000133514404297e+00 -6.250000000000000000e+00 2.750000000000000000e+00 -3.975000000000000000e+01 -5.625000000000000000e-01 -5.000000000000000000e-01 1.250000000000000000e-01
5.570000171661376953e+00 -1.889999985694885254e+00 7.860000133514404297e+00 -6.250000000000000000e+00 2.750000000000000000e+00 -3.975000000000000000e+01 -5.625000000000000000e-01 -5.000000000000000000e-01 1.250000000000000000e-01
5.539999961853027344e+00 -1.809999942779541016e+00 7.880000114440917969e+00 -5.500000000000000000e+00 3.062500000000000000e+00 -4.100000000000000000e+01 -1.625000000000000000e+00 -1.250000000000000000e+00 1.000000000000000000e+00
5.679999828338623047e+00 -1.899999976158142090e+00 7.809999942779541016e+00 -5.500000000000000000e+00 3.062500000000000000e+00 -4.100000000000000000e+01 -2.250000000000000000e+00 -2.062500000000000000e+00 1.937500000000000000e+00
5.739999771118164062e+00 -1.980000019073486328e+00 7.750000000000000000e+00 -5.500000000000000000e+00 3.062500000000000000e+00 -4.100000000000000000e+01 -2.687500000000000000e+00 -1.875000000000000000e+00 2.500000000000000000e+00
5.820000171661376953e+00 -2.119999885559082031e+00 7.690000057220458984e+00 -5.500000000000000000e+00 3.062500000000000000e+00 -4.100000000000000000e+01 -2.562500000000000000e+00 -2.000000000000000000e+00 3.125000000000000000e+00
5.849999904632568359e+00 -2.480000019073486328e+00 7.550000190734863281e+00 -5.500000000000000000e+00 3.062500000000000000e+00 -4.100000000000000000e+01 -2.562500000000000000e+00 -2.000000000000000000e+00 3.125000000000000000e+00
6.050000190734863281e+00 -2.589999914169311523e+00 7.519999980926513672e+00 -5.187500000000000000e+00 3.062500000000000000e+00 -3.975000000000000000e+01 -2.562500000000000000e+00 -1.625000000000000000e+00 3.500000000000000000e+00
6.110000133514404297e+00 -2.549999952316284180e+00 7.510000228881835938e+00 -5.187500000000000000e+00 3.062500000000000000e+00 -3.975000000000000000e+01 -1.750000000000000000e+00 8.750000000000000000e-01 4.062500000000000000e+00
6.610000133514404297e+00 -2.220000028610229492e+00 7.630000114440917969e+00 -5.187500000000000000e+00 3.062500000000000000e+00 -3.975000000000000000e+01 -2.000000000000000000e+00 2.625000000000000000e+00 4.125000000000000000e+00
7.210000038146972656e+00 -2.039999961853027344e+00 7.530000209808349609e+00 -5.187500000000000000e+00 3.062500000000000000e+00 -3.975000000000000000e+01 -3.375000000000000000e+00 5.062500000000000000e+00 4.937500000000000000e+00
7.980000019073486328e+00 -1.700000047683715820e+00 7.320000171661376953e+00 -5.187500000000000000e+00 3.062500000000000000e+00 -3.975000000000000000e+01 -3.375000000000000000e+00 5.062500000000000000e+00 4.937500000000000000e+00
9.189999580383300781e+00 -1.289999961853027344e+00 6.710000038146972656e+00 -4.375000000000000000e+00 1.562500000000000000e+00 -3.900000000000000000e+01 -5.750000000000000000e+00 7.062500000000000000e+00 7.250000000000000000e+00
1.006000041961669922e+01 -2.279999971389770508e+00 5.610000133514404297e+00 -4.375000000000000000e+00 1.562500000000000000e+00 -3.900000000000000000e+01 -9.437500000000000000e+00 1.650000000000000000e+01 1.200000000000000000e+01
1.031000041961669922e+01 -2.289999961853027344e+00 5.840000152587890625e+00 -4.375000000000000000e+00 1.562500000000000000e+00 -3.900000000000000000e+01 -9.125000000000000000e+00 2.143750000000000000e+01 1.150000000000000000e+01
1.194999980926513672e+01 -1.889999985694885254e+00 4.449999809265136719e+00 -4.375000000000000000e+00 1.562500000000000000e+00 -3.900000000000000000e+01 -1.100000000000000000e+01 2.250000000000000000e+01 1.218750000000000000e+01
1.085999965667724609e+01 -2.410000085830688477e+00 1.289999961853027344e+00 -4.375000000000000000e+00 1.562500000000000000e+00 -3.900000000000000000e+01 -1.100000000000000000e+01 2.250000000000000000e+01 1.218750000000000000e+01
9.859999656677246094e+00 -3.230000019073486328e+00 6.100000143051147461e-01 -5.500000000000000000e+00 3.500000000000000000e+00 -4.018750000000000000e+01 -1.175000000000000000e+01 2.112500000000000000e+01 1.181250000000000000e+01
1.052000045776367188e+01 -3.910000085830688477e+00 1.740000009536743164e+00 -5.500000000000000000e+00 3.500000000000000000e+00 -4.018750000000000000e+01 -1.937500000000000000e+00 -5.062500000000000000e+00 5.500000000000000000e+00
1.222000026702880859e+01 -4.000000000000000000e+00 1.929999947547912598e+00 -5.500000000000000000e+00 3.500000000000000000e+00 -4.018750000000000000e+01 8.500000000000000000e+00 -7.562500000000000000e+00 5.125000000000000000e+00
1.118999958038330078e+01 -3.680000066757202148e+00 4.949999809265136719e+00 -5.500000000000000000e+00 3.500000000000000000e+00 -4.018750000000000000e+01 1.743750000000000000e+01 -2.625000000000000000e+00 5.750000000000000000e+00
1.105000019073486328e+01 -3.519999980926513672e+00 6.769999980926513672e+00 -5.500000000000000000e+00 3.500000000000000000e+00 -4.018750000000000000e+01 1.743750000000000000e+01 -2.625000000000000000e+00 5.750000000000000000e+00
1.140999984741210938e+01 -1.750000000000000000e+00 6.250000000000000000e+00 -4.000000000000000000e+00 3.875000000000000000e+00 -4.018750000000000000e+01 2.275000000000000000e+01 4.500000000000000000e+00 9.437500000000000000e+00
9.539999961853027344e+00 -4.300000071525573730e-01 7.460000038146972656e+00 -4.000000000000000000e+00 3.875000000000000000e+00 -4.018750000000000000e+01 1.306250000000000000e+01 2.512500000000000000e+01 2.325000000000000000e+01
9.119999885559082031e+00 -2.940000057220458984e+00 6.079999923706054688e+00 -4.000000000000000000e+00 3.875000000000000000e+00 -4.018750000000000000e+01 1.606250000000000000e+01 2.437500000000000000e+01 2.543750000000000000e+01
7.369999885559082031e+00 -1.509999990463256836e+00 6.019999980926513672e+00 -4.000000000000000000e+00 3.875000000000000000e+00 -4.018750000000000000e+01 1.543750000000000000e+01 2.293750000000000000e+01 2.637500000000000000e+01
6.170000076293945312e+00 -1.370000004768371582e+00 5.329999923706054688e+00 -4.000000000000000000e+00 3.875000000000000000e+00 -4.018750000000000000e+01 1.543750000000000000e+01 2.293750000000000000e+01 2.637500000000000000e+01
4.679999828338623047e+00 -2.730000019073486328e+00 5.429999828338623047e+00 -5.187500000000000000e+00 2.750000000000000000e+00 -4.056250000000000000e+01 1.443750000000000000e+01 9.562500000000000000e+00 2.750000000000000000e+01
3.900000095367431641e+00 -2.329999923706054688e+00 6.130000114440917969e+00 -5.187500000000000000e+00 2.750000000000000000e+00 -4.056250000000000000e+01 2.350000000000000000e+01 -2.862500000000000000e+01 2.250000000000000000e+01
4.030000209808349609e+00 -1.570000052452087402e+00 6.619999885559082031e+00 -5.187500000000000000e+00 2.750000000000000000e+00 -4.056250000000000000e+01 2.506250000000000000e+01 -4.850000000000000000e+01 2.118750000000000000e+01
3.970000028610229492e+00 -8.199999928474426270e-01 7.349999904632568359e+00 -5.187500000000000000e+00 2.750000000000000000e+00 -4.056250000000000000e+01 2.043750000000000000e+01 -6.425000000000000000e+01 2.275000000000000000e+01
4.090000152587890625e+00 -1.500000059604644775e-01 8.739999771118164062e+00 -5.187500000000000000e+00 2.750000000000000000e+00 -4.056250000000000000e+01 2.043750000000000000e+01 -6.425000000000000000e+01 2.275000000000000000e+01
4.059999942779541016e+00 -5.799999833106994629e-01 9.529999732971191406e+00 -4.750000000000000000e+00 1.250000000000000000e+00 -4.218750000000000000e+01 1.206250000000000000e+01 -7.418750000000000000e+01 2.525000000000000000e+01
4.070000171661376953e+00 -1.139999985694885254e+00 1.018999958038330078e+01 -4.750000000000000000e+00 1.250000000000000000e+00 -4.218750000000000000e+01 6.250000000000000000e-01 -7.643750000000000000e+01 3.000000000000000000e+01
3.779999971389770508e+00 -1.549999952316284180e+00 1.073999977111816406e+01 -4.750000000000000000e+00 1.250000000000000000e+00 -4.218750000000000000e+01 1.312500000000000000e+00 -7.243750000000000000e+01 2.987500000000000000e+01
2.150000095367431641e+00 -1.779999971389770508e+00 1.164000034332275391e+01 -4.750000000000000000e+00 1.250000000000000000e+00 -4.218750000000000000e+01 4.000000000000000000e+00 -6.662500000000000000e+01 2.756250000000000000e+01
8.600000143051147461e-01 -1.490000009536743164e+00 1.215999984741210938e+01 -4.750000000000000000e+00 1.250000000000000000e+00 -4.218750000000000000e+01 4.000000000000000000e+00 -6.662500000000000000e+01 2.756250000000000000e+01
9.999999776482582092e-03 -1.220000028610229492e+00 1.252000045776367188e+01 -9.187500000000000000e+00 8.750000000000000000e-01 -4.256250000000000000e+01 6.062500000000000000e+00 -6.331250000000000000e+01 2.381250000000000000e+01
-7.300000190734863281e-01 -7.099999785423278809e-01 1.331000041961669922e+01 -9.187500000000000000e+00 8.750000000000000000e-01 -4.256250000000000000e+01 5.250000000000000000e+00 -6.131250000000000000e+01 1.831250000000000000e+01
-8.000000119209289551e-01 -5.299999713897705078e-01 1.356999969482421875e+01 -9.187500000000000000e+00 8.750000000000000000e-01 -4.256250000000000000e+01 8.750000000000000000e-01 -5.818750000000000000e+01 1.231250000000000000e+01
-9.399999976158142090e-01 -9.399999976158142090e-01 1.385000038146972656e+01 -9.187500000000000000e+00 8.750000000000000000e-01 -4.256250000000000000e+01 -5.312500000000000000e+00 -5.256250000000000000e+01 6.562500000000000000e+00
-1.250000000000000000e+00 -1.419999957084655762e+00 1.425000000000000000e+01 -9.187500000000000000e+00 8.750000000000000000e-01 -4.256250000000000000e+01 -1.043750000000000000e+01 -4.306250000000000000e+01 1.687500000000000000e+00
-1.669999957084655762e+00 -2.000000000000000000e+00 1.468000030517578125e+01 -1.106250000000000000e+01 5.000000000000000000e-01 -4.187500000000000000e+01 -1.125000000000000000e+01 -3.393750000000000000e+01 -2.750000000000000000e+00
-1.830000042915344238e+00 -2.029999971389770508e+00 1.478999996185302734e+01 -1.106250000000000000e+01 5.000000000000000000e-01 -4.187500000000000000e+01 -8.375000000000000000e+00 -2.375000000000000000e+01 -6.000000000000000000e+00
-1.899999976158142090e+00 -1.789999961853027344e+00 1.489000034332275391e+01 -1.106250000000000000e+01 5.000000000000000000e-01 -4.187500000000000000e+01 -4.125000000000000000e+00 -1.337500000000000000e+01 -8.312500000000000000e+00
-1.440000057220458984e+00 -1.450000047683715820e+00 1.489000034332275391e+01 -1.106250000000000000e+01 5.000000000000000000e-01 -4.187500000000000000e+01 -2.000000000000000000e+00 -3.687500000000000000e+00 -9.187500000000000000e+00
-1.299999952316284180e+00 -1.490000009536743164e+00 1.473999977111816406e+01 -1.106250000000000000e+01 5.000000000000000000e-01 -4.187500000000000000e+01 -2.375000000000000000e+00 6.312500000000000000e+00 -8.812500000000000000e+00
-1.009999990463256836e+00 -1.669999957084655762e+00 1.451000022888183594e+01 -1.387500000000000000e+01 1.562500000000000000e+00 -4.187500000000000000e+01 -3.875000000000000000e+00 1.693750000000000000e+01 -7.312500000000000000e+00
-9.800000190734863281e-01 -2.029999971389770508e+00 1.426000022888183594e+01 -1.387500000000000000e+01 1.562500000000000000e+00 -4.187500000000000000e+01 -4.187500000000000000e+00 2.743750000000000000e+01 -5.250000000000000000e+00
-1.289999961853027344e+00 -2.289999961853027344e+00 1.353999996185302734e+01 -1.387500000000000000e+01 1.562500000000000000e+00 -4.187500000000000000e+01 -1.250000000000000000e+00 3.712500000000000000e+01 -3.187500000000000000e+00
-1.379999995231628418e+00 -2.109999895095825195e+00 1.313000011444091797e+01 -1.387500000000000000e+01 1.562500000000000000e+00 -4.187500000000000000e+01 4.687500000000000000e+00 4.293750000000000000e+01 -2.000000000000000000e+00
-1.379999995231628418e+00 -1.919999957084655762e+00 1.272000026702880859e+01 -1.387500000000000000e+01 1.562500000000000000e+00 -4.187500000000000000e+01 1.137500000000000000e+01 4.543750000000000000e+01 -2.000000000000000000e+00
-1.250000000000000000e+00 -1.590000033378601074e+00 1.232999992370605469e+01 -1.206250000000000000e+01 8.750000000000000000e-01 -4.225000000000000000e+01 1.625000000000000000e+01 4.443750000000000000e+01 -2.625000000000000000e+00
-1.599999964237213135e-01 -1.279999971389770508e+00 1.164000034332275391e+01 -1.206250000000000000e+01 8.750000000000000000e-01 -4.225000000000000000e+01 1.793750000000000000e+01 3.981250000000000000e+01 -3.937500000000000000e+00
8.000000119209289551e-01 -1.110000014305114746e+00 1.146000003814697266e+01 -1.206250000000000000e+01 8.750000000000000000e-01 -4.225000000000000000e+01 1.718750000000000000e+01 3.356250000000000000e+01 -4.750000000000000000e+00
2.420000076293945312e+00 -1.129999995231628418e+00 1.134000015258789062e+01 -1.206250000000000000e+01 8.750000000000000000e-01 -4.225000000000000000e+01 1.400000000000000000e+01 2.668750000000000000e+01 -3.687500000000000000e+00
5.630000114440917969e+00 -1.389999985694885254e+00 1.046000003814697266e+01 -1.206250000000000000e+01 8.750000000000000000e-01 -4.225000000000000000e+01 8.812500000000000000e+00 2.487500000000000000e+01 -2.500000000000000000e-01
6.369999885559082031e+00 -1.490000009536743164e+00 1.003999996185302734e+01 -1.100000000000000000e+01 5.000000000000000000e-01 -4.187500000000000000e+01 4.250000000000000000e+00 3.337500000000000000e+01 5.500000000000000000e+00
6.900000095367431641e+00 -1.610000014305114746e+00 9.460000038146972656e+00 -1.100000000000000000e+01 5.000000000000000000e-01 -4.187500000000000000e+01 5.000000000000000000e-01 4.800000000000000000e+01 1.300000000000000000e+01
7.309999942779541016e+00 -1.750000000000000000e+00 8.729999542236328125e+00 -1.100000000000000000e+01 5.000000000000000000e-01 -4.187500000000000000e+01 -3.125000000000000000e+00 6.337500000000000000e+01 2.075000000000000000e+01
7.679999828338623047e+00 -2.369999885559082031e+00 7.110000133514404297e+00 -1.100000000000000000e+01 5.000000000000000000e-01 -4.187500000000000000e+01 -5.875000000000000000e+00 7.668750000000000000e+01 2.756250000000000000e+01
7.780000209808349609e+00 -2.680000066757202148e+00 6.300000190734863281e+00 -1.100000000000000000e+01 5.000000000000000000e-01 -4.187500000000000000e+01 -5.500000000000000000e+00 8.593750000000000000e+01 3.218750000000000000e+01
7.880000114440917969e+00 -2.880000114440917969e+00 5.500000000000000000e+00 -7.187500000000000000e+00 -1.875000000000000000e-01 -4.187500000000000000e+01 -1.750000000000000000e+00 9.056250000000000000e+01 3.325000000000000000e+01
8.020000457763671875e+00 -2.880000114440917969e+00 4.860000133514404297e+00 -7.187500000000000000e+00 -1.875000000000000000e-01 -4.187500000000000000e+01 3.625000000000000000e+00 9.100000000000000000e+01 3.093750000000000000e+01
8.260000228881835938e+00 -2.049999952316284180e+00 3.440000057220458984e+00 -7.187500000000000000e+00 -1.875000000000000000e-01 -4.187500000000000000e+01 9.562500000000000000e+00 8.743750000000000000e+01 2.506250000000000000e+01
8.770000457763671875e+00 -1.519999980926513672e+00 2.779999971389770508e+00 -7.187500000000000000e+00 -1.875000000000000000e-01 -4.187500000000000000e+01 1.268750000000000000e+01 8.112500000000000000e+01 1.731250000000000000e+01
8.939999580383300781e+00 -1.129999995231628418e+00 2.309999942779541016e+00 -7.187500000000000000e+00 -1.875000000000000000e-01 -4.187500000000000000e+01 1.150000000000000000e+01 7.175000000000000000e+01 8.062500000000000000e+00
9.970000267028808594e+00 -1.070000052452087402e+00 1.409999966621398926e+00 -3.875000000000000000e+00 2.000000000000000000e+00 -3.906250000000000000e+01 6.125000000000000000e+00 6.056250000000000000e+01 -1.500000000000000000e+00
1.089999961853027344e+01 -1.490000009536743164e+00 9.900000095367431641e-01 -3.875000000000000000e+00 2.000000000000000000e+00 -3.906250000000000000e+01 -1.312500000000000000e+00 4.925000000000000000e+01 -1.031250000000000000e+01
1.119999980926513672e+01 -2.109999895095825195e+00 7.200000286102294922e-01 -3.875000000000000000e+00 2.000000000000000000e+00 -3.906250000000000000e+01 -6.875000000000000000e+00 3.837500000000000000e+01 -1.625000000000000000e+01
1.122999954223632812e+01 -2.730000019073486328e+00 6.000000238418579102e-01 -3.875000000000000000e+00 2.000000000000000000e+00 -3.906250000000000000e+01 -7.375000000000000000e+00 2.881250000000000000e+01 -1.937500000000000000e+01
1.098999977111816406e+01 -3.230000019073486328e+00 3.899999856948852539e-01 -3.875000000000000000e+00 2.000000000000000000e+00 -3.906250000000000000e+01 -2.687500000000000000e+00 1.912500000000000000e+01 -2.187500000000000000e+01
1.080000019073486328e+01 -3.099999904632568359e+00 4.199999868869781494e-01 -1.375000000000000000e+00 8.750000000000000000e-01 -3.825000000000000000e+01 5.687500000000000000e+00 8.625000000000000000e+00 -2.343750000000000000e+01
1.064000034332275391e+01 -2.779999971389770508e+00 4.300000071525573730e-01 -1.375000000000000000e+00 8.750000000000000000e-01 -3.825000000000000000e+01 1.425000000000000000e+01 -1.375000000000000000e+00 -2.325000000000000000e+01
9.989999771118164062e+00 -1.909999966621398926e+00 8.500000238418579102e-01 -1.375000000000000000e+00 8.750000000000000000e-01 -3.825000000000000000e+01 2.012500000000000000e+01 -1.093750000000000000e+01 -2.050000000000000000e+01
2.619999885559082031e+00 3.740000009536743164e+00 7.139999866485595703e+00 -1.375000000000000000e+00 8.750000000000000000e-01 -3.825000000000000000e+01 -5.375000000000000000e+00 -2.287500000000000000e+01 -1.368750000000000000e+01
-5.289999961853027344e+00 -9.510000228881835938e+00 1.660000038146972656e+01 -1.375000000000000000e+00 8.750000000000000000e-01 -3.825000000000000000e+01 -6.756250000000000000e+01 -4.000000000000000000e+01 9.937500000000000000e+00
-1.599999964237213135e-01 -1.381000041961669922e+01 1.938999938964843750e+01 -5.000000000000000000e-01 2.000000000000000000e+00 -3.868750000000000000e+01 -4.906250000000000000e+01 -4.987500000000000000e+01 3.375000000000000000e+00
1.107999992370605469e+01 -1.450000047683715820e+00 1.007999992370605469e+01 -5.000000000000000000e-01 2.000000000000000000e+00 -3.868750000000000000e+01 -1.368750000000000000e+01 -9.693750000000000000e+01 -4.643750000000000000e+01
7.110000133514404297e+00 -6.489999771118164062e+00 6.780000209808349609e+00 -5.000000000000000000e-01 2.000000000000000000e+00 -3.868750000000000000e+01 -1.475000000000000000e+01 -7.225000000000000000e+01 -4.256250000000000000e+01
7.219999790191650391e+00 -7.170000076293945312e+00 5.309999942779541016e+00 -5.000000000000000000e-01 2.000000000000000000e+00 -3.868750000000000000e+01 -1.275000000000000000e+01 -5.543750000000000000e+01 -2.412500000000000000e+01
7.340000152587890625e+00 -4.570000171661376953e+00 6.320000171661376953e+00 -5.000000000000000000e-01 2.000000000000000000e+00 -3.868750000000000000e+01 7.000000000000000000e+00 -5.418750000000000000e+01 -1.906250000000000000e+01
8.930000305175781250e+00 -3.900000095367431641e+00 8.399999618530273438e+00 -2.000000000000000000e+00 1.562500000000000000e+00 -3.956250000000000000e+01 1.475000000000000000e+01 -4.812500000000000000e+01 -1.237500000000000000e+01
9.159999847412109375e+00 -2.369999885559082031e+00 8.909999847412109375e+00 -2.000000000000000000e+00 1.562500000000000000e+00 -3.956250000000000000e+01 1.943750000000000000e+01 -4.025000000000000000e+01 -6.875000000000000000e+00
8.579999923706054688e+00 -4.799999892711639404e-01 8.930000305175781250e+00 -2.000000000000000000e+00 1.562500000000000000e+00 -3.956250000000000000e+01 2.143750000000000000e+01 -2.531250000000000000e+01 -4.687500000000000000e+00
7.340000152587890625e+00 4.000000059604644775e-01 8.670000076293945312e+00 -2.000000000000000000e+00 1.562500000000000000e+00 -3.956250000000000000e+01 1.612500000000000000e+01 -1.137500000000000000e+01 -1.187500000000000000e+00
4.679999828338623047e+00 5.000000000000000000e-01 8.380000114440917969e+00 -2.000000000000000000e+00 1.562500000000000000e+00 -3.956250000000000000e+01 8.875000000000000000e+00 -3.375000000000000000e+00 4.375000000000000000e-01
4.780000209808349609e+00 -1.999999955296516418e-02 8.069999694824218750e+00 -5.250000000000000000e+00 2.750000000000000000e+00 -3.918750000000000000e+01 1.812500000000000000e+00 -3.562500000000000000e+00 -2.937500000000000000e+00
4.519999980926513672e+00 -1.129999995231628418e+00 7.739999771118164062e+00 -5.250000000000000000e+00 2.750000000000000000e+00 -3.918750000000000000e+01 -4.000000000000000000e+00 -6.062500000000000000e+00 -4.562500000000000000e+00
4.579999923706054688e+00 -2.509999990463256836e+00 7.739999771118164062e+00 -5.250000000000000000e+00 2.750000000000000000e+00 -3.918750000000000000e+01 -7.250000000000000000e+00 -6.125000000000000000e+00 -5.687500000000000000e+00
4.389999866485595703e+00 -3.180000066757202148e+00 7.699999809265136719e+00 -5.250000000000000000e+00 2.750000000000000000e+00 -3.918750000000000000e+01 -7.562500000000000000e+00 -1.131250000000000000e+01 -4.937500000000000000e+00
