5.500000000000000000e+00 -1.980000019073486328e+00 7.809999942779541016e+00 -7.250000000000000000e+00 5.000000000000000000e-01 -4.056250000000000000e+01 5.625000000000000000e-01 -6.250000000000000000e-02 -5.625000000000000000e-01
5.519999980926513672e+00 -1.990000009536743164e+00 7.840000152587890625e+00 -6.187500000000000000e+00 -1.875000000000000000e-01 -3.937500000000000000e+01 3.750000000000000000e-01 1.250000000000000000e-01 -6.250000000000000000e-01
5.530000209808349609e+00 -1.960000038146972656e+00 7.829999923706054688e+00 -6.187500000000000000e+00 -1.875000000000000000e-01 -3.937500000000000000e+01 3.125000000000000000e-01 6.250000000000000000e-02 -5.000000000000000000e-01
5.519999980926513672e+00 -1.960000038146972656e+00 7.780000209808349609e+00 -6.187500000000000000e+00 -1.875000000000000000e-01 -3.937500000000000000e+01 2.500000000000000000e-01 6.250000000000000000e-02 -6.250000000000000000e-01
5.530000209808349609e+00 -1.970000028610229492e+00 7.789999961853027344e+00 -6.187500000000000000e+00 -1.875000000000000000e-01 -3.937500000000000000e+01 3.125000000000000000e-01 -6.250000000000000000e-02 -4.375000000000000000e-01
5.510000228881835938e+00 -1.970000028610229492e+00 7.829999923706054688e+00 -6.187500000000000000e+00 -1.875000000000000000e-01 -3.937500000000000000e+01 2.500000000000000000e-01 -6.250000000000000000e-02 -4.375000000000000000e-01
5.500000000000000000e+00 -1.990000009536743164e+00 7.820000171661376953e+00 -7.250000000000000000e+00 -8.750000000000000000e-01 -4.056250000000000000e+01 1.875000000000000000e-01 1.250000000000000000e-01 -4.375000000000000000e-01
5.510000228881835938e+00 -2.000000000000000000e+00 7.820000171661376953e+00 -7.250000000000000000e+00 -8.750000000000000000e-01 -4.056250000000000000e+01 1.875000000000000000e-01 -1.250000000000000000e-01 -4.375000000000000000e-01
5.500000000000000000e+00 -1.970000028610229492e+00 7.780000209808349609e+00 -7.250000000000000000e+00 -8.750000000000000000e-01 -4.056250000000000000e+01 3.125000000000000000e-01 6.250000000000000000e-02 -3.750000000000000000e-01
5.460000038146972656e+00 -1.960000038146972656e+00 7.829999923706054688e+00 -7.250000000000000000e+00 -8.750000000000000000e-01 -4.056250000000000000e+01 1.875000000000000000e-01 1.250000000000000000e-01 -4.375000000000000000e-01
5.590000152587890625e+00 -1.960000038146972656e+00 7.820000171661376953e+00 -7.250000000000000000e+00 -8.750000000000000000e-01 -4.056250000000000000e+01 3.750000000000000000e-01 -6.250000000000000000e-02 -6.875000000000000000e-01
5.489999771118164062e+00 -2.019999980926513672e+00 7.769999980926513672e+00 -6.562500000000000000e+00 -1.875000000000000000e-01 -4.018750000000000000e+01 5.000000000000000000e-01 1.250000000000000000e-01 -1.000000000000000000e+00
5.489999771118164062e+00 -1.980000019073486328e+00 7.820000171661376953e+00 -6.562500000000000000e+00 -1.875000000000000000e-01 -4.018750000000000000e+01 2.500000000000000000e-01 -3.125000000000000000e-01 -7.500000000000000000e-01
5.469999790191650391e+00 -1.970000028610229492e+00 7.820000171661376953e+00 -6.562500000000000000e+00 -1.875000000000000000e-01 -4.018750000000000000e+01 2.500000000000000000e-01 -3.125000000000000000e-01 -7.500000000000000000e-01
5.550000190734863281e+00 -1.960000038146972656e+00 7.809999942779541016e+00 -6.562500000000000000e+00 -1.875000000000000000e-01 -4.018750000000000000e+01 3.750000000000000000e-01 -1.875000000000000000e-01 -1.062500000000000000e+00
5.539999961853027344e+00 -1.990000009536743164e+00 7.789999961853027344e+00 -6.562500000000000000e+00 -1.875000000000000000e-01 -4.018750000000000000e+01 5.000000000000000000e-01 -1.875000000000000000e-01 -1.062500000000000000e+00
5.550000190734863281e+00 -1.950000047683715820e+00 7.849999904632568359e+00 -6.187500000000000000e+00 5.000000000000000000e-01 -4.018750000000000000e+01 4.375000000000000000e-01 -3.125000000000000000e-01 -1.000000000000000000e+00
5.489999771118164062e+00 -1.929999947547912598e+00 7.829999923706054688e+00 -6.187500000000000000e+00 5.000000000000000000e-01 -4.018750000000000000e+01 4.375000000000000000e-01 -1.250000000000000000e-01 -9.375000000000000000e-01
5.489999771118164062e+00 -1.929999947547912598e+00 7.809999942779541016e+00 -6.187500000000000000e+00 5.000000000000000000e-01 -4.018750000000000000e+01 3.125000000000000000e-01 -4.375000000000000000e-01 -8.750000000000000000e-01
5.489999771118164062e+00 -1.809999942779541016e+00 7.869999885559082031e+00 -6.187500000000000000e+00 5.000000000000000000e-01 -4.018750000000000000e+01 5.000000000000000000e-01 -2.500000000000000000e-01 -1.125000000000000000e+00
5.670000076293945312e+00 -1.860000014305114746e+00 7.840000152587890625e+00 -6.187500000000000000e+00 5.000000000000000000e-01 -4.018750000000000000e+01 -6.250000000000000000e-02 -3.125000000000000000e-01 -1.062500000000000000e+00
5.900000095367431641e+00 -1.990000009536743164e+00 7.730000019073486328e+00 -6.875000000000000000e+00 1.875000000000000000e-01 -3.900000000000000000e+01 -5.000000000000000000e-01 -7.500000000000000000e-01 -6.250000000000000000e-01
5.880000114440917969e+00 -1.940000057220458984e+00 7.690000057220458984e+00 -6.875000000000000000e+00 1.875000000000000000e-01 -3.900000000000000000e+01 -1.000000000000000000e+00 -6.875000000000000000e-01 2.500000000000000000e-01
5.860000133514404297e+00 -2.130000114440917969e+00 7.579999923706054688e+00 -6.875000000000000000e+00 1.875000000000000000e-01 -3.900000000000000000e+01 -2.000000000000000000e+00 -6.875000000000000000e-01 1.375000000000000000e+00
5.780000209808349609e+00 -2.339999914169311523e+00 7.570000171661376953e+00 -6.875000000000000000e+00 1.875000000000000000e-01 -3.900000000000000000e+01 -2.937500000000000000e+00 -4.375000000000000000e-01 1.687500000000000000e+00
5.969999790191650391e+00 -2.410000085830688477e+00 7.510000228881835938e+00 -6.875000000000000000e+00 1.875000000000000000e-01 -3.900000000000000000e+01 -4.312500000000000000e+00 -6.875000000000000000e-01 3.000000000000000000e+00
6.690000057220458984e+00 -2.059999942779541016e+00 7.630000114440917969e+00 -6.187500000000000000e+00 -1.875000000000000000e-01 -4.056250000000000000e+01 -5.625000000000000000e+00 -6.875000000000000000e-01 3.625000000000000000e+00
7.030000209808349609e+00 -1.860000014305114746e+00 7.639999866485595703e+00 -6.187500000000000000e+00 -1.875000000000000000e-01 -4.056250000000000000e+01 -6.625000000000000000e+00 1.250000000000000000e-01 3.812500000000000000e+00
7.289999961853027344e+00 -1.429999947547912598e+00 7.630000114440917969e+00 -6.187500000000000000e+00 -1.875000000000000000e-01 -4.056250000000000000e+01 -7.562500000000000000e+00 1.937500000000000000e+00 8.750000000000000000e-01
8.460000038146972656e+00 -1.029999971389770508e+00 6.849999904632568359e+00 -6.187500000000000000e+00 -1.875000000000000000e-01 -4.056250000000000000e+01 -9.375000000000000000e+00 2.500000000000000000e+00 -7.125000000000000000e+00
1.555000019073486328e+01 -9.700000286102294922e-01 -1.210000038146972656e+00 -6.187500000000000000e+00 -1.875000000000000000e-01 -4.056250000000000000e+01 -1.593750000000000000e+01 -4.687500000000000000e+00 -1.443750000000000000e+01
1.365999984741210938e+01 -3.579999923706054688e+00 -3.369999885559082031e+00 -6.562500000000000000e+00 8.750000000000000000e-01 -4.056250000000000000e+01 -2.525000000000000000e+01 -1.668750000000000000e+01 -1.375000000000000000e+01
1.397999954223632812e+01 -7.300000190734863281e+00 -6.399999856948852539e-01 -6.562500000000000000e+00 8.750000000000000000e-01 -4.056250000000000000e+01 -2.375000000000000000e+01 -3.100000000000000000e+01 -1.062500000000000000e+01
1.873999977111816406e+01 -4.820000171661376953e+00 -9.399999976158142090e-01 -6.562500000000000000e+00 8.750000000000000000e-01 -4.056250000000000000e+01 -6.312500000000000000e+00 -4.500000000000000000e+01 -1.131250000000000000e+01
1.209000015258789062e+01 -2.980000019073486328e+00 0.000000000000000000e+00 -6.562500000000000000e+00 8.750000000000000000e-01 -4.056250000000000000e+01 1.356250000000000000e+01 -2.381250000000000000e+01 -1.125000000000000000e+00
1.223999977111816406e+01 -3.589999914169311523e+00 1.210000038146972656e+00 -6.562500000000000000e+00 8.750000000000000000e-01 -4.056250000000000000e+01 2.137500000000000000e+01 -1.725000000000000000e+01 1.243750000000000000e+01
1.493000030517578125e+01 -3.829999923706054688e+00 2.170000076293945312e+00 -6.875000000000000000e+00 8.750000000000000000e-01 -4.018750000000000000e+01 2.118750000000000000e+01 -2.943750000000000000e+01 2.150000000000000000e+01
9.829999923706054688e+00 -3.009999990463256836e+00 3.839999914169311523e+00 -6.875000000000000000e+00 8.750000000000000000e-01 -4.018750000000000000e+01 2.300000000000000000e+01 -2.000000000000000000e+01 2.837500000000000000e+01
7.710000038146972656e+00 -3.769999980926513672e+00 4.230000019073486328e+00 -6.875000000000000000e+00 8.750000000000000000e-01 -4.018750000000000000e+01 2.281250000000000000e+01 -1.625000000000000000e+01 3.012500000000000000e+01
7.829999923706054688e+00 -3.160000085830688477e+00 5.559999942779541016e+00 -6.875000000000000000e+00 8.750000000000000000e-01 -4.018750000000000000e+01 2.718750000000000000e+01 -2.225000000000000000e+01 2.387500000000000000e+01
8.210000038146972656e+00 -1.509999990463256836e+00 6.829999923706054688e+00 -6.875000000000000000e+00 8.750000000000000000e-01 -4.018750000000000000e+01 2.975000000000000000e+01 -2.706250000000000000e+01 1.593750000000000000e+01
4.949999809265136719e+00 -2.700000107288360596e-01 8.029999732971191406e+00 -8.687500000000000000e+00 5.000000000000000000e-01 -4.150000000000000000e+01 2.162500000000000000e+01 -2.012500000000000000e+01 1.018750000000000000e+01
3.750000000000000000e+00 -1.059999942779541016e+00 9.039999961853027344e+00 -8.687500000000000000e+00 5.000000000000000000e-01 -4.150000000000000000e+01 7.187500000000000000e+00 -1.387500000000000000e+01 4.687500000000000000e+00
3.589999914169311523e+00 -1.820000052452087402e+00 8.449999809265136719e+00 -8.687500000000000000e+00 5.000000000000000000e-01 -4.150000000000000000e+01 -3.437500000000000000e+00 -1.856250000000000000e+01 -1.500000000000000000e+00
4.099999904632568359e+00 -7.599999904632568359e-01 1.114999961853027344e+01 -8.687500000000000000e+00 5.000000000000000000e-01 -4.150000000000000000e+01 -7.125000000000000000e+00 -2.012500000000000000e+01 -7.625000000000000000e+00
2.089999914169311523e+00 -3.279999971389770508e+00 1.056000041961669922e+01 -8.687500000000000000e+00 5.000000000000000000e-01 -4.150000000000000000e+01 -1.125000000000000000e+01 -1.687500000000000000e+01 -1.093750000000000000e+01
-5.400000214576721191e-01 -1.200000047683715820e+00 1.068000030517578125e+01 -1.100000000000000000e+01 -1.687500000000000000e+00 -4.150000000000000000e+01 -6.687500000000000000e+00 -1.187500000000000000e+01 -1.412500000000000000e+01
9.700000286102294922e-01 1.039999961853027344e+00 1.221000003814697266e+01 -1.100000000000000000e+01 -1.687500000000000000e+00 -4.150000000000000000e+01 -5.187500000000000000e+00 -1.943750000000000000e+01 -1.568750000000000000e+01
-4.699999988079071045e-01 -1.139999985694885254e+00 1.219999980926513672e+01 -1.100000000000000000e+01 -1.687500000000000000e+00 -4.150000000000000000e+01 -1.268750000000000000e+01 -2.037500000000000000e+01 -1.325000000000000000e+01
-1.259999990463256836e+00 -7.400000095367431641e-01 1.276000022888183594e+01 -1.100000000000000000e+01 -1.687500000000000000e+00 -4.150000000000000000e+01 -1.100000000000000000e+01 -1.193750000000000000e+01 -1.575000000000000000e+01
-1.099999994039535522e-01 -7.599999904632568359e-01 1.318999958038330078e+01 -1.100000000000000000e+01 -1.687500000000000000e+00 -4.150000000000000000e+01 -1.068750000000000000e+01 -1.531250000000000000e+01 -1.543750000000000000e+01
-6.000000238418579102e-01 -5.099999904632568359e-01 1.389999961853027344e+01 -1.275000000000000000e+01 -1.250000000000000000e+00 -4.350000000000000000e+01 -1.175000000000000000e+01 -1.131250000000000000e+01 -1.506250000000000000e+01
-1.690000057220458984e+00 -8.199999928474426270e-01 1.428999996185302734e+01 -1.275000000000000000e+01 -1.250000000000000000e+00 -4.350000000000000000e+01 -1.268750000000000000e+01 -5.937500000000000000e+00 -1.493750000000000000e+01
-1.639999985694885254e+00 -5.600000023841857910e-01 1.427000045776367188e+01 -1.275000000000000000e+01 -1.250000000000000000e+00 -4.350000000000000000e+01 -1.381250000000000000e+01 -4.187500000000000000e+00 -1.668750000000000000e+01
-2.539999961853027344e+00 -1.100000023841857910e+00 1.402999973297119141e+01 -1.275000000000000000e+01 -1.250000000000000000e+00 -4.350000000000000000e+01 -1.650000000000000000e+01 3.062500000000000000e+00 -1.800000000000000000e+01
-1.659999966621398926e+00 -1.899999976158142090e+00 1.427999973297119141e+01 -1.275000000000000000e+01 -1.250000000000000000e+00 -4.350000000000000000e+01 -1.737500000000000000e+01 5.312500000000000000e+00 -1.906250000000000000e+01
-2.599999904632568359e-01 -2.369999885559082031e+00 1.356000041961669922e+01 -1.306250000000000000e+01 -8.750000000000000000e-01 -4.150000000000000000e+01 -1.543750000000000000e+01 9.125000000000000000e+00 -1.931250000000000000e+01
1.399999976158142090e+00 -2.410000085830688477e+00 1.152000045776367188e+01 -1.306250000000000000e+01 -8.750000000000000000e-01 -4.150000000000000000e+01 -1.268750000000000000e+01 1.037500000000000000e+01 -1.718750000000000000e+01
8.700000047683715820e-01 -1.009999990463256836e+00 1.181000041961669922e+01 -1.306250000000000000e+01 -8.750000000000000000e-01 -4.150000000000000000e+01 -4.875000000000000000e+00 3.500000000000000000e+00 -1.793750000000000000e+01
2.199999988079071045e-01 -2.329999923706054688e+00 1.177000045776367188e+01 -1.306250000000000000e+01 -8.750000000000000000e-01 -4.150000000000000000e+01 -2.437500000000000000e+00 7.187500000000000000e+00 -1.137500000000000000e+01
-7.699999809265136719e-01 -2.599999904632568359e+00 1.260000038146972656e+01 -1.306250000000000000e+01 -8.750000000000000000e-01 -4.150000000000000000e+01 -2.000000000000000000e+00 1.562500000000000000e+01 2.750000000000000000e+00
-1.350000023841857910e+00 -2.200000047683715820e+00 1.306999969482421875e+01 -1.375000000000000000e+01 -1.875000000000000000e-01 -4.256250000000000000e+01 3.562500000000000000e+00 2.156250000000000000e+01 1.312500000000000000e+01
-2.059999942779541016e+00 -1.639999985694885254e+00 1.330000019073486328e+01 -1.375000000000000000e+01 -1.875000000000000000e-01 -4.256250000000000000e+01 9.375000000000000000e+00 2.493750000000000000e+01 2.106250000000000000e+01
-1.720000028610229492e+00 -9.399999976158142090e-01 1.367000007629394531e+01 -1.375000000000000000e+01 -1.875000000000000000e-01 -4.256250000000000000e+01 1.125000000000000000e+01 2.681250000000000000e+01 2.831250000000000000e+01
-1.460000038146972656e+00 -1.269999980926513672e+00 1.361999988555908203e+01 -1.375000000000000000e+01 -1.875000000000000000e-01 -4.256250000000000000e+01 9.375000000000000000e+00 3.037500000000000000e+01 3.562500000000000000e+01
-1.870000004768371582e+00 -1.549999952316284180e+00 1.350000000000000000e+01 -1.375000000000000000e+01 -1.875000000000000000e-01 -4.256250000000000000e+01 7.625000000000000000e+00 3.631250000000000000e+01 4.081250000000000000e+01
-2.740000009536743164e+00 -1.029999971389770508e+00 1.294999980926513672e+01 -1.268750000000000000e+01 1.875000000000000000e-01 -4.068750000000000000e+01 7.875000000000000000e+00 4.018750000000000000e+01 4.306250000000000000e+01
-1.919999957084655762e+00 -2.970000028610229492e+00 1.281999969482421875e+01 -1.268750000000000000e+01 1.875000000000000000e-01 -4.068750000000000000e+01 6.687500000000000000e+00 3.868750000000000000e+01 4.418750000000000000e+01
-7.699999809265136719e-01 -2.609999895095825195e+00 1.235000038146972656e+01 -1.268750000000000000e+01 1.875000000000000000e-01 -4.068750000000000000e+01 1.293750000000000000e+01 3.018750000000000000e+01 3.700000000000000000e+01
2.109999895095825195e+00 -9.999999776482582092e-03 1.221000003814697266e+01 -1.268750000000000000e+01 1.875000000000000000e-01 -4.068750000000000000e+01 2.187500000000000000e+01 1.593750000000000000e+01 2.500000000000000000e+01
5.539999961853027344e+00 -3.199999928474426270e-01 9.569999694824218750e+00 -1.268750000000000000e+01 1.875000000000000000e-01 -4.068750000000000000e+01 2.437500000000000000e+01 -1.093750000000000000e+01 1.700000000000000000e+01
7.630000114440917969e+00 2.899999916553497314e-01 1.010999965667724609e+01 -1.006250000000000000e+01 1.875000000000000000e-01 -4.187500000000000000e+01 2.887500000000000000e+01 -1.543750000000000000e+01 1.131250000000000000e+01
5.710000038146972656e+00 -6.499999761581420898e-01 9.909999847412109375e+00 -1.006250000000000000e+01 1.875000000000000000e-01 -4.187500000000000000e+01 1.618750000000000000e+01 -5.687500000000000000e+00 1.962500000000000000e+01
4.780000209808349609e+00 7.599999904632568359e-01 8.760000228881835938e+00 -1.006250000000000000e+01 1.875000000000000000e-01 -4.187500000000000000e+01 1.093750000000000000e+01 1.687500000000000000e+00 2.275000000000000000e+01
5.980000019073486328e+00 -1.080000042915344238e+00 8.060000419616699219e+00 -1.006250000000000000e+01 1.875000000000000000e-01 -4.187500000000000000e+01 1.500000000000000000e+00 -1.375000000000000000e+00 2.300000000000000000e+01
6.050000190734863281e+00 -1.840000033378601074e+00 7.590000152587890625e+00 -1.006250000000000000e+01 1.875000000000000000e-01 -4.187500000000000000e+01 -8.187500000000000000e+00 -2.687500000000000000e+00 2.237500000000000000e+01
5.519999980926513672e+00 -6.499999761581420898e-01 7.599999904632568359e+00 -9.000000000000000000e+00 -8.750000000000000000e-01 -4.237500000000000000e+01 -1.043750000000000000e+01 1.375000000000000000e+00 1.668750000000000000e+01
8.399999618530273438e+00 -2.019999980926513672e+00 7.050000190734863281e+00 -9.000000000000000000e+00 -8.750000000000000000e-01 -4.237500000000000000e+01 -1.300000000000000000e+01 6.125000000000000000e+00 1.537500000000000000e+01
8.560000419616699219e+00 -5.299999713897705078e-01 5.869999885559082031e+00 -9.000000000000000000e+00 -8.750000000000000000e-01 -4.237500000000000000e+01 -1.075000000000000000e+01 1.293750000000000000e+01 1.243750000000000000e+01
8.329999923706054688e+00 -4.399999976158142090e-01 5.440000057220458984e+00 -9.000000000000000000e+00 -8.750000000000000000e-01 -4.237500000000000000e+01 -1.618750000000000000e+01 2.137500000000000000e+01 1.462500000000000000e+01
9.369999885559082031e+00 -4.840000152587890625e+00 4.119999885559082031e+00 -9.000000000000000000e+00 -8.750000000000000000e-01 -4.237500000000000000e+01 -2.375000000000000000e+01 2.362500000000000000e+01 1.743750000000000000e+01
8.800000190734863281e+00 -2.509999990463256836e+00 1.820000052452087402e+00 -7.875000000000000000e+00 8.750000000000000000e-01 -3.987500000000000000e+01 -1.450000000000000000e+01 2.512500000000000000e+01 5.500000000000000000e+00
8.850000381469726562e+00 -3.930000066757202148e+00 5.299999713897705078e-01 -7.875000000000000000e+00 8.750000000000000000e-01 -3.987500000000000000e+01 -7.562500000000000000e+00 2.025000000000000000e+01 -7.875000000000000000e+00
1.098999977111816406e+01 -4.070000171661376953e+00 -1.100000023841857910e+00 -7.875000000000000000e+00 8.750000000000000000e-01 -3.987500000000000000e+01 3.062500000000000000e+00 1.187500000000000000e+00 -2.618750000000000000e+01
1.381000041961669922e+01 -5.630000114440917969e+00 -9.200000166893005371e-01 -7.875000000000000000e+00 8.750000000000000000e-01 -3.987500000000000000e+01 1.500000000000000000e+01 -2.043750000000000000e+01 -4.781250000000000000e+01
2.636000061035156250e+01 -2.690000057220458984e+00 1.860000014305114746e+00 -7.875000000000000000e+00 8.750000000000000000e-01 -3.987500000000000000e+01 2.487500000000000000e+01 -4.275000000000000000e+01 -6.225000000000000000e+01
3.266999816894531250e+01 -5.880000114440917969e+00 -4.190000057220458984e+00 -5.687500000000000000e+00 1.250000000000000000e+00 -3.950000000000000000e+01 1.543750000000000000e+01 -3.856250000000000000e+01 -5.893750000000000000e+01
1.575000000000000000e+01 -7.849999904632568359e+00 -1.779999971389770508e+00 -5.687500000000000000e+00 1.250000000000000000e+00 -3.950000000000000000e+01 4.250000000000000000e+00 3.887500000000000000e+01 -1.825000000000000000e+01
1.885000038146972656e+01 -6.360000133514404297e+00 -1.929999947547912598e+00 -5.687500000000000000e+00 1.250000000000000000e+00 -3.950000000000000000e+01 5.750000000000000000e+00 3.262500000000000000e+01 -1.131250000000000000e+01
1.430000019073486328e+01 -4.699999809265136719e+00 7.059999942779541016e+00 -5.687500000000000000e+00 1.250000000000000000e+00 -3.950000000000000000e+01 5.937500000000000000e+00 -6.062500000000000000e+00 -5.687500000000000000e+00
4.639999866485595703e+00 -1.899999976158142090e-01 8.699999809265136719e+00 -5.687500000000000000e+00 1.250000000000000000e+00 -3.950000000000000000e+01 6.500000000000000000e+00 2.162500000000000000e+01 4.312500000000000000e+00
-6.899999976158142090e-01 8.399999737739562988e-01 1.042000007629394531e+01 -7.187500000000000000e+00 5.000000000000000000e-01 -3.787500000000000000e+01 2.062500000000000000e+00 2.881250000000000000e+01 1.275000000000000000e+01
5.360000133514404297e+00 -1.200000047683715820e+00 8.659999847412109375e+00 -7.187500000000000000e+00 5.000000000000000000e-01 -3.787500000000000000e+01 -6.875000000000000000e-01 2.562500000000000000e+00 1.056250000000000000e+01
5.099999904632568359e+00 -9.100000262260437012e-01 8.399999618530273438e+00 -7.187500000000000000e+00 5.000000000000000000e-01 -3.787500000000000000e+01 -2.937500000000000000e+00 -3.812500000000000000e+00 6.437500000000000000e+00
3.759999990463256836e+00 -1.100000023841857910e+00 8.170000076293945312e+00 -7.187500000000000000e+00 5.000000000000000000e-01 -3.787500000000000000e+01 -3.875000000000000000e+00 1.625000000000000000e+00 5.062500000000000000e+00
5.650000095367431641e+00 -2.839999914169311523e+00 7.559999942779541016e+00 -7.187500000000000000e+00 5.000000000000000000e-01 -3.787500000000000000e+01 -4.312500000000000000e+00 -1.125000000000000000e+00 3.187500000000000000e+00
6.610000133514404297e+00 -3.539999961853027344e+00 7.300000190734863281e+00 -5.687500000000000000e+00 8.750000000000000000e-01 -3.825000000000000000e+01 -2.062500000000000000e+00 -4.937500000000000000e+00 5.625000000000000000e-01
5.750000000000000000e+00 -3.529999971389770508e+00 7.380000114440917969e+00 -5.687500000000000000e+00 8.750000000000000000e-01 -3.825000000000000000e+01 -1.250000000000000000e-01 -1.812500000000000000e+00 -6.250000000000000000e-01
5.030000209808349609e+00 -2.849999904632568359e+00 7.559999942779541016e+00 -5.687500000000000000e+00 8.750000000000000000e-01 -3.825000000000000000e+01 2.312500000000000000e+00 1.250000000000000000e+00 -1.812500000000000000e+00
5.889999866485595703e+00 -1.610000014305114746e+00 7.969999790191650391e+00 -5.687500000000000000e+00 8.750000000000000000e-01 -3.825000000000000000e+01 3.687500000000000000e+00 1.875000000000000000e-01 -3.375000000000000000e+00
