5.699999809265136719e+00 -2.019999980926513672e+00 7.869999885559082031e+00 -1.668750000000000000e+01 1.475000000000000000e+01 -2.706250000000000000e+01 -9.375000000000000000e-01 -4.375000000000000000e-01 1.250000000000000000e-01
5.849999904632568359e+00 -1.740000009536743164e+00 7.969999790191650391e+00 -1.668750000000000000e+01 1.475000000000000000e+01 -2.706250000000000000e+01 -2.000000000000000000e+00 -1.125000000000000000e+00 1.375000000000000000e+00
5.980000019073486328e+00 -1.259999990463256836e+00 7.719999790191650391e+00 -1.668750000000000000e+01 1.475000000000000000e+01 -2.706250000000000000e+01 -4.000000000000000000e+00 -2.125000000000000000e+00 3.812500000000000000e+00
5.780000209808349609e+00 -1.299999952316284180e+00 8.079999923706054688e+00 -1.668750000000000000e+01 1.475000000000000000e+01 -2.706250000000000000e+01 -5.562500000000000000e+00 -1.500000000000000000e+00 5.937500000000000000e+00
6.179999828338623047e+00 -1.539999961853027344e+00 7.880000114440917969e+00 -1.668750000000000000e+01 1.475000000000000000e+01 -2.706250000000000000e+01 -8.687500000000000000e+00 -2.000000000000000000e+00 9.812500000000000000e+00
6.110000133514404297e+00 -1.440000057220458984e+00 8.079999923706054688e+00 -1.525000000000000000e+01 1.400000000000000000e+01 -2.825000000000000000e+01 -1.050000000000000000e+01 -1.000000000000000000e+00 1.325000000000000000e+01
6.360000133514404297e+00 -1.389999985694885254e+00 7.849999904632568359e+00 -1.525000000000000000e+01 1.400000000000000000e+01 -2.825000000000000000e+01 -1.262500000000000000e+01 2.500000000000000000e-01 1.681250000000000000e+01
6.219999790191650391e+00 -1.679999947547912598e+00 7.769999980926513672e+00 -1.525000000000000000e+01 1.400000000000000000e+01 -2.825000000000000000e+01 -1.481250000000000000e+01 2.875000000000000000e+00 1.975000000000000000e+01
5.579999923706054688e+00 -1.990000009536743164e+00 7.969999790191650391e+00 -1.525000000000000000e+01 1.400000000000000000e+01 -2.825000000000000000e+01 -1.650000000000000000e+01 7.000000000000000000e+00 2.187500000000000000e+01
5.920000076293945312e+00 -2.150000095367431641e+00 8.029999732971191406e+00 -1.525000000000000000e+01 1.400000000000000000e+01 -2.825000000000000000e+01 -1.781250000000000000e+01 9.312500000000000000e+00 2.256250000000000000e+01
6.440000057220458984e+00 -2.099999904632568359e+00 7.849999904632568359e+00 -1.606250000000000000e+01 1.400000000000000000e+01 -2.687500000000000000e+01 -2.043750000000000000e+01 1.231250000000000000e+01 2.406250000000000000e+01
6.869999885559082031e+00 -1.419999957084655762e+00 7.889999866485595703e+00 -1.606250000000000000e+01 1.400000000000000000e+01 -2.687500000000000000e+01 -2.375000000000000000e+01 1.843750000000000000e+01 2.743750000000000000e+01
6.769999980926513672e+00 -5.899999737739562988e-01 8.029999732971191406e+00 -1.606250000000000000e+01 1.400000000000000000e+01 -2.687500000000000000e+01 -2.887500000000000000e+01 2.575000000000000000e+01 3.243750000000000000e+01
6.489999771118164062e+00 -3.300000131130218506e-01 7.829999923706054688e+00 -1.606250000000000000e+01 1.400000000000000000e+01 -2.687500000000000000e+01 -3.500000000000000000e+01 3.318750000000000000e+01 3.718750000000000000e+01
6.139999866485595703e+00 -6.299999952316284180e-01 8.090000152587890625e+00 -1.606250000000000000e+01 1.400000000000000000e+01 -2.687500000000000000e+01 -4.062500000000000000e+01 3.856250000000000000e+01 4.087500000000000000e+01
5.889999866485595703e+00 -1.149999976158142090e+00 8.119999885559082031e+00 -1.425000000000000000e+01 1.518750000000000000e+01 -2.768750000000000000e+01 -4.675000000000000000e+01 4.206250000000000000e+01 4.331250000000000000e+01
5.860000133514404297e+00 -9.499999880790710449e-01 8.329999923706054688e+00 -1.425000000000000000e+01 1.518750000000000000e+01 -2.768750000000000000e+01 -5.256250000000000000e+01 4.512500000000000000e+01 4.543750000000000000e+01
6.280000209808349609e+00 -1.029999971389770508e+00 8.479999542236328125e+00 -1.425000000000000000e+01 1.518750000000000000e+01 -2.768750000000000000e+01 -6.006250000000000000e+01 4.831250000000000000e+01 4.918750000000000000e+01
6.380000114440917969e+00 -7.500000000000000000e-01 8.340000152587890625e+00 -1.425000000000000000e+01 1.518750000000000000e+01 -2.768750000000000000e+01 -7.112500000000000000e+01 5.375000000000000000e+01 5.400000000000000000e+01
4.579999923706054688e+00 -5.000000000000000000e-01 8.739999771118164062e+00 -1.425000000000000000e+01 1.518750000000000000e+01 -2.768750000000000000e+01 -8.262500000000000000e+01 5.643750000000000000e+01 6.000000000000000000e+01
4.639999866485595703e+00 -3.000000119209289551e-01 9.020000457763671875e+00 -1.450000000000000000e+01 1.668750000000000000e+01 -2.700000000000000000e+01 -9.387500000000000000e+01 5.331250000000000000e+01 6.737500000000000000e+01
5.230000019073486328e+00 -9.999999776482582092e-03 8.970000267028808594e+00 -1.450000000000000000e+01 1.668750000000000000e+01 -2.700000000000000000e+01 -1.073750000000000000e+02 4.906250000000000000e+01 7.468750000000000000e+01
5.019999980926513672e+00 -9.999999776482582092e-03 8.699999809265136719e+00 -1.450000000000000000e+01 1.668750000000000000e+01 -2.700000000000000000e+01 -1.223125000000000000e+02 4.768750000000000000e+01 8.106250000000000000e+01
3.569999933242797852e+00 -2.019999980926513672e+00 8.119999885559082031e+00 -1.450000000000000000e+01 1.668750000000000000e+01 -2.700000000000000000e+01 -1.357500000000000000e+02 4.568750000000000000e+01 8.481250000000000000e+01
2.890000104904174805e+00 -3.470000028610229492e+00 7.500000000000000000e+00 -1.450000000000000000e+01 1.668750000000000000e+01 -2.700000000000000000e+01 -1.450625000000000000e+02 4.025000000000000000e+01 8.681250000000000000e+01
2.410000085830688477e+00 -5.090000152587890625e+00 7.070000171661376953e+00 -1.075000000000000000e+01 1.868750000000000000e+01 -2.656250000000000000e+01 -1.475000000000000000e+02 3.350000000000000000e+01 8.612500000000000000e+01
2.990000009536743164e+00 -6.489999771118164062e+00 6.019999980926513672e+00 -1.075000000000000000e+01 1.868750000000000000e+01 -2.656250000000000000e+01 -1.445625000000000000e+02 2.768750000000000000e+01 8.206250000000000000e+01
3.410000085830688477e+00 -5.639999866485595703e+00 5.869999885559082031e+00 -1.075000000000000000e+01 1.868750000000000000e+01 -2.656250000000000000e+01 -1.370000000000000000e+02 2.593750000000000000e+01 7.581250000000000000e+01
3.160000085830688477e+00 -5.889999866485595703e+00 6.070000171661376953e+00 -1.075000000000000000e+01 1.868750000000000000e+01 -2.656250000000000000e+01 -1.281250000000000000e+02 2.387500000000000000e+01 7.043750000000000000e+01
2.890000104904174805e+00 -6.340000152587890625e+00 6.340000152587890625e+00 -1.075000000000000000e+01 1.868750000000000000e+01 -2.656250000000000000e+01 -1.207500000000000000e+02 2.206250000000000000e+01 6.550000000000000000e+01
3.039999961853027344e+00 -6.530000209808349609e+00 6.269999980926513672e+00 -8.562500000000000000e+00 2.250000000000000000e+01 -2.368750000000000000e+01 -1.151250000000000000e+02 2.025000000000000000e+01 6.062500000000000000e+01
2.970000028610229492e+00 -6.710000038146972656e+00 6.219999790191650391e+00 -8.562500000000000000e+00 2.250000000000000000e+01 -2.368750000000000000e+01 -1.100625000000000000e+02 1.956250000000000000e+01 5.568750000000000000e+01
2.839999914169311523e+00 -6.969999790191650391e+00 5.989999771118164062e+00 -8.562500000000000000e+00 2.250000000000000000e+01 -2.368750000000000000e+01 -1.047500000000000000e+02 1.862500000000000000e+01 5.143750000000000000e+01
2.680000066757202148e+00 -7.159999847412109375e+00 5.889999866485595703e+00 -8.562500000000000000e+00 2.250000000000000000e+01 -2.368750000000000000e+01 -9.850000000000000000e+01 1.668750000000000000e+01 4.706250000000000000e+01
2.640000104904174805e+00 -7.079999923706054688e+00 6.039999961853027344e+00 -8.562500000000000000e+00 2.250000000000000000e+01 -2.368750000000000000e+01 -9.231250000000000000e+01 1.412500000000000000e+01 4.325000000000000000e+01
2.869999885559082031e+00 -7.280000209808349609e+00 5.920000076293945312e+00 -5.500000000000000000e+00 2.587500000000000000e+01 -2.187500000000000000e+01 -8.675000000000000000e+01 1.175000000000000000e+01 4.056250000000000000e+01
2.990000009536743164e+00 -7.369999885559082031e+00 5.949999809265136719e+00 -5.500000000000000000e+00 2.587500000000000000e+01 -2.187500000000000000e+01 -8.125000000000000000e+01 1.118750000000000000e+01 3.743750000000000000e+01
2.859999895095825195e+00 -7.829999923706054688e+00 5.829999923706054688e+00 -5.500000000000000000e+00 2.587500000000000000e+01 -2.187500000000000000e+01 -7.643750000000000000e+01 1.137500000000000000e+01 3.343750000000000000e+01
2.660000085830688477e+00 -7.949999809265136719e+00 5.579999923706054688e+00 -5.500000000000000000e+00 2.587500000000000000e+01 -2.187500000000000000e+01 -7.112500000000000000e+01 1.112500000000000000e+01 2.981250000000000000e+01
2.250000000000000000e+00 -8.100000381469726562e+00 5.550000190734863281e+00 -5.500000000000000000e+00 2.587500000000000000e+01 -2.187500000000000000e+01 -6.481250000000000000e+01 1.056250000000000000e+01 2.587500000000000000e+01
1.750000000000000000e+00 -8.319999694824218750e+00 5.340000152587890625e+00 -4.500000000000000000e+00 2.775000000000000000e+01 -2.075000000000000000e+01 -5.681250000000000000e+01 7.250000000000000000e+00 2.168750000000000000e+01
1.490000009536743164e+00 -8.520000457763671875e+00 5.489999771118164062e+00 -4.500000000000000000e+00 2.775000000000000000e+01 -2.075000000000000000e+01 -4.762500000000000000e+01 1.312500000000000000e+00 1.668750000000000000e+01
2.450000047683715820e+00 -8.649999618530273438e+00 5.510000228881835938e+00 -4.500000000000000000e+00 2.775000000000000000e+01 -2.075000000000000000e+01 -3.918750000000000000e+01 -5.375000000000000000e+00 1.325000000000000000e+01
2.960000038146972656e+00 -8.329999923706054688e+00 5.380000114440917969e+00 -4.500000000000000000e+00 2.775000000000000000e+01 -2.075000000000000000e+01 -3.218750000000000000e+01 -7.875000000000000000e+00 1.106250000000000000e+01
3.220000028610229492e+00 -8.060000419616699219e+00 5.250000000000000000e+00 -4.500000000000000000e+00 2.775000000000000000e+01 -2.075000000000000000e+01 -2.587500000000000000e+01 -6.687500000000000000e+00 8.562500000000000000e+00
2.619999885559082031e+00 -8.420000076293945312e+00 5.309999942779541016e+00 -3.000000000000000000e+00 2.850000000000000000e+01 -1.875000000000000000e+01 -1.956250000000000000e+01 -5.437500000000000000e+00 5.187500000000000000e+00
2.430000066757202148e+00 -8.649999618530273438e+00 5.280000209808349609e+00 -3.000000000000000000e+00 2.850000000000000000e+01 -1.875000000000000000e+01 -1.300000000000000000e+01 -5.500000000000000000e+00 2.250000000000000000e+00
2.490000009536743164e+00 -8.899999618530273438e+00 5.260000228881835938e+00 -3.000000000000000000e+00 2.850000000000000000e+01 -1.875000000000000000e+01 -5.437500000000000000e+00 -6.250000000000000000e+00 -1.687500000000000000e+00
2.619999885559082031e+00 -9.409999847412109375e+00 4.849999904632568359e+00 -3.000000000000000000e+00 2.850000000000000000e+01 -1.875000000000000000e+01 3.187500000000000000e+00 -6.500000000000000000e+00 -6.812500000000000000e+00
2.069999933242797852e+00 -9.680000305175781250e+00 4.699999809265136719e+00 -3.000000000000000000e+00 2.850000000000000000e+01 -1.875000000000000000e+01 1.306250000000000000e+01 -5.687500000000000000e+00 -1.256250000000000000e+01
1.070000052452087402e+00 -1.017000007629394531e+01 4.500000000000000000e+00 -4.375000000000000000e+00 2.850000000000000000e+01 -1.887500000000000000e+01 2.537500000000000000e+01 -8.375000000000000000e+00 -1.868750000000000000e+01
9.999999776482582092e-03 -1.047000026702880859e+01 4.300000190734863281e+00 -4.375000000000000000e+00 2.850000000000000000e+01 -1.887500000000000000e+01 4.112500000000000000e+01 -1.768750000000000000e+01 -2.562500000000000000e+01
-9.200000166893005371e-01 -1.072999954223632812e+01 4.099999904632568359e+00 -4.375000000000000000e+00 2.850000000000000000e+01 -1.887500000000000000e+01 6.162500000000000000e+01 -3.231250000000000000e+01 -3.506250000000000000e+01
-6.100000143051147461e-01 -1.081000041961669922e+01 4.239999771118164062e+00 -4.375000000000000000e+00 2.850000000000000000e+01 -1.887500000000000000e+01 8.468750000000000000e+01 -4.993750000000000000e+01 -4.668750000000000000e+01
6.999999880790710449e-01 -1.085000038146972656e+01 4.230000019073486328e+00 -4.375000000000000000e+00 2.850000000000000000e+01 -1.887500000000000000e+01 1.071875000000000000e+02 -6.612500000000000000e+01 -5.850000000000000000e+01
1.519999980926513672e+00 -1.064000034332275391e+01 4.429999828338623047e+00 -4.062500000000000000e+00 2.956250000000000000e+01 -1.800000000000000000e+01 1.263750000000000000e+02 -7.518750000000000000e+01 -6.912500000000000000e+01
3.650000095367431641e+00 -9.300000190734863281e+00 4.150000095367431641e+00 -4.062500000000000000e+00 2.956250000000000000e+01 -1.800000000000000000e+01 1.408125000000000000e+02 -7.550000000000000000e+01 -7.943750000000000000e+01
3.950000047683715820e+00 -8.069999694824218750e+00 4.650000095367431641e+00 -4.062500000000000000e+00 2.956250000000000000e+01 -1.800000000000000000e+01 1.550000000000000000e+02 -6.743750000000000000e+01 -9.100000000000000000e+01
4.300000190734863281e+00 -7.630000114440917969e+00 4.690000057220458984e+00 -4.062500000000000000e+00 2.956250000000000000e+01 -1.800000000000000000e+01 1.667500000000000000e+02 -5.900000000000000000e+01 -1.016875000000000000e+02
4.219999790191650391e+00 -7.070000171661376953e+00 5.030000209808349609e+00 -4.062500000000000000e+00 2.956250000000000000e+01 -1.800000000000000000e+01 1.778125000000000000e+02 -5.012500000000000000e+01 -1.115625000000000000e+02
3.500000000000000000e+00 -6.289999961853027344e+00 5.400000095367431641e+00 -7.250000000000000000e+00 2.775000000000000000e+01 -2.087500000000000000e+01 1.880625000000000000e+02 -4.162500000000000000e+01 -1.201250000000000000e+02
3.150000095367431641e+00 -5.630000114440917969e+00 5.690000057220458984e+00 -7.250000000000000000e+00 2.775000000000000000e+01 -2.087500000000000000e+01 1.958750000000000000e+02 -3.868750000000000000e+01 -1.261875000000000000e+02
3.190000057220458984e+00 -4.460000038146972656e+00 6.199999809265136719e+00 -7.250000000000000000e+00 2.775000000000000000e+01 -2.087500000000000000e+01 2.009375000000000000e+02 -4.056250000000000000e+01 -1.303750000000000000e+02
4.829999923706054688e+00 -3.009999990463256836e+00 5.929999828338623047e+00 -7.250000000000000000e+00 2.775000000000000000e+01 -2.087500000000000000e+01 2.008125000000000000e+02 -4.343750000000000000e+01 -1.335000000000000000e+02
4.570000171661376953e+00 -2.009999990463256836e+00 6.489999771118164062e+00 -7.250000000000000000e+00 2.775000000000000000e+01 -2.087500000000000000e+01 2.018125000000000000e+02 -3.800000000000000000e+01 -1.378125000000000000e+02
4.679999828338623047e+00 -1.519999980926513672e+00 6.789999961853027344e+00 -9.500000000000000000e+00 2.206250000000000000e+01 -2.456250000000000000e+01 2.002500000000000000e+02 -3.512500000000000000e+01 -1.382500000000000000e+02
5.460000038146972656e+00 -8.399999737739562988e-01 7.349999904632568359e+00 -9.500000000000000000e+00 2.206250000000000000e+01 -2.456250000000000000e+01 1.938750000000000000e+02 -3.425000000000000000e+01 -1.373125000000000000e+02
1.556999969482421875e+01 1.494999980926513672e+01 1.318999958038330078e+01 -9.500000000000000000e+00 2.206250000000000000e+01 -2.456250000000000000e+01 1.489375000000000000e+02 -3.331250000000000000e+01 -1.224375000000000000e+02
1.597999954223632812e+01 1.421000003814697266e+01 7.809999942779541016e+00 -9.500000000000000000e+00 2.206250000000000000e+01 -2.456250000000000000e+01 5.193750000000000000e+01 -6.625000000000000000e+00 -7.556250000000000000e+01
5.820000171661376953e+00 1.321000003814697266e+01 9.829999923706054688e+00 -9.500000000000000000e+00 2.206250000000000000e+01 -2.456250000000000000e+01 2.256250000000000000e+01 3.718750000000000000e+01 -4.712500000000000000e+01
7.920000076293945312e+00 -1.990000009536743164e+00 7.289999961853027344e+00 -1.425000000000000000e+01 1.618750000000000000e+01 -2.756250000000000000e+01 5.000000000000000000e-01 1.456250000000000000e+01 -9.625000000000000000e+00
6.949999809265136719e+00 -3.670000076293945312e+00 6.750000000000000000e+00 -1.425000000000000000e+01 1.618750000000000000e+01 -2.756250000000000000e+01 -1.387500000000000000e+01 -5.062500000000000000e+00 1.487500000000000000e+01
4.960000038146972656e+00 -4.110000133514404297e+00 7.710000038146972656e+00 -1.425000000000000000e+01 1.618750000000000000e+01 -2.756250000000000000e+01 -1.206250000000000000e+01 6.812500000000000000e+00 1.643750000000000000e+01
4.409999847412109375e+00 -4.639999866485595703e+00 7.329999923706054688e+00 -1.425000000000000000e+01 1.618750000000000000e+01 -2.756250000000000000e+01 -9.125000000000000000e+00 5.500000000000000000e+00 1.437500000000000000e+01
4.369999885559082031e+00 -4.579999923706054688e+00 7.429999828338623047e+00 -1.425000000000000000e+01 1.618750000000000000e+01 -2.756250000000000000e+01 -4.000000000000000000e+00 2.687500000000000000e+00 8.312500000000000000e+00
4.650000095367431641e+00 -4.389999866485595703e+00 7.369999885559082031e+00 -1.406250000000000000e+01 1.550000000000000000e+01 -2.887500000000000000e+01 8.750000000000000000e-01 1.000000000000000000e+00 1.062500000000000000e+00
4.739999771118164062e+00 -3.990000009536743164e+00 7.409999847412109375e+00 -1.406250000000000000e+01 1.550000000000000000e+01 -2.887500000000000000e+01 5.437500000000000000e+00 1.062500000000000000e+00 -5.250000000000000000e+00
5.039999961853027344e+00 -3.299999952316284180e+00 7.510000228881835938e+00 -1.406250000000000000e+01 1.550000000000000000e+01 -2.887500000000000000e+01 8.125000000000000000e+00 4.375000000000000000e-01 -9.875000000000000000e+00
5.880000114440917969e+00 -1.769999980926513672e+00 7.730000019073486328e+00 -1.406250000000000000e+01 1.550000000000000000e+01 -2.887500000000000000e+01 8.812500000000000000e+00 -4.375000000000000000e-01 -1.137500000000000000e+01
5.840000152587890625e+00 -1.480000019073486328e+00 7.909999847412109375e+00 -1.406250000000000000e+01 1.550000000000000000e+01 -2.887500000000000000e+01 8.000000000000000000e+00 1.437500000000000000e+00 -1.081250000000000000e+01
5.710000038146972656e+00 -1.450000047683715820e+00 7.909999847412109375e+00 -1.406250000000000000e+01 1.587500000000000000e+01 -2.725000000000000000e+01 5.875000000000000000e+00 2.687500000000000000e+00 -8.687500000000000000e+00
5.570000171661376953e+00 -2.029999971389770508e+00 7.860000133514404297e+00 -1.406250000000000000e+01 1.587500000000000000e+01 -2.725000000000000000e+01 4.375000000000000000e+00 2.687500000000000000e+00 -6.187500000000000000e+00
5.519999980926513672e+00 -2.269999980926513672e+00 7.809999942779541016e+00 -1.406250000000000000e+01 1.587500000000000000e+01 -2.725000000000000000e+01 3.312500000000000000e+00 2.437500000000000000e+00 -4.375000000000000000e+00
5.469999790191650391e+00 -2.329999923706054688e+00 7.750000000000000000e+00 -1.406250000000000000e+01 1.587500000000000000e+01 -2.725000000000000000e+01 2.750000000000000000e+00 2.187500000000000000e+00 -3.250000000000000000e+00
5.480000019073486328e+00 -2.359999895095825195e+00 7.780000209808349609e+00 -1.406250000000000000e+01 1.587500000000000000e+01 -2.725000000000000000e+01 2.562500000000000000e+00 2.250000000000000000e+00 -3.000000000000000000e+00
5.400000095367431641e+00 -2.400000095367431641e+00 7.769999980926513672e+00 -1.418750000000000000e+01 1.737500000000000000e+01 -2.768750000000000000e+01 2.562500000000000000e+00 2.125000000000000000e+00 -3.062500000000000000e+00
5.349999904632568359e+00 -2.440000057220458984e+00 7.789999961853027344e+00 -1.418750000000000000e+01 1.737500000000000000e+01 -2.768750000000000000e+01 2.500000000000000000e+00 1.937500000000000000e+00 -3.125000000000000000e+00
5.380000114440917969e+00 -2.440000057220458984e+00 7.739999771118164062e+00 -1.418750000000000000e+01 1.737500000000000000e+01 -2.768750000000000000e+01 2.500000000000000000e+00 1.750000000000000000e+00 -3.437500000000000000e+00
5.400000095367431641e+00 -2.380000114440917969e+00 7.780000209808349609e+00 -1.418750000000000000e+01 1.737500000000000000e+01 -2.768750000000000000e+01 2.562500000000000000e+00 1.500000000000000000e+00 -3.437500000000000000e+00
5.500000000000000000e+00 -2.180000066757202148e+00 7.820000171661376953e+00 -1.418750000000000000e+01 1.737500000000000000e+01 -2.768750000000000000e+01 2.687500000000000000e+00 1.437500000000000000e+00 -3.562500000000000000e+00
5.460000038146972656e+00 -2.200000047683715820e+00 7.789999961853027344e+00 -1.518750000000000000e+01 1.506250000000000000e+01 -2.806250000000000000e+01 2.250000000000000000e+00 1.250000000000000000e+00 -3.062500000000000000e+00
5.449999809265136719e+00 -2.220000028610229492e+00 7.809999942779541016e+00 -1.518750000000000000e+01 1.506250000000000000e+01 -2.806250000000000000e+01 2.062500000000000000e+00 1.375000000000000000e+00 -2.687500000000000000e+00
5.420000076293945312e+00 -2.339999914169311523e+00 7.769999980926513672e+00 -1.518750000000000000e+01 1.506250000000000000e+01 -2.806250000000000000e+01 1.750000000000000000e+00 1.187500000000000000e+00 -2.250000000000000000e+00
5.429999828338623047e+00 -2.359999895095825195e+00 7.739999771118164062e+00 -1.518750000000000000e+01 1.506250000000000000e+01 -2.806250000000000000e+01 1.750000000000000000e+00 1.375000000000000000e+00 -2.312500000000000000e+00
5.429999828338623047e+00 -2.339999914169311523e+00 7.730000019073486328e+00 -1.518750000000000000e+01 1.506250000000000000e+01 -2.806250000000000000e+01 1.875000000000000000e+00 1.375000000000000000e+00 -2.375000000000000000e+00
5.429999828338623047e+00 -2.339999914169311523e+00 7.769999980926513672e+00 -1.368750000000000000e+01 1.550000000000000000e+01 -2.768750000000000000e+01 1.875000000000000000e+00 1.500000000000000000e+00 -2.312500000000000000e+00
5.429999828338623047e+00 -2.309999942779541016e+00 7.780000209808349609e+00 -1.368750000000000000e+01 1.550000000000000000e+01 -2.768750000000000000e+01 2.000000000000000000e+00 1.687500000000000000e+00 -2.437500000000000000e+00
5.409999847412109375e+00 -2.299999952316284180e+00 7.750000000000000000e+00 -1.368750000000000000e+01 1.550000000000000000e+01 -2.768750000000000000e+01 2.062500000000000000e+00 1.625000000000000000e+00 -2.500000000000000000e+00
5.429999828338623047e+00 -2.279999971389770508e+00 7.789999961853027344e+00 -1.368750000000000000e+01 1.550000000000000000e+01 -2.768750000000000000e+01 1.937500000000000000e+00 1.750000000000000000e+00 -2.375000000000000000e+00
5.420000076293945312e+00 -2.299999952316284180e+00 7.809999942779541016e+00 -1.368750000000000000e+01 1.550000000000000000e+01 -2.768750000000000000e+01 1.937500000000000000e+00 1.375000000000000000e+00 -2.250000000000000000e+00
