5.769999980926513672e+00 -1.799999952316284180e+00 7.659999847412109375e+00 -1.987500000000000000e+01 1.000000000000000000e+01 -2.656250000000000000e+01 1.250000000000000000e-01 0.000000000000000000e+00 -6.250000000000000000e-02
5.760000228881835938e+00 -1.809999942779541016e+00 7.679999828338623047e+00 -1.987500000000000000e+01 1.000000000000000000e+01 -2.656250000000000000e+01 6.250000000000000000e-02 -1.250000000000000000e-01 0.000000000000000000e+00
5.750000000000000000e+00 -1.809999942779541016e+00 7.659999847412109375e+00 -1.737500000000000000e+01 9.562500000000000000e+00 -2.656250000000000000e+01 6.250000000000000000e-02 6.250000000000000000e-02 -1.250000000000000000e-01
5.760000228881835938e+00 -1.809999942779541016e+00 7.670000076293945312e+00 -1.737500000000000000e+01 9.562500000000000000e+00 -2.656250000000000000e+01 0.000000000000000000e+00 6.250000000000000000e-02 0.000000000000000000e+00
5.769999980926513672e+00 -1.820000052452087402e+00 7.639999866485595703e+00 -1.737500000000000000e+01 9.562500000000000000e+00 -2.656250000000000000e+01 0.000000000000000000e+00 -6.250000000000000000e-02 0.000000000000000000e+00
5.769999980926513672e+00 -1.789999961853027344e+00 7.670000076293945312e+00 -1.737500000000000000e+01 9.562500000000000000e+00 -2.656250000000000000e+01 6.250000000000000000e-02 -1.250000000000000000e-01 6.250000000000000000e-02
5.769999980926513672e+00 -1.789999961853027344e+00 7.650000095367431641e+00 -1.737500000000000000e+01 9.562500000000000000e+00 -2.656250000000000000e+01 6.250000000000000000e-02 -1.250000000000000000e-01 -6.250000000000000000e-02
5.750000000000000000e+00 -1.809999942779541016e+00 7.690000057220458984e+00 -1.850000000000000000e+01 9.250000000000000000e+00 -2.618750000000000000e+01 0.000000000000000000e+00 -1.250000000000000000e-01 0.000000000000000000e+00
5.739999771118164062e+00 -1.799999952316284180e+00 7.670000076293945312e+00 -1.850000000000000000e+01 9.250000000000000000e+00 -2.618750000000000000e+01 -6.250000000000000000e-02 6.250000000000000000e-02 0.000000000000000000e+00
5.750000000000000000e+00 -1.799999952316284180e+00 7.650000095367431641e+00 -1.850000000000000000e+01 9.250000000000000000e+00 -2.618750000000000000e+01 -6.250000000000000000e-02 1.250000000000000000e-01 0.000000000000000000e+00
5.780000209808349609e+00 -1.789999961853027344e+00 7.670000076293945312e+00 -1.850000000000000000e+01 9.250000000000000000e+00 -2.618750000000000000e+01 0.000000000000000000e+00 6.250000000000000000e-02 -1.250000000000000000e-01
5.760000228881835938e+00 -1.679999947547912598e+00 7.670000076293945312e+00 -1.850000000000000000e+01 9.250000000000000000e+00 -2.618750000000000000e+01 6.250000000000000000e-02 1.875000000000000000e-01 6.250000000000000000e-02
5.739999771118164062e+00 -1.620000004768371582e+00 7.690000057220458984e+00 -1.806250000000000000e+01 9.562500000000000000e+00 -2.537500000000000000e+01 -2.500000000000000000e-01 6.250000000000000000e-02 6.250000000000000000e-02
5.639999866485595703e+00 -1.480000019073486328e+00 7.710000038146972656e+00 -1.806250000000000000e+01 9.562500000000000000e+00 -2.537500000000000000e+01 -1.875000000000000000e-01 -2.500000000000000000e-01 1.250000000000000000e-01
5.519999980926513672e+00 -1.299999952316284180e+00 7.929999828338623047e+00 -1.806250000000000000e+01 9.562500000000000000e+00 -2.537500000000000000e+01 5.000000000000000000e-01 -6.250000000000000000e-01 -8.750000000000000000e-01
5.519999980926513672e+00 -2.309999942779541016e+00 7.469999790191650391e+00 -1.806250000000000000e+01 9.562500000000000000e+00 -2.537500000000000000e+01 2.250000000000000000e+00 -2.375000000000000000e+00 -3.562500000000000000e+00
5.780000209808349609e+00 -2.619999885559082031e+00 7.739999771118164062e+00 -1.806250000000000000e+01 9.562500000000000000e+00 -2.537500000000000000e+01 4.000000000000000000e+00 -3.500000000000000000e+00 -5.937500000000000000e+00
6.380000114440917969e+00 -2.930000066757202148e+00 7.469999790191650391e+00 -1.925000000000000000e+01 9.562500000000000000e+00 -2.618750000000000000e+01 7.125000000000000000e+00 -4.687500000000000000e+00 -1.018750000000000000e+01
5.650000095367431641e+00 -4.679999828338623047e+00 7.199999809265136719e+00 -1.925000000000000000e+01 9.562500000000000000e+00 -2.618750000000000000e+01 9.125000000000000000e+00 -2.250000000000000000e+00 -1.506250000000000000e+01
5.550000190734863281e+00 -4.280000209808349609e+00 7.869999885559082031e+00 -1.925000000000000000e+01 9.562500000000000000e+00 -2.618750000000000000e+01 9.750000000000000000e+00 4.125000000000000000e+00 -2.150000000000000000e+01
5.809999942779541016e+00 -3.289999961853027344e+00 7.760000228881835938e+00 -1.925000000000000000e+01 9.562500000000000000e+00 -2.618750000000000000e+01 9.062500000000000000e+00 6.500000000000000000e+00 -2.831250000000000000e+01
5.730000019073486328e+00 -2.109999895095825195e+00 7.989999771118164062e+00 -1.925000000000000000e+01 9.562500000000000000e+00 -2.618750000000000000e+01 1.081250000000000000e+01 7.312500000000000000e+00 -3.212500000000000000e+01
6.360000133514404297e+00 -2.150000095367431641e+00 7.949999809265136719e+00 -1.875000000000000000e+01 9.250000000000000000e+00 -2.700000000000000000e+01 1.606250000000000000e+01 7.125000000000000000e+00 -3.337500000000000000e+01
6.710000038146972656e+00 -3.859999895095825195e+00 8.010000228881835938e+00 -1.875000000000000000e+01 9.250000000000000000e+00 -2.700000000000000000e+01 2.137500000000000000e+01 6.312500000000000000e+00 -3.731250000000000000e+01
6.659999847412109375e+00 -4.519999980926513672e+00 7.960000038146972656e+00 -1.875000000000000000e+01 9.250000000000000000e+00 -2.700000000000000000e+01 3.075000000000000000e+01 7.062500000000000000e+00 -4.318750000000000000e+01
6.099999904632568359e+00 -4.079999923706054688e+00 8.100000381469726562e+00 -1.875000000000000000e+01 9.250000000000000000e+00 -2.700000000000000000e+01 4.525000000000000000e+01 8.187500000000000000e+00 -5.331250000000000000e+01
5.860000133514404297e+00 -5.929999828338623047e+00 8.250000000000000000e+00 -1.875000000000000000e+01 9.250000000000000000e+00 -2.700000000000000000e+01 5.825000000000000000e+01 9.500000000000000000e+00 -6.312500000000000000e+01
6.090000152587890625e+00 -7.039999961853027344e+00 8.579999923706054688e+00 -1.950000000000000000e+01 8.187500000000000000e+00 -2.700000000000000000e+01 7.093750000000000000e+01 8.812500000000000000e+00 -7.262500000000000000e+01
6.530000209808349609e+00 -7.349999904632568359e+00 8.640000343322753906e+00 -1.950000000000000000e+01 8.187500000000000000e+00 -2.700000000000000000e+01 8.725000000000000000e+01 7.937500000000000000e+00 -8.031250000000000000e+01
5.940000057220458984e+00 -4.179999828338623047e+00 8.399999618530273438e+00 -1.950000000000000000e+01 8.187500000000000000e+00 -2.700000000000000000e+01 1.063125000000000000e+02 7.000000000000000000e+00 -8.437500000000000000e+01
5.489999771118164062e+00 -3.980000019073486328e+00 8.050000190734863281e+00 -1.950000000000000000e+01 8.187500000000000000e+00 -2.700000000000000000e+01 1.243750000000000000e+02 5.187500000000000000e+00 -8.956250000000000000e+01
5.840000152587890625e+00 -4.230000019073486328e+00 7.969999790191650391e+00 -1.950000000000000000e+01 8.187500000000000000e+00 -2.700000000000000000e+01 1.390625000000000000e+02 2.875000000000000000e+00 -9.775000000000000000e+01
6.329999923706054688e+00 -4.260000228881835938e+00 7.760000228881835938e+00 -1.875000000000000000e+01 7.062500000000000000e+00 -2.775000000000000000e+01 1.513750000000000000e+02 -1.625000000000000000e+00 -1.032500000000000000e+02
5.730000019073486328e+00 -3.279999971389770508e+00 7.340000152587890625e+00 -1.875000000000000000e+01 7.062500000000000000e+00 -2.775000000000000000e+01 1.648750000000000000e+02 -3.937500000000000000e+00 -1.071250000000000000e+02
5.360000133514404297e+00 -2.069999933242797852e+00 7.090000152587890625e+00 -1.875000000000000000e+01 7.062500000000000000e+00 -2.775000000000000000e+01 1.783750000000000000e+02 -6.000000000000000000e+00 -1.102500000000000000e+02
5.230000019073486328e+00 -3.300000131130218506e-01 6.829999923706054688e+00 -1.875000000000000000e+01 7.062500000000000000e+00 -2.775000000000000000e+01 1.897500000000000000e+02 -1.025000000000000000e+01 -1.123125000000000000e+02
5.000000000000000000e+00 5.000000000000000000e-01 6.510000228881835938e+00 -1.875000000000000000e+01 7.062500000000000000e+00 -2.775000000000000000e+01 1.962500000000000000e+02 -1.637500000000000000e+01 -1.127500000000000000e+02
4.860000133514404297e+00 5.039999961853027344e+00 5.289999961853027344e+00 -1.937500000000000000e+01 1.875000000000000000e+00 -2.700000000000000000e+01 1.966875000000000000e+02 -2.018750000000000000e+01 -1.131250000000000000e+02
4.059999942779541016e+00 7.889999866485595703e+00 4.639999866485595703e+00 -1.937500000000000000e+01 1.875000000000000000e+00 -2.700000000000000000e+01 1.900000000000000000e+02 -1.962500000000000000e+01 -1.071250000000000000e+02
3.359999895095825195e+00 1.057999992370605469e+01 4.000000000000000000e+00 -1.937500000000000000e+01 1.875000000000000000e+00 -2.700000000000000000e+01 1.713125000000000000e+02 -1.581250000000000000e+01 -9.212500000000000000e+01
1.870000004768371582e+00 1.202000045776367188e+01 4.000000000000000000e+00 -1.937500000000000000e+01 1.875000000000000000e+00 -2.700000000000000000e+01 1.434375000000000000e+02 -1.193750000000000000e+01 -7.568750000000000000e+01
1.710000038146972656e+00 1.200000000000000000e+01 4.449999809265136719e+00 -1.937500000000000000e+01 1.875000000000000000e+00 -2.700000000000000000e+01 1.151875000000000000e+02 -1.018750000000000000e+01 -6.537500000000000000e+01
1.710000038146972656e+00 1.200000000000000000e+01 4.449999809265136719e+00 -1.925000000000000000e+01 -4.875000000000000000e+00 -2.787500000000000000e+01 8.643750000000000000e+01 -9.812500000000000000e+00 -5.887500000000000000e+01
3.779999971389770508e+00 1.140999984741210938e+01 4.550000190734863281e+00 -1.925000000000000000e+01 -4.875000000000000000e+00 -2.787500000000000000e+01 5.893750000000000000e+01 -7.562500000000000000e+00 -4.556250000000000000e+01
4.809999942779541016e+00 8.840000152587890625e+00 5.369999885559082031e+00 -1.925000000000000000e+01 -4.875000000000000000e+00 -2.787500000000000000e+01 3.443750000000000000e+01 -8.750000000000000000e-01 -2.662500000000000000e+01
5.369999885559082031e+00 6.650000095367431641e+00 6.300000190734863281e+00 -1.925000000000000000e+01 -4.875000000000000000e+00 -2.787500000000000000e+01 1.187500000000000000e+01 3.625000000000000000e+00 -9.562500000000000000e+00
6.110000133514404297e+00 4.880000114440917969e+00 6.960000038146972656e+00 -1.925000000000000000e+01 -4.875000000000000000e+00 -2.787500000000000000e+01 -4.000000000000000000e+00 5.187500000000000000e+00 2.000000000000000000e+00
6.110000133514404297e+00 4.880000114440917969e+00 6.960000038146972656e+00 -2.037500000000000000e+01 -8.062500000000000000e+00 -2.550000000000000000e+01 -1.300000000000000000e+01 7.500000000000000000e+00 1.175000000000000000e+01
5.880000114440917969e+00 3.589999914169311523e+00 7.280000209808349609e+00 -2.037500000000000000e+01 -8.062500000000000000e+00 -2.550000000000000000e+01 -1.718750000000000000e+01 1.162500000000000000e+01 1.818750000000000000e+01
5.440000057220458984e+00 3.720000028610229492e+00 7.349999904632568359e+00 -2.037500000000000000e+01 -8.062500000000000000e+00 -2.550000000000000000e+01 -1.968750000000000000e+01 1.412500000000000000e+01 2.137500000000000000e+01
5.130000114440917969e+00 3.950000047683715820e+00 7.380000114440917969e+00 -2.037500000000000000e+01 -8.062500000000000000e+00 -2.550000000000000000e+01 -2.181250000000000000e+01 1.375000000000000000e+01 2.243750000000000000e+01
4.829999923706054688e+00 4.320000171661376953e+00 7.150000095367431641e+00 -2.037500000000000000e+01 -8.062500000000000000e+00 -2.550000000000000000e+01 -2.431250000000000000e+01 1.118750000000000000e+01 2.312500000000000000e+01
4.829999923706054688e+00 4.320000171661376953e+00 7.150000095367431641e+00 -1.868750000000000000e+01 -7.375000000000000000e+00 -2.656250000000000000e+01 -2.737500000000000000e+01 7.437500000000000000e+00 2.318750000000000000e+01
4.980000019073486328e+00 4.460000038146972656e+00 6.849999904632568359e+00 -1.868750000000000000e+01 -7.375000000000000000e+00 -2.656250000000000000e+01 -3.181250000000000000e+01 4.375000000000000000e+00 2.400000000000000000e+01
5.190000057220458984e+00 4.639999866485595703e+00 6.710000038146972656e+00 -1.868750000000000000e+01 -7.375000000000000000e+00 -2.656250000000000000e+01 -3.700000000000000000e+01 2.812500000000000000e+00 2.612500000000000000e+01
5.150000095367431641e+00 5.380000114440917969e+00 6.510000228881835938e+00 -1.868750000000000000e+01 -7.375000000000000000e+00 -2.656250000000000000e+01 -4.293750000000000000e+01 2.687500000000000000e+00 2.925000000000000000e+01
4.960000038146972656e+00 5.789999961853027344e+00 6.469999790191650391e+00 -1.868750000000000000e+01 -7.375000000000000000e+00 -2.656250000000000000e+01 -5.031250000000000000e+01 3.437500000000000000e+00 3.418750000000000000e+01
4.960000038146972656e+00 5.789999961853027344e+00 6.469999790191650391e+00 -1.925000000000000000e+01 -7.062500000000000000e+00 -2.618750000000000000e+01 -6.043750000000000000e+01 4.875000000000000000e+00 4.112500000000000000e+01
4.519999980926513672e+00 6.849999904632568359e+00 6.280000209808349609e+00 -1.925000000000000000e+01 -7.062500000000000000e+00 -2.618750000000000000e+01 -7.287500000000000000e+01 5.375000000000000000e+00 4.987500000000000000e+01
4.230000019073486328e+00 7.559999942779541016e+00 6.110000133514404297e+00 -1.925000000000000000e+01 -7.062500000000000000e+00 -2.618750000000000000e+01 -8.825000000000000000e+01 5.437500000000000000e+00 5.975000000000000000e+01
4.289999961853027344e+00 7.500000000000000000e+00 6.059999942779541016e+00 -1.925000000000000000e+01 -7.062500000000000000e+00 -2.618750000000000000e+01 -1.065625000000000000e+02 4.875000000000000000e+00 7.143750000000000000e+01
4.420000076293945312e+00 7.219999790191650391e+00 5.880000114440917969e+00 -1.925000000000000000e+01 -7.062500000000000000e+00 -2.618750000000000000e+01 -1.273125000000000000e+02 4.125000000000000000e+00 8.462500000000000000e+01
4.480000019073486328e+00 6.449999809265136719e+00 5.570000171661376953e+00 -1.900000000000000000e+01 -4.875000000000000000e+00 -2.618750000000000000e+01 -1.483125000000000000e+02 3.937500000000000000e+00 9.856250000000000000e+01
4.449999809265136719e+00 6.230000019073486328e+00 5.489999771118164062e+00 -1.900000000000000000e+01 -4.875000000000000000e+00 -2.618750000000000000e+01 -1.697500000000000000e+02 4.125000000000000000e+00 1.132500000000000000e+02
4.280000209808349609e+00 5.489999771118164062e+00 5.260000228881835938e+00 -1.900000000000000000e+01 -4.875000000000000000e+00 -2.618750000000000000e+01 -1.912500000000000000e+02 4.875000000000000000e+00 1.273125000000000000e+02
4.010000228881835938e+00 5.090000152587890625e+00 5.530000209808349609e+00 -1.900000000000000000e+01 -4.875000000000000000e+00 -2.618750000000000000e+01 -2.119375000000000000e+02 6.437500000000000000e+00 1.406250000000000000e+02
4.199999809265136719e+00 3.549999952316284180e+00 5.780000209808349609e+00 -1.900000000000000000e+01 -4.875000000000000000e+00 -2.618750000000000000e+01 -2.310625000000000000e+02 6.437500000000000000e+00 1.526875000000000000e+02
4.659999847412109375e+00 1.740000009536743164e+00 5.960000038146972656e+00 -1.925000000000000000e+01 -7.500000000000000000e-01 -2.700000000000000000e+01 -2.488750000000000000e+02 5.687500000000000000e+00 1.638125000000000000e+02
5.199999809265136719e+00 -1.879999995231628418e+00 8.029999732971191406e+00 -1.925000000000000000e+01 -7.500000000000000000e-01 -2.700000000000000000e+01 -2.621250000000000000e+02 5.312500000000000000e+00 1.735000000000000000e+02
1.264000034332275391e+01 -1.406999969482421875e+01 1.714999961853027344e+01 -1.925000000000000000e+01 -7.500000000000000000e-01 -2.700000000000000000e+01 -2.585000000000000000e+02 2.375000000000000000e+00 1.763125000000000000e+02
4.780000209808349609e+00 -3.393999862670898438e+01 -5.320000171661376953e+00 -1.925000000000000000e+01 -7.500000000000000000e-01 -2.700000000000000000e+01 -1.616250000000000000e+02 -1.743750000000000000e+01 1.465625000000000000e+02
3.640000104904174805e+00 -2.504999923706054688e+01 7.579999923706054688e+00 -1.925000000000000000e+01 -7.500000000000000000e-01 -2.700000000000000000e+01 -2.618750000000000000e+01 -8.562500000000000000e+00 4.156250000000000000e+01
1.610000014305114746e+00 -1.422000026702880859e+01 1.152999973297119141e+01 -1.818750000000000000e+01 8.062500000000000000e+00 -2.787500000000000000e+01 -1.031250000000000000e+01 2.075000000000000000e+01 -1.062500000000000000e+01
6.449999809265136719e+00 7.289999961853027344e+00 6.989999771118164062e+00 -1.818750000000000000e+01 8.062500000000000000e+00 -2.787500000000000000e+01 2.131250000000000000e+01 -1.875000000000000000e+00 -2.450000000000000000e+01
6.969999790191650391e+00 6.409999847412109375e+00 7.889999866485595703e+00 -1.818750000000000000e+01 8.062500000000000000e+00 -2.787500000000000000e+01 2.250000000000000000e+01 -7.562500000000000000e+00 -3.825000000000000000e+01
6.190000057220458984e+00 2.930000066757202148e+00 8.359999656677246094e+00 -1.818750000000000000e+01 8.062500000000000000e+00 -2.787500000000000000e+01 1.881250000000000000e+01 -4.375000000000000000e-01 -1.681250000000000000e+01
5.429999828338623047e+00 1.159999966621398926e+00 8.300000190734863281e+00 -1.818750000000000000e+01 8.062500000000000000e+00 -2.787500000000000000e+01 3.312500000000000000e+00 1.000000000000000000e+00 -5.625000000000000000e+00
6.079999923706054688e+00 -1.000000000000000000e+00 7.519999980926513672e+00 -1.906250000000000000e+01 9.750000000000000000e+00 -2.618750000000000000e+01 -3.687500000000000000e+00 -3.250000000000000000e+00 2.625000000000000000e+00
5.989999771118164062e+00 -1.620000004768371582e+00 7.460000038146972656e+00 -1.906250000000000000e+01 9.750000000000000000e+00 -2.618750000000000000e+01 -7.000000000000000000e+00 -5.250000000000000000e+00 7.437500000000000000e+00
5.820000171661376953e+00 -2.599999904632568359e+00 7.480000019073486328e+00 -1.906250000000000000e+01 9.750000000000000000e+00 -2.618750000000000000e+01 -6.750000000000000000e+00 -3.437500000000000000e+00 8.937500000000000000e+00
5.730000019073486328e+00 -2.990000009536743164e+00 7.510000228881835938e+00 -1.906250000000000000e+01 9.750000000000000000e+00 -2.618750000000000000e+01 -5.687500000000000000e+00 -2.687500000000000000e+00 9.125000000000000000e+00
5.559999942779541016e+00 -2.440000057220458984e+00 7.599999904632568359e+00 -1.906250000000000000e+01 9.750000000000000000e+00 -2.618750000000000000e+01 -3.750000000000000000e+00 -2.062500000000000000e+00 7.062500000000000000e+00
5.639999866485595703e+00 -2.140000104904174805e+00 7.690000057220458984e+00 -1.825000000000000000e+01 9.062500000000000000e+00 -2.656250000000000000e+01 -2.000000000000000000e+00 -1.375000000000000000e+00 4.500000000000000000e+00
5.789999961853027344e+00 -1.879999995231628418e+00 7.610000133514404297e+00 -1.825000000000000000e+01 9.062500000000000000e+00 -2.656250000000000000e+01 -6.250000000000000000e-01 -1.937500000000000000e+00 2.750000000000000000e+00
5.780000209808349609e+00 -1.460000038146972656e+00 7.699999809265136719e+00 -1.825000000000000000e+01 9.062500000000000000e+00 -2.656250000000000000e+01 -3.750000000000000000e-01 -1.500000000000000000e+00 2.062500000000000000e+00
5.809999942779541016e+00 -1.419999957084655762e+00 7.710000038146972656e+00 -1.825000000000000000e+01 9.062500000000000000e+00 -2.656250000000000000e+01 -4.375000000000000000e-01 -8.750000000000000000e-01 1.937500000000000000e+00
5.809999942779541016e+00 -1.480000019073486328e+00 7.719999790191650391e+00 -1.825000000000000000e+01 9.062500000000000000e+00 -2.656250000000000000e+01 -1.125000000000000000e+00 -1.125000000000000000e+00 2.562500000000000000e+00
5.809999942779541016e+00 -1.480000019073486328e+00 7.719999790191650391e+00 -1.956250000000000000e+01 9.062500000000000000e+00 -2.656250000000000000e+01 -1.437500000000000000e+00 -1.125000000000000000e+00 2.937500000000000000e+00
5.809999942779541016e+00 -1.720000028610229492e+00 7.619999885559082031e+00 -1.956250000000000000e+01 9.062500000000000000e+00 -2.656250000000000000e+01 -1.937500000000000000e+00 -1.187500000000000000e+00 3.437500000000000000e+00
5.820000171661376953e+00 -1.830000042915344238e+00 7.610000133514404297e+00 -1.956250000000000000e+01 9.062500000000000000e+00 -2.656250000000000000e+01 -2.125000000000000000e+00 -1.187500000000000000e+00 4.062500000000000000e+00
5.800000190734863281e+00 -1.929999947547912598e+00 7.610000133514404297e+00 -1.956250000000000000e+01 9.062500000000000000e+00 -2.656250000000000000e+01 -1.937500000000000000e+00 -1.000000000000000000e+00 3.875000000000000000e+00
5.760000228881835938e+00 -1.960000038146972656e+00 7.610000133514404297e+00 -1.956250000000000000e+01 9.062500000000000000e+00 -2.656250000000000000e+01 -1.562500000000000000e+00 -7.500000000000000000e-01 3.562500000000000000e+00
5.760000228881835938e+00 -1.960000038146972656e+00 7.610000133514404297e+00 -1.956250000000000000e+01 9.750000000000000000e+00 -2.656250000000000000e+01 -1.187500000000000000e+00 -6.250000000000000000e-01 3.062500000000000000e+00
5.769999980926513672e+00 -1.830000042915344238e+00 7.650000095367431641e+00 -1.956250000000000000e+01 9.750000000000000000e+00 -2.656250000000000000e+01 -8.750000000000000000e-01 -4.375000000000000000e-01 2.312500000000000000e+00
5.769999980926513672e+00 -1.779999971389770508e+00 7.619999885559082031e+00 -1.956250000000000000e+01 9.750000000000000000e+00 -2.656250000000000000e+01 -6.875000000000000000e-01 -4.375000000000000000e-01 1.875000000000000000e+00
5.769999980926513672e+00 -1.730000019073486328e+00 7.659999847412109375e+00 -1.956250000000000000e+01 9.750000000000000000e+00 -2.656250000000000000e+01 -7.500000000000000000e-01 -3.750000000000000000e-01 1.687500000000000000e+00
5.780000209808349609e+00 -1.740000009536743164e+00 7.639999866485595703e+00 -1.956250000000000000e+01 9.750000000000000000e+00 -2.656250000000000000e+01 -7.500000000000000000e-01 -1.875000000000000000e-01 1.562500000000000000e+00
5.780000209808349609e+00 -1.740000009536743164e+00 7.639999866485595703e+00 -1.925000000000000000e+01 9.000000000000000000e+00 -2.575000000000000000e+01 -6.250000000000000000e-01 -2.500000000000000000e-01 1.500000000000000000e+00
5.780000209808349609e+00 -1.740000009536743164e+00 7.679999828338623047e+00 -1.925000000000000000e+01 9.000000000000000000e+00 -2.575000000000000000e+01 -6.250000000000000000e-01 -1.875000000000000000e-01 1.687500000000000000e+00
5.789999961853027344e+00 -1.769999980926513672e+00 7.650000095367431641e+00 -1.925000000000000000e+01 9.000000000000000000e+00 -2.575000000000000000e+01 -7.500000000000000000e-01 -4.375000000000000000e-01 1.687500000000000000e+00
