3.609999895095825195e+00 -2.720000028610229492e+00 8.670000076293945312e+00 -4.025000000000000000e+01 2.406250000000000000e+01 -3.518750000000000000e+01 1.875000000000000000e-01 0.000000000000000000e+00 0.000000000000000000e+00
3.650000095367431641e+00 -2.670000076293945312e+00 8.670000076293945312e+00 -4.025000000000000000e+01 2.406250000000000000e+01 -3.518750000000000000e+01 3.125000000000000000e-01 -6.250000000000000000e-02 -1.875000000000000000e-01
3.579999923706054688e+00 -2.640000104904174805e+00 8.649999618530273438e+00 -4.025000000000000000e+01 2.406250000000000000e+01 -3.518750000000000000e+01 4.375000000000000000e-01 1.250000000000000000e-01 -3.125000000000000000e-01
3.619999885559082031e+00 -2.670000076293945312e+00 8.670000076293945312e+00 -4.025000000000000000e+01 2.406250000000000000e+01 -3.518750000000000000e+01 4.375000000000000000e-01 1.250000000000000000e-01 -3.125000000000000000e-01
3.630000114440917969e+00 -2.640000104904174805e+00 8.659999847412109375e+00 -4.025000000000000000e+01 2.406250000000000000e+01 -3.518750000000000000e+01 4.375000000000000000e-01 -1.250000000000000000e-01 -2.500000000000000000e-01
3.609999895095825195e+00 -2.670000076293945312e+00 8.680000305175781250e+00 -3.956250000000000000e+01 2.368750000000000000e+01 -3.437500000000000000e+01 5.000000000000000000e-01 -6.250000000000000000e-02 -2.500000000000000000e-01
3.619999885559082031e+00 -2.720000028610229492e+00 8.659999847412109375e+00 -3.956250000000000000e+01 2.368750000000000000e+01 -3.437500000000000000e+01 3.750000000000000000e-01 0.000000000000000000e+00 -3.125000000000000000e-01
3.630000114440917969e+00 -2.720000028610229492e+00 8.649999618530273438e+00 -3.956250000000000000e+01 2.368750000000000000e+01 -3.437500000000000000e+01 5.625000000000000000e-01 6.250000000000000000e-02 -2.500000000000000000e-01
3.630000114440917969e+00 -2.690000057220458984e+00 8.710000038146972656e+00 -3.956250000000000000e+01 2.368750000000000000e+01 -3.437500000000000000e+01 7.500000000000000000e-01 1.875000000000000000e-01 -5.625000000000000000e-01
3.619999885559082031e+00 -2.660000085830688477e+00 8.680000305175781250e+00 -3.956250000000000000e+01 2.368750000000000000e+01 -3.437500000000000000e+01 7.500000000000000000e-01 1.250000000000000000e-01 -5.625000000000000000e-01
3.640000104904174805e+00 -2.690000057220458984e+00 8.710000038146972656e+00 -4.056250000000000000e+01 2.300000000000000000e+01 -3.475000000000000000e+01 9.375000000000000000e-01 1.875000000000000000e-01 -5.625000000000000000e-01
3.680000066757202148e+00 -2.710000038146972656e+00 8.729999542236328125e+00 -4.056250000000000000e+01 2.300000000000000000e+01 -3.475000000000000000e+01 1.062500000000000000e+00 1.875000000000000000e-01 -8.125000000000000000e-01
3.670000076293945312e+00 -3.150000095367431641e+00 8.569999694824218750e+00 -4.056250000000000000e+01 2.300000000000000000e+01 -3.475000000000000000e+01 1.687500000000000000e+00 7.500000000000000000e-01 -1.500000000000000000e+00
3.710000038146972656e+00 -3.250000000000000000e+00 8.819999694824218750e+00 -4.056250000000000000e+01 2.300000000000000000e+01 -3.475000000000000000e+01 3.187500000000000000e+00 1.500000000000000000e+00 -2.250000000000000000e+00
3.960000038146972656e+00 -3.440000057220458984e+00 8.659999847412109375e+00 -4.056250000000000000e+01 2.300000000000000000e+01 -3.475000000000000000e+01 5.250000000000000000e+00 2.375000000000000000e+00 -4.125000000000000000e+00
3.789999961853027344e+00 -3.619999885559082031e+00 8.529999732971191406e+00 -3.987500000000000000e+01 2.368750000000000000e+01 -3.475000000000000000e+01 8.125000000000000000e+00 4.062500000000000000e+00 -6.437500000000000000e+00
3.890000104904174805e+00 -3.450000047683715820e+00 8.560000419616699219e+00 -3.987500000000000000e+01 2.368750000000000000e+01 -3.475000000000000000e+01 1.193750000000000000e+01 5.937500000000000000e+00 -8.500000000000000000e+00
3.750000000000000000e+00 -3.089999914169311523e+00 8.810000419616699219e+00 -3.987500000000000000e+01 2.368750000000000000e+01 -3.475000000000000000e+01 1.593750000000000000e+01 7.562500000000000000e+00 -1.018750000000000000e+01
3.779999971389770508e+00 -2.750000000000000000e+00 8.930000305175781250e+00 -3.987500000000000000e+01 2.368750000000000000e+01 -3.475000000000000000e+01 1.906250000000000000e+01 8.500000000000000000e+00 -1.093750000000000000e+01
3.769999980926513672e+00 -2.750000000000000000e+00 8.750000000000000000e+00 -3.987500000000000000e+01 2.368750000000000000e+01 -3.475000000000000000e+01 2.062500000000000000e+01 9.062500000000000000e+00 -1.106250000000000000e+01
3.750000000000000000e+00 -2.809999942779541016e+00 8.789999961853027344e+00 -4.025000000000000000e+01 2.337500000000000000e+01 -3.437500000000000000e+01 2.075000000000000000e+01 9.750000000000000000e+00 -1.100000000000000000e+01
3.730000019073486328e+00 -2.900000095367431641e+00 9.069999694824218750e+00 -4.025000000000000000e+01 2.337500000000000000e+01 -3.437500000000000000e+01 2.237500000000000000e+01 1.075000000000000000e+01 -1.137500000000000000e+01
3.880000114440917969e+00 -3.220000028610229492e+00 8.880000114440917969e+00 -4.025000000000000000e+01 2.337500000000000000e+01 -3.437500000000000000e+01 2.562500000000000000e+01 1.218750000000000000e+01 -1.268750000000000000e+01
4.269999980926513672e+00 -3.859999895095825195e+00 8.949999809265136719e+00 -4.025000000000000000e+01 2.337500000000000000e+01 -3.437500000000000000e+01 2.906250000000000000e+01 1.437500000000000000e+01 -1.450000000000000000e+01
4.170000076293945312e+00 -4.000000000000000000e+00 9.170000076293945312e+00 -4.025000000000000000e+01 2.337500000000000000e+01 -3.437500000000000000e+01 3.750000000000000000e+01 1.850000000000000000e+01 -1.693750000000000000e+01
3.920000076293945312e+00 -3.990000009536743164e+00 9.090000152587890625e+00 -4.100000000000000000e+01 2.300000000000000000e+01 -3.518750000000000000e+01 4.993750000000000000e+01 2.131250000000000000e+01 -1.981250000000000000e+01
3.960000038146972656e+00 -4.050000190734863281e+00 8.880000114440917969e+00 -4.100000000000000000e+01 2.300000000000000000e+01 -3.518750000000000000e+01 6.281250000000000000e+01 2.418750000000000000e+01 -2.287500000000000000e+01
3.740000009536743164e+00 -3.289999961853027344e+00 8.960000038146972656e+00 -4.100000000000000000e+01 2.300000000000000000e+01 -3.518750000000000000e+01 7.487500000000000000e+01 2.643750000000000000e+01 -2.687500000000000000e+01
3.470000028610229492e+00 -2.819999933242797852e+00 9.340000152587890625e+00 -4.100000000000000000e+01 2.300000000000000000e+01 -3.518750000000000000e+01 8.450000000000000000e+01 2.812500000000000000e+01 -3.006250000000000000e+01
3.480000019073486328e+00 -2.589999914169311523e+00 9.079999923706054688e+00 -4.100000000000000000e+01 2.300000000000000000e+01 -3.518750000000000000e+01 9.275000000000000000e+01 2.856250000000000000e+01 -3.287500000000000000e+01
3.049999952316284180e+00 -1.409999966621398926e+00 9.109999656677246094e+00 -4.025000000000000000e+01 2.150000000000000000e+01 -3.806250000000000000e+01 9.731250000000000000e+01 2.868750000000000000e+01 -3.362500000000000000e+01
2.799999952316284180e+00 -4.799999892711639404e-01 9.029999732971191406e+00 -4.025000000000000000e+01 2.150000000000000000e+01 -3.806250000000000000e+01 1.013125000000000000e+02 2.712500000000000000e+01 -3.325000000000000000e+01
2.809999942779541016e+00 2.000000029802322388e-01 8.989999771118164062e+00 -4.025000000000000000e+01 2.150000000000000000e+01 -3.806250000000000000e+01 1.013750000000000000e+02 2.462500000000000000e+01 -3.193750000000000000e+01
2.950000047683715820e+00 -5.999999865889549255e-02 8.470000267028808594e+00 -4.025000000000000000e+01 2.150000000000000000e+01 -3.806250000000000000e+01 9.268750000000000000e+01 2.268750000000000000e+01 -3.168750000000000000e+01
3.230000019073486328e+00 -5.199999809265136719e-01 9.590000152587890625e+00 -4.025000000000000000e+01 2.150000000000000000e+01 -3.806250000000000000e+01 8.112500000000000000e+01 2.300000000000000000e+01 -3.037500000000000000e+01
3.059999942779541016e+00 -6.200000047683715820e-01 8.670000076293945312e+00 -3.956250000000000000e+01 1.600000000000000000e+01 -3.925000000000000000e+01 8.543750000000000000e+01 2.393750000000000000e+01 -3.056250000000000000e+01
3.200000047683715820e+00 -1.289999961853027344e+00 8.850000381469726562e+00 -3.956250000000000000e+01 1.600000000000000000e+01 -3.925000000000000000e+01 8.000000000000000000e+01 2.318750000000000000e+01 -2.987500000000000000e+01
3.089999914169311523e+00 -8.299999833106994629e-01 8.619999885559082031e+00 -3.956250000000000000e+01 1.600000000000000000e+01 -3.925000000000000000e+01 8.306250000000000000e+01 2.493750000000000000e+01 -2.956250000000000000e+01
2.769999980926513672e+00 -6.100000143051147461e-01 9.199999809265136719e+00 -3.956250000000000000e+01 1.600000000000000000e+01 -3.925000000000000000e+01 8.993750000000000000e+01 2.618750000000000000e+01 -3.056250000000000000e+01
2.980000019073486328e+00 -2.500000000000000000e-01 9.060000419616699219e+00 -3.956250000000000000e+01 1.600000000000000000e+01 -3.925000000000000000e+01 9.062500000000000000e+01 2.512500000000000000e+01 -3.006250000000000000e+01
2.730000019073486328e+00 2.300000041723251343e-01 8.850000381469726562e+00 -4.025000000000000000e+01 1.187500000000000000e+01 -4.125000000000000000e+01 9.131250000000000000e+01 2.500000000000000000e+01 -3.050000000000000000e+01
2.750000000000000000e+00 6.999999880790710449e-01 8.850000381469726562e+00 -4.025000000000000000e+01 1.187500000000000000e+01 -4.125000000000000000e+01 8.918750000000000000e+01 2.518750000000000000e+01 -2.950000000000000000e+01
2.660000085830688477e+00 7.599999904632568359e-01 8.880000114440917969e+00 -4.025000000000000000e+01 1.187500000000000000e+01 -4.125000000000000000e+01 8.693750000000000000e+01 2.475000000000000000e+01 -2.837500000000000000e+01
2.779999971389770508e+00 8.399999737739562988e-01 9.010000228881835938e+00 -4.025000000000000000e+01 1.187500000000000000e+01 -4.125000000000000000e+01 8.350000000000000000e+01 2.406250000000000000e+01 -2.643750000000000000e+01
2.660000085830688477e+00 9.499999880790710449e-01 8.960000038146972656e+00 -4.025000000000000000e+01 1.187500000000000000e+01 -4.125000000000000000e+01 8.093750000000000000e+01 2.418750000000000000e+01 -2.543750000000000000e+01
2.519999980926513672e+00 1.440000057220458984e+00 8.850000381469726562e+00 -3.918750000000000000e+01 7.562500000000000000e+00 -4.206250000000000000e+01 7.868750000000000000e+01 2.425000000000000000e+01 -2.412500000000000000e+01
2.589999914169311523e+00 1.259999990463256836e+00 9.060000419616699219e+00 -3.918750000000000000e+01 7.562500000000000000e+00 -4.206250000000000000e+01 7.381250000000000000e+01 2.262500000000000000e+01 -2.268750000000000000e+01
2.650000095367431641e+00 1.409999966621398926e+00 8.989999771118164062e+00 -3.918750000000000000e+01 7.562500000000000000e+00 -4.206250000000000000e+01 7.100000000000000000e+01 2.262500000000000000e+01 -2.137500000000000000e+01
2.839999914169311523e+00 1.279999971389770508e+00 9.000000000000000000e+00 -3.918750000000000000e+01 7.562500000000000000e+00 -4.206250000000000000e+01 6.831250000000000000e+01 2.337500000000000000e+01 -1.981250000000000000e+01
2.789999961853027344e+00 1.350000023841857910e+00 9.029999732971191406e+00 -3.918750000000000000e+01 7.562500000000000000e+00 -4.206250000000000000e+01 6.687500000000000000e+01 2.487500000000000000e+01 -1.800000000000000000e+01
2.670000076293945312e+00 1.220000028610229492e+00 9.109999656677246094e+00 -3.875000000000000000e+01 4.062500000000000000e+00 -4.418750000000000000e+01 6.625000000000000000e+01 2.650000000000000000e+01 -1.650000000000000000e+01
2.700000047683715820e+00 1.049999952316284180e+00 9.109999656677246094e+00 -3.875000000000000000e+01 4.062500000000000000e+00 -4.418750000000000000e+01 6.668750000000000000e+01 2.775000000000000000e+01 -1.581250000000000000e+01
2.700000047683715820e+00 1.059999942779541016e+00 9.229999542236328125e+00 -3.875000000000000000e+01 4.062500000000000000e+00 -4.418750000000000000e+01 6.900000000000000000e+01 2.875000000000000000e+01 -1.506250000000000000e+01
2.599999904632568359e+00 1.200000047683715820e+00 9.170000076293945312e+00 -3.875000000000000000e+01 4.062500000000000000e+00 -4.418750000000000000e+01 7.206250000000000000e+01 3.018750000000000000e+01 -1.531250000000000000e+01
2.549999952316284180e+00 1.509999990463256836e+00 9.180000305175781250e+00 -3.875000000000000000e+01 4.062500000000000000e+00 -4.418750000000000000e+01 7.418750000000000000e+01 3.112500000000000000e+01 -1.587500000000000000e+01
2.509999990463256836e+00 1.799999952316284180e+00 9.109999656677246094e+00 -3.725000000000000000e+01 8.750000000000000000e-01 -4.537500000000000000e+01 7.593750000000000000e+01 3.150000000000000000e+01 -1.568750000000000000e+01
2.069999933242797852e+00 2.079999923706054688e+00 8.840000152587890625e+00 -3.725000000000000000e+01 8.750000000000000000e-01 -4.537500000000000000e+01 7.581250000000000000e+01 3.137500000000000000e+01 -1.562500000000000000e+01
1.929999947547912598e+00 2.680000066757202148e+00 8.890000343322753906e+00 -3.725000000000000000e+01 8.750000000000000000e-01 -4.537500000000000000e+01 7.400000000000000000e+01 3.100000000000000000e+01 -1.687500000000000000e+01
1.679999947547912598e+00 3.319999933242797852e+00 8.600000381469726562e+00 -3.725000000000000000e+01 8.750000000000000000e-01 -4.537500000000000000e+01 7.256250000000000000e+01 2.843750000000000000e+01 -1.506250000000000000e+01
1.389999985694885254e+00 3.859999895095825195e+00 8.659999847412109375e+00 -3.725000000000000000e+01 8.750000000000000000e-01 -4.537500000000000000e+01 6.718750000000000000e+01 2.681250000000000000e+01 -1.075000000000000000e+01
1.090000033378601074e+00 3.690000057220458984e+00 8.640000343322753906e+00 -3.725000000000000000e+01 -2.750000000000000000e+00 -4.587500000000000000e+01 5.787500000000000000e+01 2.412500000000000000e+01 -8.687500000000000000e+00
1.049999952316284180e+00 3.609999895095825195e+00 8.689999580383300781e+00 -3.725000000000000000e+01 -2.750000000000000000e+00 -4.587500000000000000e+01 4.950000000000000000e+01 2.000000000000000000e+01 -9.250000000000000000e+00
1.309999942779541016e+00 3.690000057220458984e+00 8.739999771118164062e+00 -3.725000000000000000e+01 -2.750000000000000000e+00 -4.587500000000000000e+01 4.250000000000000000e+01 1.575000000000000000e+01 -9.125000000000000000e+00
1.389999985694885254e+00 3.839999914169311523e+00 8.739999771118164062e+00 -3.725000000000000000e+01 -2.750000000000000000e+00 -4.587500000000000000e+01 3.618750000000000000e+01 1.318750000000000000e+01 -7.875000000000000000e+00
1.379999995231628418e+00 3.880000114440917969e+00 8.739999771118164062e+00 -3.725000000000000000e+01 -2.750000000000000000e+00 -4.587500000000000000e+01 2.956250000000000000e+01 1.050000000000000000e+01 -6.562500000000000000e+00
1.370000004768371582e+00 3.910000085830688477e+00 8.729999542236328125e+00 -3.575000000000000000e+01 -5.375000000000000000e+00 -4.637500000000000000e+01 2.231250000000000000e+01 8.125000000000000000e+00 -5.250000000000000000e+00
1.379999995231628418e+00 3.900000095367431641e+00 8.710000038146972656e+00 -3.575000000000000000e+01 -5.375000000000000000e+00 -4.637500000000000000e+01 1.512500000000000000e+01 5.562500000000000000e+00 -3.625000000000000000e+00
1.409999966621398926e+00 3.910000085830688477e+00 8.699999809265136719e+00 -3.575000000000000000e+01 -5.375000000000000000e+00 -4.637500000000000000e+01 8.250000000000000000e+00 3.187500000000000000e+00 -1.812500000000000000e+00
1.440000057220458984e+00 3.769999980926513672e+00 8.739999771118164062e+00 -3.575000000000000000e+01 -5.375000000000000000e+00 -4.637500000000000000e+01 1.562500000000000000e+00 8.750000000000000000e-01 -4.375000000000000000e-01
1.529999971389770508e+00 3.539999961853027344e+00 8.819999694824218750e+00 -3.575000000000000000e+01 -5.375000000000000000e+00 -4.637500000000000000e+01 -4.125000000000000000e+00 -1.187500000000000000e+00 6.250000000000000000e-01
1.769999980926513672e+00 3.230000019073486328e+00 8.979999542236328125e+00 -3.468750000000000000e+01 -7.250000000000000000e+00 -4.668750000000000000e+01 -7.937500000000000000e+00 -2.750000000000000000e+00 2.000000000000000000e+00
1.809999942779541016e+00 3.039999961853027344e+00 8.939999580383300781e+00 -3.468750000000000000e+01 -7.250000000000000000e+00 -4.668750000000000000e+01 -1.050000000000000000e+01 -3.375000000000000000e+00 2.687500000000000000e+00
1.870000004768371582e+00 2.970000028610229492e+00 9.010000228881835938e+00 -3.468750000000000000e+01 -7.250000000000000000e+00 -4.668750000000000000e+01 -1.212500000000000000e+01 -4.125000000000000000e+00 3.000000000000000000e+00
1.830000042915344238e+00 3.029999971389770508e+00 9.039999961853027344e+00 -3.468750000000000000e+01 -7.250000000000000000e+00 -4.668750000000000000e+01 -1.325000000000000000e+01 -4.812500000000000000e+00 3.687500000000000000e+00
1.759999990463256836e+00 3.200000047683715820e+00 8.930000305175781250e+00 -3.468750000000000000e+01 -7.250000000000000000e+00 -4.668750000000000000e+01 -1.500000000000000000e+01 -5.375000000000000000e+00 4.437500000000000000e+00
1.710000038146972656e+00 3.299999952316284180e+00 8.880000114440917969e+00 -3.468750000000000000e+01 -6.875000000000000000e+00 -4.668750000000000000e+01 -1.775000000000000000e+01 -6.562500000000000000e+00 5.125000000000000000e+00
1.720000028610229492e+00 3.400000095367431641e+00 8.840000152587890625e+00 -3.468750000000000000e+01 -6.875000000000000000e+00 -4.668750000000000000e+01 -2.162500000000000000e+01 -7.750000000000000000e+00 6.312500000000000000e+00
1.659999966621398926e+00 3.480000019073486328e+00 8.810000419616699219e+00 -3.468750000000000000e+01 -6.875000000000000000e+00 -4.668750000000000000e+01 -2.618750000000000000e+01 -8.937500000000000000e+00 7.687500000000000000e+00
1.629999995231628418e+00 3.460000038146972656e+00 8.800000190734863281e+00 -3.468750000000000000e+01 -6.875000000000000000e+00 -4.668750000000000000e+01 -3.150000000000000000e+01 -1.056250000000000000e+01 9.062500000000000000e+00
1.669999957084655762e+00 3.410000085830688477e+00 8.840000152587890625e+00 -3.468750000000000000e+01 -6.875000000000000000e+00 -4.668750000000000000e+01 -3.706250000000000000e+01 -1.225000000000000000e+01 1.062500000000000000e+01
1.720000028610229492e+00 3.099999904632568359e+00 8.840000152587890625e+00 -3.575000000000000000e+01 -6.187500000000000000e+00 -4.550000000000000000e+01 -4.206250000000000000e+01 -1.368750000000000000e+01 1.150000000000000000e+01
1.950000047683715820e+00 2.329999923706054688e+00 8.970000267028808594e+00 -3.575000000000000000e+01 -6.187500000000000000e+00 -4.550000000000000000e+01 -4.543750000000000000e+01 -1.512500000000000000e+01 1.156250000000000000e+01
2.140000104904174805e+00 2.200000047683715820e+00 9.090000152587890625e+00 -3.575000000000000000e+01 -6.187500000000000000e+00 -4.550000000000000000e+01 -4.668750000000000000e+01 -1.581250000000000000e+01 1.187500000000000000e+01
2.200000047683715820e+00 2.220000028610229492e+00 9.149999618530273438e+00 -3.575000000000000000e+01 -6.187500000000000000e+00 -4.550000000000000000e+01 -4.675000000000000000e+01 -1.581250000000000000e+01 1.225000000000000000e+01
2.210000038146972656e+00 2.160000085830688477e+00 9.109999656677246094e+00 -3.575000000000000000e+01 -6.187500000000000000e+00 -4.550000000000000000e+01 -4.675000000000000000e+01 -1.556250000000000000e+01 1.243750000000000000e+01
2.109999895095825195e+00 2.250000000000000000e+00 9.069999694824218750e+00 -3.506250000000000000e+01 -3.875000000000000000e+00 -4.625000000000000000e+01 -4.706250000000000000e+01 -1.556250000000000000e+01 1.293750000000000000e+01
2.009999990463256836e+00 2.329999923706054688e+00 9.039999961853027344e+00 -3.506250000000000000e+01 -3.875000000000000000e+00 -4.625000000000000000e+01 -4.825000000000000000e+01 -1.618750000000000000e+01 1.381250000000000000e+01
1.970000028610229492e+00 2.400000095367431641e+00 8.930000305175781250e+00 -3.506250000000000000e+01 -3.875000000000000000e+00 -4.625000000000000000e+01 -5.087500000000000000e+01 -1.681250000000000000e+01 1.468750000000000000e+01
1.960000038146972656e+00 2.549999952316284180e+00 8.869999885559082031e+00 -3.506250000000000000e+01 -3.875000000000000000e+00 -4.625000000000000000e+01 -5.462500000000000000e+01 -1.806250000000000000e+01 1.587500000000000000e+01
1.909999966621398926e+00 2.579999923706054688e+00 8.890000343322753906e+00 -3.506250000000000000e+01 -3.875000000000000000e+00 -4.625000000000000000e+01 -5.956250000000000000e+01 -1.981250000000000000e+01 1.731250000000000000e+01
1.990000009536743164e+00 2.190000057220458984e+00 8.880000114440917969e+00 -3.656250000000000000e+01 -1.687500000000000000e+00 -4.506250000000000000e+01 -6.518750000000000000e+01 -2.181250000000000000e+01 1.793750000000000000e+01
2.279999971389770508e+00 1.580000042915344238e+00 9.000000000000000000e+00 -3.656250000000000000e+01 -1.687500000000000000e+00 -4.506250000000000000e+01 -6.868750000000000000e+01 -2.318750000000000000e+01 1.775000000000000000e+01
2.609999895095825195e+00 8.700000047683715820e-01 9.210000038146972656e+00 -3.656250000000000000e+01 -1.687500000000000000e+00 -4.506250000000000000e+01 -6.900000000000000000e+01 -2.318750000000000000e+01 1.737500000000000000e+01
2.690000057220458984e+00 9.499999880790710449e-01 9.239999771118164062e+00 -3.656250000000000000e+01 -1.687500000000000000e+00 -4.506250000000000000e+01 -6.700000000000000000e+01 -2.268750000000000000e+01 1.793750000000000000e+01
2.690000057220458984e+00 1.059999942779541016e+00 9.229999542236328125e+00 -3.656250000000000000e+01 -1.687500000000000000e+00 -4.506250000000000000e+01 -6.487500000000000000e+01 -2.125000000000000000e+01 1.831250000000000000e+01
2.599999904632568359e+00 1.100000023841857910e+00 9.199999809265136719e+00 -3.656250000000000000e+01 1.562500000000000000e+00 -4.506250000000000000e+01 -6.462500000000000000e+01 -2.068750000000000000e+01 1.850000000000000000e+01
2.470000028610229492e+00 1.019999980926513672e+00 9.140000343322753906e+00 -3.656250000000000000e+01 1.562500000000000000e+00 -4.506250000000000000e+01 -6.468750000000000000e+01 -2.062500000000000000e+01 1.862500000000000000e+01
2.440000057220458984e+00 1.049999952316284180e+00 9.090000152587890625e+00 -3.656250000000000000e+01 1.562500000000000000e+00 -4.506250000000000000e+01 -6.581250000000000000e+01 -2.156250000000000000e+01 1.875000000000000000e+01
2.509999990463256836e+00 1.080000042915344238e+00 9.079999923706054688e+00 -3.656250000000000000e+01 1.562500000000000000e+00 -4.506250000000000000e+01 -6.725000000000000000e+01 -2.300000000000000000e+01 1.925000000000000000e+01
2.539999961853027344e+00 1.059999942779541016e+00 9.050000190734863281e+00 -3.656250000000000000e+01 1.562500000000000000e+00 -4.506250000000000000e+01 -6.981250000000000000e+01 -2.381250000000000000e+01 1.956250000000000000e+01
