3.539999961853027344e+00 -3.230000019073486328e+00 8.520000457763671875e+00 -3.950000000000000000e+01 2.606250000000000000e+01 -3.475000000000000000e+01 0.000000000000000000e+00 1.875000000000000000e-01 0.000000000000000000e+00
3.460000038146972656e+00 -3.250000000000000000e+00 8.520000457763671875e+00 -3.950000000000000000e+01 2.606250000000000000e+01 -3.475000000000000000e+01 -1.875000000000000000e-01 0.000000000000000000e+00 6.250000000000000000e-02
3.480000019073486328e+00 -3.319999933242797852e+00 8.510000228881835938e+00 -3.950000000000000000e+01 2.606250000000000000e+01 -3.475000000000000000e+01 -6.250000000000000000e-02 -6.250000000000000000e-02 -6.250000000000000000e-02
3.529999971389770508e+00 -3.230000019073486328e+00 8.550000190734863281e+00 -3.950000000000000000e+01 2.606250000000000000e+01 -3.475000000000000000e+01 -6.250000000000000000e-02 3.750000000000000000e-01 -6.250000000000000000e-02
3.549999952316284180e+00 -3.240000009536743164e+00 8.579999923706054688e+00 -3.950000000000000000e+01 2.606250000000000000e+01 -3.475000000000000000e+01 -6.250000000000000000e-02 3.750000000000000000e-01 -6.250000000000000000e-02
3.579999923706054688e+00 -3.309999942779541016e+00 8.640000343322753906e+00 -3.987500000000000000e+01 2.606250000000000000e+01 -3.518750000000000000e+01 -5.625000000000000000e-01 1.875000000000000000e-01 3.125000000000000000e-01
3.670000076293945312e+00 -3.279999971389770508e+00 8.729999542236328125e+00 -3.987500000000000000e+01 2.606250000000000000e+01 -3.518750000000000000e+01 -5.625000000000000000e-01 1.875000000000000000e-01 3.125000000000000000e-01
4.079999923706054688e+00 -3.539999961853027344e+00 8.670000076293945312e+00 -3.987500000000000000e+01 2.606250000000000000e+01 -3.518750000000000000e+01 -2.000000000000000000e+00 1.875000000000000000e+00 8.750000000000000000e-01
4.389999866485595703e+00 -3.869999885559082031e+00 8.810000419616699219e+00 -3.987500000000000000e+01 2.606250000000000000e+01 -3.518750000000000000e+01 -2.000000000000000000e+00 1.875000000000000000e+00 8.750000000000000000e-01
4.880000114440917969e+00 -4.019999980926513672e+00 9.100000381469726562e+00 -3.987500000000000000e+01 2.606250000000000000e+01 -3.518750000000000000e+01 -3.500000000000000000e+00 6.687500000000000000e+00 1.500000000000000000e+00
5.539999961853027344e+00 -4.239999771118164062e+00 9.479999542236328125e+00 -3.987500000000000000e+01 2.568750000000000000e+01 -3.556250000000000000e+01 -6.750000000000000000e+00 1.375000000000000000e+01 4.000000000000000000e+00
6.780000209808349609e+00 -4.940000057220458984e+00 1.031000041961669922e+01 -3.987500000000000000e+01 2.568750000000000000e+01 -3.556250000000000000e+01 -1.168750000000000000e+01 2.706250000000000000e+01 1.131250000000000000e+01
7.559999942779541016e+00 -5.809999942779541016e+00 1.106000041961669922e+01 -3.987500000000000000e+01 2.568750000000000000e+01 -3.556250000000000000e+01 -2.100000000000000000e+01 4.075000000000000000e+01 2.587500000000000000e+01
9.319999694824218750e+00 -6.369999885559082031e+00 1.261999988555908203e+01 -3.987500000000000000e+01 2.568750000000000000e+01 -3.556250000000000000e+01 -3.118750000000000000e+01 5.468750000000000000e+01 4.206250000000000000e+01
9.789999961853027344e+00 -5.599999904632568359e+00 1.310000038146972656e+01 -3.987500000000000000e+01 2.568750000000000000e+01 -3.556250000000000000e+01 -1.806250000000000000e+01 7.881250000000000000e+01 5.243750000000000000e+01
7.929999828338623047e+00 -3.259999990463256836e+00 1.185999965667724609e+01 -3.875000000000000000e+01 2.687500000000000000e+01 -3.468750000000000000e+01 1.431250000000000000e+01 1.110625000000000000e+02 5.675000000000000000e+01
6.429999828338623047e+00 -1.850000023841857910e+00 1.089999961853027344e+01 -3.875000000000000000e+01 2.687500000000000000e+01 -3.468750000000000000e+01 1.912500000000000000e+01 1.343750000000000000e+02 6.006250000000000000e+01
5.409999847412109375e+00 -2.519999980926513672e+00 1.017000007629394531e+01 -3.875000000000000000e+01 2.687500000000000000e+01 -3.468750000000000000e+01 3.187500000000000000e+00 1.479375000000000000e+02 6.931250000000000000e+01
2.859999895095825195e+00 -3.609999895095825195e+00 8.550000190734863281e+00 -3.875000000000000000e+01 2.687500000000000000e+01 -3.468750000000000000e+01 -5.937500000000000000e+00 1.549375000000000000e+02 7.531250000000000000e+01
1.330000042915344238e+00 -2.940000057220458984e+00 7.800000190734863281e+00 -3.875000000000000000e+01 2.687500000000000000e+01 -3.468750000000000000e+01 -1.062500000000000000e+00 1.555625000000000000e+02 7.612500000000000000e+01
2.300000041723251343e-01 -2.250000000000000000e+00 6.780000209808349609e+00 -3.506250000000000000e+01 2.837500000000000000e+01 -3.756250000000000000e+01 8.750000000000000000e-01 1.466250000000000000e+02 7.437500000000000000e+01
-2.800000011920928955e-01 -2.299999952316284180e+00 6.860000133514404297e+00 -3.506250000000000000e+01 2.837500000000000000e+01 -3.756250000000000000e+01 -5.500000000000000000e+00 1.373125000000000000e+02 7.331250000000000000e+01
-1.039999961853027344e+00 -2.009999990463256836e+00 6.940000057220458984e+00 -3.506250000000000000e+01 2.837500000000000000e+01 -3.756250000000000000e+01 -1.087500000000000000e+01 1.265000000000000000e+02 7.012500000000000000e+01
-1.190000057220458984e+00 -2.000000000000000000e+00 6.920000076293945312e+00 -3.506250000000000000e+01 2.837500000000000000e+01 -3.756250000000000000e+01 -1.431250000000000000e+01 1.154375000000000000e+02 6.493750000000000000e+01
-1.159999966621398926e+00 -2.059999942779541016e+00 7.199999809265136719e+00 -3.506250000000000000e+01 2.837500000000000000e+01 -3.756250000000000000e+01 -1.568750000000000000e+01 1.056250000000000000e+02 5.812500000000000000e+01
-7.200000286102294922e-01 -2.019999980926513672e+00 8.039999961853027344e+00 -2.875000000000000000e+01 3.018750000000000000e+01 -4.050000000000000000e+01 -1.625000000000000000e+01 9.712500000000000000e+01 5.018750000000000000e+01
-6.000000238418579102e-01 -2.279999971389770508e+00 8.210000038146972656e+00 -2.875000000000000000e+01 3.018750000000000000e+01 -4.050000000000000000e+01 -1.843750000000000000e+01 9.162500000000000000e+01 4.300000000000000000e+01
-6.999999880790710449e-01 -2.349999904632568359e+00 8.119999885559082031e+00 -2.875000000000000000e+01 3.018750000000000000e+01 -4.050000000000000000e+01 -1.862500000000000000e+01 8.793750000000000000e+01 3.625000000000000000e+01
-1.279999971389770508e+00 -2.509999990463256836e+00 8.000000000000000000e+00 -2.875000000000000000e+01 3.018750000000000000e+01 -4.050000000000000000e+01 -1.712500000000000000e+01 8.437500000000000000e+01 2.887500000000000000e+01
-1.269999980926513672e+00 -2.720000028610229492e+00 8.050000190734863281e+00 -2.875000000000000000e+01 3.018750000000000000e+01 -4.050000000000000000e+01 -1.750000000000000000e+01 7.850000000000000000e+01 2.200000000000000000e+01
-9.399999976158142090e-01 -3.349999904632568359e+00 8.199999809265136719e+00 -2.306250000000000000e+01 3.237500000000000000e+01 -4.125000000000000000e+01 -2.112500000000000000e+01 7.268750000000000000e+01 1.762500000000000000e+01
-9.900000095367431641e-01 -3.819999933242797852e+00 7.940000057220458984e+00 -2.306250000000000000e+01 3.237500000000000000e+01 -4.125000000000000000e+01 -2.206250000000000000e+01 6.893750000000000000e+01 1.437500000000000000e+01
-1.570000052452087402e+00 -3.970000028610229492e+00 7.570000171661376953e+00 -2.306250000000000000e+01 3.237500000000000000e+01 -4.125000000000000000e+01 -1.737500000000000000e+01 6.562500000000000000e+01 1.093750000000000000e+01
-2.039999961853027344e+00 -3.730000019073486328e+00 7.369999885559082031e+00 -2.306250000000000000e+01 3.237500000000000000e+01 -4.125000000000000000e+01 -1.325000000000000000e+01 5.900000000000000000e+01 7.625000000000000000e+00
-2.059999942779541016e+00 -4.050000190734863281e+00 7.300000190734863281e+00 -2.306250000000000000e+01 3.237500000000000000e+01 -4.125000000000000000e+01 -1.250000000000000000e+01 5.168750000000000000e+01 5.875000000000000000e+00
-1.990000009536743164e+00 -4.119999885559082031e+00 7.489999771118164062e+00 -2.018750000000000000e+01 3.387500000000000000e+01 -4.206250000000000000e+01 -1.125000000000000000e+01 4.443750000000000000e+01 4.250000000000000000e+00
-1.919999957084655762e+00 -4.250000000000000000e+00 7.610000133514404297e+00 -2.018750000000000000e+01 3.387500000000000000e+01 -4.206250000000000000e+01 -9.187500000000000000e+00 3.762500000000000000e+01 2.812500000000000000e+00
-1.779999971389770508e+00 -4.269999980926513672e+00 7.670000076293945312e+00 -2.018750000000000000e+01 3.387500000000000000e+01 -4.206250000000000000e+01 -7.375000000000000000e+00 3.156250000000000000e+01 2.062500000000000000e+00
-1.659999966621398926e+00 -4.420000076293945312e+00 7.900000095367431641e+00 -2.018750000000000000e+01 3.387500000000000000e+01 -4.206250000000000000e+01 -5.750000000000000000e+00 2.650000000000000000e+01 1.625000000000000000e+00
-1.549999952316284180e+00 -4.420000076293945312e+00 8.079999923706054688e+00 -2.018750000000000000e+01 3.387500000000000000e+01 -4.206250000000000000e+01 -3.687500000000000000e+00 2.187500000000000000e+01 1.187500000000000000e+00
-1.210000038146972656e+00 -4.329999923706054688e+00 8.470000267028808594e+00 -1.900000000000000000e+01 3.387500000000000000e+01 -4.256250000000000000e+01 -3.000000000000000000e+00 1.775000000000000000e+01 1.125000000000000000e+00
-1.000000000000000000e+00 -4.369999885559082031e+00 8.760000228881835938e+00 -1.900000000000000000e+01 3.387500000000000000e+01 -4.256250000000000000e+01 -3.500000000000000000e+00 1.468750000000000000e+01 2.500000000000000000e+00
-8.399999737739562988e-01 -4.260000228881835938e+00 8.760000228881835938e+00 -1.900000000000000000e+01 3.387500000000000000e+01 -4.256250000000000000e+01 -3.875000000000000000e+00 1.293750000000000000e+01 4.312500000000000000e+00
-9.900000095367431641e-01 -4.179999828338623047e+00 8.800000190734863281e+00 -1.900000000000000000e+01 3.387500000000000000e+01 -4.256250000000000000e+01 -3.250000000000000000e+00 1.275000000000000000e+01 5.312500000000000000e+00
-1.210000038146972656e+00 -3.789999961853027344e+00 8.739999771118164062e+00 -1.900000000000000000e+01 3.387500000000000000e+01 -4.256250000000000000e+01 -2.500000000000000000e+00 1.187500000000000000e+01 5.125000000000000000e+00
-1.389999985694885254e+00 -3.750000000000000000e+00 8.630000114440917969e+00 -1.818750000000000000e+01 3.456250000000000000e+01 -4.256250000000000000e+01 -2.562500000000000000e+00 1.056250000000000000e+01 4.500000000000000000e+00
-1.490000009536743164e+00 -3.720000028610229492e+00 8.569999694824218750e+00 -1.818750000000000000e+01 3.456250000000000000e+01 -4.256250000000000000e+01 -2.687500000000000000e+00 9.312500000000000000e+00 3.437500000000000000e+00
-1.370000004768371582e+00 -3.819999933242797852e+00 8.470000267028808594e+00 -1.818750000000000000e+01 3.456250000000000000e+01 -4.256250000000000000e+01 -3.125000000000000000e+00 7.625000000000000000e+00 2.250000000000000000e+00
-1.519999980926513672e+00 -3.940000057220458984e+00 8.380000114440917969e+00 -1.818750000000000000e+01 3.456250000000000000e+01 -4.256250000000000000e+01 -3.562500000000000000e+00 6.062500000000000000e+00 1.062500000000000000e+00
-1.639999985694885254e+00 -3.970000028610229492e+00 8.250000000000000000e+00 -1.818750000000000000e+01 3.456250000000000000e+01 -4.256250000000000000e+01 -2.750000000000000000e+00 4.625000000000000000e+00 0.000000000000000000e+00
-1.809999942779541016e+00 -4.090000152587890625e+00 8.060000419616699219e+00 -1.706250000000000000e+01 3.387500000000000000e+01 -4.375000000000000000e+01 -1.375000000000000000e+00 2.437500000000000000e+00 -1.125000000000000000e+00
-1.970000028610229492e+00 -4.010000228881835938e+00 7.849999904632568359e+00 -1.706250000000000000e+01 3.387500000000000000e+01 -4.375000000000000000e+01 3.125000000000000000e-01 -1.062500000000000000e+00 -2.187500000000000000e+00
-1.980000019073486328e+00 -4.130000114440917969e+00 8.020000457763671875e+00 -1.706250000000000000e+01 3.387500000000000000e+01 -4.375000000000000000e+01 1.125000000000000000e+00 -5.000000000000000000e+00 -3.187500000000000000e+00
-1.440000057220458984e+00 -4.119999885559082031e+00 8.380000114440917969e+00 -1.706250000000000000e+01 3.387500000000000000e+01 -4.375000000000000000e+01 6.875000000000000000e-01 -1.006250000000000000e+01 -3.812500000000000000e+00
-9.399999976158142090e-01 -4.360000133514404297e+00 8.689999580383300781e+00 -1.706250000000000000e+01 3.387500000000000000e+01 -4.375000000000000000e+01 -5.625000000000000000e-01 -1.293750000000000000e+01 -2.625000000000000000e+00
-4.799999892711639404e-01 -4.489999771118164062e+00 9.149999618530273438e+00 -1.556250000000000000e+01 3.425000000000000000e+01 -4.200000000000000000e+01 -3.125000000000000000e-01 -1.368750000000000000e+01 -1.250000000000000000e+00
-6.100000143051147461e-01 -4.300000190734863281e+00 9.170000076293945312e+00 -1.556250000000000000e+01 3.425000000000000000e+01 -4.200000000000000000e+01 1.312500000000000000e+00 -1.237500000000000000e+01 -3.750000000000000000e-01
-6.700000166893005371e-01 -3.960000038146972656e+00 9.279999732971191406e+00 -1.556250000000000000e+01 3.425000000000000000e+01 -4.200000000000000000e+01 2.437500000000000000e+00 -1.043750000000000000e+01 -3.125000000000000000e-01
-3.899999856948852539e-01 -3.950000047683715820e+00 9.439999580383300781e+00 -1.556250000000000000e+01 3.425000000000000000e+01 -4.200000000000000000e+01 8.750000000000000000e-01 -9.250000000000000000e+00 6.250000000000000000e-02
-6.000000238418579102e-01 -3.910000085830688477e+00 9.310000419616699219e+00 -1.556250000000000000e+01 3.425000000000000000e+01 -4.200000000000000000e+01 -1.875000000000000000e-01 -6.812500000000000000e+00 1.875000000000000000e-01
-8.799999952316284180e-01 -3.759999990463256836e+00 9.069999694824218750e+00 -1.625000000000000000e+01 3.425000000000000000e+01 -4.256250000000000000e+01 0.000000000000000000e+00 -4.312500000000000000e+00 -6.875000000000000000e-01
-1.169999957084655762e+00 -3.690000057220458984e+00 8.779999732971191406e+00 -1.625000000000000000e+01 3.425000000000000000e+01 -4.256250000000000000e+01 -1.875000000000000000e-01 -3.687500000000000000e+00 -1.687500000000000000e+00
-1.700000047683715820e+00 -3.710000038146972656e+00 8.130000114440917969e+00 -1.625000000000000000e+01 3.425000000000000000e+01 -4.256250000000000000e+01 0.000000000000000000e+00 -4.625000000000000000e+00 -3.375000000000000000e+00
-1.909999966621398926e+00 -3.779999971389770508e+00 7.869999885559082031e+00 -1.625000000000000000e+01 3.425000000000000000e+01 -4.256250000000000000e+01 4.375000000000000000e-01 -7.250000000000000000e+00 -5.437500000000000000e+00
-2.150000095367431641e+00 -3.849999904632568359e+00 7.510000228881835938e+00 -1.625000000000000000e+01 3.425000000000000000e+01 -4.256250000000000000e+01 1.562500000000000000e+00 -1.118750000000000000e+01 -7.687500000000000000e+00
-2.640000104904174805e+00 -3.849999904632568359e+00 7.010000228881835938e+00 -1.706250000000000000e+01 3.456250000000000000e+01 -4.206250000000000000e+01 4.562500000000000000e+00 -1.687500000000000000e+01 -1.043750000000000000e+01
-3.839999914169311523e+00 -3.509999990463256836e+00 5.449999809265136719e+00 -1.706250000000000000e+01 3.456250000000000000e+01 -4.206250000000000000e+01 1.050000000000000000e+01 -2.525000000000000000e+01 -1.450000000000000000e+01
-4.059999942779541016e+00 -3.309999942779541016e+00 5.369999885559082031e+00 -1.706250000000000000e+01 3.456250000000000000e+01 -4.206250000000000000e+01 1.793750000000000000e+01 -3.618750000000000000e+01 -2.012500000000000000e+01
-3.900000095367431641e+00 -3.210000038146972656e+00 5.730000019073486328e+00 -1.706250000000000000e+01 3.456250000000000000e+01 -4.206250000000000000e+01 2.325000000000000000e+01 -4.943750000000000000e+01 -2.675000000000000000e+01
-2.970000028610229492e+00 -3.269999980926513672e+00 5.980000019073486328e+00 -1.706250000000000000e+01 3.456250000000000000e+01 -4.206250000000000000e+01 2.656250000000000000e+01 -6.262500000000000000e+01 -3.356250000000000000e+01
-3.140000104904174805e+00 -3.319999933242797852e+00 5.800000190734863281e+00 -1.768750000000000000e+01 3.425000000000000000e+01 -4.125000000000000000e+01 2.962500000000000000e+01 -7.412500000000000000e+01 -3.912500000000000000e+01
-3.480000019073486328e+00 -3.309999942779541016e+00 6.139999866485595703e+00 -1.768750000000000000e+01 3.425000000000000000e+01 -4.125000000000000000e+01 3.218750000000000000e+01 -8.887500000000000000e+01 -4.418750000000000000e+01
-2.859999895095825195e+00 -2.670000076293945312e+00 6.619999885559082031e+00 -1.768750000000000000e+01 3.425000000000000000e+01 -4.125000000000000000e+01 2.787500000000000000e+01 -1.095625000000000000e+02 -4.943750000000000000e+01
-1.940000057220458984e+00 -2.859999895095825195e+00 5.900000095367431641e+00 -1.768750000000000000e+01 3.425000000000000000e+01 -4.125000000000000000e+01 1.775000000000000000e+01 -1.295625000000000000e+02 -4.937500000000000000e+01
-1.620000004768371582e+00 -2.859999895095825195e+00 5.900000095367431641e+00 -1.768750000000000000e+01 3.425000000000000000e+01 -4.125000000000000000e+01 1.337500000000000000e+01 -1.461250000000000000e+02 -4.993750000000000000e+01
-1.370000004768371582e+00 -2.849999904632568359e+00 5.880000114440917969e+00 -2.150000000000000000e+01 3.200000000000000000e+01 -4.337500000000000000e+01 1.375000000000000000e+01 -1.613750000000000000e+02 -5.393750000000000000e+01
-1.379999995231628418e+00 -2.819999933242797852e+00 5.889999866485595703e+00 -2.150000000000000000e+01 3.200000000000000000e+01 -4.337500000000000000e+01 1.693750000000000000e+01 -1.750625000000000000e+02 -6.056250000000000000e+01
-9.000000357627868652e-02 -1.740000009536743164e+00 6.750000000000000000e+00 -2.150000000000000000e+01 3.200000000000000000e+01 -4.337500000000000000e+01 2.143750000000000000e+01 -1.906250000000000000e+02 -6.775000000000000000e+01
1.690000057220458984e+00 -1.960000038146972656e+00 7.309999942779541016e+00 -2.150000000000000000e+01 3.200000000000000000e+01 -4.337500000000000000e+01 2.143750000000000000e+01 -2.041250000000000000e+02 -7.393750000000000000e+01
3.119999885559082031e+00 -2.039999961853027344e+00 8.300000190734863281e+00 -2.150000000000000000e+01 3.200000000000000000e+01 -4.337500000000000000e+01 1.918750000000000000e+01 -2.103750000000000000e+02 -8.018750000000000000e+01
5.949999809265136719e+00 -3.200000047683715820e+00 9.250000000000000000e+00 -2.768750000000000000e+01 3.050000000000000000e+01 -3.925000000000000000e+01 1.793750000000000000e+01 -2.095000000000000000e+02 -8.381250000000000000e+01
5.760000228881835938e+00 -3.730000019073486328e+00 8.770000457763671875e+00 -2.768750000000000000e+01 3.050000000000000000e+01 -3.925000000000000000e+01 1.806250000000000000e+01 -2.015000000000000000e+02 -8.450000000000000000e+01
6.940000057220458984e+00 -2.720000028610229492e+00 8.890000343322753906e+00 -2.768750000000000000e+01 3.050000000000000000e+01 -3.925000000000000000e+01 2.068750000000000000e+01 -1.894375000000000000e+02 -9.006250000000000000e+01
9.979999542236328125e+00 -4.469999790191650391e+00 3.275999832153320312e+01 -2.768750000000000000e+01 3.050000000000000000e+01 -3.925000000000000000e+01 -3.181250000000000000e+01 -1.768750000000000000e+02 -6.568750000000000000e+01
1.068999958038330078e+01 -1.847999954223632812e+01 -1.203999996185302734e+01 -2.768750000000000000e+01 3.050000000000000000e+01 -3.925000000000000000e+01 -2.155625000000000000e+02 -4.700000000000000000e+01 3.125000000000000000e+00
6.530000209808349609e+00 -1.306999969482421875e+01 1.753000068664550781e+01 -3.625000000000000000e+01 2.800000000000000000e+01 -3.637500000000000000e+01 5.237500000000000000e+01 1.222500000000000000e+02 -1.718750000000000000e+01
4.050000190734863281e+00 3.430000066757202148e+00 8.140000343322753906e+00 -3.625000000000000000e+01 2.800000000000000000e+01 -3.637500000000000000e+01 6.306250000000000000e+01 -1.300000000000000000e+01 -7.412500000000000000e+01
-1.620000004768371582e+00 -1.009999990463256836e+00 1.203999996185302734e+01 -3.625000000000000000e+01 2.800000000000000000e+01 -3.637500000000000000e+01 1.587500000000000000e+01 2.425000000000000000e+01 2.562500000000000000e+00
3.299999952316284180e+00 -7.799999713897705078e-01 6.389999866485595703e+00 -3.625000000000000000e+01 2.800000000000000000e+01 -3.637500000000000000e+01 2.775000000000000000e+01 -2.750000000000000000e+00 4.125000000000000000e+00
3.920000076293945312e+00 -3.779999971389770508e+00 8.979999542236328125e+00 -3.625000000000000000e+01 2.800000000000000000e+01 -3.637500000000000000e+01 -1.087500000000000000e+01 -9.125000000000000000e+00 4.500000000000000000e+00
3.640000104904174805e+00 -5.420000076293945312e+00 9.380000114440917969e+00 -3.837500000000000000e+01 2.700000000000000000e+01 -3.468750000000000000e+01 -1.875000000000000000e+01 -6.000000000000000000e+00 3.750000000000000000e+00
3.819999933242797852e+00 -3.690000057220458984e+00 7.699999809265136719e+00 -3.837500000000000000e+01 2.700000000000000000e+01 -3.468750000000000000e+01 1.875000000000000000e-01 -2.625000000000000000e+00 2.687500000000000000e+00
3.339999914169311523e+00 -3.869999885559082031e+00 8.539999961853027344e+00 -3.837500000000000000e+01 2.700000000000000000e+01 -3.468750000000000000e+01 -2.500000000000000000e-01 -9.375000000000000000e-01 1.875000000000000000e+00
3.349999904632568359e+00 -3.730000019073486328e+00 8.600000381469726562e+00 -3.837500000000000000e+01 2.700000000000000000e+01 -3.468750000000000000e+01 1.312500000000000000e+00 1.875000000000000000e-01 6.250000000000000000e-01
3.289999961853027344e+00 -3.349999904632568359e+00 8.329999923706054688e+00 -3.837500000000000000e+01 2.700000000000000000e+01 -3.468750000000000000e+01 4.562500000000000000e+00 5.000000000000000000e-01 0.000000000000000000e+00
3.180000066757202148e+00 -3.359999895095825195e+00 8.659999847412109375e+00 -3.987500000000000000e+01 2.756250000000000000e+01 -3.437500000000000000e+01 3.062500000000000000e+00 -2.500000000000000000e-01 -5.625000000000000000e-01
3.339999914169311523e+00 -3.339999914169311523e+00 8.590000152587890625e+00 -3.987500000000000000e+01 2.756250000000000000e+01 -3.437500000000000000e+01 2.750000000000000000e+00 -1.625000000000000000e+00 -5.625000000000000000e-01
3.460000038146972656e+00 -3.369999885559082031e+00 8.600000381469726562e+00 -3.987500000000000000e+01 2.756250000000000000e+01 -3.437500000000000000e+01 2.187500000000000000e+00 -2.250000000000000000e+00 -4.375000000000000000e-01
3.490000009536743164e+00 -3.460000038146972656e+00 8.609999656677246094e+00 -3.987500000000000000e+01 2.756250000000000000e+01 -3.437500000000000000e+01 1.437500000000000000e+00 -2.187500000000000000e+00 -1.875000000000000000e-01
3.539999961853027344e+00 -3.410000085830688477e+00 8.579999923706054688e+00 -3.987500000000000000e+01 2.756250000000000000e+01 -3.437500000000000000e+01 1.125000000000000000e+00 -1.937500000000000000e+00 -6.250000000000000000e-02
