3.710000038146972656e+00 -2.700000047683715820e+00 8.600000381469726562e+00 -3.950000000000000000e+01 2.487500000000000000e+01 -3.468750000000000000e+01 -6.250000000000000000e-02 -1.250000000000000000e-01 1.875000000000000000e-01
3.759999990463256836e+00 -2.700000047683715820e+00 8.659999847412109375e+00 -3.906250000000000000e+01 2.406250000000000000e+01 -3.387500000000000000e+01 -2.500000000000000000e-01 -1.875000000000000000e-01 6.250000000000000000e-02
3.730000019073486328e+00 -2.700000047683715820e+00 8.640000343322753906e+00 -3.906250000000000000e+01 2.406250000000000000e+01 -3.387500000000000000e+01 -3.125000000000000000e-01 -1.875000000000000000e-01 6.250000000000000000e-02
3.690000057220458984e+00 -2.650000095367431641e+00 8.699999809265136719e+00 -3.906250000000000000e+01 2.406250000000000000e+01 -3.387500000000000000e+01 -3.125000000000000000e-01 -2.500000000000000000e-01 2.500000000000000000e-01
3.730000019073486328e+00 -2.720000028610229492e+00 8.640000343322753906e+00 -3.906250000000000000e+01 2.406250000000000000e+01 -3.387500000000000000e+01 -5.000000000000000000e-01 -8.125000000000000000e-01 3.125000000000000000e-01
3.559999942779541016e+00 -2.480000019073486328e+00 8.909999847412109375e+00 -3.906250000000000000e+01 2.406250000000000000e+01 -3.387500000000000000e+01 -6.250000000000000000e-01 -1.937500000000000000e+00 9.375000000000000000e-01
3.740000009536743164e+00 -2.269999980926513672e+00 8.750000000000000000e+00 -4.056250000000000000e+01 2.450000000000000000e+01 -3.587500000000000000e+01 -2.000000000000000000e+00 -2.437500000000000000e+00 1.500000000000000000e+00
3.809999942779541016e+00 -2.730000019073486328e+00 8.680000305175781250e+00 -4.056250000000000000e+01 2.450000000000000000e+01 -3.587500000000000000e+01 -2.000000000000000000e+00 -2.437500000000000000e+00 1.500000000000000000e+00
3.829999923706054688e+00 -2.589999914169311523e+00 8.699999809265136719e+00 -4.056250000000000000e+01 2.450000000000000000e+01 -3.587500000000000000e+01 -4.187500000000000000e+00 -2.000000000000000000e+00 2.250000000000000000e+00
3.789999961853027344e+00 -2.519999980926513672e+00 8.640000343322753906e+00 -4.056250000000000000e+01 2.450000000000000000e+01 -3.587500000000000000e+01 -4.750000000000000000e+00 -1.125000000000000000e+00 3.062500000000000000e+00
3.750000000000000000e+00 -2.440000057220458984e+00 8.859999656677246094e+00 -4.056250000000000000e+01 2.450000000000000000e+01 -3.587500000000000000e+01 -6.187500000000000000e+00 -2.000000000000000000e+00 3.125000000000000000e+00
3.880000114440917969e+00 -2.230000019073486328e+00 8.880000114440917969e+00 -3.975000000000000000e+01 2.406250000000000000e+01 -3.337500000000000000e+01 -7.312500000000000000e+00 -2.687500000000000000e+00 3.812500000000000000e+00
3.890000104904174805e+00 -2.000000000000000000e+00 8.829999923706054688e+00 -3.975000000000000000e+01 2.406250000000000000e+01 -3.337500000000000000e+01 -7.312500000000000000e+00 -2.687500000000000000e+00 3.812500000000000000e+00
3.980000019073486328e+00 -1.799999952316284180e+00 8.890000343322753906e+00 -3.975000000000000000e+01 2.406250000000000000e+01 -3.337500000000000000e+01 -9.937500000000000000e+00 -2.000000000000000000e+00 4.125000000000000000e+00
3.640000104904174805e+00 -1.299999952316284180e+00 9.520000457763671875e+00 -3.975000000000000000e+01 2.406250000000000000e+01 -3.337500000000000000e+01 -1.400000000000000000e+01 -1.000000000000000000e+00 4.125000000000000000e+00
4.019999980926513672e+00 -1.169999957084655762e+00 9.329999923706054688e+00 -3.975000000000000000e+01 2.406250000000000000e+01 -3.337500000000000000e+01 -1.856250000000000000e+01 -3.750000000000000000e-01 2.562500000000000000e+00
4.219999790191650391e+00 -4.600000083446502686e-01 9.310000419616699219e+00 -3.987500000000000000e+01 2.525000000000000000e+01 -3.387500000000000000e+01 -2.062500000000000000e+01 3.125000000000000000e+00 -1.137500000000000000e+01
3.849999904632568359e+00 4.300000071525573730e-01 9.590000152587890625e+00 -3.987500000000000000e+01 2.525000000000000000e+01 -3.387500000000000000e+01 -2.062500000000000000e+01 3.125000000000000000e+00 -1.137500000000000000e+01
4.070000171661376953e+00 2.240000009536743164e+00 1.014000034332275391e+01 -3.987500000000000000e+01 2.525000000000000000e+01 -3.387500000000000000e+01 -2.318750000000000000e+01 9.625000000000000000e+00 -2.593750000000000000e+01
4.130000114440917969e+00 3.750000000000000000e+00 1.042000007629394531e+01 -3.987500000000000000e+01 2.525000000000000000e+01 -3.387500000000000000e+01 -2.850000000000000000e+01 1.931250000000000000e+01 -4.318750000000000000e+01
4.260000228881835938e+00 4.710000038146972656e+00 1.026000022888183594e+01 -3.987500000000000000e+01 2.525000000000000000e+01 -3.387500000000000000e+01 -3.181250000000000000e+01 2.968750000000000000e+01 -6.343750000000000000e+01
4.929999828338623047e+00 4.679999828338623047e+00 1.031000041961669922e+01 -4.056250000000000000e+01 2.487500000000000000e+01 -3.468750000000000000e+01 -5.818750000000000000e+01 5.375000000000000000e+01 -1.066875000000000000e+02
5.570000171661376953e+00 4.929999828338623047e+00 9.729999542236328125e+00 -4.056250000000000000e+01 2.487500000000000000e+01 -3.468750000000000000e+01 -5.818750000000000000e+01 5.375000000000000000e+01 -1.066875000000000000e+02
5.730000019073486328e+00 4.469999790191650391e+00 8.979999542236328125e+00 -4.056250000000000000e+01 2.487500000000000000e+01 -3.468750000000000000e+01 -7.293750000000000000e+01 6.787500000000000000e+01 -1.349375000000000000e+02
5.409999847412109375e+00 3.720000028610229492e+00 9.689999580383300781e+00 -4.056250000000000000e+01 2.487500000000000000e+01 -3.468750000000000000e+01 -8.950000000000000000e+01 7.975000000000000000e+01 -1.645000000000000000e+02
5.809999942779541016e+00 2.210000038146972656e+00 8.600000381469726562e+00 -4.056250000000000000e+01 2.487500000000000000e+01 -3.468750000000000000e+01 -9.837500000000000000e+01 9.031250000000000000e+01 -2.033750000000000000e+02
6.360000133514404297e+00 -3.999999910593032837e-02 8.149999618530273438e+00 -3.987500000000000000e+01 2.406250000000000000e+01 -3.387500000000000000e+01 -1.215000000000000000e+02 9.931250000000000000e+01 -2.740625000000000000e+02
6.130000114440917969e+00 -2.740000009536743164e+00 8.000000000000000000e+00 -3.987500000000000000e+01 2.406250000000000000e+01 -3.387500000000000000e+01 -1.215000000000000000e+02 9.931250000000000000e+01 -2.740625000000000000e+02
6.579999923706054688e+00 -3.430000066757202148e+00 6.989999771118164062e+00 -3.987500000000000000e+01 2.406250000000000000e+01 -3.387500000000000000e+01 -1.273750000000000000e+02 1.021250000000000000e+02 -2.833750000000000000e+02
6.389999866485595703e+00 -6.329999923706054688e+00 6.190000057220458984e+00 -3.987500000000000000e+01 2.406250000000000000e+01 -3.387500000000000000e+01 -1.223750000000000000e+02 1.066250000000000000e+02 -2.816250000000000000e+02
6.690000057220458984e+00 -6.750000000000000000e+00 6.239999771118164062e+00 -3.987500000000000000e+01 2.406250000000000000e+01 -3.387500000000000000e+01 -1.225625000000000000e+02 1.034375000000000000e+02 -2.781875000000000000e+02
6.860000133514404297e+00 -6.869999885559082031e+00 7.010000228881835938e+00 -4.206250000000000000e+01 1.825000000000000000e+01 -3.506250000000000000e+01 -1.110625000000000000e+02 9.568750000000000000e+01 -2.738125000000000000e+02
6.250000000000000000e+00 -8.970000267028808594e+00 7.530000209808349609e+00 -4.206250000000000000e+01 1.825000000000000000e+01 -3.506250000000000000e+01 -9.756250000000000000e+01 8.856250000000000000e+01 -2.638750000000000000e+02
5.889999866485595703e+00 -8.510000228881835938e+00 6.670000076293945312e+00 -4.206250000000000000e+01 1.825000000000000000e+01 -3.506250000000000000e+01 -9.337500000000000000e+01 9.200000000000000000e+01 -2.418125000000000000e+02
6.550000190734863281e+00 -9.020000457763671875e+00 6.070000171661376953e+00 -4.206250000000000000e+01 1.825000000000000000e+01 -3.506250000000000000e+01 -8.912500000000000000e+01 8.412500000000000000e+01 -2.266875000000000000e+02
7.119999885559082031e+00 -1.103999996185302734e+01 6.750000000000000000e+00 -4.206250000000000000e+01 1.825000000000000000e+01 -3.506250000000000000e+01 -8.268750000000000000e+01 7.750000000000000000e+01 -2.038750000000000000e+02
8.060000419616699219e+00 -1.556000041961669922e+01 6.559999942779541016e+00 -4.250000000000000000e+01 1.156250000000000000e+01 -3.706250000000000000e+01 -7.900000000000000000e+01 7.800000000000000000e+01 -1.787500000000000000e+02
7.789999961853027344e+00 -1.553999996185302734e+01 6.380000114440917969e+00 -4.250000000000000000e+01 1.156250000000000000e+01 -3.706250000000000000e+01 -6.287500000000000000e+01 7.550000000000000000e+01 -1.606875000000000000e+02
7.010000228881835938e+00 -1.580000019073486328e+01 5.750000000000000000e+00 -4.250000000000000000e+01 1.156250000000000000e+01 -3.706250000000000000e+01 -3.762500000000000000e+01 6.887500000000000000e+01 -1.384375000000000000e+02
5.050000190734863281e+00 -1.507999992370605469e+01 6.500000000000000000e+00 -4.250000000000000000e+01 1.156250000000000000e+01 -3.706250000000000000e+01 -1.281250000000000000e+01 6.150000000000000000e+01 -8.450000000000000000e+01
5.260000228881835938e+00 -9.119999885559082031e+00 8.649999618530273438e+00 -4.250000000000000000e+01 1.156250000000000000e+01 -3.706250000000000000e+01 4.062500000000000000e+00 5.831250000000000000e+01 -2.812500000000000000e+00
4.250000000000000000e+00 -4.039999961853027344e+00 7.960000038146972656e+00 -4.250000000000000000e+01 8.562500000000000000e+00 -3.787500000000000000e+01 2.993750000000000000e+01 5.468750000000000000e+01 6.525000000000000000e+01
3.160000085830688477e+00 -1.850000023841857910e+00 8.500000000000000000e+00 -4.250000000000000000e+01 8.562500000000000000e+00 -3.787500000000000000e+01 5.031250000000000000e+01 5.518750000000000000e+01 7.868750000000000000e+01
2.309999942779541016e+00 -7.099999785423278809e-01 9.090000152587890625e+00 -4.250000000000000000e+01 8.562500000000000000e+00 -3.787500000000000000e+01 4.418750000000000000e+01 5.668750000000000000e+01 8.912500000000000000e+01
2.140000104904174805e+00 -6.000000238418579102e-01 9.270000457763671875e+00 -4.250000000000000000e+01 8.562500000000000000e+00 -3.787500000000000000e+01 2.850000000000000000e+01 5.625000000000000000e+01 9.743750000000000000e+01
2.109999895095825195e+00 -7.099999785423278809e-01 8.970000267028808594e+00 -4.250000000000000000e+01 8.562500000000000000e+00 -3.787500000000000000e+01 1.800000000000000000e+01 5.381250000000000000e+01 1.011875000000000000e+02
2.299999952316284180e+00 -8.799999952316284180e-01 8.819999694824218750e+00 -3.975000000000000000e+01 7.062500000000000000e+00 -4.037500000000000000e+01 9.562500000000000000e+00 5.075000000000000000e+01 1.003125000000000000e+02
2.309999942779541016e+00 -2.710000038146972656e+00 8.319999694824218750e+00 -3.975000000000000000e+01 7.062500000000000000e+00 -4.037500000000000000e+01 2.437500000000000000e+00 4.825000000000000000e+01 9.200000000000000000e+01
1.769999980926513672e+00 -3.920000076293945312e+00 8.390000343322753906e+00 -3.975000000000000000e+01 7.062500000000000000e+00 -4.037500000000000000e+01 3.125000000000000000e-01 4.737500000000000000e+01 7.781250000000000000e+01
1.519999980926513672e+00 -4.480000019073486328e+00 7.909999847412109375e+00 -3.975000000000000000e+01 7.062500000000000000e+00 -4.037500000000000000e+01 1.312500000000000000e+00 4.693750000000000000e+01 7.231250000000000000e+01
1.399999976158142090e+00 -4.829999923706054688e+00 7.420000076293945312e+00 -3.975000000000000000e+01 7.062500000000000000e+00 -4.037500000000000000e+01 6.437500000000000000e+00 4.306250000000000000e+01 7.437500000000000000e+01
8.399999737739562988e-01 -5.599999904632568359e+00 6.969999790191650391e+00 -3.756250000000000000e+01 1.050000000000000000e+01 -4.206250000000000000e+01 9.312500000000000000e+00 3.581250000000000000e+01 8.031250000000000000e+01
9.499999880790710449e-01 -6.010000228881835938e+00 6.900000095367431641e+00 -3.756250000000000000e+01 1.050000000000000000e+01 -4.206250000000000000e+01 9.375000000000000000e+00 2.562500000000000000e+01 9.100000000000000000e+01
1.179999947547912598e+00 -6.019999980926513672e+00 7.000000000000000000e+00 -3.756250000000000000e+01 1.050000000000000000e+01 -4.206250000000000000e+01 1.118750000000000000e+01 1.581250000000000000e+01 1.037500000000000000e+02
1.159999966621398926e+00 -5.880000114440917969e+00 7.079999923706054688e+00 -3.756250000000000000e+01 1.050000000000000000e+01 -4.206250000000000000e+01 1.306250000000000000e+01 5.375000000000000000e+00 1.166875000000000000e+02
1.220000028610229492e+00 -5.500000000000000000e+00 6.949999809265136719e+00 -3.756250000000000000e+01 1.050000000000000000e+01 -4.206250000000000000e+01 1.631250000000000000e+01 -4.500000000000000000e+00 1.296250000000000000e+02
8.000000119209289551e-01 -5.070000171661376953e+00 6.829999923706054688e+00 -3.500000000000000000e+01 1.275000000000000000e+01 -4.318750000000000000e+01 1.962500000000000000e+01 -1.481250000000000000e+01 1.408125000000000000e+02
4.300000071525573730e-01 -4.449999809265136719e+00 7.119999885559082031e+00 -3.500000000000000000e+01 1.275000000000000000e+01 -4.318750000000000000e+01 1.937500000000000000e+01 -2.700000000000000000e+01 1.512500000000000000e+02
1.460000038146972656e+00 -4.170000076293945312e+00 7.199999809265136719e+00 -3.500000000000000000e+01 1.275000000000000000e+01 -4.318750000000000000e+01 1.493750000000000000e+01 -4.306250000000000000e+01 1.646250000000000000e+02
2.130000114440917969e+00 -4.329999923706054688e+00 8.119999885559082031e+00 -3.500000000000000000e+01 1.275000000000000000e+01 -4.318750000000000000e+01 1.112500000000000000e+01 -5.862500000000000000e+01 1.771875000000000000e+02
2.589999914169311523e+00 -4.179999828338623047e+00 8.779999732971191406e+00 -3.500000000000000000e+01 1.275000000000000000e+01 -4.318750000000000000e+01 9.562500000000000000e+00 -6.887500000000000000e+01 1.846250000000000000e+02
2.950000047683715820e+00 -3.519999980926513672e+00 9.090000152587890625e+00 -3.387500000000000000e+01 1.568750000000000000e+01 -4.206250000000000000e+01 1.450000000000000000e+01 -7.087500000000000000e+01 1.860000000000000000e+02
3.359999895095825195e+00 -2.509999990463256836e+00 8.760000228881835938e+00 -3.387500000000000000e+01 1.568750000000000000e+01 -4.206250000000000000e+01 2.018750000000000000e+01 -6.843750000000000000e+01 1.831250000000000000e+02
2.539999961853027344e+00 -2.529999971389770508e+00 9.449999809265136719e+00 -3.387500000000000000e+01 1.568750000000000000e+01 -4.206250000000000000e+01 2.268750000000000000e+01 -6.462500000000000000e+01 1.790000000000000000e+02
2.680000066757202148e+00 -1.759999990463256836e+00 9.750000000000000000e+00 -3.387500000000000000e+01 1.568750000000000000e+01 -4.206250000000000000e+01 2.350000000000000000e+01 -6.087500000000000000e+01 1.723125000000000000e+02
2.839999914169311523e+00 -1.350000023841857910e+00 9.970000267028808594e+00 -3.387500000000000000e+01 1.568750000000000000e+01 -4.206250000000000000e+01 2.593750000000000000e+01 -5.806250000000000000e+01 1.649375000000000000e+02
2.579999923706054688e+00 -1.129999995231628418e+00 9.409999847412109375e+00 -3.306250000000000000e+01 2.050000000000000000e+01 -4.075000000000000000e+01 2.468750000000000000e+01 -5.325000000000000000e+01 1.575625000000000000e+02
2.190000057220458984e+00 -1.090000033378601074e+00 9.699999809265136719e+00 -3.306250000000000000e+01 2.050000000000000000e+01 -4.075000000000000000e+01 2.418750000000000000e+01 -4.868750000000000000e+01 1.475625000000000000e+02
1.940000057220458984e+00 -9.800000190734863281e-01 9.670000076293945312e+00 -3.306250000000000000e+01 2.050000000000000000e+01 -4.075000000000000000e+01 2.118750000000000000e+01 -4.500000000000000000e+01 1.386250000000000000e+02
1.899999976158142090e+00 -9.700000286102294922e-01 9.489999771118164062e+00 -3.306250000000000000e+01 2.050000000000000000e+01 -4.075000000000000000e+01 1.806250000000000000e+01 -4.287500000000000000e+01 1.299375000000000000e+02
1.700000047683715820e+00 -1.070000052452087402e+00 9.119999885559082031e+00 -3.306250000000000000e+01 2.050000000000000000e+01 -4.075000000000000000e+01 1.493750000000000000e+01 -4.068750000000000000e+01 1.216875000000000000e+02
1.269999980926513672e+00 -9.700000286102294922e-01 9.329999923706054688e+00 -3.118750000000000000e+01 2.500000000000000000e+01 -4.037500000000000000e+01 1.375000000000000000e+01 -3.843750000000000000e+01 1.107500000000000000e+02
1.299999952316284180e+00 -9.800000190734863281e-01 9.529999732971191406e+00 -3.118750000000000000e+01 2.500000000000000000e+01 -4.037500000000000000e+01 1.206250000000000000e+01 -3.712500000000000000e+01 9.943750000000000000e+01
1.320000052452087402e+00 -1.490000009536743164e+00 9.560000419616699219e+00 -3.118750000000000000e+01 2.500000000000000000e+01 -4.037500000000000000e+01 1.056250000000000000e+01 -3.612500000000000000e+01 8.887500000000000000e+01
1.330000042915344238e+00 -1.279999971389770508e+00 9.449999809265136719e+00 -3.118750000000000000e+01 2.500000000000000000e+01 -4.037500000000000000e+01 9.625000000000000000e+00 -3.406250000000000000e+01 7.825000000000000000e+01
1.049999952316284180e+00 -9.900000095367431641e-01 9.220000267028808594e+00 -3.118750000000000000e+01 2.500000000000000000e+01 -4.037500000000000000e+01 1.175000000000000000e+01 -3.125000000000000000e+01 6.531250000000000000e+01
3.499999940395355225e-01 -9.599999785423278809e-01 8.949999809265136719e+00 -3.056250000000000000e+01 2.718750000000000000e+01 -3.956250000000000000e+01 1.137500000000000000e+01 -2.925000000000000000e+01 5.306250000000000000e+01
4.099999964237213135e-01 -1.039999961853027344e+00 8.960000038146972656e+00 -3.056250000000000000e+01 2.718750000000000000e+01 -3.956250000000000000e+01 9.562500000000000000e+00 -2.993750000000000000e+01 4.206250000000000000e+01
8.799999952316284180e-01 -1.470000028610229492e+00 9.060000419616699219e+00 -3.056250000000000000e+01 2.718750000000000000e+01 -3.956250000000000000e+01 7.375000000000000000e+00 -3.237500000000000000e+01 3.181250000000000000e+01
1.169999957084655762e+00 -1.809999942779541016e+00 8.920000076293945312e+00 -3.056250000000000000e+01 2.718750000000000000e+01 -3.956250000000000000e+01 5.062500000000000000e+00 -3.425000000000000000e+01 2.293750000000000000e+01
1.370000004768371582e+00 -2.509999990463256836e+00 9.090000152587890625e+00 -3.056250000000000000e+01 2.718750000000000000e+01 -3.956250000000000000e+01 2.375000000000000000e+00 -3.550000000000000000e+01 1.712500000000000000e+01
1.710000038146972656e+00 -3.170000076293945312e+00 8.890000343322753906e+00 -3.125000000000000000e+01 2.837500000000000000e+01 -3.837500000000000000e+01 -3.062500000000000000e+00 -3.868750000000000000e+01 1.518750000000000000e+01
1.940000057220458984e+00 -3.660000085830688477e+00 8.949999809265136719e+00 -3.125000000000000000e+01 2.837500000000000000e+01 -3.837500000000000000e+01 -6.812500000000000000e+00 -4.106250000000000000e+01 1.506250000000000000e+01
2.109999895095825195e+00 -3.890000104904174805e+00 8.949999809265136719e+00 -3.125000000000000000e+01 2.837500000000000000e+01 -3.837500000000000000e+01 -7.062500000000000000e+00 -4.162500000000000000e+01 1.418750000000000000e+01
1.860000014305114746e+00 -3.829999923706054688e+00 8.640000343322753906e+00 -3.125000000000000000e+01 2.837500000000000000e+01 -3.837500000000000000e+01 -4.625000000000000000e+00 -4.100000000000000000e+01 1.318750000000000000e+01
1.750000000000000000e+00 -3.650000095367431641e+00 8.500000000000000000e+00 -3.125000000000000000e+01 2.837500000000000000e+01 -3.837500000000000000e+01 -2.312500000000000000e+00 -4.081250000000000000e+01 1.356250000000000000e+01
1.809999942779541016e+00 -3.609999895095825195e+00 8.479999542236328125e+00 -3.168750000000000000e+01 2.925000000000000000e+01 -3.868750000000000000e+01 -6.875000000000000000e-01 -4.200000000000000000e+01 1.387500000000000000e+01
1.470000028610229492e+00 -3.470000028610229492e+00 8.229999542236328125e+00 -3.168750000000000000e+01 2.925000000000000000e+01 -3.868750000000000000e+01 9.375000000000000000e-01 -4.331250000000000000e+01 1.368750000000000000e+01
1.169999957084655762e+00 -3.130000114440917969e+00 7.849999904632568359e+00 -3.168750000000000000e+01 2.925000000000000000e+01 -3.868750000000000000e+01 4.000000000000000000e+00 -4.468750000000000000e+01 1.200000000000000000e+01
8.299999833106994629e-01 -2.990000009536743164e+00 7.789999961853027344e+00 -3.168750000000000000e+01 2.925000000000000000e+01 -3.868750000000000000e+01 7.875000000000000000e+00 -4.737500000000000000e+01 9.062500000000000000e+00
9.700000286102294922e-01 -2.940000057220458984e+00 7.960000038146972656e+00 -3.168750000000000000e+01 2.925000000000000000e+01 -3.868750000000000000e+01 9.750000000000000000e+00 -5.175000000000000000e+01 5.937500000000000000e+00
1.230000019073486328e+00 -2.869999885559082031e+00 7.940000057220458984e+00 -3.275000000000000000e+01 2.856250000000000000e+01 -3.668750000000000000e+01 9.875000000000000000e+00 -5.731250000000000000e+01 2.625000000000000000e+00
1.039999961853027344e+00 -2.619999885559082031e+00 8.029999732971191406e+00 -3.275000000000000000e+01 2.856250000000000000e+01 -3.668750000000000000e+01 1.100000000000000000e+01 -6.218750000000000000e+01 -1.375000000000000000e+00
1.070000052452087402e+00 -2.150000095367431641e+00 8.300000190734863281e+00 -3.275000000000000000e+01 2.856250000000000000e+01 -3.668750000000000000e+01 1.106250000000000000e+01 -6.856250000000000000e+01 -5.562500000000000000e+00
1.789999961853027344e+00 -1.980000019073486328e+00 8.289999961853027344e+00 -3.275000000000000000e+01 2.856250000000000000e+01 -3.668750000000000000e+01 4.500000000000000000e+00 -7.862500000000000000e+01 -8.437500000000000000e+00
2.380000114440917969e+00 -2.690000057220458984e+00 8.430000305175781250e+00 -3.275000000000000000e+01 2.856250000000000000e+01 -3.668750000000000000e+01 -7.875000000000000000e+00 -8.937500000000000000e+01 -5.625000000000000000e+00
2.799999952316284180e+00 -2.730000019073486328e+00 8.329999923706054688e+00 -3.425000000000000000e+01 2.968750000000000000e+01 -3.550000000000000000e+01 -1.787500000000000000e+01 -9.837500000000000000e+01 -2.500000000000000000e-01
3.420000076293945312e+00 -3.000000000000000000e+00 8.300000190734863281e+00 -3.425000000000000000e+01 2.968750000000000000e+01 -3.550000000000000000e+01 -2.437500000000000000e+01 -1.066250000000000000e+02 4.187500000000000000e+00
4.670000076293945312e+00 -4.840000152587890625e+00 9.369999885559082031e+00 -3.425000000000000000e+01 2.968750000000000000e+01 -3.550000000000000000e+01 -2.850000000000000000e+01 -1.106250000000000000e+02 5.875000000000000000e+00
7.849999904632568359e+00 -6.650000095367431641e+00 1.296000003814697266e+01 -3.425000000000000000e+01 2.968750000000000000e+01 -3.550000000000000000e+01 -2.412500000000000000e+01 -1.096250000000000000e+02 3.562500000000000000e+00
