3.990000009536743164e+00 -2.269999980926513672e+00 8.579999923706054688e+00 -6.406250000000000000e+01 2.737500000000000000e+01 -3.587500000000000000e+01 0.000000000000000000e+00 -6.250000000000000000e-02 -6.250000000000000000e-02
3.920000076293945312e+00 -2.349999904632568359e+00 8.590000152587890625e+00 -6.406250000000000000e+01 2.737500000000000000e+01 -3.587500000000000000e+01 6.250000000000000000e-02 -6.250000000000000000e-02 1.250000000000000000e-01
3.829999923706054688e+00 -2.359999895095825195e+00 8.640000343322753906e+00 -6.406250000000000000e+01 2.737500000000000000e+01 -3.587500000000000000e+01 2.500000000000000000e-01 -2.500000000000000000e-01 -1.250000000000000000e-01
3.640000104904174805e+00 -2.099999904632568359e+00 8.670000076293945312e+00 -6.368750000000000000e+01 2.656250000000000000e+01 -3.637500000000000000e+01 4.375000000000000000e-01 -9.375000000000000000e-01 -3.750000000000000000e-01
3.829999923706054688e+00 -1.860000014305114746e+00 8.800000190734863281e+00 -6.368750000000000000e+01 2.656250000000000000e+01 -3.637500000000000000e+01 5.625000000000000000e-01 -3.062500000000000000e+00 -1.250000000000000000e-01
3.539999961853027344e+00 -2.400000095367431641e+00 8.699999809265136719e+00 -6.368750000000000000e+01 2.656250000000000000e+01 -3.637500000000000000e+01 -8.750000000000000000e-01 -4.312500000000000000e+00 -3.125000000000000000e-01
3.920000076293945312e+00 -2.319999933242797852e+00 8.720000267028808594e+00 -6.368750000000000000e+01 2.656250000000000000e+01 -3.637500000000000000e+01 -8.750000000000000000e-01 -5.500000000000000000e+00 -9.375000000000000000e-01
4.099999904632568359e+00 -2.410000085830688477e+00 8.560000419616699219e+00 -6.368750000000000000e+01 2.656250000000000000e+01 -3.637500000000000000e+01 1.250000000000000000e-01 -7.750000000000000000e+00 -1.187500000000000000e+00
3.839999914169311523e+00 -2.099999904632568359e+00 8.819999694824218750e+00 -6.368750000000000000e+01 2.737500000000000000e+01 -3.637500000000000000e+01 3.750000000000000000e-01 -8.000000000000000000e+00 -1.625000000000000000e+00
3.819999933242797852e+00 -2.259999990463256836e+00 8.989999771118164062e+00 -6.368750000000000000e+01 2.737500000000000000e+01 -3.637500000000000000e+01 1.875000000000000000e-01 -9.125000000000000000e+00 -1.125000000000000000e+00
3.009999990463256836e+00 -1.990000009536743164e+00 9.340000152587890625e+00 -6.368750000000000000e+01 2.737500000000000000e+01 -3.637500000000000000e+01 1.250000000000000000e-01 -1.062500000000000000e+01 -3.125000000000000000e-01
2.109999895095825195e+00 -2.299999952316284180e+00 9.810000419616699219e+00 -6.368750000000000000e+01 2.737500000000000000e+01 -3.637500000000000000e+01 1.812500000000000000e+00 -1.575000000000000000e+01 3.000000000000000000e+00
2.009999990463256836e+00 -3.300000131130218506e-01 1.134000015258789062e+01 -6.368750000000000000e+01 2.737500000000000000e+01 -3.637500000000000000e+01 7.562500000000000000e+00 -2.812500000000000000e+01 9.875000000000000000e+00
3.490000009536743164e+00 -2.119999885559082031e+00 1.031999969482421875e+01 -3.956250000000000000e+01 1.668750000000000000e+01 -2.218750000000000000e+01 2.125000000000000000e+00 -5.050000000000000000e+01 7.937500000000000000e+00
3.789999961853027344e+00 -3.329999923706054688e+00 9.670000076293945312e+00 -3.956250000000000000e+01 1.668750000000000000e+01 -2.218750000000000000e+01 -9.125000000000000000e+00 -6.456250000000000000e+01 4.750000000000000000e+00
3.420000076293945312e+00 -3.009999990463256836e+00 9.939999580383300781e+00 -3.956250000000000000e+01 1.668750000000000000e+01 -2.218750000000000000e+01 -1.056250000000000000e+01 -7.375000000000000000e+01 2.062500000000000000e+00
3.890000104904174805e+00 -2.910000085830688477e+00 9.270000457763671875e+00 -3.956250000000000000e+01 1.668750000000000000e+01 -2.218750000000000000e+01 -8.750000000000000000e+00 -8.881250000000000000e+01 -6.875000000000000000e-01
4.260000228881835938e+00 -3.109999895095825195e+00 9.029999732971191406e+00 -3.956250000000000000e+01 1.668750000000000000e+01 -2.218750000000000000e+01 -9.187500000000000000e+00 -1.011875000000000000e+02 -5.250000000000000000e+00
4.150000095367431641e+00 -3.059999942779541016e+00 9.029999732971191406e+00 -4.025000000000000000e+01 1.575000000000000000e+01 -2.037500000000000000e+01 -9.437500000000000000e+00 -1.099375000000000000e+02 -1.025000000000000000e+01
5.059999942779541016e+00 -2.809999942779541016e+00 8.359999656677246094e+00 -4.025000000000000000e+01 1.575000000000000000e+01 -2.037500000000000000e+01 -6.250000000000000000e+00 -1.190625000000000000e+02 -1.368750000000000000e+01
5.440000057220458984e+00 -2.599999904632568359e+00 7.769999980926513672e+00 -4.025000000000000000e+01 1.575000000000000000e+01 -2.037500000000000000e+01 -4.375000000000000000e-01 -1.275625000000000000e+02 -1.550000000000000000e+01
5.550000190734863281e+00 -2.549999952316284180e+00 7.519999980926513672e+00 -4.025000000000000000e+01 1.575000000000000000e+01 -2.037500000000000000e+01 2.812500000000000000e+00 -1.286250000000000000e+02 -1.600000000000000000e+01
5.619999885559082031e+00 -2.710000038146972656e+00 6.949999809265136719e+00 -4.025000000000000000e+01 1.575000000000000000e+01 -2.037500000000000000e+01 4.687500000000000000e+00 -1.261875000000000000e+02 -1.550000000000000000e+01
6.360000133514404297e+00 -2.720000028610229492e+00 6.840000152587890625e+00 -4.300000000000000000e+01 1.618750000000000000e+01 -1.575000000000000000e+01 7.625000000000000000e+00 -1.243750000000000000e+02 -1.668750000000000000e+01
6.389999866485595703e+00 -2.390000104904174805e+00 6.730000019073486328e+00 -4.300000000000000000e+01 1.618750000000000000e+01 -1.575000000000000000e+01 9.250000000000000000e+00 -1.211875000000000000e+02 -1.712500000000000000e+01
6.269999980926513672e+00 -2.309999942779541016e+00 6.750000000000000000e+00 -4.300000000000000000e+01 1.618750000000000000e+01 -1.575000000000000000e+01 1.087500000000000000e+01 -1.185000000000000000e+02 -1.843750000000000000e+01
5.539999961853027344e+00 -2.410000085830688477e+00 6.559999942779541016e+00 -4.300000000000000000e+01 1.618750000000000000e+01 -1.575000000000000000e+01 1.106250000000000000e+01 -1.131875000000000000e+02 -1.975000000000000000e+01
7.130000114440917969e+00 -2.150000095367431641e+00 5.949999809265136719e+00 -4.300000000000000000e+01 1.618750000000000000e+01 -1.575000000000000000e+01 1.281250000000000000e+01 -1.068750000000000000e+02 -2.237500000000000000e+01
7.289999961853027344e+00 -1.149999976158142090e+00 5.739999771118164062e+00 -4.625000000000000000e+01 1.518750000000000000e+01 -1.350000000000000000e+01 1.343750000000000000e+01 -1.001250000000000000e+02 -2.331250000000000000e+01
7.760000228881835938e+00 -1.059999942779541016e+00 5.619999885559082031e+00 -4.625000000000000000e+01 1.518750000000000000e+01 -1.350000000000000000e+01 8.062500000000000000e+00 -9.287500000000000000e+01 -2.193750000000000000e+01
7.260000228881835938e+00 -1.690000057220458984e+00 5.659999847412109375e+00 -4.625000000000000000e+01 1.518750000000000000e+01 -1.350000000000000000e+01 1.625000000000000000e+00 -8.062500000000000000e+01 -1.875000000000000000e+01
7.139999866485595703e+00 -1.409999966621398926e+00 6.000000000000000000e+00 -4.625000000000000000e+01 1.518750000000000000e+01 -1.350000000000000000e+01 3.750000000000000000e-01 -6.981250000000000000e+01 -1.606250000000000000e+01
6.719999790191650391e+00 -1.450000047683715820e+00 6.119999885559082031e+00 -4.625000000000000000e+01 1.518750000000000000e+01 -1.350000000000000000e+01 -8.125000000000000000e-01 -6.237500000000000000e+01 -1.350000000000000000e+01
7.300000190734863281e+00 -1.620000004768371582e+00 6.349999904632568359e+00 -4.906250000000000000e+01 1.468750000000000000e+01 -1.125000000000000000e+01 -3.437500000000000000e+00 -5.618750000000000000e+01 -1.175000000000000000e+01
6.539999961853027344e+00 -1.590000033378601074e+00 6.250000000000000000e+00 -4.906250000000000000e+01 1.468750000000000000e+01 -1.125000000000000000e+01 -6.187500000000000000e+00 -5.362500000000000000e+01 -9.812500000000000000e+00
6.949999809265136719e+00 -1.679999947547912598e+00 6.239999771118164062e+00 -4.906250000000000000e+01 1.468750000000000000e+01 -1.125000000000000000e+01 -8.562500000000000000e+00 -5.162500000000000000e+01 -7.875000000000000000e+00
7.489999771118164062e+00 -1.929999947547912598e+00 6.150000095367431641e+00 -4.906250000000000000e+01 1.468750000000000000e+01 -1.125000000000000000e+01 -8.000000000000000000e+00 -4.831250000000000000e+01 -6.562500000000000000e+00
7.469999790191650391e+00 -1.799999952316284180e+00 6.079999923706054688e+00 -4.906250000000000000e+01 1.468750000000000000e+01 -1.125000000000000000e+01 -7.625000000000000000e+00 -4.612500000000000000e+01 -5.625000000000000000e+00
7.920000076293945312e+00 -1.750000000000000000e+00 5.699999809265136719e+00 -5.100000000000000000e+01 1.425000000000000000e+01 -1.287500000000000000e+01 -7.000000000000000000e+00 -4.325000000000000000e+01 -4.687500000000000000e+00
6.900000095367431641e+00 -1.659999966621398926e+00 5.889999866485595703e+00 -5.100000000000000000e+01 1.425000000000000000e+01 -1.287500000000000000e+01 -8.250000000000000000e+00 -4.087500000000000000e+01 -2.875000000000000000e+00
7.429999828338623047e+00 -2.000000000000000000e+00 5.710000038146972656e+00 -5.100000000000000000e+01 1.425000000000000000e+01 -1.287500000000000000e+01 -7.437500000000000000e+00 -3.693750000000000000e+01 -1.687500000000000000e+00
7.650000095367431641e+00 -1.620000004768371582e+00 5.440000057220458984e+00 -5.100000000000000000e+01 1.425000000000000000e+01 -1.287500000000000000e+01 -5.250000000000000000e+00 -3.250000000000000000e+01 -8.750000000000000000e-01
7.619999885559082031e+00 -1.539999961853027344e+00 5.289999961853027344e+00 -5.100000000000000000e+01 1.425000000000000000e+01 -1.287500000000000000e+01 -3.812500000000000000e+00 -2.775000000000000000e+01 2.500000000000000000e-01
7.889999866485595703e+00 -1.399999976158142090e+00 5.110000133514404297e+00 -5.000000000000000000e+01 1.537500000000000000e+01 -1.156250000000000000e+01 -3.812500000000000000e+00 -2.162500000000000000e+01 2.625000000000000000e+00
7.889999866485595703e+00 -1.409999966621398926e+00 4.909999847412109375e+00 -5.000000000000000000e+01 1.537500000000000000e+01 -1.156250000000000000e+01 -3.875000000000000000e+00 -1.425000000000000000e+01 5.812500000000000000e+00
8.130000114440917969e+00 -2.279999971389770508e+00 4.469999790191650391e+00 -5.000000000000000000e+01 1.537500000000000000e+01 -1.156250000000000000e+01 -4.062500000000000000e+00 -5.250000000000000000e+00 9.125000000000000000e+00
8.220000267028808594e+00 -2.650000095367431641e+00 4.309999942779541016e+00 -5.000000000000000000e+01 1.537500000000000000e+01 -1.156250000000000000e+01 -2.812500000000000000e+00 5.312500000000000000e+00 9.875000000000000000e+00
8.149999618530273438e+00 -2.549999952316284180e+00 4.349999904632568359e+00 -5.000000000000000000e+01 1.537500000000000000e+01 -1.156250000000000000e+01 -1.062500000000000000e+00 1.656250000000000000e+01 8.500000000000000000e+00
7.800000190734863281e+00 -2.190000057220458984e+00 4.809999942779541016e+00 -5.050000000000000000e+01 1.437500000000000000e+01 -1.268750000000000000e+01 -3.125000000000000000e-01 2.750000000000000000e+01 6.125000000000000000e+00
7.590000152587890625e+00 -1.649999976158142090e+00 5.239999771118164062e+00 -5.050000000000000000e+01 1.437500000000000000e+01 -1.268750000000000000e+01 3.750000000000000000e-01 3.718750000000000000e+01 4.687500000000000000e+00
7.460000038146972656e+00 -1.639999985694885254e+00 5.429999828338623047e+00 -5.050000000000000000e+01 1.437500000000000000e+01 -1.268750000000000000e+01 4.375000000000000000e-01 4.456250000000000000e+01 5.437500000000000000e+00
7.309999942779541016e+00 -1.700000047683715820e+00 5.809999942779541016e+00 -5.050000000000000000e+01 1.437500000000000000e+01 -1.268750000000000000e+01 -2.500000000000000000e-01 5.037500000000000000e+01 7.125000000000000000e+00
7.159999847412109375e+00 -1.330000042915344238e+00 6.250000000000000000e+00 -5.050000000000000000e+01 1.437500000000000000e+01 -1.268750000000000000e+01 -3.750000000000000000e-01 5.425000000000000000e+01 1.006250000000000000e+01
7.010000228881835938e+00 -1.509999990463256836e+00 6.349999904632568359e+00 -4.887500000000000000e+01 1.468750000000000000e+01 -1.206250000000000000e+01 -2.250000000000000000e+00 5.643750000000000000e+01 1.400000000000000000e+01
7.139999866485595703e+00 -1.350000023841857910e+00 6.460000038146972656e+00 -4.887500000000000000e+01 1.468750000000000000e+01 -1.206250000000000000e+01 -4.187500000000000000e+00 5.875000000000000000e+01 1.800000000000000000e+01
6.610000133514404297e+00 -1.580000042915344238e+00 6.820000171661376953e+00 -4.887500000000000000e+01 1.468750000000000000e+01 -1.206250000000000000e+01 -7.625000000000000000e+00 5.931250000000000000e+01 2.256250000000000000e+01
6.599999904632568359e+00 -2.250000000000000000e+00 7.349999904632568359e+00 -4.887500000000000000e+01 1.468750000000000000e+01 -1.206250000000000000e+01 -9.312500000000000000e+00 5.893750000000000000e+01 2.525000000000000000e+01
6.280000209808349609e+00 -3.019999980926513672e+00 7.110000133514404297e+00 -4.887500000000000000e+01 1.468750000000000000e+01 -1.206250000000000000e+01 -8.062500000000000000e+00 5.687500000000000000e+01 2.512500000000000000e+01
6.230000019073486328e+00 -3.230000019073486328e+00 6.949999809265136719e+00 -4.837500000000000000e+01 1.600000000000000000e+01 -1.506250000000000000e+01 -5.625000000000000000e+00 5.481250000000000000e+01 2.312500000000000000e+01
6.760000228881835938e+00 -3.329999923706054688e+00 6.659999847412109375e+00 -4.837500000000000000e+01 1.600000000000000000e+01 -1.506250000000000000e+01 -1.500000000000000000e+00 5.406250000000000000e+01 1.843750000000000000e+01
6.730000019073486328e+00 -3.160000085830688477e+00 5.949999809265136719e+00 -4.837500000000000000e+01 1.600000000000000000e+01 -1.506250000000000000e+01 1.812500000000000000e+00 5.668750000000000000e+01 1.350000000000000000e+01
6.909999847412109375e+00 -2.799999952316284180e+00 6.159999847412109375e+00 -4.837500000000000000e+01 1.600000000000000000e+01 -1.506250000000000000e+01 4.562500000000000000e+00 6.168750000000000000e+01 8.875000000000000000e+00
6.519999980926513672e+00 -2.680000066757202148e+00 6.380000114440917969e+00 -4.837500000000000000e+01 1.600000000000000000e+01 -1.506250000000000000e+01 6.125000000000000000e+00 6.700000000000000000e+01 5.750000000000000000e+00
6.619999885559082031e+00 -2.130000114440917969e+00 6.309999942779541016e+00 -4.756250000000000000e+01 1.737500000000000000e+01 -1.600000000000000000e+01 7.687500000000000000e+00 7.231250000000000000e+01 4.000000000000000000e+00
6.980000019073486328e+00 -1.850000023841857910e+00 6.000000000000000000e+00 -4.756250000000000000e+01 1.737500000000000000e+01 -1.600000000000000000e+01 8.625000000000000000e+00 7.818750000000000000e+01 3.937500000000000000e+00
6.989999771118164062e+00 -1.379999995231628418e+00 5.980000019073486328e+00 -4.756250000000000000e+01 1.737500000000000000e+01 -1.600000000000000000e+01 7.312500000000000000e+00 8.606250000000000000e+01 6.062500000000000000e+00
6.599999904632568359e+00 -7.799999713897705078e-01 6.400000095367431641e+00 -4.756250000000000000e+01 1.737500000000000000e+01 -1.600000000000000000e+01 4.062500000000000000e+00 9.381250000000000000e+01 1.168750000000000000e+01
6.050000190734863281e+00 -7.699999809265136719e-01 6.800000190734863281e+00 -4.756250000000000000e+01 1.737500000000000000e+01 -1.600000000000000000e+01 -1.250000000000000000e-01 1.028125000000000000e+02 1.712500000000000000e+01
5.730000019073486328e+00 -1.750000000000000000e+00 7.429999828338623047e+00 -4.550000000000000000e+01 1.737500000000000000e+01 -1.937500000000000000e+01 -7.437500000000000000e+00 1.108750000000000000e+02 2.175000000000000000e+01
5.590000152587890625e+00 -2.980000019073486328e+00 7.860000133514404297e+00 -4.550000000000000000e+01 1.737500000000000000e+01 -1.937500000000000000e+01 -6.437500000000000000e+00 1.144375000000000000e+02 2.600000000000000000e+01
5.199999809265136719e+00 -4.440000057220458984e+00 7.599999904632568359e+00 -4.550000000000000000e+01 1.737500000000000000e+01 -1.937500000000000000e+01 1.437500000000000000e+00 1.153750000000000000e+02 2.556250000000000000e+01
5.119999885559082031e+00 -4.349999904632568359e+00 6.659999847412109375e+00 -4.550000000000000000e+01 1.737500000000000000e+01 -1.937500000000000000e+01 1.068750000000000000e+01 1.128750000000000000e+02 2.243750000000000000e+01
5.500000000000000000e+00 -4.320000171661376953e+00 6.849999904632568359e+00 -4.550000000000000000e+01 1.737500000000000000e+01 -1.937500000000000000e+01 1.881250000000000000e+01 1.156875000000000000e+02 1.475000000000000000e+01
5.349999904632568359e+00 -4.039999961853027344e+00 7.300000190734863281e+00 -4.318750000000000000e+01 1.750000000000000000e+01 -2.506250000000000000e+01 2.350000000000000000e+01 1.207500000000000000e+02 6.250000000000000000e+00
4.659999847412109375e+00 -3.019999980926513672e+00 8.050000190734863281e+00 -4.318750000000000000e+01 1.750000000000000000e+01 -2.506250000000000000e+01 2.968750000000000000e+01 1.261875000000000000e+02 0.000000000000000000e+00
4.530000209808349609e+00 -2.430000066757202148e+00 8.479999542236328125e+00 -4.318750000000000000e+01 1.750000000000000000e+01 -2.506250000000000000e+01 3.287500000000000000e+01 1.304375000000000000e+02 -5.250000000000000000e+00
4.469999790191650391e+00 -1.639999985694885254e+00 9.090000152587890625e+00 -4.318750000000000000e+01 1.750000000000000000e+01 -2.506250000000000000e+01 3.243750000000000000e+01 1.316875000000000000e+02 -7.875000000000000000e+00
-3.589999914169311523e+00 -2.599999904632568359e-01 1.461999988555908203e+01 -4.318750000000000000e+01 1.750000000000000000e+01 -2.506250000000000000e+01 2.331250000000000000e+01 1.330625000000000000e+02 -9.500000000000000000e+00
-3.630000114440917969e+00 1.809999942779541016e+00 1.543999958038330078e+01 -4.106250000000000000e+01 1.825000000000000000e+01 -2.925000000000000000e+01 -1.256250000000000000e+01 8.068750000000000000e+01 -4.687500000000000000e+00
5.239999771118164062e+00 -2.529999971389770508e+00 3.740000009536743164e+00 -4.106250000000000000e+01 1.825000000000000000e+01 -2.925000000000000000e+01 -1.887500000000000000e+01 -3.156250000000000000e+01 1.037500000000000000e+01
1.252000045776367188e+01 -3.809999942779541016e+00 3.710000038146972656e+00 -4.106250000000000000e+01 1.825000000000000000e+01 -2.925000000000000000e+01 4.875000000000000000e+00 -4.906250000000000000e+01 1.743750000000000000e+01
1.559999942779541016e+00 -3.250000000000000000e+00 8.939999580383300781e+00 -4.106250000000000000e+01 1.825000000000000000e+01 -2.925000000000000000e+01 -9.375000000000000000e-01 -6.625000000000000000e+00 1.381250000000000000e+01
4.600000083446502686e-01 -3.210000038146972656e+00 9.159999847412109375e+00 -4.106250000000000000e+01 1.825000000000000000e+01 -2.925000000000000000e+01 -1.287500000000000000e+01 2.475000000000000000e+01 -1.187500000000000000e+00
4.039999961853027344e+00 -2.299999952316284180e+00 9.529999732971191406e+00 -3.800000000000000000e+01 1.856250000000000000e+01 -3.087500000000000000e+01 -1.875000000000000000e+00 5.875000000000000000e+00 -2.062500000000000000e+00
5.420000076293945312e+00 -9.300000071525573730e-01 8.380000114440917969e+00 -3.800000000000000000e+01 1.856250000000000000e+01 -3.087500000000000000e+01 6.937500000000000000e+00 -7.312500000000000000e+00 1.750000000000000000e+00
3.779999971389770508e+00 -2.490000009536743164e+00 8.630000114440917969e+00 -3.800000000000000000e+01 1.856250000000000000e+01 -3.087500000000000000e+01 -1.687500000000000000e+00 2.500000000000000000e-01 3.375000000000000000e+00
3.579999923706054688e+00 -2.839999914169311523e+00 8.520000457763671875e+00 -3.800000000000000000e+01 1.856250000000000000e+01 -3.087500000000000000e+01 -5.812500000000000000e+00 4.125000000000000000e+00 3.125000000000000000e+00
3.960000038146972656e+00 -2.690000057220458984e+00 8.460000038146972656e+00 -3.800000000000000000e+01 1.856250000000000000e+01 -3.087500000000000000e+01 -2.812500000000000000e+00 1.687500000000000000e+00 2.125000000000000000e+00
4.010000228881835938e+00 -2.440000057220458984e+00 8.520000457763671875e+00 -3.768750000000000000e+01 1.787500000000000000e+01 -3.237500000000000000e+01 -8.750000000000000000e-01 1.250000000000000000e+00 8.750000000000000000e-01
4.190000057220458984e+00 -2.230000019073486328e+00 8.460000038146972656e+00 -3.768750000000000000e+01 1.787500000000000000e+01 -3.237500000000000000e+01 -2.500000000000000000e-01 1.250000000000000000e+00 6.250000000000000000e-01
3.950000047683715820e+00 -2.349999904632568359e+00 8.560000419616699219e+00 -3.768750000000000000e+01 1.787500000000000000e+01 -3.237500000000000000e+01 -9.375000000000000000e-01 2.500000000000000000e+00 7.500000000000000000e-01
3.910000085830688477e+00 -2.470000028610229492e+00 8.619999885559082031e+00 -3.768750000000000000e+01 1.787500000000000000e+01 -3.237500000000000000e+01 -1.437500000000000000e+00 3.062500000000000000e+00 3.750000000000000000e-01
4.019999980926513672e+00 -2.339999914169311523e+00 8.659999847412109375e+00 -3.768750000000000000e+01 1.787500000000000000e+01 -3.237500000000000000e+01 -8.125000000000000000e-01 2.562500000000000000e+00 -6.250000000000000000e-02
4.039999961853027344e+00 -2.220000028610229492e+00 8.659999847412109375e+00 -3.806250000000000000e+01 1.787500000000000000e+01 -3.325000000000000000e+01 -2.500000000000000000e-01 1.812500000000000000e+00 -3.125000000000000000e-01
4.039999961853027344e+00 -2.170000076293945312e+00 8.640000343322753906e+00 -3.806250000000000000e+01 1.787500000000000000e+01 -3.325000000000000000e+01 3.125000000000000000e-01 1.500000000000000000e+00 -2.500000000000000000e-01
4.039999961853027344e+00 -2.180000066757202148e+00 8.630000114440917969e+00 -3.806250000000000000e+01 1.787500000000000000e+01 -3.325000000000000000e+01 6.250000000000000000e-02 1.375000000000000000e+00 6.250000000000000000e-02
3.990000009536743164e+00 -2.279999971389770508e+00 8.609999656677246094e+00 -3.806250000000000000e+01 1.787500000000000000e+01 -3.325000000000000000e+01 -4.375000000000000000e-01 1.062500000000000000e+00 5.625000000000000000e-01
3.940000057220458984e+00 -2.309999942779541016e+00 8.609999656677246094e+00 -3.806250000000000000e+01 1.787500000000000000e+01 -3.325000000000000000e+01 -7.500000000000000000e-01 1.250000000000000000e+00 8.125000000000000000e-01
3.950000047683715820e+00 -2.289999961853027344e+00 8.659999847412109375e+00 -3.850000000000000000e+01 1.906250000000000000e+01 -3.300000000000000000e+01 -7.500000000000000000e-01 1.125000000000000000e+00 7.500000000000000000e-01
3.940000057220458984e+00 -2.269999980926513672e+00 8.640000343322753906e+00 -3.850000000000000000e+01 1.906250000000000000e+01 -3.300000000000000000e+01 -8.125000000000000000e-01 5.625000000000000000e-01 6.875000000000000000e-01
