3.569999933242797852e+00 -2.220000028610229492e+00 8.989999771118164062e+00 -4.418750000000000000e+01 2.056250000000000000e+01 -3.450000000000000000e+01 -8.125000000000000000e-01 -1.112500000000000000e+01 -1.250000000000000000e-01
3.269999980926513672e+00 -2.049999952316284180e+00 9.329999923706054688e+00 -4.418750000000000000e+01 2.056250000000000000e+01 -3.450000000000000000e+01 -6.250000000000000000e-02 -1.468750000000000000e+01 2.500000000000000000e-01
2.869999885559082031e+00 -1.899999976158142090e+00 9.800000190734863281e+00 -4.418750000000000000e+01 2.056250000000000000e+01 -3.450000000000000000e+01 2.125000000000000000e+00 -1.893750000000000000e+01 1.687500000000000000e+00
2.670000076293945312e+00 -1.490000009536743164e+00 1.047999954223632812e+01 -4.418750000000000000e+01 2.056250000000000000e+01 -3.450000000000000000e+01 4.375000000000000000e+00 -2.800000000000000000e+01 3.125000000000000000e+00
3.740000009536743164e+00 -2.089999914169311523e+00 9.369999885559082031e+00 -4.418750000000000000e+01 2.056250000000000000e+01 -3.450000000000000000e+01 1.000000000000000000e+00 -3.962500000000000000e+01 2.062500000000000000e+00
3.720000028610229492e+00 -2.269999980926513672e+00 9.579999923706054688e+00 -4.387500000000000000e+01 2.056250000000000000e+01 -3.318750000000000000e+01 -3.250000000000000000e+00 -4.612500000000000000e+01 2.562500000000000000e+00
3.789999961853027344e+00 -2.410000085830688477e+00 9.300000190734863281e+00 -4.387500000000000000e+01 2.056250000000000000e+01 -3.318750000000000000e+01 -2.562500000000000000e+00 -5.225000000000000000e+01 2.250000000000000000e+00
3.809999942779541016e+00 -2.420000076293945312e+00 9.130000114440917969e+00 -4.387500000000000000e+01 2.056250000000000000e+01 -3.318750000000000000e+01 -2.125000000000000000e+00 -5.918750000000000000e+01 1.187500000000000000e+00
4.110000133514404297e+00 -2.599999904632568359e+00 9.020000457763671875e+00 -4.387500000000000000e+01 2.056250000000000000e+01 -3.318750000000000000e+01 -1.812500000000000000e+00 -6.406250000000000000e+01 -3.125000000000000000e-01
4.300000190734863281e+00 -2.619999885559082031e+00 8.930000305175781250e+00 -4.387500000000000000e+01 2.056250000000000000e+01 -3.318750000000000000e+01 1.875000000000000000e-01 -6.862500000000000000e+01 -1.187500000000000000e+00
4.510000228881835938e+00 -2.410000085830688477e+00 8.460000038146972656e+00 -4.500000000000000000e+01 2.056250000000000000e+01 -3.156250000000000000e+01 2.687500000000000000e+00 -7.137500000000000000e+01 -3.437500000000000000e+00
4.599999904632568359e+00 -2.140000104904174805e+00 8.430000305175781250e+00 -4.500000000000000000e+01 2.056250000000000000e+01 -3.156250000000000000e+01 3.000000000000000000e+00 -7.318750000000000000e+01 -4.750000000000000000e+00
4.420000076293945312e+00 -2.329999923706054688e+00 8.260000228881835938e+00 -4.500000000000000000e+01 2.056250000000000000e+01 -3.156250000000000000e+01 1.187500000000000000e+00 -7.487500000000000000e+01 -4.625000000000000000e+00
4.519999980926513672e+00 -2.529999971389770508e+00 8.600000381469726562e+00 -4.500000000000000000e+01 2.056250000000000000e+01 -3.156250000000000000e+01 -1.875000000000000000e-01 -7.718750000000000000e+01 -4.937500000000000000e+00
4.719999790191650391e+00 -2.730000019073486328e+00 8.680000305175781250e+00 -4.500000000000000000e+01 2.056250000000000000e+01 -3.156250000000000000e+01 1.250000000000000000e+00 -8.062500000000000000e+01 -6.125000000000000000e+00
5.070000171661376953e+00 -2.740000009536743164e+00 8.520000457763671875e+00 -4.787500000000000000e+01 2.100000000000000000e+01 -2.956250000000000000e+01 3.375000000000000000e+00 -8.643750000000000000e+01 -8.000000000000000000e+00
6.030000209808349609e+00 -2.700000047683715820e+00 8.020000457763671875e+00 -4.787500000000000000e+01 2.100000000000000000e+01 -2.956250000000000000e+01 3.250000000000000000e+00 -9.143750000000000000e+01 -1.112500000000000000e+01
4.909999847412109375e+00 -2.380000114440917969e+00 7.780000209808349609e+00 -4.787500000000000000e+01 2.100000000000000000e+01 -2.956250000000000000e+01 1.875000000000000000e+00 -9.406250000000000000e+01 -1.350000000000000000e+01
4.260000228881835938e+00 -2.180000066757202148e+00 7.929999828338623047e+00 -4.787500000000000000e+01 2.100000000000000000e+01 -2.956250000000000000e+01 5.312500000000000000e+00 -9.481250000000000000e+01 -1.268750000000000000e+01
5.170000076293945312e+00 -2.319999933242797852e+00 8.050000190734863281e+00 -4.787500000000000000e+01 2.100000000000000000e+01 -2.956250000000000000e+01 7.875000000000000000e+00 -9.781250000000000000e+01 -1.250000000000000000e+01
5.050000190734863281e+00 -2.769999980926513672e+00 7.880000114440917969e+00 -4.937500000000000000e+01 2.100000000000000000e+01 -2.787500000000000000e+01 7.062500000000000000e+00 -9.731250000000000000e+01 -1.350000000000000000e+01
5.780000209808349609e+00 -2.539999961853027344e+00 7.380000114440917969e+00 -4.937500000000000000e+01 2.100000000000000000e+01 -2.787500000000000000e+01 1.206250000000000000e+01 -1.003125000000000000e+02 -1.525000000000000000e+01
5.969999790191650391e+00 -1.980000019073486328e+00 7.269999980926513672e+00 -4.937500000000000000e+01 2.100000000000000000e+01 -2.787500000000000000e+01 1.450000000000000000e+01 -1.041875000000000000e+02 -1.606250000000000000e+01
7.000000000000000000e+00 -1.610000014305114746e+00 6.460000038146972656e+00 -4.937500000000000000e+01 2.100000000000000000e+01 -2.787500000000000000e+01 1.400000000000000000e+01 -1.050000000000000000e+02 -1.656250000000000000e+01
6.949999809265136719e+00 -8.799999952316284180e-01 6.230000019073486328e+00 -4.937500000000000000e+01 2.100000000000000000e+01 -2.787500000000000000e+01 1.237500000000000000e+01 -1.025000000000000000e+02 -1.693750000000000000e+01
6.030000209808349609e+00 -6.000000238418579102e-01 5.980000019073486328e+00 -5.125000000000000000e+01 1.950000000000000000e+01 -2.218750000000000000e+01 8.187500000000000000e+00 -9.968750000000000000e+01 -1.281250000000000000e+01
6.429999828338623047e+00 -1.450000047683715820e+00 6.440000057220458984e+00 -5.125000000000000000e+01 1.950000000000000000e+01 -2.218750000000000000e+01 6.500000000000000000e+00 -9.187500000000000000e+01 -9.000000000000000000e+00
6.860000133514404297e+00 -1.330000042915344238e+00 6.050000190734863281e+00 -5.125000000000000000e+01 1.950000000000000000e+01 -2.218750000000000000e+01 5.437500000000000000e+00 -8.612500000000000000e+01 -7.000000000000000000e+00
7.630000114440917969e+00 -1.470000028610229492e+00 6.210000038146972656e+00 -5.125000000000000000e+01 1.950000000000000000e+01 -2.218750000000000000e+01 2.937500000000000000e+00 -8.025000000000000000e+01 -5.375000000000000000e+00
7.030000209808349609e+00 -1.600000023841857910e+00 5.800000190734863281e+00 -5.125000000000000000e+01 1.950000000000000000e+01 -2.218750000000000000e+01 -1.437500000000000000e+00 -7.556250000000000000e+01 -5.125000000000000000e+00
7.449999809265136719e+00 -1.740000009536743164e+00 5.739999771118164062e+00 -5.456250000000000000e+01 1.837500000000000000e+01 -1.856250000000000000e+01 -2.875000000000000000e+00 -6.925000000000000000e+01 -5.875000000000000000e+00
7.380000114440917969e+00 -1.610000014305114746e+00 5.800000190734863281e+00 -5.456250000000000000e+01 1.837500000000000000e+01 -1.856250000000000000e+01 -3.312500000000000000e+00 -6.331250000000000000e+01 -5.625000000000000000e+00
7.429999828338623047e+00 -1.750000000000000000e+00 5.730000019073486328e+00 -5.456250000000000000e+01 1.837500000000000000e+01 -1.856250000000000000e+01 -4.500000000000000000e+00 -5.837500000000000000e+01 -5.625000000000000000e+00
7.940000057220458984e+00 -1.809999942779541016e+00 5.769999980926513672e+00 -5.456250000000000000e+01 1.837500000000000000e+01 -1.856250000000000000e+01 -6.312500000000000000e+00 -5.350000000000000000e+01 -5.812500000000000000e+00
7.369999885559082031e+00 -1.429999947547912598e+00 5.909999847412109375e+00 -5.456250000000000000e+01 1.837500000000000000e+01 -1.856250000000000000e+01 -9.187500000000000000e+00 -4.956250000000000000e+01 -5.312500000000000000e+00
7.539999961853027344e+00 -1.659999966621398926e+00 5.659999847412109375e+00 -5.500000000000000000e+01 1.906250000000000000e+01 -1.525000000000000000e+01 -9.375000000000000000e+00 -4.525000000000000000e+01 -3.625000000000000000e+00
7.269999980926513672e+00 -1.549999952316284180e+00 5.590000152587890625e+00 -5.500000000000000000e+01 1.906250000000000000e+01 -1.525000000000000000e+01 -8.000000000000000000e+00 -4.043750000000000000e+01 -2.062500000000000000e+00
7.639999866485595703e+00 -1.539999961853027344e+00 5.409999847412109375e+00 -5.500000000000000000e+01 1.906250000000000000e+01 -1.525000000000000000e+01 -5.687500000000000000e+00 -3.518750000000000000e+01 -6.250000000000000000e-02
7.650000095367431641e+00 -1.600000023841857910e+00 5.360000133514404297e+00 -5.500000000000000000e+01 1.906250000000000000e+01 -1.525000000000000000e+01 -4.937500000000000000e+00 -3.068750000000000000e+01 2.000000000000000000e+00
7.820000171661376953e+00 -1.659999966621398926e+00 5.329999923706054688e+00 -5.500000000000000000e+01 1.906250000000000000e+01 -1.525000000000000000e+01 -4.875000000000000000e+00 -2.575000000000000000e+01 3.437500000000000000e+00
7.739999771118164062e+00 -1.539999961853027344e+00 5.150000095367431641e+00 -5.525000000000000000e+01 1.768750000000000000e+01 -1.287500000000000000e+01 -4.750000000000000000e+00 -2.018750000000000000e+01 5.187500000000000000e+00
7.989999771118164062e+00 -1.950000047683715820e+00 4.809999942779541016e+00 -5.525000000000000000e+01 1.768750000000000000e+01 -1.287500000000000000e+01 -4.625000000000000000e+00 -1.318750000000000000e+01 6.437500000000000000e+00
7.969999790191650391e+00 -2.289999961853027344e+00 4.719999790191650391e+00 -5.525000000000000000e+01 1.768750000000000000e+01 -1.287500000000000000e+01 -3.187500000000000000e+00 -4.937500000000000000e+00 6.500000000000000000e+00
8.000000000000000000e+00 -2.509999990463256836e+00 4.809999942779541016e+00 -5.525000000000000000e+01 1.768750000000000000e+01 -1.287500000000000000e+01 -1.250000000000000000e-01 3.562500000000000000e+00 5.062500000000000000e+00
8.029999732971191406e+00 -2.630000114440917969e+00 4.889999866485595703e+00 -5.525000000000000000e+01 1.768750000000000000e+01 -1.287500000000000000e+01 2.062500000000000000e+00 1.118750000000000000e+01 2.062500000000000000e+00
7.829999923706054688e+00 -2.380000114440917969e+00 5.289999961853027344e+00 -5.556250000000000000e+01 1.725000000000000000e+01 -1.325000000000000000e+01 3.687500000000000000e+00 1.812500000000000000e+01 -1.562500000000000000e+00
7.739999771118164062e+00 -1.990000009536743164e+00 5.510000228881835938e+00 -5.556250000000000000e+01 1.725000000000000000e+01 -1.325000000000000000e+01 4.812500000000000000e+00 2.362500000000000000e+01 -4.312500000000000000e+00
7.599999904632568359e+00 -1.620000004768371582e+00 5.699999809265136719e+00 -5.556250000000000000e+01 1.725000000000000000e+01 -1.325000000000000000e+01 4.812500000000000000e+00 2.806250000000000000e+01 -4.875000000000000000e+00
7.380000114440917969e+00 -1.230000019073486328e+00 6.099999904632568359e+00 -5.556250000000000000e+01 1.725000000000000000e+01 -1.325000000000000000e+01 4.125000000000000000e+00 3.062500000000000000e+01 -3.250000000000000000e+00
7.269999980926513672e+00 -1.269999980926513672e+00 6.199999809265136719e+00 -5.556250000000000000e+01 1.725000000000000000e+01 -1.325000000000000000e+01 2.500000000000000000e+00 3.262500000000000000e+01 -5.625000000000000000e-01
7.159999847412109375e+00 -1.399999976158142090e+00 6.309999942779541016e+00 -5.625000000000000000e+01 1.837500000000000000e+01 -1.250000000000000000e+01 1.250000000000000000e+00 3.375000000000000000e+01 2.437500000000000000e+00
7.099999904632568359e+00 -1.549999952316284180e+00 6.510000228881835938e+00 -5.625000000000000000e+01 1.837500000000000000e+01 -1.250000000000000000e+01 5.625000000000000000e-01 3.375000000000000000e+01 4.875000000000000000e+00
7.039999961853027344e+00 -1.740000009536743164e+00 6.630000114440917969e+00 -5.625000000000000000e+01 1.837500000000000000e+01 -1.250000000000000000e+01 -8.750000000000000000e-01 3.256250000000000000e+01 6.750000000000000000e+00
7.039999961853027344e+00 -1.860000014305114746e+00 6.630000114440917969e+00 -5.625000000000000000e+01 1.837500000000000000e+01 -1.250000000000000000e+01 -2.250000000000000000e+00 3.137500000000000000e+01 7.562500000000000000e+00
6.980000019073486328e+00 -1.919999957084655762e+00 6.679999828338623047e+00 -5.625000000000000000e+01 1.837500000000000000e+01 -1.250000000000000000e+01 -2.000000000000000000e+00 2.968750000000000000e+01 7.875000000000000000e+00
7.050000190734863281e+00 -2.079999923706054688e+00 6.599999904632568359e+00 -5.518750000000000000e+01 1.906250000000000000e+01 -1.418750000000000000e+01 -1.562500000000000000e+00 2.862500000000000000e+01 7.750000000000000000e+00
7.079999923706054688e+00 -2.079999923706054688e+00 6.329999923706054688e+00 -5.518750000000000000e+01 1.906250000000000000e+01 -1.418750000000000000e+01 -1.375000000000000000e+00 2.800000000000000000e+01 7.187500000000000000e+00
7.130000114440917969e+00 -2.069999933242797852e+00 6.159999847412109375e+00 -5.518750000000000000e+01 1.906250000000000000e+01 -1.418750000000000000e+01 -8.750000000000000000e-01 2.875000000000000000e+01 6.687500000000000000e+00
7.250000000000000000e+00 -1.950000047683715820e+00 5.960000038146972656e+00 -5.518750000000000000e+01 1.906250000000000000e+01 -1.418750000000000000e+01 -1.250000000000000000e-01 3.087500000000000000e+01 6.625000000000000000e+00
7.199999809265136719e+00 -1.740000009536743164e+00 6.039999961853027344e+00 -5.518750000000000000e+01 1.906250000000000000e+01 -1.418750000000000000e+01 3.125000000000000000e-01 3.431250000000000000e+01 7.062500000000000000e+00
6.949999809265136719e+00 -2.039999961853027344e+00 6.219999790191650391e+00 -5.475000000000000000e+01 1.868750000000000000e+01 -1.575000000000000000e+01 8.125000000000000000e-01 3.800000000000000000e+01 7.375000000000000000e+00
7.110000133514404297e+00 -2.490000009536743164e+00 6.280000209808349609e+00 -5.475000000000000000e+01 1.868750000000000000e+01 -1.575000000000000000e+01 2.000000000000000000e+00 4.125000000000000000e+01 6.500000000000000000e+00
7.059999942779541016e+00 -2.440000057220458984e+00 6.300000190734863281e+00 -5.475000000000000000e+01 1.868750000000000000e+01 -1.575000000000000000e+01 4.250000000000000000e+00 4.425000000000000000e+01 5.062500000000000000e+00
7.150000095367431641e+00 -1.909999966621398926e+00 6.329999923706054688e+00 -5.475000000000000000e+01 1.868750000000000000e+01 -1.575000000000000000e+01 5.687500000000000000e+00 4.700000000000000000e+01 4.250000000000000000e+00
7.320000171661376953e+00 -1.610000014305114746e+00 6.019999980926513672e+00 -5.475000000000000000e+01 1.868750000000000000e+01 -1.575000000000000000e+01 6.125000000000000000e+00 5.056250000000000000e+01 5.625000000000000000e+00
7.070000171661376953e+00 -1.320000052452087402e+00 5.960000038146972656e+00 -5.437500000000000000e+01 1.837500000000000000e+01 -1.775000000000000000e+01 4.375000000000000000e+00 5.543750000000000000e+01 9.062500000000000000e+00
7.019999980926513672e+00 -1.080000042915344238e+00 5.829999923706054688e+00 -5.437500000000000000e+01 1.837500000000000000e+01 -1.775000000000000000e+01 1.312500000000000000e+00 6.181250000000000000e+01 1.425000000000000000e+01
6.659999847412109375e+00 -2.500000000000000000e-01 6.280000209808349609e+00 -5.437500000000000000e+01 1.837500000000000000e+01 -1.775000000000000000e+01 -2.375000000000000000e+00 6.881250000000000000e+01 2.112500000000000000e+01
6.570000171661376953e+00 -1.080000042915344238e+00 6.570000171661376953e+00 -5.437500000000000000e+01 1.837500000000000000e+01 -1.775000000000000000e+01 -7.062500000000000000e+00 7.537500000000000000e+01 2.750000000000000000e+01
6.260000228881835938e+00 -1.960000038146972656e+00 6.550000190734863281e+00 -5.437500000000000000e+01 1.837500000000000000e+01 -1.775000000000000000e+01 -1.000000000000000000e+01 8.143750000000000000e+01 2.981250000000000000e+01
5.889999866485595703e+00 -2.369999885559082031e+00 7.809999942779541016e+00 -5.187500000000000000e+01 1.868750000000000000e+01 -1.975000000000000000e+01 -1.000000000000000000e+01 8.400000000000000000e+01 3.025000000000000000e+01
5.500000000000000000e+00 -2.990000009536743164e+00 8.220000267028808594e+00 -5.187500000000000000e+01 1.868750000000000000e+01 -1.975000000000000000e+01 -8.500000000000000000e+00 8.275000000000000000e+01 2.725000000000000000e+01
5.170000076293945312e+00 -3.369999885559082031e+00 7.960000038146972656e+00 -5.187500000000000000e+01 1.868750000000000000e+01 -1.975000000000000000e+01 -6.062500000000000000e+00 7.881250000000000000e+01 2.356250000000000000e+01
5.320000171661376953e+00 -3.390000104904174805e+00 7.780000209808349609e+00 -5.187500000000000000e+01 1.868750000000000000e+01 -1.975000000000000000e+01 -1.875000000000000000e+00 7.481250000000000000e+01 1.818750000000000000e+01
6.170000076293945312e+00 -3.569999933242797852e+00 7.449999809265136719e+00 -5.187500000000000000e+01 1.868750000000000000e+01 -1.975000000000000000e+01 1.937500000000000000e+00 7.243750000000000000e+01 1.268750000000000000e+01
6.019999980926513672e+00 -3.619999885559082031e+00 6.960000038146972656e+00 -5.150000000000000000e+01 2.100000000000000000e+01 -2.268750000000000000e+01 4.687500000000000000e+00 7.337500000000000000e+01 7.437500000000000000e+00
5.739999771118164062e+00 -3.109999895095825195e+00 7.130000114440917969e+00 -5.150000000000000000e+01 2.100000000000000000e+01 -2.268750000000000000e+01 8.437500000000000000e+00 7.587500000000000000e+01 2.125000000000000000e+00
5.449999809265136719e+00 -2.460000038146972656e+00 7.369999885559082031e+00 -5.150000000000000000e+01 2.100000000000000000e+01 -2.268750000000000000e+01 8.250000000000000000e+00 7.781250000000000000e+01 -1.937500000000000000e+00
5.090000152587890625e+00 -1.309999942779541016e+00 8.020000457763671875e+00 -5.150000000000000000e+01 2.100000000000000000e+01 -2.268750000000000000e+01 6.562500000000000000e+00 7.768750000000000000e+01 -1.875000000000000000e+00
4.960000038146972656e+00 -7.500000000000000000e-01 8.000000000000000000e+00 -5.150000000000000000e+01 2.100000000000000000e+01 -2.268750000000000000e+01 5.062500000000000000e+00 7.656250000000000000e+01 6.250000000000000000e-01
4.960000038146972656e+00 -5.699999928474426270e-01 8.279999732971191406e+00 -4.918750000000000000e+01 2.100000000000000000e+01 -2.637500000000000000e+01 1.000000000000000000e+00 7.706250000000000000e+01 3.750000000000000000e+00
4.869999885559082031e+00 -2.569999933242797852e+00 7.880000114440917969e+00 -4.918750000000000000e+01 2.100000000000000000e+01 -2.637500000000000000e+01 -4.562500000000000000e+00 7.881250000000000000e+01 7.062500000000000000e+00
4.909999847412109375e+00 -3.079999923706054688e+00 8.029999732971191406e+00 -4.918750000000000000e+01 2.100000000000000000e+01 -2.637500000000000000e+01 -4.625000000000000000e+00 8.000000000000000000e+01 8.500000000000000000e+00
4.829999923706054688e+00 -2.960000038146972656e+00 8.430000305175781250e+00 -4.918750000000000000e+01 2.100000000000000000e+01 -2.637500000000000000e+01 -1.875000000000000000e-01 7.731250000000000000e+01 7.937500000000000000e+00
4.519999980926513672e+00 -2.529999971389770508e+00 8.399999618530273438e+00 -4.918750000000000000e+01 2.100000000000000000e+01 -2.637500000000000000e+01 4.875000000000000000e+00 7.662500000000000000e+01 5.937500000000000000e+00
4.130000114440917969e+00 -1.840000033378601074e+00 8.750000000000000000e+00 -4.737500000000000000e+01 2.018750000000000000e+01 -2.887500000000000000e+01 6.750000000000000000e+00 7.587500000000000000e+01 5.437500000000000000e+00
3.890000104904174805e+00 -1.919999957084655762e+00 9.100000381469726562e+00 -4.737500000000000000e+01 2.018750000000000000e+01 -2.887500000000000000e+01 4.062500000000000000e+00 7.187500000000000000e+01 5.937500000000000000e+00
3.950000047683715820e+00 -2.140000104904174805e+00 8.930000305175781250e+00 -4.737500000000000000e+01 2.018750000000000000e+01 -2.887500000000000000e+01 1.625000000000000000e+00 6.781250000000000000e+01 6.875000000000000000e+00
4.260000228881835938e+00 -2.269999980926513672e+00 8.470000267028808594e+00 -4.737500000000000000e+01 2.018750000000000000e+01 -2.887500000000000000e+01 3.125000000000000000e+00 6.825000000000000000e+01 7.062500000000000000e+00
2.450000047683715820e+00 -1.490000009536743164e+00 9.880000114440917969e+00 -4.737500000000000000e+01 2.018750000000000000e+01 -2.887500000000000000e+01 2.687500000000000000e+00 7.050000000000000000e+01 6.250000000000000000e+00
4.199999868869781494e-01 -9.399999976158142090e-01 1.181999969482421875e+01 -4.475000000000000000e+01 1.987500000000000000e+01 -3.168750000000000000e+01 -9.312500000000000000e+00 6.350000000000000000e+01 5.437500000000000000e+00
3.799999952316284180e-01 -9.300000071525573730e-01 1.310999965667724609e+01 -4.475000000000000000e+01 1.987500000000000000e+01 -3.168750000000000000e+01 -1.681250000000000000e+01 2.687500000000000000e+01 9.750000000000000000e+00
4.719999790191650391e+00 -3.150000095367431641e+00 7.440000057220458984e+00 -4.475000000000000000e+01 1.987500000000000000e+01 -3.168750000000000000e+01 -1.706250000000000000e+01 -7.500000000000000000e-01 1.106250000000000000e+01
6.250000000000000000e+00 -4.219999790191650391e+00 6.949999809265136719e+00 -4.475000000000000000e+01 1.987500000000000000e+01 -3.168750000000000000e+01 -1.156250000000000000e+01 -6.250000000000000000e+00 1.231250000000000000e+01
4.699999809265136719e+00 -5.110000133514404297e+00 8.020000457763671875e+00 -4.475000000000000000e+01 1.987500000000000000e+01 -3.168750000000000000e+01 -5.125000000000000000e+00 4.625000000000000000e+00 9.750000000000000000e+00
3.089999914169311523e+00 -4.510000228881835938e+00 8.640000343322753906e+00 -4.356250000000000000e+01 2.250000000000000000e+01 -3.425000000000000000e+01 2.437500000000000000e+00 1.037500000000000000e+01 -1.437500000000000000e+00
3.829999923706054688e+00 -1.450000047683715820e+00 8.539999961853027344e+00 -4.356250000000000000e+01 2.250000000000000000e+01 -3.425000000000000000e+01 1.018750000000000000e+01 5.687500000000000000e+00 -6.000000000000000000e+00
4.099999904632568359e+00 -1.100000023841857910e+00 8.770000457763671875e+00 -4.356250000000000000e+01 2.250000000000000000e+01 -3.425000000000000000e+01 6.562500000000000000e+00 5.312500000000000000e+00 -5.500000000000000000e+00
3.920000076293945312e+00 -1.570000052452087402e+00 8.770000457763671875e+00 -4.356250000000000000e+01 2.250000000000000000e+01 -3.425000000000000000e+01 1.437500000000000000e+00 6.000000000000000000e+00 -2.812500000000000000e+00
3.799999952316284180e+00 -2.059999942779541016e+00 8.609999656677246094e+00 -4.356250000000000000e+01 2.250000000000000000e+01 -3.425000000000000000e+01 -1.187500000000000000e+00 5.500000000000000000e+00 -7.500000000000000000e-01
