3.700000047683715820e+00 -2.460000038146972656e+00 8.640000343322753906e+00 -4.268750000000000000e+01 2.218750000000000000e+01 -3.606250000000000000e+01 -1.375000000000000000e+00 -1.187500000000000000e+00 9.375000000000000000e-01
3.700000047683715820e+00 -2.500000000000000000e+00 8.720000267028808594e+00 -4.268750000000000000e+01 2.218750000000000000e+01 -3.606250000000000000e+01 -1.437500000000000000e+00 -1.125000000000000000e+00 1.000000000000000000e+00
3.769999980926513672e+00 -2.509999990463256836e+00 8.710000038146972656e+00 -4.268750000000000000e+01 2.218750000000000000e+01 -3.606250000000000000e+01 -1.437500000000000000e+00 -1.125000000000000000e+00 1.000000000000000000e+00
3.670000076293945312e+00 -2.460000038146972656e+00 8.659999847412109375e+00 -4.306250000000000000e+01 2.150000000000000000e+01 -3.450000000000000000e+01 -1.312500000000000000e+00 -1.250000000000000000e+00 1.062500000000000000e+00
3.700000047683715820e+00 -2.509999990463256836e+00 8.710000038146972656e+00 -4.306250000000000000e+01 2.150000000000000000e+01 -3.450000000000000000e+01 -1.625000000000000000e+00 -1.312500000000000000e+00 1.125000000000000000e+00
3.720000028610229492e+00 -2.480000019073486328e+00 8.680000305175781250e+00 -4.306250000000000000e+01 2.150000000000000000e+01 -3.450000000000000000e+01 -1.437500000000000000e+00 -1.562500000000000000e+00 1.125000000000000000e+00
3.700000047683715820e+00 -2.359999895095825195e+00 8.680000305175781250e+00 -4.306250000000000000e+01 2.150000000000000000e+01 -3.450000000000000000e+01 -1.937500000000000000e+00 -1.812500000000000000e+00 1.375000000000000000e+00
3.809999942779541016e+00 -2.440000057220458984e+00 8.750000000000000000e+00 -4.306250000000000000e+01 2.150000000000000000e+01 -3.450000000000000000e+01 -1.937500000000000000e+00 -1.812500000000000000e+00 1.375000000000000000e+00
3.829999923706054688e+00 -2.480000019073486328e+00 8.680000305175781250e+00 -4.337500000000000000e+01 2.256250000000000000e+01 -3.356250000000000000e+01 -2.812500000000000000e+00 -2.187500000000000000e+00 1.687500000000000000e+00
3.759999990463256836e+00 -2.630000114440917969e+00 8.430000305175781250e+00 -4.337500000000000000e+01 2.256250000000000000e+01 -3.356250000000000000e+01 -2.125000000000000000e+00 -1.062500000000000000e+00 1.750000000000000000e+00
3.730000019073486328e+00 -2.839999914169311523e+00 8.479999542236328125e+00 -4.337500000000000000e+01 2.256250000000000000e+01 -3.356250000000000000e+01 -3.750000000000000000e-01 -4.375000000000000000e-01 8.125000000000000000e-01
3.480000019073486328e+00 -2.160000085830688477e+00 9.039999961853027344e+00 -4.337500000000000000e+01 2.256250000000000000e+01 -3.356250000000000000e+01 1.875000000000000000e+00 -1.062500000000000000e+00 -4.375000000000000000e-01
3.220000028610229492e+00 -1.710000038146972656e+00 9.069999694824218750e+00 -4.337500000000000000e+01 2.256250000000000000e+01 -3.356250000000000000e+01 1.875000000000000000e+00 -1.062500000000000000e+00 -4.375000000000000000e-01
3.789999961853027344e+00 -1.440000057220458984e+00 9.109999656677246094e+00 -4.268750000000000000e+01 2.175000000000000000e+01 -3.356250000000000000e+01 1.250000000000000000e-01 -6.000000000000000000e+00 -1.250000000000000000e-01
3.750000000000000000e+00 -6.700000166893005371e-01 9.189999580383300781e+00 -4.268750000000000000e+01 2.175000000000000000e+01 -3.356250000000000000e+01 -8.187500000000000000e+00 -9.625000000000000000e+00 -6.250000000000000000e-02
3.940000057220458984e+00 -6.600000262260437012e-01 9.329999923706054688e+00 -4.268750000000000000e+01 2.175000000000000000e+01 -3.356250000000000000e+01 -1.725000000000000000e+01 -9.500000000000000000e+00 -2.187500000000000000e+00
4.079999923706054688e+00 -8.100000023841857910e-01 9.270000457763671875e+00 -4.268750000000000000e+01 2.175000000000000000e+01 -3.356250000000000000e+01 -1.981250000000000000e+01 -6.750000000000000000e+00 -8.562500000000000000e+00
3.789999961853027344e+00 -9.999999776482582092e-03 9.350000381469726562e+00 -4.268750000000000000e+01 2.175000000000000000e+01 -3.356250000000000000e+01 -1.981250000000000000e+01 -6.750000000000000000e+00 -8.562500000000000000e+00
4.110000133514404297e+00 1.080000042915344238e+00 9.590000152587890625e+00 -4.268750000000000000e+01 2.218750000000000000e+01 -3.406250000000000000e+01 -2.281250000000000000e+01 -2.625000000000000000e+00 -1.762500000000000000e+01
4.159999847412109375e+00 1.720000028610229492e+00 9.720000267028808594e+00 -4.268750000000000000e+01 2.218750000000000000e+01 -3.406250000000000000e+01 -3.387500000000000000e+01 9.875000000000000000e+00 -4.525000000000000000e+01
4.079999923706054688e+00 2.619999885559082031e+00 9.909999847412109375e+00 -4.268750000000000000e+01 2.218750000000000000e+01 -3.406250000000000000e+01 -3.575000000000000000e+01 1.968750000000000000e+01 -6.368750000000000000e+01
4.150000095367431641e+00 3.569999933242797852e+00 1.026000022888183594e+01 -4.268750000000000000e+01 2.218750000000000000e+01 -3.406250000000000000e+01 -4.868750000000000000e+01 2.862500000000000000e+01 -8.487500000000000000e+01
4.920000076293945312e+00 4.699999809265136719e+00 9.789999961853027344e+00 -4.268750000000000000e+01 2.218750000000000000e+01 -3.406250000000000000e+01 -4.868750000000000000e+01 2.862500000000000000e+01 -8.487500000000000000e+01
4.110000133514404297e+00 3.480000019073486328e+00 9.619999885559082031e+00 -4.375000000000000000e+01 2.218750000000000000e+01 -3.450000000000000000e+01 -7.025000000000000000e+01 4.150000000000000000e+01 -1.032500000000000000e+02
4.510000228881835938e+00 2.529999971389770508e+00 9.329999923706054688e+00 -4.375000000000000000e+01 2.218750000000000000e+01 -3.450000000000000000e+01 -9.756250000000000000e+01 5.125000000000000000e+01 -1.723750000000000000e+02
5.059999942779541016e+00 -1.110000014305114746e+00 9.260000228881835938e+00 -4.375000000000000000e+01 2.218750000000000000e+01 -3.450000000000000000e+01 -1.083750000000000000e+02 5.812500000000000000e+01 -1.937500000000000000e+02
4.730000019073486328e+00 -1.460000038146972656e+00 8.380000114440917969e+00 -4.375000000000000000e+01 2.218750000000000000e+01 -3.450000000000000000e+01 -1.055625000000000000e+02 6.243750000000000000e+01 -2.050000000000000000e+02
5.260000228881835938e+00 -1.850000023841857910e+00 8.130000114440917969e+00 -4.375000000000000000e+01 2.218750000000000000e+01 -3.450000000000000000e+01 -1.055625000000000000e+02 6.243750000000000000e+01 -2.050000000000000000e+02
5.929999828338623047e+00 -2.769999980926513672e+00 7.679999828338623047e+00 -4.456250000000000000e+01 2.068750000000000000e+01 -3.450000000000000000e+01 -1.025625000000000000e+02 6.656250000000000000e+01 -2.124375000000000000e+02
6.610000133514404297e+00 -4.480000019073486328e+00 7.969999790191650391e+00 -4.456250000000000000e+01 2.068750000000000000e+01 -3.450000000000000000e+01 -1.023750000000000000e+02 6.981250000000000000e+01 -2.049375000000000000e+02
5.929999828338623047e+00 -4.739999771118164062e+00 7.400000095367431641e+00 -4.456250000000000000e+01 2.068750000000000000e+01 -3.450000000000000000e+01 -1.036875000000000000e+02 6.618750000000000000e+01 -1.909375000000000000e+02
5.679999828338623047e+00 -4.909999847412109375e+00 7.590000152587890625e+00 -4.456250000000000000e+01 2.068750000000000000e+01 -3.450000000000000000e+01 -1.001875000000000000e+02 6.281250000000000000e+01 -1.757500000000000000e+02
5.119999885559082031e+00 -4.619999885559082031e+00 7.780000209808349609e+00 -4.456250000000000000e+01 2.068750000000000000e+01 -3.450000000000000000e+01 -1.001875000000000000e+02 6.281250000000000000e+01 -1.757500000000000000e+02
5.539999961853027344e+00 -4.260000228881835938e+00 7.650000095367431641e+00 -4.600000000000000000e+01 1.625000000000000000e+01 -3.450000000000000000e+01 -9.631250000000000000e+01 6.143750000000000000e+01 -1.664375000000000000e+02
4.989999771118164062e+00 -4.469999790191650391e+00 7.500000000000000000e+00 -4.600000000000000000e+01 1.625000000000000000e+01 -3.450000000000000000e+01 -8.656250000000000000e+01 6.681250000000000000e+01 -1.598750000000000000e+02
5.610000133514404297e+00 -4.800000190734863281e+00 7.909999847412109375e+00 -4.600000000000000000e+01 1.625000000000000000e+01 -3.450000000000000000e+01 -7.418750000000000000e+01 7.031250000000000000e+01 -1.525625000000000000e+02
6.199999809265136719e+00 -6.219999790191650391e+00 7.599999904632568359e+00 -4.600000000000000000e+01 1.625000000000000000e+01 -3.450000000000000000e+01 -5.968750000000000000e+01 7.562500000000000000e+01 -1.420625000000000000e+02
5.820000171661376953e+00 -6.900000095367431641e+00 6.570000171661376953e+00 -4.600000000000000000e+01 1.625000000000000000e+01 -3.450000000000000000e+01 -5.968750000000000000e+01 7.562500000000000000e+01 -1.420625000000000000e+02
5.480000019073486328e+00 -7.929999828338623047e+00 6.389999866485595703e+00 -4.600000000000000000e+01 1.150000000000000000e+01 -3.450000000000000000e+01 -5.056250000000000000e+01 7.962500000000000000e+01 -1.352500000000000000e+02
5.110000133514404297e+00 -9.020000457763671875e+00 5.809999942779541016e+00 -4.600000000000000000e+01 1.150000000000000000e+01 -3.450000000000000000e+01 -1.168750000000000000e+01 6.362500000000000000e+01 -1.376875000000000000e+02
4.519999980926513672e+00 -1.028999996185302734e+01 5.250000000000000000e+00 -4.600000000000000000e+01 1.150000000000000000e+01 -3.450000000000000000e+01 -5.812500000000000000e+00 4.931250000000000000e+01 -1.271250000000000000e+02
4.219999790191650391e+00 -1.086999988555908203e+01 5.400000095367431641e+00 -4.600000000000000000e+01 1.150000000000000000e+01 -3.450000000000000000e+01 -6.250000000000000000e-01 3.325000000000000000e+01 -9.700000000000000000e+01
3.920000076293945312e+00 -1.209000015258789062e+01 6.179999828338623047e+00 -4.600000000000000000e+01 1.150000000000000000e+01 -3.450000000000000000e+01 -6.250000000000000000e-01 3.325000000000000000e+01 -9.700000000000000000e+01
3.559999942779541016e+00 -1.047999954223632812e+01 7.159999847412109375e+00 -4.487500000000000000e+01 8.562500000000000000e+00 -3.700000000000000000e+01 -8.750000000000000000e-01 2.168750000000000000e+01 -5.881250000000000000e+01
3.660000085830688477e+00 -5.349999904632568359e+00 9.760000228881835938e+00 -4.487500000000000000e+01 8.562500000000000000e+00 -3.700000000000000000e+01 3.687500000000000000e+01 1.481250000000000000e+01 4.106250000000000000e+01
4.150000095367431641e+00 -1.490000009536743164e+00 8.090000152587890625e+00 -4.487500000000000000e+01 8.562500000000000000e+00 -3.700000000000000000e+01 3.381250000000000000e+01 1.475000000000000000e+01 4.531250000000000000e+01
3.369999885559082031e+00 7.000000029802322388e-02 8.840000152587890625e+00 -4.487500000000000000e+01 8.562500000000000000e+00 -3.700000000000000000e+01 8.875000000000000000e+00 1.431250000000000000e+01 4.743750000000000000e+01
3.470000028610229492e+00 -8.000000119209289551e-01 9.560000419616699219e+00 -4.487500000000000000e+01 8.562500000000000000e+00 -3.700000000000000000e+01 8.875000000000000000e+00 1.431250000000000000e+01 4.743750000000000000e+01
3.599999904632568359e+00 -1.299999952316284180e+00 9.260000228881835938e+00 -4.406250000000000000e+01 4.875000000000000000e+00 -3.806250000000000000e+01 1.250000000000000000e+00 1.337500000000000000e+01 4.668750000000000000e+01
3.769999980926513672e+00 -2.279999971389770508e+00 8.989999771118164062e+00 -4.406250000000000000e+01 4.875000000000000000e+00 -3.806250000000000000e+01 -9.250000000000000000e+00 1.843750000000000000e+01 3.543750000000000000e+01
3.690000057220458984e+00 -3.440000057220458984e+00 8.770000457763671875e+00 -4.406250000000000000e+01 4.875000000000000000e+00 -3.806250000000000000e+01 -8.500000000000000000e+00 2.118750000000000000e+01 3.393750000000000000e+01
4.050000190734863281e+00 -5.289999961853027344e+00 8.350000381469726562e+00 -4.406250000000000000e+01 4.875000000000000000e+00 -3.806250000000000000e+01 -4.000000000000000000e+00 2.268750000000000000e+01 3.656250000000000000e+01
4.190000057220458984e+00 -6.210000038146972656e+00 8.390000343322753906e+00 -4.406250000000000000e+01 4.875000000000000000e+00 -3.806250000000000000e+01 -4.000000000000000000e+00 2.268750000000000000e+01 3.656250000000000000e+01
4.519999980926513672e+00 -6.980000019073486328e+00 8.220000267028808594e+00 -4.300000000000000000e+01 6.750000000000000000e+00 -3.856250000000000000e+01 2.375000000000000000e+00 2.393750000000000000e+01 4.343750000000000000e+01
4.550000190734863281e+00 -7.610000133514404297e+00 7.929999828338623047e+00 -4.300000000000000000e+01 6.750000000000000000e+00 -3.856250000000000000e+01 2.543750000000000000e+01 2.687500000000000000e+01 6.793750000000000000e+01
3.450000047683715820e+00 -7.469999790191650391e+00 7.199999809265136719e+00 -4.300000000000000000e+01 6.750000000000000000e+00 -3.856250000000000000e+01 3.875000000000000000e+01 2.368750000000000000e+01 8.556250000000000000e+01
2.789999961853027344e+00 -6.969999790191650391e+00 6.880000114440917969e+00 -4.300000000000000000e+01 6.750000000000000000e+00 -3.856250000000000000e+01 4.650000000000000000e+01 1.643750000000000000e+01 1.070000000000000000e+02
2.339999914169311523e+00 -6.440000057220458984e+00 6.860000133514404297e+00 -4.300000000000000000e+01 6.750000000000000000e+00 -3.856250000000000000e+01 4.650000000000000000e+01 1.643750000000000000e+01 1.070000000000000000e+02
2.450000047683715820e+00 -5.840000152587890625e+00 6.750000000000000000e+00 -4.218750000000000000e+01 8.875000000000000000e+00 -3.868750000000000000e+01 4.818750000000000000e+01 5.125000000000000000e+00 1.303125000000000000e+02
2.789999961853027344e+00 -5.320000171661376953e+00 6.920000076293945312e+00 -4.218750000000000000e+01 8.875000000000000000e+00 -3.868750000000000000e+01 5.018750000000000000e+01 -2.156250000000000000e+01 1.687500000000000000e+02
2.910000085830688477e+00 -5.130000114440917969e+00 6.690000057220458984e+00 -4.218750000000000000e+01 8.875000000000000000e+00 -3.868750000000000000e+01 5.237500000000000000e+01 -3.081250000000000000e+01 1.819375000000000000e+02
2.539999961853027344e+00 -4.650000095367431641e+00 7.519999980926513672e+00 -4.218750000000000000e+01 8.875000000000000000e+00 -3.868750000000000000e+01 5.393750000000000000e+01 -3.875000000000000000e+01 1.904375000000000000e+02
2.809999942779541016e+00 -3.089999914169311523e+00 8.250000000000000000e+00 -4.218750000000000000e+01 8.875000000000000000e+00 -3.868750000000000000e+01 5.393750000000000000e+01 -3.875000000000000000e+01 1.904375000000000000e+02
2.900000095367431641e+00 -2.539999961853027344e+00 7.530000209808349609e+00 -4.100000000000000000e+01 1.037500000000000000e+01 -3.950000000000000000e+01 5.500000000000000000e+01 -4.481250000000000000e+01 1.961250000000000000e+02
2.900000095367431641e+00 -2.000000000000000000e+00 7.400000095367431641e+00 -4.100000000000000000e+01 1.037500000000000000e+01 -3.950000000000000000e+01 4.912500000000000000e+01 -6.012500000000000000e+01 1.986875000000000000e+02
3.539999961853027344e+00 -1.860000014305114746e+00 8.250000000000000000e+00 -4.100000000000000000e+01 1.037500000000000000e+01 -3.950000000000000000e+01 4.781250000000000000e+01 -6.625000000000000000e+01 1.981250000000000000e+02
3.890000104904174805e+00 -2.269999980926513672e+00 8.319999694824218750e+00 -4.100000000000000000e+01 1.037500000000000000e+01 -3.950000000000000000e+01 4.918750000000000000e+01 -6.750000000000000000e+01 1.960000000000000000e+02
4.000000000000000000e+00 -2.589999914169311523e+00 9.060000419616699219e+00 -4.100000000000000000e+01 1.037500000000000000e+01 -3.950000000000000000e+01 4.918750000000000000e+01 -6.750000000000000000e+01 1.960000000000000000e+02
4.230000019073486328e+00 -1.970000028610229492e+00 9.159999847412109375e+00 -3.956250000000000000e+01 1.556250000000000000e+01 -3.868750000000000000e+01 5.406250000000000000e+01 -6.543750000000000000e+01 1.881875000000000000e+02
3.319999933242797852e+00 -6.399999856948852539e-01 9.680000305175781250e+00 -3.956250000000000000e+01 1.556250000000000000e+01 -3.868750000000000000e+01 5.937500000000000000e+01 -5.400000000000000000e+01 1.603750000000000000e+02
3.049999952316284180e+00 -1.999999955296516418e-02 9.819999694824218750e+00 -3.956250000000000000e+01 1.556250000000000000e+01 -3.868750000000000000e+01 5.656250000000000000e+01 -4.956250000000000000e+01 1.441250000000000000e+02
3.049999952316284180e+00 9.200000166893005371e-01 9.619999885559082031e+00 -3.956250000000000000e+01 1.556250000000000000e+01 -3.868750000000000000e+01 4.956250000000000000e+01 -4.575000000000000000e+01 1.276875000000000000e+02
2.650000095367431641e+00 1.590000033378601074e+00 9.470000267028808594e+00 -3.956250000000000000e+01 1.556250000000000000e+01 -3.868750000000000000e+01 4.956250000000000000e+01 -4.575000000000000000e+01 1.276875000000000000e+02
2.309999942779541016e+00 2.230000019073486328e+00 9.920000076293945312e+00 -3.875000000000000000e+01 2.006250000000000000e+01 -3.818750000000000000e+01 3.912500000000000000e+01 -4.243750000000000000e+01 1.151875000000000000e+02
2.599999904632568359e+00 2.170000076293945312e+00 1.014000034332275391e+01 -3.875000000000000000e+01 2.006250000000000000e+01 -3.818750000000000000e+01 2.562500000000000000e+01 -3.443750000000000000e+01 9.012500000000000000e+01
2.789999961853027344e+00 1.960000038146972656e+00 1.017000007629394531e+01 -3.875000000000000000e+01 2.006250000000000000e+01 -3.818750000000000000e+01 2.300000000000000000e+01 -2.743750000000000000e+01 6.618750000000000000e+01
2.319999933242797852e+00 1.690000057220458984e+00 9.850000381469726562e+00 -3.875000000000000000e+01 2.006250000000000000e+01 -3.818750000000000000e+01 1.912500000000000000e+01 -2.137500000000000000e+01 3.968750000000000000e+01
2.079999923706054688e+00 1.559999942779541016e+00 9.800000190734863281e+00 -3.875000000000000000e+01 2.006250000000000000e+01 -3.818750000000000000e+01 1.912500000000000000e+01 -2.137500000000000000e+01 3.968750000000000000e+01
2.140000104904174805e+00 1.049999952316284180e+00 9.720000267028808594e+00 -3.806250000000000000e+01 2.225000000000000000e+01 -3.868750000000000000e+01 1.350000000000000000e+01 -1.825000000000000000e+01 1.643750000000000000e+01
2.359999895095825195e+00 -4.399999976158142090e-01 9.560000419616699219e+00 -3.806250000000000000e+01 2.225000000000000000e+01 -3.868750000000000000e+01 1.250000000000000000e-01 -1.537500000000000000e+01 -7.687500000000000000e+00
2.779999971389770508e+00 -2.160000085830688477e+00 9.229999542236328125e+00 -3.806250000000000000e+01 2.225000000000000000e+01 -3.868750000000000000e+01 -3.125000000000000000e+00 -1.537500000000000000e+01 -1.175000000000000000e+01
3.109999895095825195e+00 -2.970000028610229492e+00 9.060000419616699219e+00 -3.806250000000000000e+01 2.225000000000000000e+01 -3.868750000000000000e+01 -4.937500000000000000e+00 -1.525000000000000000e+01 -1.187500000000000000e+01
3.119999885559082031e+00 -3.569999933242797852e+00 8.920000076293945312e+00 -3.806250000000000000e+01 2.225000000000000000e+01 -3.868750000000000000e+01 -4.937500000000000000e+00 -1.525000000000000000e+01 -1.187500000000000000e+01
2.890000104904174805e+00 -3.509999990463256836e+00 8.770000457763671875e+00 -3.837500000000000000e+01 2.387500000000000000e+01 -3.656250000000000000e+01 -1.875000000000000000e+00 -1.462500000000000000e+01 -1.143750000000000000e+01
2.380000114440917969e+00 -2.930000066757202148e+00 8.399999618530273438e+00 -3.837500000000000000e+01 2.387500000000000000e+01 -3.656250000000000000e+01 3.187500000000000000e+00 -1.775000000000000000e+01 -8.875000000000000000e+00
2.200000047683715820e+00 -2.849999904632568359e+00 8.319999694824218750e+00 -3.837500000000000000e+01 2.387500000000000000e+01 -3.656250000000000000e+01 3.562500000000000000e+00 -2.168750000000000000e+01 -8.375000000000000000e+00
2.000000000000000000e+00 -2.799999952316284180e+00 8.270000457763671875e+00 -3.837500000000000000e+01 2.387500000000000000e+01 -3.656250000000000000e+01 3.562500000000000000e+00 -2.581250000000000000e+01 -8.687500000000000000e+00
2.180000066757202148e+00 -2.500000000000000000e+00 8.090000152587890625e+00 -3.837500000000000000e+01 2.387500000000000000e+01 -3.656250000000000000e+01 3.562500000000000000e+00 -2.581250000000000000e+01 -8.687500000000000000e+00
1.899999976158142090e+00 -2.690000057220458984e+00 8.010000228881835938e+00 -3.987500000000000000e+01 2.268750000000000000e+01 -3.656250000000000000e+01 2.687500000000000000e+00 -2.981250000000000000e+01 -8.187500000000000000e+00
2.029999971389770508e+00 -2.690000057220458984e+00 8.149999618530273438e+00 -3.987500000000000000e+01 2.268750000000000000e+01 -3.656250000000000000e+01 9.375000000000000000e-01 -4.356250000000000000e+01 -6.812500000000000000e+00
2.839999914169311523e+00 -2.779999971389770508e+00 8.600000381469726562e+00 -3.987500000000000000e+01 2.268750000000000000e+01 -3.656250000000000000e+01 -2.562500000000000000e+00 -4.706250000000000000e+01 -3.937500000000000000e+00
4.239999771118164062e+00 -3.529999971389770508e+00 9.060000419616699219e+00 -3.987500000000000000e+01 2.268750000000000000e+01 -3.656250000000000000e+01 -2.625000000000000000e+00 -4.543750000000000000e+01 2.500000000000000000e-01
4.000000000000000000e+00 -3.289999961853027344e+00 8.979999542236328125e+00 -3.987500000000000000e+01 2.268750000000000000e+01 -3.656250000000000000e+01 -2.625000000000000000e+00 -4.543750000000000000e+01 2.500000000000000000e-01
3.819999933242797852e+00 -2.980000019073486328e+00 8.850000381469726562e+00 -4.025000000000000000e+01 2.306250000000000000e+01 -3.575000000000000000e+01 -1.250000000000000000e-01 -4.387500000000000000e+01 3.312500000000000000e+00
3.690000057220458984e+00 -2.630000114440917969e+00 8.819999694824218750e+00 -4.025000000000000000e+01 2.306250000000000000e+01 -3.575000000000000000e+01 1.937500000000000000e+00 -4.262500000000000000e+01 5.875000000000000000e+00
4.000000000000000000e+00 -2.680000066757202148e+00 9.130000114440917969e+00 -4.025000000000000000e+01 2.306250000000000000e+01 -3.575000000000000000e+01 4.250000000000000000e+00 -4.118750000000000000e+01 4.937500000000000000e+00
4.789999961853027344e+00 -2.569999933242797852e+00 9.890000343322753906e+00 -4.025000000000000000e+01 2.306250000000000000e+01 -3.575000000000000000e+01 8.250000000000000000e+00 -3.743750000000000000e+01 2.625000000000000000e+00
6.039999961853027344e+00 -2.299999952316284180e+00 1.060000038146972656e+01 -4.025000000000000000e+01 2.306250000000000000e+01 -3.575000000000000000e+01 8.250000000000000000e+00 -3.743750000000000000e+01 2.625000000000000000e+00
5.260000228881835938e+00 -1.960000038146972656e+00 9.270000457763671875e+00 -4.206250000000000000e+01 2.337500000000000000e+01 -3.618750000000000000e+01 1.193750000000000000e+01 -2.650000000000000000e+01 -6.250000000000000000e-01
4.269999980926513672e+00 -2.509999990463256836e+00 8.670000076293945312e+00 -4.206250000000000000e+01 2.337500000000000000e+01 -3.618750000000000000e+01 1.312500000000000000e+00 -5.000000000000000000e+00 -1.000000000000000000e+00
