3.069999933242797852e+00 -4.880000114440917969e+00 7.969999790191650391e+00 -3.618750000000000000e+01 3.406250000000000000e+01 -3.150000000000000000e+01 2.500000000000000000e-01 1.250000000000000000e-01 6.250000000000000000e-02
3.039999961853027344e+00 -4.880000114440917969e+00 7.980000019073486328e+00 -3.618750000000000000e+01 3.406250000000000000e+01 -3.150000000000000000e+01 -6.250000000000000000e-02 6.250000000000000000e-02 6.250000000000000000e-02
3.069999933242797852e+00 -4.869999885559082031e+00 7.980000019073486328e+00 -3.618750000000000000e+01 3.406250000000000000e+01 -3.150000000000000000e+01 -1.875000000000000000e-01 1.875000000000000000e-01 1.250000000000000000e-01
3.089999914169311523e+00 -4.880000114440917969e+00 7.949999809265136719e+00 -3.618750000000000000e+01 3.337500000000000000e+01 -3.268750000000000000e+01 0.000000000000000000e+00 2.500000000000000000e-01 1.250000000000000000e-01
3.130000114440917969e+00 -4.889999866485595703e+00 7.920000076293945312e+00 -3.618750000000000000e+01 3.337500000000000000e+01 -3.268750000000000000e+01 0.000000000000000000e+00 1.250000000000000000e-01 4.375000000000000000e-01
3.019999980926513672e+00 -4.860000133514404297e+00 8.029999732971191406e+00 -3.618750000000000000e+01 3.337500000000000000e+01 -3.268750000000000000e+01 1.875000000000000000e-01 3.750000000000000000e-01 1.875000000000000000e-01
3.049999952316284180e+00 -4.860000133514404297e+00 7.980000019073486328e+00 -3.618750000000000000e+01 3.337500000000000000e+01 -3.268750000000000000e+01 7.500000000000000000e-01 6.250000000000000000e-01 -1.875000000000000000e-01
3.299999952316284180e+00 -5.349999904632568359e+00 7.849999904632568359e+00 -3.618750000000000000e+01 3.337500000000000000e+01 -3.268750000000000000e+01 7.500000000000000000e-01 6.250000000000000000e-01 -1.875000000000000000e-01
3.269999980926513672e+00 -5.429999828338623047e+00 7.909999847412109375e+00 -3.618750000000000000e+01 3.337500000000000000e+01 -3.150000000000000000e+01 2.625000000000000000e+00 1.875000000000000000e+00 -4.375000000000000000e-01
3.450000047683715820e+00 -5.219999790191650391e+00 7.889999866485595703e+00 -3.618750000000000000e+01 3.337500000000000000e+01 -3.150000000000000000e+01 4.000000000000000000e+00 5.437500000000000000e+00 -9.375000000000000000e-01
3.380000114440917969e+00 -5.300000190734863281e+00 7.900000095367431641e+00 -3.618750000000000000e+01 3.337500000000000000e+01 -3.150000000000000000e+01 2.187500000000000000e+00 6.875000000000000000e+00 -1.875000000000000000e-01
3.250000000000000000e+00 -5.230000019073486328e+00 7.590000152587890625e+00 -3.618750000000000000e+01 3.337500000000000000e+01 -3.150000000000000000e+01 -1.000000000000000000e+00 7.437500000000000000e+00 2.437500000000000000e+00
2.829999923706054688e+00 -4.730000019073486328e+00 7.800000190734863281e+00 -3.618750000000000000e+01 3.337500000000000000e+01 -3.150000000000000000e+01 -1.000000000000000000e+00 7.437500000000000000e+00 2.437500000000000000e+00
2.529999971389770508e+00 -5.019999980926513672e+00 7.699999809265136719e+00 -3.587500000000000000e+01 3.300000000000000000e+01 -3.150000000000000000e+01 -5.625000000000000000e+00 4.687500000000000000e+00 9.250000000000000000e+00
3.000000000000000000e+00 -6.150000095367431641e+00 6.849999904632568359e+00 -3.587500000000000000e+01 3.300000000000000000e+01 -3.150000000000000000e+01 -2.706250000000000000e+01 -1.437500000000000000e+01 2.893750000000000000e+01
3.700000047683715820e+00 -7.889999866485595703e+00 6.519999980926513672e+00 -3.587500000000000000e+01 3.300000000000000000e+01 -3.150000000000000000e+01 -3.518750000000000000e+01 -2.456250000000000000e+01 4.525000000000000000e+01
4.039999961853027344e+00 -9.149999618530273438e+00 5.940000057220458984e+00 -3.587500000000000000e+01 3.300000000000000000e+01 -3.150000000000000000e+01 -2.687500000000000000e+01 -2.975000000000000000e+01 6.025000000000000000e+01
3.400000095367431641e+00 -1.069999980926513672e+01 5.289999961853027344e+00 -3.587500000000000000e+01 3.300000000000000000e+01 -3.150000000000000000e+01 -2.687500000000000000e+01 -2.975000000000000000e+01 6.025000000000000000e+01
2.829999923706054688e+00 -9.670000076293945312e+00 3.140000104904174805e+00 -3.550000000000000000e+01 3.368750000000000000e+01 -2.975000000000000000e+01 0.000000000000000000e+00 -3.106250000000000000e+01 5.650000000000000000e+01
2.500000000000000000e+00 -7.630000114440917969e+00 3.220000028610229492e+00 -3.550000000000000000e+01 3.368750000000000000e+01 -2.975000000000000000e+01 5.606250000000000000e+01 -3.618750000000000000e+01 5.750000000000000000e+00
2.319999933242797852e+00 -8.520000457763671875e+00 1.750000000000000000e+00 -3.550000000000000000e+01 3.368750000000000000e+01 -2.975000000000000000e+01 5.837500000000000000e+01 -5.993750000000000000e+01 -8.625000000000000000e+00
2.200000047683715820e+00 -8.939999580383300781e+00 2.119999885559082031e+00 -3.550000000000000000e+01 3.368750000000000000e+01 -2.975000000000000000e+01 7.237500000000000000e+01 -8.881250000000000000e+01 -2.237500000000000000e+01
3.700000047683715820e+00 -8.699999809265136719e+00 4.889999866485595703e+00 -3.550000000000000000e+01 3.368750000000000000e+01 -2.975000000000000000e+01 7.237500000000000000e+01 -8.881250000000000000e+01 -2.237500000000000000e+01
4.539999961853027344e+00 -8.479999542236328125e+00 3.910000085830688477e+00 -3.506250000000000000e+01 3.475000000000000000e+01 -3.025000000000000000e+01 8.100000000000000000e+01 -1.250000000000000000e+02 -1.631250000000000000e+01
1.181999969482421875e+01 -8.550000190734863281e+00 1.090999984741210938e+01 -3.506250000000000000e+01 3.475000000000000000e+01 -3.025000000000000000e+01 1.481250000000000000e+01 -1.356875000000000000e+02 1.568125000000000000e+02
1.118999958038330078e+01 -8.710000038146972656e+00 9.159999847412109375e+00 -3.506250000000000000e+01 3.475000000000000000e+01 -3.025000000000000000e+01 9.856250000000000000e+01 -1.065000000000000000e+02 2.133125000000000000e+02
5.429999828338623047e+00 -2.019999980926513672e+00 8.250000000000000000e+00 -3.506250000000000000e+01 3.475000000000000000e+01 -3.025000000000000000e+01 1.372500000000000000e+02 -7.006250000000000000e+01 2.053125000000000000e+02
3.809999942779541016e+00 -3.400000035762786865e-01 7.289999961853027344e+00 -3.506250000000000000e+01 3.475000000000000000e+01 -3.025000000000000000e+01 1.372500000000000000e+02 -7.006250000000000000e+01 2.053125000000000000e+02
2.599999904632568359e+00 6.000000238418579102e-01 9.159999847412109375e+00 -3.875000000000000000e+01 3.300000000000000000e+01 -2.900000000000000000e+01 9.487500000000000000e+01 -7.425000000000000000e+01 1.960000000000000000e+02
5.369999885559082031e+00 1.659999966621398926e+00 1.003999996185302734e+01 -3.875000000000000000e+01 3.300000000000000000e+01 -2.900000000000000000e+01 3.837500000000000000e+01 -8.518750000000000000e+01 1.476250000000000000e+02
5.480000019073486328e+00 3.899999856948852539e-01 1.088000011444091797e+01 -3.875000000000000000e+01 3.300000000000000000e+01 -2.900000000000000000e+01 2.956250000000000000e+01 -6.600000000000000000e+01 1.192500000000000000e+02
3.640000104904174805e+00 5.999999865889549255e-02 1.171000003814697266e+01 -3.875000000000000000e+01 3.300000000000000000e+01 -2.900000000000000000e+01 2.000000000000000000e+01 -5.512500000000000000e+01 1.058750000000000000e+02
3.619999885559082031e+00 6.399999856948852539e-01 1.222999954223632812e+01 -3.875000000000000000e+01 3.300000000000000000e+01 -2.900000000000000000e+01 2.000000000000000000e+01 -5.512500000000000000e+01 1.058750000000000000e+02
4.030000209808349609e+00 -7.500000000000000000e-01 9.520000457763671875e+00 -3.506250000000000000e+01 3.818750000000000000e+01 -2.818750000000000000e+01 7.937500000000000000e+00 -4.650000000000000000e+01 9.225000000000000000e+01
3.630000114440917969e+00 -1.659999966621398926e+00 9.399999618530273438e+00 -3.506250000000000000e+01 3.818750000000000000e+01 -2.818750000000000000e+01 -1.743750000000000000e+01 -3.306250000000000000e+01 6.962500000000000000e+01
3.130000114440917969e+00 -2.500000000000000000e+00 9.340000152587890625e+00 -3.506250000000000000e+01 3.818750000000000000e+01 -2.818750000000000000e+01 -1.868750000000000000e+01 -2.912500000000000000e+01 6.256250000000000000e+01
3.079999923706054688e+00 -3.130000114440917969e+00 9.020000457763671875e+00 -3.506250000000000000e+01 3.818750000000000000e+01 -2.818750000000000000e+01 -1.118750000000000000e+01 -2.375000000000000000e+01 5.300000000000000000e+01
2.890000104904174805e+00 -3.930000066757202148e+00 8.449999809265136719e+00 -3.506250000000000000e+01 3.818750000000000000e+01 -2.818750000000000000e+01 -1.118750000000000000e+01 -2.375000000000000000e+01 5.300000000000000000e+01
3.069999933242797852e+00 -4.110000133514404297e+00 8.039999961853027344e+00 -3.250000000000000000e+01 4.175000000000000000e+01 -2.618750000000000000e+01 -1.937500000000000000e+00 -1.487500000000000000e+01 3.837500000000000000e+01
3.079999923706054688e+00 -4.070000171661376953e+00 8.329999923706054688e+00 -3.250000000000000000e+01 4.175000000000000000e+01 -2.618750000000000000e+01 2.500000000000000000e+00 -4.125000000000000000e+00 1.950000000000000000e+01
3.339999914169311523e+00 -4.340000152587890625e+00 8.409999847412109375e+00 -3.250000000000000000e+01 4.175000000000000000e+01 -2.618750000000000000e+01 1.875000000000000000e-01 -2.437500000000000000e+00 1.706250000000000000e+01
3.529999971389770508e+00 -4.260000228881835938e+00 8.489999771118164062e+00 -3.250000000000000000e+01 4.175000000000000000e+01 -2.618750000000000000e+01 -2.125000000000000000e+00 -6.875000000000000000e-01 1.418750000000000000e+01
3.509999990463256836e+00 -4.199999809265136719e+00 8.659999847412109375e+00 -3.250000000000000000e+01 4.175000000000000000e+01 -2.618750000000000000e+01 -2.125000000000000000e+00 -6.875000000000000000e-01 1.418750000000000000e+01
3.549999952316284180e+00 -4.090000152587890625e+00 9.090000152587890625e+00 -3.187500000000000000e+01 4.356250000000000000e+01 -2.575000000000000000e+01 -6.000000000000000000e+00 2.062500000000000000e+00 1.012500000000000000e+01
3.680000066757202148e+00 -3.750000000000000000e+00 9.390000343322753906e+00 -3.187500000000000000e+01 4.356250000000000000e+01 -2.575000000000000000e+01 -8.062500000000000000e+00 1.625000000000000000e+01 -7.375000000000000000e+00
3.539999961853027344e+00 -3.950000047683715820e+00 9.310000419616699219e+00 -3.187500000000000000e+01 4.356250000000000000e+01 -2.575000000000000000e+01 -9.375000000000000000e+00 2.118750000000000000e+01 -1.212500000000000000e+01
3.630000114440917969e+00 -4.159999847412109375e+00 9.239999771118164062e+00 -3.187500000000000000e+01 4.356250000000000000e+01 -2.575000000000000000e+01 -1.400000000000000000e+01 2.362500000000000000e+01 -1.331250000000000000e+01
3.829999923706054688e+00 -4.420000076293945312e+00 9.079999923706054688e+00 -3.187500000000000000e+01 4.356250000000000000e+01 -2.575000000000000000e+01 -1.400000000000000000e+01 2.362500000000000000e+01 -1.331250000000000000e+01
4.429999828338623047e+00 -5.030000209808349609e+00 9.539999961853027344e+00 -3.187500000000000000e+01 4.437500000000000000e+01 -2.537500000000000000e+01 -1.768750000000000000e+01 2.637500000000000000e+01 -1.181250000000000000e+01
4.829999923706054688e+00 -5.340000152587890625e+00 9.859999656677246094e+00 -3.187500000000000000e+01 4.437500000000000000e+01 -2.537500000000000000e+01 -7.812500000000000000e+00 4.306250000000000000e+01 -4.875000000000000000e+00
4.849999904632568359e+00 -5.349999904632568359e+00 9.989999771118164062e+00 -3.187500000000000000e+01 4.437500000000000000e+01 -2.537500000000000000e+01 6.187500000000000000e+00 5.737500000000000000e+01 -4.375000000000000000e+00
4.559999942779541016e+00 -3.910000085830688477e+00 9.899999618530273438e+00 -3.187500000000000000e+01 4.437500000000000000e+01 -2.537500000000000000e+01 1.081250000000000000e+01 6.956250000000000000e+01 -5.562500000000000000e+00
4.289999961853027344e+00 -3.329999923706054688e+00 9.670000076293945312e+00 -3.187500000000000000e+01 4.437500000000000000e+01 -2.537500000000000000e+01 1.081250000000000000e+01 6.956250000000000000e+01 -5.562500000000000000e+00
3.740000009536743164e+00 -3.009999990463256836e+00 9.510000228881835938e+00 -3.156250000000000000e+01 4.425000000000000000e+01 -2.656250000000000000e+01 5.875000000000000000e+00 7.981250000000000000e+01 -1.043750000000000000e+01
3.130000114440917969e+00 -2.569999933242797852e+00 9.439999580383300781e+00 -3.156250000000000000e+01 4.425000000000000000e+01 -2.656250000000000000e+01 -1.000000000000000000e+00 9.343750000000000000e+01 -2.725000000000000000e+01
2.329999923706054688e+00 -1.720000028610229492e+00 8.779999732971191406e+00 -3.156250000000000000e+01 4.425000000000000000e+01 -2.656250000000000000e+01 -1.687500000000000000e+00 9.818750000000000000e+01 -3.956250000000000000e+01
1.950000047683715820e+00 -1.360000014305114746e+00 8.880000114440917969e+00 -3.156250000000000000e+01 4.425000000000000000e+01 -2.656250000000000000e+01 -3.437500000000000000e+00 1.013125000000000000e+02 -5.468750000000000000e+01
1.730000019073486328e+00 -1.210000038146972656e+00 8.989999771118164062e+00 -3.156250000000000000e+01 4.425000000000000000e+01 -2.656250000000000000e+01 -3.437500000000000000e+00 1.013125000000000000e+02 -5.468750000000000000e+01
1.899999976158142090e+00 -1.039999961853027344e+00 8.859999656677246094e+00 -3.050000000000000000e+01 4.275000000000000000e+01 -2.700000000000000000e+01 -5.437500000000000000e+00 1.035625000000000000e+02 -7.181250000000000000e+01
1.649999976158142090e+00 -1.159999966621398926e+00 9.159999847412109375e+00 -3.050000000000000000e+01 4.275000000000000000e+01 -2.700000000000000000e+01 -1.518750000000000000e+01 1.048125000000000000e+02 -1.023750000000000000e+02
1.970000028610229492e+00 -1.289999961853027344e+00 9.109999656677246094e+00 -3.050000000000000000e+01 4.275000000000000000e+01 -2.700000000000000000e+01 -2.212500000000000000e+01 1.055625000000000000e+02 -1.147500000000000000e+02
2.539999961853027344e+00 -1.769999980926513672e+00 9.020000457763671875e+00 -3.050000000000000000e+01 4.275000000000000000e+01 -2.700000000000000000e+01 -2.912500000000000000e+01 1.083750000000000000e+02 -1.255625000000000000e+02
2.950000047683715820e+00 -3.279999971389770508e+00 8.840000152587890625e+00 -3.050000000000000000e+01 4.275000000000000000e+01 -2.700000000000000000e+01 -2.912500000000000000e+01 1.083750000000000000e+02 -1.255625000000000000e+02
3.190000057220458984e+00 -3.970000028610229492e+00 8.489999771118164062e+00 -2.968750000000000000e+01 4.168750000000000000e+01 -3.068750000000000000e+01 -3.400000000000000000e+01 1.102500000000000000e+02 -1.327500000000000000e+02
3.630000114440917969e+00 -4.380000114440917969e+00 8.029999732971191406e+00 -2.968750000000000000e+01 4.168750000000000000e+01 -3.068750000000000000e+01 -3.425000000000000000e+01 1.138750000000000000e+02 -1.402500000000000000e+02
3.339999914169311523e+00 -4.690000057220458984e+00 7.679999828338623047e+00 -2.968750000000000000e+01 4.168750000000000000e+01 -3.068750000000000000e+01 -3.387500000000000000e+01 1.129375000000000000e+02 -1.418125000000000000e+02
2.809999942779541016e+00 -5.750000000000000000e+00 7.150000095367431641e+00 -2.968750000000000000e+01 4.168750000000000000e+01 -3.068750000000000000e+01 -3.443750000000000000e+01 1.086875000000000000e+02 -1.416250000000000000e+02
3.450000047683715820e+00 -5.889999866485595703e+00 6.849999904632568359e+00 -2.968750000000000000e+01 4.168750000000000000e+01 -3.068750000000000000e+01 -3.443750000000000000e+01 1.086875000000000000e+02 -1.416250000000000000e+02
3.259999990463256836e+00 -5.900000095367431641e+00 6.530000209808349609e+00 -3.006250000000000000e+01 3.868750000000000000e+01 -3.150000000000000000e+01 -3.162500000000000000e+01 1.035000000000000000e+02 -1.377500000000000000e+02
2.839999914169311523e+00 -6.150000095367431641e+00 6.610000133514404297e+00 -3.006250000000000000e+01 3.868750000000000000e+01 -3.150000000000000000e+01 -2.343750000000000000e+01 9.506250000000000000e+01 -1.308125000000000000e+02
2.329999923706054688e+00 -6.159999847412109375e+00 5.949999809265136719e+00 -3.006250000000000000e+01 3.868750000000000000e+01 -3.150000000000000000e+01 -2.281250000000000000e+01 8.693750000000000000e+01 -1.275625000000000000e+02
2.029999971389770508e+00 -6.309999942779541016e+00 5.730000019073486328e+00 -3.006250000000000000e+01 3.868750000000000000e+01 -3.150000000000000000e+01 -2.031250000000000000e+01 7.662500000000000000e+01 -1.231875000000000000e+02
2.039999961853027344e+00 -6.130000114440917969e+00 5.269999980926513672e+00 -3.006250000000000000e+01 3.868750000000000000e+01 -3.150000000000000000e+01 -2.031250000000000000e+01 7.662500000000000000e+01 -1.231875000000000000e+02
1.120000004768371582e+00 -6.550000190734863281e+00 4.989999771118164062e+00 -3.156250000000000000e+01 3.537500000000000000e+01 -3.275000000000000000e+01 -1.900000000000000000e+01 6.506250000000000000e+01 -1.158750000000000000e+02
1.100000023841857910e+00 -6.559999942779541016e+00 4.750000000000000000e+00 -3.156250000000000000e+01 3.537500000000000000e+01 -3.275000000000000000e+01 -1.900000000000000000e+01 3.781250000000000000e+01 -1.055000000000000000e+02
9.800000190734863281e-01 -6.730000019073486328e+00 4.420000076293945312e+00 -3.156250000000000000e+01 3.537500000000000000e+01 -3.275000000000000000e+01 -1.631250000000000000e+01 2.443750000000000000e+01 -1.015000000000000000e+02
8.700000047683715820e-01 -6.869999885559082031e+00 4.239999771118164062e+00 -3.156250000000000000e+01 3.537500000000000000e+01 -3.275000000000000000e+01 -1.225000000000000000e+01 9.312500000000000000e+00 -9.706250000000000000e+01
1.320000052452087402e+00 -7.099999904632568359e+00 4.440000057220458984e+00 -3.156250000000000000e+01 3.537500000000000000e+01 -3.275000000000000000e+01 -1.225000000000000000e+01 9.312500000000000000e+00 -9.706250000000000000e+01
1.470000028610229492e+00 -7.409999847412109375e+00 4.750000000000000000e+00 -3.337500000000000000e+01 3.125000000000000000e+01 -3.487500000000000000e+01 -7.750000000000000000e+00 -5.625000000000000000e+00 -9.031250000000000000e+01
1.889999985694885254e+00 -7.730000019073486328e+00 5.150000095367431641e+00 -3.337500000000000000e+01 3.125000000000000000e+01 -3.487500000000000000e+01 2.375000000000000000e+00 -3.062500000000000000e+01 -7.200000000000000000e+01
2.380000114440917969e+00 -7.829999923706054688e+00 5.449999809265136719e+00 -3.337500000000000000e+01 3.125000000000000000e+01 -3.487500000000000000e+01 7.875000000000000000e+00 -3.956250000000000000e+01 -6.075000000000000000e+01
2.819999933242797852e+00 -7.699999809265136719e+00 5.840000152587890625e+00 -3.337500000000000000e+01 3.125000000000000000e+01 -3.487500000000000000e+01 1.256250000000000000e+01 -4.706250000000000000e+01 -4.975000000000000000e+01
2.630000114440917969e+00 -7.269999980926513672e+00 5.880000114440917969e+00 -3.337500000000000000e+01 3.125000000000000000e+01 -3.487500000000000000e+01 1.256250000000000000e+01 -4.706250000000000000e+01 -4.975000000000000000e+01
2.680000066757202148e+00 -6.769999980926513672e+00 6.360000133514404297e+00 -3.500000000000000000e+01 2.975000000000000000e+01 -3.518750000000000000e+01 1.681250000000000000e+01 -5.475000000000000000e+01 -4.050000000000000000e+01
4.179999828338623047e+00 -6.070000171661376953e+00 8.510000228881835938e+00 -3.500000000000000000e+01 2.975000000000000000e+01 -3.518750000000000000e+01 2.437500000000000000e+01 -6.187500000000000000e+01 -2.718750000000000000e+01
4.670000076293945312e+00 -5.730000019073486328e+00 9.210000038146972656e+00 -3.500000000000000000e+01 2.975000000000000000e+01 -3.518750000000000000e+01 2.862500000000000000e+01 -5.137500000000000000e+01 -2.887500000000000000e+01
4.699999809265136719e+00 -4.590000152587890625e+00 9.590000152587890625e+00 -3.500000000000000000e+01 2.975000000000000000e+01 -3.518750000000000000e+01 2.643750000000000000e+01 -3.881250000000000000e+01 -2.856250000000000000e+01
4.659999847412109375e+00 -4.369999885559082031e+00 9.909999847412109375e+00 -3.500000000000000000e+01 2.975000000000000000e+01 -3.518750000000000000e+01 2.643750000000000000e+01 -3.881250000000000000e+01 -2.856250000000000000e+01
3.920000076293945312e+00 -3.890000104904174805e+00 9.460000038146972656e+00 -3.725000000000000000e+01 2.756250000000000000e+01 -3.450000000000000000e+01 2.493750000000000000e+01 -3.525000000000000000e+01 -2.306250000000000000e+01
3.619999885559082031e+00 -3.759999990463256836e+00 9.189999580383300781e+00 -3.725000000000000000e+01 2.756250000000000000e+01 -3.450000000000000000e+01 1.562500000000000000e+01 -3.200000000000000000e+01 -2.206250000000000000e+01
3.559999942779541016e+00 -3.789999961853027344e+00 8.979999542236328125e+00 -3.725000000000000000e+01 2.756250000000000000e+01 -3.450000000000000000e+01 9.562500000000000000e+00 -3.231250000000000000e+01 -2.237500000000000000e+01
3.529999971389770508e+00 -4.150000095367431641e+00 9.239999771118164062e+00 -3.725000000000000000e+01 2.756250000000000000e+01 -3.450000000000000000e+01 2.187500000000000000e+00 -3.418750000000000000e+01 -1.937500000000000000e+01
5.329999923706054688e+00 -4.949999809265136719e+00 1.056999969482421875e+01 -3.725000000000000000e+01 2.756250000000000000e+01 -3.450000000000000000e+01 2.187500000000000000e+00 -3.418750000000000000e+01 -1.937500000000000000e+01
6.079999923706054688e+00 -5.150000095367431641e+00 9.840000152587890625e+00 -3.875000000000000000e+01 2.556250000000000000e+01 -3.356250000000000000e+01 -4.625000000000000000e+00 -2.950000000000000000e+01 -1.468750000000000000e+01
5.639999866485595703e+00 -5.369999885559082031e+00 8.829999923706054688e+00 -3.875000000000000000e+01 2.556250000000000000e+01 -3.356250000000000000e+01 1.437500000000000000e+00 -3.125000000000000000e+00 -2.500000000000000000e+00
3.500000000000000000e+00 -4.750000000000000000e+00 7.840000152587890625e+00 -3.875000000000000000e+01 2.556250000000000000e+01 -3.356250000000000000e+01 5.625000000000000000e+00 -1.875000000000000000e+00 -5.000000000000000000e-01
3.180000066757202148e+00 -4.059999942779541016e+00 7.889999866485595703e+00 -3.875000000000000000e+01 2.556250000000000000e+01 -3.356250000000000000e+01 5.375000000000000000e+00 -2.250000000000000000e+00 -2.187500000000000000e+00
2.910000085830688477e+00 -3.829999923706054688e+00 8.039999961853027344e+00 -3.875000000000000000e+01 2.556250000000000000e+01 -3.356250000000000000e+01 5.375000000000000000e+00 -2.250000000000000000e+00 -2.187500000000000000e+00
2.960000038146972656e+00 -3.920000076293945312e+00 8.090000152587890625e+00 -4.068750000000000000e+01 2.525000000000000000e+01 -3.325000000000000000e+01 1.937500000000000000e+00 -6.250000000000000000e+00 -3.562500000000000000e+00
3.619999885559082031e+00 -4.309999942779541016e+00 8.369999885559082031e+00 -4.068750000000000000e+01 2.525000000000000000e+01 -3.325000000000000000e+01 -8.125000000000000000e-01 -9.562500000000000000e+00 -3.875000000000000000e+00
