4.269999980926513672e+00 -2.240000009536743164e+00 8.489999771118164062e+00 -4.287500000000000000e+01 2.150000000000000000e+01 -3.437500000000000000e+01 0.000000000000000000e+00 0.000000000000000000e+00 0.000000000000000000e+00
4.260000228881835938e+00 -2.230000019073486328e+00 8.479999542236328125e+00 -4.368750000000000000e+01 2.106250000000000000e+01 -3.475000000000000000e+01 1.250000000000000000e-01 -6.250000000000000000e-02 -1.250000000000000000e-01
4.260000228881835938e+00 -2.240000009536743164e+00 8.510000228881835938e+00 -4.368750000000000000e+01 2.106250000000000000e+01 -3.475000000000000000e+01 1.875000000000000000e-01 -6.250000000000000000e-02 1.875000000000000000e-01
4.269999980926513672e+00 -2.220000028610229492e+00 8.449999809265136719e+00 -4.368750000000000000e+01 2.106250000000000000e+01 -3.475000000000000000e+01 -1.250000000000000000e-01 -6.250000000000000000e-02 0.000000000000000000e+00
4.250000000000000000e+00 -2.220000028610229492e+00 8.489999771118164062e+00 -4.368750000000000000e+01 2.106250000000000000e+01 -3.475000000000000000e+01 -6.250000000000000000e-02 6.250000000000000000e-02 -6.250000000000000000e-02
4.260000228881835938e+00 -2.230000019073486328e+00 8.479999542236328125e+00 -4.368750000000000000e+01 2.106250000000000000e+01 -3.475000000000000000e+01 0.000000000000000000e+00 -6.250000000000000000e-02 1.250000000000000000e-01
4.280000209808349609e+00 -2.250000000000000000e+00 8.520000457763671875e+00 -4.325000000000000000e+01 2.068750000000000000e+01 -3.350000000000000000e+01 -6.250000000000000000e-02 -1.250000000000000000e-01 0.000000000000000000e+00
4.260000228881835938e+00 -2.240000009536743164e+00 8.479999542236328125e+00 -4.325000000000000000e+01 2.068750000000000000e+01 -3.350000000000000000e+01 -1.250000000000000000e-01 0.000000000000000000e+00 6.250000000000000000e-02
4.260000228881835938e+00 -2.259999990463256836e+00 8.479999542236328125e+00 -4.325000000000000000e+01 2.068750000000000000e+01 -3.350000000000000000e+01 -1.250000000000000000e-01 -6.250000000000000000e-02 6.250000000000000000e-02
4.289999961853027344e+00 -2.269999980926513672e+00 8.500000000000000000e+00 -4.325000000000000000e+01 2.068750000000000000e+01 -3.350000000000000000e+01 0.000000000000000000e+00 -1.250000000000000000e-01 -1.250000000000000000e-01
4.309999942779541016e+00 -2.240000009536743164e+00 8.560000419616699219e+00 -4.325000000000000000e+01 2.068750000000000000e+01 -3.350000000000000000e+01 0.000000000000000000e+00 -6.250000000000000000e-02 6.250000000000000000e-02
4.369999885559082031e+00 -2.210000038146972656e+00 8.630000114440917969e+00 -4.325000000000000000e+01 2.106250000000000000e+01 -3.350000000000000000e+01 1.875000000000000000e-01 0.000000000000000000e+00 1.250000000000000000e-01
4.440000057220458984e+00 -2.119999885559082031e+00 8.619999885559082031e+00 -4.325000000000000000e+01 2.106250000000000000e+01 -3.350000000000000000e+01 3.750000000000000000e-01 -1.875000000000000000e-01 4.375000000000000000e-01
4.690000057220458984e+00 -2.440000057220458984e+00 8.529999732971191406e+00 -4.325000000000000000e+01 2.106250000000000000e+01 -3.350000000000000000e+01 5.625000000000000000e-01 -6.250000000000000000e-02 1.375000000000000000e+00
4.849999904632568359e+00 -2.819999933242797852e+00 8.680000305175781250e+00 -4.325000000000000000e+01 2.106250000000000000e+01 -3.350000000000000000e+01 8.125000000000000000e-01 1.750000000000000000e+00 2.000000000000000000e+00
5.159999847412109375e+00 -2.849999904632568359e+00 8.800000190734863281e+00 -4.325000000000000000e+01 2.106250000000000000e+01 -3.350000000000000000e+01 1.062500000000000000e+00 4.750000000000000000e+00 2.000000000000000000e+00
5.760000228881835938e+00 -2.319999933242797852e+00 9.239999771118164062e+00 -4.256250000000000000e+01 2.025000000000000000e+01 -3.437500000000000000e+01 1.875000000000000000e+00 8.375000000000000000e+00 2.312500000000000000e+00
6.000000000000000000e+00 -2.130000114440917969e+00 9.550000190734863281e+00 -4.256250000000000000e+01 2.025000000000000000e+01 -3.437500000000000000e+01 1.937500000000000000e+00 1.431250000000000000e+01 3.812500000000000000e+00
6.869999885559082031e+00 -2.220000028610229492e+00 1.002999973297119141e+01 -4.256250000000000000e+01 2.025000000000000000e+01 -3.437500000000000000e+01 -8.125000000000000000e-01 2.162500000000000000e+01 7.687500000000000000e+00
8.319999694824218750e+00 -3.250000000000000000e+00 1.067000007629394531e+01 -4.256250000000000000e+01 2.025000000000000000e+01 -3.437500000000000000e+01 -7.937500000000000000e+00 2.931250000000000000e+01 1.625000000000000000e+01
1.189999961853027344e+01 -3.589999914169311523e+00 1.153999996185302734e+01 -4.256250000000000000e+01 2.025000000000000000e+01 -3.437500000000000000e+01 -1.231250000000000000e+01 4.293750000000000000e+01 2.737500000000000000e+01
1.089999961853027344e+01 -2.579999923706054688e+00 1.161999988555908203e+01 -4.325000000000000000e+01 2.106250000000000000e+01 -3.400000000000000000e+01 -5.187500000000000000e+00 7.025000000000000000e+01 3.206250000000000000e+01
9.550000190734863281e+00 -2.299999952316284180e+00 1.131000041961669922e+01 -4.325000000000000000e+01 2.106250000000000000e+01 -3.400000000000000000e+01 -2.750000000000000000e+00 1.051250000000000000e+02 3.331250000000000000e+01
8.180000305175781250e+00 -2.640000104904174805e+00 1.048999977111816406e+01 -4.325000000000000000e+01 2.106250000000000000e+01 -3.400000000000000000e+01 -3.187500000000000000e+00 1.303750000000000000e+02 3.756250000000000000e+01
5.780000209808349609e+00 -2.750000000000000000e+00 9.270000457763671875e+00 -4.325000000000000000e+01 2.106250000000000000e+01 -3.400000000000000000e+01 -2.875000000000000000e+00 1.485000000000000000e+02 4.131250000000000000e+01
4.280000209808349609e+00 -2.529999971389770508e+00 8.989999771118164062e+00 -4.325000000000000000e+01 2.106250000000000000e+01 -3.400000000000000000e+01 3.125000000000000000e-01 1.599375000000000000e+02 4.256250000000000000e+01
2.920000076293945312e+00 -2.299999952316284180e+00 8.659999847412109375e+00 -3.987500000000000000e+01 2.300000000000000000e+01 -3.400000000000000000e+01 2.687500000000000000e+00 1.653125000000000000e+02 4.281250000000000000e+01
1.700000047683715820e+00 -1.440000057220458984e+00 8.170000076293945312e+00 -3.987500000000000000e+01 2.300000000000000000e+01 -3.400000000000000000e+01 3.000000000000000000e+00 1.633750000000000000e+02 4.231250000000000000e+01
1.679999947547912598e+00 -1.480000019073486328e+00 7.760000228881835938e+00 -3.987500000000000000e+01 2.300000000000000000e+01 -3.400000000000000000e+01 6.250000000000000000e-01 1.574375000000000000e+02 4.206250000000000000e+01
7.300000190734863281e-01 -1.600000023841857910e+00 7.750000000000000000e+00 -3.987500000000000000e+01 2.300000000000000000e+01 -3.400000000000000000e+01 -2.062500000000000000e+00 1.519375000000000000e+02 4.093750000000000000e+01
0.000000000000000000e+00 -1.250000000000000000e+00 7.840000152587890625e+00 -3.987500000000000000e+01 2.300000000000000000e+01 -3.400000000000000000e+01 -3.000000000000000000e+00 1.473750000000000000e+02 3.731250000000000000e+01
-1.080000042915344238e+00 -1.059999942779541016e+00 7.469999790191650391e+00 -3.400000000000000000e+01 2.300000000000000000e+01 -4.050000000000000000e+01 -5.250000000000000000e+00 1.389375000000000000e+02 3.225000000000000000e+01
-1.549999952316284180e+00 -9.900000095367431641e-01 7.519999980926513672e+00 -3.400000000000000000e+01 2.300000000000000000e+01 -4.050000000000000000e+01 -8.937500000000000000e+00 1.295000000000000000e+02 2.856250000000000000e+01
-1.299999952316284180e+00 -9.499999880790710449e-01 7.599999904632568359e+00 -3.400000000000000000e+01 2.300000000000000000e+01 -4.050000000000000000e+01 -1.375000000000000000e+01 1.169375000000000000e+02 2.493750000000000000e+01
-9.100000262260437012e-01 -1.460000038146972656e+00 7.840000152587890625e+00 -3.400000000000000000e+01 2.300000000000000000e+01 -4.050000000000000000e+01 -1.918750000000000000e+01 1.053125000000000000e+02 2.275000000000000000e+01
-1.049999952316284180e+00 -2.700000047683715820e+00 7.809999942779541016e+00 -3.400000000000000000e+01 2.300000000000000000e+01 -4.050000000000000000e+01 -2.350000000000000000e+01 9.662500000000000000e+01 2.068750000000000000e+01
-1.179999947547912598e+00 -2.960000038146972656e+00 7.980000019073486328e+00 -2.850000000000000000e+01 2.518750000000000000e+01 -4.337500000000000000e+01 -2.212500000000000000e+01 8.981250000000000000e+01 1.681250000000000000e+01
-1.200000047683715820e+00 -2.910000085830688477e+00 7.960000038146972656e+00 -2.850000000000000000e+01 2.518750000000000000e+01 -4.337500000000000000e+01 -1.762500000000000000e+01 8.150000000000000000e+01 1.075000000000000000e+01
-9.700000286102294922e-01 -2.950000047683715820e+00 8.229999542236328125e+00 -2.850000000000000000e+01 2.518750000000000000e+01 -4.337500000000000000e+01 -1.406250000000000000e+01 7.462500000000000000e+01 6.000000000000000000e+00
-9.200000166893005371e-01 -3.059999942779541016e+00 8.220000267028808594e+00 -2.850000000000000000e+01 2.518750000000000000e+01 -4.337500000000000000e+01 -1.281250000000000000e+01 6.768750000000000000e+01 3.750000000000000000e+00
-1.200000047683715820e+00 -3.299999952316284180e+00 8.119999885559082031e+00 -2.850000000000000000e+01 2.518750000000000000e+01 -4.337500000000000000e+01 -1.206250000000000000e+01 6.162500000000000000e+01 4.562500000000000000e+00
-1.440000057220458984e+00 -3.289999961853027344e+00 8.189999580383300781e+00 -2.437500000000000000e+01 2.625000000000000000e+01 -4.337500000000000000e+01 -9.312500000000000000e+00 5.537500000000000000e+01 5.250000000000000000e+00
-1.149999976158142090e+00 -3.190000057220458984e+00 8.289999961853027344e+00 -2.437500000000000000e+01 2.625000000000000000e+01 -4.337500000000000000e+01 -6.062500000000000000e+00 4.843750000000000000e+01 4.937500000000000000e+00
-1.230000019073486328e+00 -3.150000095367431641e+00 8.500000000000000000e+00 -2.437500000000000000e+01 2.625000000000000000e+01 -4.337500000000000000e+01 -4.812500000000000000e+00 4.181250000000000000e+01 4.812500000000000000e+00
-1.100000023841857910e+00 -3.000000000000000000e+00 8.539999961853027344e+00 -2.437500000000000000e+01 2.625000000000000000e+01 -4.337500000000000000e+01 -4.187500000000000000e+00 3.662500000000000000e+01 4.625000000000000000e+00
-1.000000000000000000e+00 -3.099999904632568359e+00 8.659999847412109375e+00 -2.437500000000000000e+01 2.625000000000000000e+01 -4.337500000000000000e+01 -4.187500000000000000e+00 3.162500000000000000e+01 5.500000000000000000e+00
-6.899999976158142090e-01 -3.019999980926513672e+00 8.840000152587890625e+00 -2.250000000000000000e+01 2.668750000000000000e+01 -4.456250000000000000e+01 -3.750000000000000000e+00 2.756250000000000000e+01 6.250000000000000000e+00
-8.199999928474426270e-01 -3.019999980926513672e+00 8.949999809265136719e+00 -2.250000000000000000e+01 2.668750000000000000e+01 -4.456250000000000000e+01 -2.312500000000000000e+00 2.506250000000000000e+01 6.687500000000000000e+00
-7.400000095367431641e-01 -2.940000057220458984e+00 8.989999771118164062e+00 -2.250000000000000000e+01 2.668750000000000000e+01 -4.456250000000000000e+01 -8.125000000000000000e-01 2.312500000000000000e+01 6.812500000000000000e+00
-7.500000000000000000e-01 -2.759999990463256836e+00 9.119999885559082031e+00 -2.250000000000000000e+01 2.668750000000000000e+01 -4.456250000000000000e+01 0.000000000000000000e+00 2.087500000000000000e+01 6.375000000000000000e+00
-7.900000214576721191e-01 -2.799999952316284180e+00 9.060000419616699219e+00 -2.250000000000000000e+01 2.668750000000000000e+01 -4.456250000000000000e+01 -6.250000000000000000e-01 1.887500000000000000e+01 6.312500000000000000e+00
-9.599999785423278809e-01 -2.759999990463256836e+00 8.979999542236328125e+00 -2.125000000000000000e+01 2.775000000000000000e+01 -4.575000000000000000e+01 -1.375000000000000000e+00 1.662500000000000000e+01 6.500000000000000000e+00
-1.159999966621398926e+00 -2.710000038146972656e+00 8.880000114440917969e+00 -2.125000000000000000e+01 2.775000000000000000e+01 -4.575000000000000000e+01 -1.312500000000000000e+00 1.425000000000000000e+01 7.062500000000000000e+00
-1.309999942779541016e+00 -2.650000095367431641e+00 8.739999771118164062e+00 -2.125000000000000000e+01 2.775000000000000000e+01 -4.575000000000000000e+01 -1.250000000000000000e+00 1.118750000000000000e+01 7.125000000000000000e+00
-1.460000038146972656e+00 -2.640000104904174805e+00 8.689999580383300781e+00 -2.125000000000000000e+01 2.775000000000000000e+01 -4.575000000000000000e+01 -1.500000000000000000e+00 7.750000000000000000e+00 7.125000000000000000e+00
-1.460000038146972656e+00 -2.599999904632568359e+00 8.640000343322753906e+00 -2.125000000000000000e+01 2.775000000000000000e+01 -4.575000000000000000e+01 -1.500000000000000000e+00 3.937500000000000000e+00 6.750000000000000000e+00
-1.539999961853027344e+00 -2.609999895095825195e+00 8.649999618530273438e+00 -1.968750000000000000e+01 2.775000000000000000e+01 -4.575000000000000000e+01 -1.500000000000000000e+00 -6.250000000000000000e-02 6.187500000000000000e+00
-1.480000019073486328e+00 -2.660000085830688477e+00 8.750000000000000000e+00 -1.968750000000000000e+01 2.775000000000000000e+01 -4.575000000000000000e+01 -1.000000000000000000e+00 -4.625000000000000000e+00 5.500000000000000000e+00
-9.900000095367431641e-01 -2.559999942779541016e+00 8.960000038146972656e+00 -1.968750000000000000e+01 2.775000000000000000e+01 -4.575000000000000000e+01 -5.625000000000000000e-01 -8.875000000000000000e+00 4.125000000000000000e+00
-6.899999976158142090e-01 -2.750000000000000000e+00 9.090000152587890625e+00 -1.968750000000000000e+01 2.775000000000000000e+01 -4.575000000000000000e+01 -9.375000000000000000e-01 -1.218750000000000000e+01 3.562500000000000000e+00
-4.199999868869781494e-01 -2.710000038146972656e+00 9.510000228881835938e+00 -1.968750000000000000e+01 2.775000000000000000e+01 -4.575000000000000000e+01 -1.250000000000000000e+00 -1.350000000000000000e+01 3.187500000000000000e+00
-9.999999776482582092e-03 -2.640000104904174805e+00 9.640000343322753906e+00 -1.900000000000000000e+01 2.818750000000000000e+01 -4.537500000000000000e+01 -4.375000000000000000e-01 -1.443750000000000000e+01 2.125000000000000000e+00
1.700000017881393433e-01 -2.670000076293945312e+00 9.750000000000000000e+00 -1.900000000000000000e+01 2.818750000000000000e+01 -4.537500000000000000e+01 -1.125000000000000000e+00 -1.456250000000000000e+01 1.250000000000000000e+00
1.299999952316284180e-01 -2.750000000000000000e+00 9.729999542236328125e+00 -1.900000000000000000e+01 2.818750000000000000e+01 -4.537500000000000000e+01 -1.937500000000000000e+00 -1.262500000000000000e+01 1.250000000000000000e+00
-1.700000017881393433e-01 -2.690000057220458984e+00 9.560000419616699219e+00 -1.900000000000000000e+01 2.818750000000000000e+01 -4.537500000000000000e+01 -2.187500000000000000e+00 -1.043750000000000000e+01 5.625000000000000000e-01
-4.099999964237213135e-01 -2.589999914169311523e+00 9.369999885559082031e+00 -1.900000000000000000e+01 2.818750000000000000e+01 -4.537500000000000000e+01 -1.500000000000000000e+00 -9.062500000000000000e+00 -1.125000000000000000e+00
-6.200000047683715820e-01 -2.559999942779541016e+00 9.199999809265136719e+00 -2.006250000000000000e+01 2.775000000000000000e+01 -4.537500000000000000e+01 -1.187500000000000000e+00 -8.687500000000000000e+00 -2.437500000000000000e+00
-8.000000119209289551e-01 -2.589999914169311523e+00 9.069999694824218750e+00 -2.006250000000000000e+01 2.775000000000000000e+01 -4.537500000000000000e+01 -1.250000000000000000e+00 -9.250000000000000000e+00 -3.375000000000000000e+00
-1.240000009536743164e+00 -2.700000047683715820e+00 8.590000152587890625e+00 -2.006250000000000000e+01 2.775000000000000000e+01 -4.537500000000000000e+01 -1.062500000000000000e+00 -1.068750000000000000e+01 -4.750000000000000000e+00
-1.679999947547912598e+00 -2.779999971389770508e+00 8.329999923706054688e+00 -2.006250000000000000e+01 2.775000000000000000e+01 -4.537500000000000000e+01 -1.875000000000000000e-01 -1.368750000000000000e+01 -6.125000000000000000e+00
-2.039999961853027344e+00 -2.779999971389770508e+00 8.130000114440917969e+00 -2.006250000000000000e+01 2.775000000000000000e+01 -4.537500000000000000e+01 1.875000000000000000e+00 -1.831250000000000000e+01 -8.687500000000000000e+00
-2.259999990463256836e+00 -2.829999923706054688e+00 7.710000038146972656e+00 -2.050000000000000000e+01 2.625000000000000000e+01 -4.500000000000000000e+01 4.687500000000000000e+00 -2.512500000000000000e+01 -1.200000000000000000e+01
-2.569999933242797852e+00 -2.910000085830688477e+00 7.699999809265136719e+00 -2.050000000000000000e+01 2.625000000000000000e+01 -4.500000000000000000e+01 8.437500000000000000e+00 -3.243750000000000000e+01 -1.637500000000000000e+01
-1.929999947547912598e+00 -2.529999971389770508e+00 8.239999771118164062e+00 -2.050000000000000000e+01 2.625000000000000000e+01 -4.500000000000000000e+01 1.287500000000000000e+01 -4.112500000000000000e+01 -2.231250000000000000e+01
-1.230000019073486328e+00 -2.200000047683715820e+00 8.270000457763671875e+00 -2.050000000000000000e+01 2.625000000000000000e+01 -4.500000000000000000e+01 1.212500000000000000e+01 -5.056250000000000000e+01 -2.625000000000000000e+01
-2.289999961853027344e+00 -2.569999933242797852e+00 8.000000000000000000e+00 -2.050000000000000000e+01 2.625000000000000000e+01 -4.500000000000000000e+01 7.500000000000000000e+00 -5.806250000000000000e+01 -2.506250000000000000e+01
-2.079999923706054688e+00 -2.470000028610229492e+00 7.639999866485595703e+00 -2.156250000000000000e+01 2.668750000000000000e+01 -4.537500000000000000e+01 3.875000000000000000e+00 -6.950000000000000000e+01 -2.256250000000000000e+01
-2.009999990463256836e+00 -2.549999952316284180e+00 7.050000190734863281e+00 -2.156250000000000000e+01 2.668750000000000000e+01 -4.537500000000000000e+01 1.500000000000000000e+00 -8.493750000000000000e+01 -2.100000000000000000e+01
-2.559999942779541016e+00 -2.619999885559082031e+00 6.530000209808349609e+00 -2.156250000000000000e+01 2.668750000000000000e+01 -4.537500000000000000e+01 -3.750000000000000000e-01 -9.775000000000000000e+01 -1.975000000000000000e+01
-8.799999952316284180e-01 -2.180000066757202148e+00 6.989999771118164062e+00 -2.156250000000000000e+01 2.668750000000000000e+01 -4.537500000000000000e+01 6.250000000000000000e-02 -1.106250000000000000e+02 -1.943750000000000000e+01
-1.000000014901161194e-01 -2.759999990463256836e+00 7.219999790191650391e+00 -2.156250000000000000e+01 2.668750000000000000e+01 -4.537500000000000000e+01 3.750000000000000000e-01 -1.197500000000000000e+02 -1.906250000000000000e+01
-9.000000357627868652e-02 -3.279999971389770508e+00 7.920000076293945312e+00 -2.456250000000000000e+01 2.550000000000000000e+01 -4.300000000000000000e+01 2.625000000000000000e+00 -1.227500000000000000e+02 -2.118750000000000000e+01
8.899999856948852539e-01 -2.029999971389770508e+00 8.779999732971191406e+00 -2.456250000000000000e+01 2.550000000000000000e+01 -4.300000000000000000e+01 9.875000000000000000e+00 -1.284375000000000000e+02 -2.981250000000000000e+01
2.539999961853027344e+00 -1.220000028610229492e+00 9.430000305175781250e+00 -2.456250000000000000e+01 2.550000000000000000e+01 -4.300000000000000000e+01 1.556250000000000000e+01 -1.341875000000000000e+02 -3.737500000000000000e+01
3.720000028610229492e+00 -1.470000028610229492e+00 9.409999847412109375e+00 -2.456250000000000000e+01 2.550000000000000000e+01 -4.300000000000000000e+01 1.031250000000000000e+01 -1.401875000000000000e+02 -3.843750000000000000e+01
2.859999895095825195e+00 -2.150000095367431641e+00 9.239999771118164062e+00 -2.456250000000000000e+01 2.550000000000000000e+01 -4.300000000000000000e+01 1.062500000000000000e+00 -1.390625000000000000e+02 -3.262500000000000000e+01
3.960000038146972656e+00 -2.369999885559082031e+00 9.270000457763671875e+00 -2.937500000000000000e+01 2.518750000000000000e+01 -4.125000000000000000e+01 -2.750000000000000000e+00 -1.375625000000000000e+02 -2.837500000000000000e+01
3.819999933242797852e+00 -2.960000038146972656e+00 9.380000114440917969e+00 -2.937500000000000000e+01 2.518750000000000000e+01 -4.125000000000000000e+01 -2.687500000000000000e+00 -1.361250000000000000e+02 -2.625000000000000000e+01
4.320000171661376953e+00 -2.660000085830688477e+00 9.050000190734863281e+00 -2.937500000000000000e+01 2.518750000000000000e+01 -4.125000000000000000e+01 -3.062500000000000000e+00 -1.317500000000000000e+02 -2.656250000000000000e+01
3.869999885559082031e+00 -2.769999980926513672e+00 9.350000381469726562e+00 -2.937500000000000000e+01 2.518750000000000000e+01 -4.125000000000000000e+01 -5.625000000000000000e-01 -1.250625000000000000e+02 -3.187500000000000000e+01
5.219999790191650391e+00 -2.680000066757202148e+00 9.109999656677246094e+00 -2.937500000000000000e+01 2.518750000000000000e+01 -4.125000000000000000e+01 2.000000000000000000e+00 -1.246250000000000000e+02 -3.193750000000000000e+01
5.460000038146972656e+00 -3.019999980926513672e+00 9.229999542236328125e+00 -3.525000000000000000e+01 2.368750000000000000e+01 -3.850000000000000000e+01 1.812500000000000000e+00 -1.217500000000000000e+02 -3.150000000000000000e+01
5.840000152587890625e+00 -3.220000028610229492e+00 9.449999809265136719e+00 -3.525000000000000000e+01 2.368750000000000000e+01 -3.850000000000000000e+01 1.062500000000000000e+00 -1.145625000000000000e+02 -3.131250000000000000e+01
7.269999980926513672e+00 -3.420000076293945312e+00 9.550000190734863281e+00 -3.525000000000000000e+01 2.368750000000000000e+01 -3.850000000000000000e+01 3.375000000000000000e+00 -1.086250000000000000e+02 -2.956250000000000000e+01
7.429999828338623047e+00 -3.559999942779541016e+00 9.789999961853027344e+00 -3.525000000000000000e+01 2.368750000000000000e+01 -3.850000000000000000e+01 7.750000000000000000e+00 -9.612500000000000000e+01 -2.756250000000000000e+01
7.610000133514404297e+00 -3.569999933242797852e+00 9.760000228881835938e+00 -3.525000000000000000e+01 2.368750000000000000e+01 -3.850000000000000000e+01 1.175000000000000000e+01 -8.162500000000000000e+01 -2.618750000000000000e+01
8.220000267028808594e+00 -3.500000000000000000e+00 1.101000022888183594e+01 -3.937500000000000000e+01 2.368750000000000000e+01 -3.525000000000000000e+01 1.650000000000000000e+01 -6.731250000000000000e+01 -2.412500000000000000e+01
1.303999996185302734e+01 -2.880000114440917969e+00 1.028999996185302734e+01 -3.937500000000000000e+01 2.368750000000000000e+01 -3.525000000000000000e+01 2.368750000000000000e+01 -5.018750000000000000e+01 -1.743750000000000000e+01
6.309999942779541016e+00 -2.529999971389770508e+00 8.329999923706054688e+00 -3.937500000000000000e+01 2.368750000000000000e+01 -3.525000000000000000e+01 1.643750000000000000e+01 -1.850000000000000000e+01 -7.125000000000000000e+00
2.750000000000000000e+00 -1.539999961853027344e+00 8.510000228881835938e+00 -3.937500000000000000e+01 2.368750000000000000e+01 -3.525000000000000000e+01 1.137500000000000000e+01 1.250000000000000000e+01 -2.312500000000000000e+00
