4.380000114440917969e+00 -3.980000019073486328e+00 7.869999885559082031e+00 -4.418750000000000000e+01 2.168750000000000000e+01 -3.225000000000000000e+01 1.250000000000000000e+00 7.500000000000000000e-01 -1.000000000000000000e+00
4.250000000000000000e+00 -3.680000066757202148e+00 8.060000419616699219e+00 -4.418750000000000000e+01 2.168750000000000000e+01 -3.225000000000000000e+01 1.812500000000000000e+00 8.750000000000000000e-01 -1.312500000000000000e+00
4.269999980926513672e+00 -3.769999980926513672e+00 7.960000038146972656e+00 -4.418750000000000000e+01 2.168750000000000000e+01 -3.225000000000000000e+01 1.437500000000000000e+00 6.250000000000000000e-01 -7.500000000000000000e-01
4.230000019073486328e+00 -3.730000019073486328e+00 8.010000228881835938e+00 -4.418750000000000000e+01 2.168750000000000000e+01 -3.225000000000000000e+01 9.375000000000000000e-01 5.625000000000000000e-01 -7.500000000000000000e-01
4.269999980926513672e+00 -3.670000076293945312e+00 8.000000000000000000e+00 -4.418750000000000000e+01 2.168750000000000000e+01 -3.225000000000000000e+01 6.875000000000000000e-01 1.250000000000000000e-01 -3.750000000000000000e-01
4.280000209808349609e+00 -3.789999961853027344e+00 7.980000019073486328e+00 -4.500000000000000000e+01 2.200000000000000000e+01 -3.150000000000000000e+01 6.250000000000000000e-02 0.000000000000000000e+00 6.250000000000000000e-02
4.269999980926513672e+00 -3.769999980926513672e+00 7.960000038146972656e+00 -4.500000000000000000e+01 2.200000000000000000e+01 -3.150000000000000000e+01 0.000000000000000000e+00 -6.250000000000000000e-02 6.250000000000000000e-02
4.280000209808349609e+00 -3.779999971389770508e+00 7.949999809265136719e+00 -4.500000000000000000e+01 2.200000000000000000e+01 -3.150000000000000000e+01 -2.500000000000000000e-01 -2.500000000000000000e-01 2.500000000000000000e-01
4.239999771118164062e+00 -3.750000000000000000e+00 8.000000000000000000e+00 -4.500000000000000000e+01 2.200000000000000000e+01 -3.150000000000000000e+01 -3.750000000000000000e-01 -2.500000000000000000e-01 3.125000000000000000e-01
4.210000038146972656e+00 -3.730000019073486328e+00 8.039999961853027344e+00 -4.500000000000000000e+01 2.200000000000000000e+01 -3.150000000000000000e+01 -3.750000000000000000e-01 -3.125000000000000000e-01 5.000000000000000000e-01
4.289999961853027344e+00 -3.890000104904174805e+00 7.949999809265136719e+00 -4.456250000000000000e+01 2.125000000000000000e+01 -3.187500000000000000e+01 4.375000000000000000e-01 -1.062500000000000000e+00 8.750000000000000000e-01
4.380000114440917969e+00 -3.960000038146972656e+00 7.820000171661376953e+00 -4.456250000000000000e+01 2.125000000000000000e+01 -3.187500000000000000e+01 1.125000000000000000e+00 -1.187500000000000000e+00 8.125000000000000000e-01
4.300000190734863281e+00 -3.589999914169311523e+00 8.050000190734863281e+00 -4.456250000000000000e+01 2.125000000000000000e+01 -3.187500000000000000e+01 2.125000000000000000e+00 -1.125000000000000000e+00 6.875000000000000000e-01
4.219999790191650391e+00 -3.700000047683715820e+00 8.090000152587890625e+00 -4.456250000000000000e+01 2.125000000000000000e+01 -3.187500000000000000e+01 2.687500000000000000e+00 -1.875000000000000000e+00 1.437500000000000000e+00
4.219999790191650391e+00 -3.680000066757202148e+00 8.229999542236328125e+00 -4.456250000000000000e+01 2.125000000000000000e+01 -3.187500000000000000e+01 3.937500000000000000e+00 -2.187500000000000000e+00 2.062500000000000000e+00
4.260000228881835938e+00 -4.000000000000000000e+00 8.319999694824218750e+00 -4.387500000000000000e+01 2.125000000000000000e+01 -2.987500000000000000e+01 5.875000000000000000e+00 -2.750000000000000000e+00 2.375000000000000000e+00
4.599999904632568359e+00 -3.930000066757202148e+00 7.750000000000000000e+00 -4.387500000000000000e+01 2.125000000000000000e+01 -2.987500000000000000e+01 8.125000000000000000e+00 -3.250000000000000000e+00 7.500000000000000000e-01
4.530000209808349609e+00 -4.219999790191650391e+00 8.199999809265136719e+00 -4.387500000000000000e+01 2.125000000000000000e+01 -2.987500000000000000e+01 5.875000000000000000e+00 -2.875000000000000000e+00 -6.875000000000000000e-01
4.780000209808349609e+00 -4.550000190734863281e+00 8.270000457763671875e+00 -4.387500000000000000e+01 2.125000000000000000e+01 -2.987500000000000000e+01 9.750000000000000000e+00 -2.500000000000000000e-01 -2.187500000000000000e+00
5.079999923706054688e+00 -4.510000228881835938e+00 8.260000228881835938e+00 -4.387500000000000000e+01 2.125000000000000000e+01 -2.987500000000000000e+01 1.525000000000000000e+01 2.812500000000000000e+00 -3.437500000000000000e+00
5.050000190734863281e+00 -4.639999866485595703e+00 8.300000190734863281e+00 -4.456250000000000000e+01 2.050000000000000000e+01 -3.106250000000000000e+01 1.862500000000000000e+01 6.875000000000000000e+00 -6.562500000000000000e+00
5.500000000000000000e+00 -5.090000152587890625e+00 8.149999618530273438e+00 -4.456250000000000000e+01 2.050000000000000000e+01 -3.106250000000000000e+01 2.206250000000000000e+01 1.137500000000000000e+01 -1.006250000000000000e+01
5.739999771118164062e+00 -5.269999980926513672e+00 8.159999847412109375e+00 -4.456250000000000000e+01 2.050000000000000000e+01 -3.106250000000000000e+01 2.718750000000000000e+01 1.787500000000000000e+01 -1.425000000000000000e+01
5.090000152587890625e+00 -4.489999771118164062e+00 8.579999923706054688e+00 -4.456250000000000000e+01 2.050000000000000000e+01 -3.106250000000000000e+01 3.618750000000000000e+01 2.750000000000000000e+01 -1.481250000000000000e+01
4.809999942779541016e+00 -3.920000076293945312e+00 8.649999618530273438e+00 -4.456250000000000000e+01 2.050000000000000000e+01 -3.106250000000000000e+01 4.518750000000000000e+01 3.531250000000000000e+01 -1.418750000000000000e+01
4.809999942779541016e+00 -3.809999942779541016e+00 8.560000419616699219e+00 -4.456250000000000000e+01 2.125000000000000000e+01 -3.150000000000000000e+01 4.925000000000000000e+01 3.887500000000000000e+01 -1.468750000000000000e+01
4.590000152587890625e+00 -4.079999923706054688e+00 8.510000228881835938e+00 -4.456250000000000000e+01 2.125000000000000000e+01 -3.150000000000000000e+01 5.243750000000000000e+01 4.212500000000000000e+01 -1.593750000000000000e+01
4.829999923706054688e+00 -4.420000076293945312e+00 8.430000305175781250e+00 -4.456250000000000000e+01 2.125000000000000000e+01 -3.150000000000000000e+01 5.750000000000000000e+01 4.362500000000000000e+01 -1.712500000000000000e+01
5.000000000000000000e+00 -4.460000038146972656e+00 8.390000343322753906e+00 -4.456250000000000000e+01 2.125000000000000000e+01 -3.150000000000000000e+01 6.362500000000000000e+01 4.687500000000000000e+01 -1.962500000000000000e+01
4.809999942779541016e+00 -4.320000171661376953e+00 8.920000076293945312e+00 -4.456250000000000000e+01 2.125000000000000000e+01 -3.150000000000000000e+01 6.981250000000000000e+01 5.262500000000000000e+01 -2.268750000000000000e+01
5.090000152587890625e+00 -4.079999923706054688e+00 8.810000419616699219e+00 -4.306250000000000000e+01 1.900000000000000000e+01 -3.350000000000000000e+01 7.756250000000000000e+01 5.687500000000000000e+01 -2.381250000000000000e+01
5.130000114440917969e+00 -4.429999828338623047e+00 8.789999961853027344e+00 -4.306250000000000000e+01 1.900000000000000000e+01 -3.350000000000000000e+01 8.687500000000000000e+01 6.306250000000000000e+01 -2.506250000000000000e+01
4.900000095367431641e+00 -3.940000057220458984e+00 8.710000038146972656e+00 -4.306250000000000000e+01 1.900000000000000000e+01 -3.350000000000000000e+01 9.550000000000000000e+01 7.025000000000000000e+01 -2.662500000000000000e+01
4.400000095367431641e+00 -3.259999990463256836e+00 8.840000152587890625e+00 -4.306250000000000000e+01 1.900000000000000000e+01 -3.350000000000000000e+01 1.042500000000000000e+02 7.762500000000000000e+01 -2.531250000000000000e+01
3.839999914169311523e+00 -2.539999961853027344e+00 8.359999656677246094e+00 -4.306250000000000000e+01 1.900000000000000000e+01 -3.350000000000000000e+01 1.115000000000000000e+02 8.187500000000000000e+01 -2.375000000000000000e+01
3.390000104904174805e+00 -2.009999990463256836e+00 8.130000114440917969e+00 -4.237500000000000000e+01 1.606250000000000000e+01 -3.600000000000000000e+01 1.151875000000000000e+02 8.500000000000000000e+01 -2.281250000000000000e+01
2.690000057220458984e+00 -1.350000023841857910e+00 8.409999847412109375e+00 -4.237500000000000000e+01 1.606250000000000000e+01 -3.600000000000000000e+01 1.125000000000000000e+02 8.600000000000000000e+01 -2.125000000000000000e+01
2.390000104904174805e+00 -9.499999880790710449e-01 8.520000457763671875e+00 -4.237500000000000000e+01 1.606250000000000000e+01 -3.600000000000000000e+01 1.076875000000000000e+02 8.206250000000000000e+01 -1.800000000000000000e+01
2.319999933242797852e+00 -6.899999976158142090e-01 8.659999847412109375e+00 -4.237500000000000000e+01 1.606250000000000000e+01 -3.600000000000000000e+01 1.015000000000000000e+02 7.675000000000000000e+01 -1.543750000000000000e+01
2.609999895095825195e+00 -1.049999952316284180e+00 8.449999809265136719e+00 -4.237500000000000000e+01 1.606250000000000000e+01 -3.600000000000000000e+01 9.562500000000000000e+01 7.218750000000000000e+01 -1.375000000000000000e+01
2.589999914169311523e+00 -1.019999980926513672e+00 9.270000457763671875e+00 -4.006250000000000000e+01 1.237500000000000000e+01 -4.050000000000000000e+01 8.993750000000000000e+01 6.887500000000000000e+01 -1.356250000000000000e+01
2.920000076293945312e+00 -1.409999966621398926e+00 9.090000152587890625e+00 -4.006250000000000000e+01 1.237500000000000000e+01 -4.050000000000000000e+01 8.931250000000000000e+01 6.750000000000000000e+01 -1.131250000000000000e+01
2.890000104904174805e+00 -9.800000190734863281e-01 9.449999809265136719e+00 -4.006250000000000000e+01 1.237500000000000000e+01 -4.050000000000000000e+01 8.887500000000000000e+01 6.900000000000000000e+01 -1.237500000000000000e+01
2.579999923706054688e+00 -5.600000023841857910e-01 8.460000038146972656e+00 -4.006250000000000000e+01 1.237500000000000000e+01 -4.050000000000000000e+01 8.812500000000000000e+01 7.081250000000000000e+01 -8.562500000000000000e+00
2.670000076293945312e+00 -8.199999928474426270e-01 9.010000228881835938e+00 -4.006250000000000000e+01 1.237500000000000000e+01 -4.050000000000000000e+01 8.300000000000000000e+01 7.212500000000000000e+01 -9.500000000000000000e+00
2.609999895095825195e+00 -7.200000286102294922e-01 9.109999656677246094e+00 -3.756250000000000000e+01 7.187500000000000000e+00 -4.218750000000000000e+01 7.806250000000000000e+01 7.212500000000000000e+01 -9.625000000000000000e+00
2.180000066757202148e+00 -3.100000023841857910e-01 9.039999961853027344e+00 -3.756250000000000000e+01 7.187500000000000000e+00 -4.218750000000000000e+01 7.887500000000000000e+01 7.543750000000000000e+01 -7.625000000000000000e+00
1.850000023841857910e+00 -1.599999964237213135e-01 9.029999732971191406e+00 -3.756250000000000000e+01 7.187500000000000000e+00 -4.218750000000000000e+01 7.750000000000000000e+01 7.606250000000000000e+01 -7.187500000000000000e+00
1.730000019073486328e+00 -7.999999821186065674e-02 8.979999542236328125e+00 -3.756250000000000000e+01 7.187500000000000000e+00 -4.218750000000000000e+01 7.575000000000000000e+01 7.512500000000000000e+01 -6.375000000000000000e+00
1.409999966621398926e+00 2.000000029802322388e-01 9.000000000000000000e+00 -3.756250000000000000e+01 7.187500000000000000e+00 -4.218750000000000000e+01 7.425000000000000000e+01 7.387500000000000000e+01 -6.375000000000000000e+00
1.440000057220458984e+00 2.199999988079071045e-01 9.100000381469726562e+00 -3.568750000000000000e+01 5.000000000000000000e+00 -4.456250000000000000e+01 7.343750000000000000e+01 7.193750000000000000e+01 -5.937500000000000000e+00
1.240000009536743164e+00 3.700000047683715820e-01 9.050000190734863281e+00 -3.568750000000000000e+01 5.000000000000000000e+00 -4.456250000000000000e+01 7.037500000000000000e+01 7.081250000000000000e+01 -5.937500000000000000e+00
8.399999737739562988e-01 8.000000119209289551e-01 8.989999771118164062e+00 -3.568750000000000000e+01 5.000000000000000000e+00 -4.456250000000000000e+01 6.812500000000000000e+01 6.937500000000000000e+01 -4.500000000000000000e+00
6.600000262260437012e-01 9.300000071525573730e-01 8.979999542236328125e+00 -3.568750000000000000e+01 5.000000000000000000e+00 -4.456250000000000000e+01 6.487500000000000000e+01 6.687500000000000000e+01 -3.562500000000000000e+00
5.199999809265136719e-01 1.120000004768371582e+00 8.970000267028808594e+00 -3.568750000000000000e+01 5.000000000000000000e+00 -4.456250000000000000e+01 6.106250000000000000e+01 6.343750000000000000e+01 -2.625000000000000000e+00
3.199999928474426270e-01 1.240000009536743164e+00 9.000000000000000000e+00 -3.225000000000000000e+01 5.000000000000000000e-01 -4.700000000000000000e+01 5.681250000000000000e+01 5.968750000000000000e+01 -2.187500000000000000e+00
1.299999952316284180e-01 1.269999980926513672e+00 9.090000152587890625e+00 -3.225000000000000000e+01 5.000000000000000000e-01 -4.700000000000000000e+01 5.212500000000000000e+01 5.487500000000000000e+01 -2.062500000000000000e+00
3.600000143051147461e-01 1.220000028610229492e+00 9.109999656677246094e+00 -3.225000000000000000e+01 5.000000000000000000e-01 -4.700000000000000000e+01 4.762500000000000000e+01 4.937500000000000000e+01 -2.000000000000000000e+00
4.399999976158142090e-01 1.210000038146972656e+00 9.289999961853027344e+00 -3.225000000000000000e+01 5.000000000000000000e-01 -4.700000000000000000e+01 4.387500000000000000e+01 4.531250000000000000e+01 -2.312500000000000000e+00
4.699999988079071045e-01 1.230000019073486328e+00 9.329999923706054688e+00 -3.225000000000000000e+01 5.000000000000000000e-01 -4.700000000000000000e+01 4.081250000000000000e+01 4.275000000000000000e+01 -1.562500000000000000e+00
4.000000059604644775e-01 1.389999985694885254e+00 9.390000343322753906e+00 -3.037500000000000000e+01 -2.062500000000000000e+00 -4.868750000000000000e+01 3.843750000000000000e+01 4.131250000000000000e+01 -1.875000000000000000e-01
1.299999952316284180e-01 1.409999966621398926e+00 9.340000152587890625e+00 -3.037500000000000000e+01 -2.062500000000000000e+00 -4.868750000000000000e+01 3.568750000000000000e+01 4.025000000000000000e+01 4.375000000000000000e-01
0.000000000000000000e+00 1.470000028610229492e+00 9.130000114440917969e+00 -3.037500000000000000e+01 -2.062500000000000000e+00 -4.868750000000000000e+01 3.312500000000000000e+01 3.743750000000000000e+01 1.562500000000000000e+00
-1.500000059604644775e-01 1.649999976158142090e+00 9.260000228881835938e+00 -3.037500000000000000e+01 -2.062500000000000000e+00 -4.868750000000000000e+01 2.981250000000000000e+01 3.400000000000000000e+01 1.750000000000000000e+00
-3.999999910593032837e-02 1.759999990463256836e+00 9.199999809265136719e+00 -3.037500000000000000e+01 -2.062500000000000000e+00 -4.868750000000000000e+01 2.575000000000000000e+01 3.006250000000000000e+01 2.062500000000000000e+00
-1.700000017881393433e-01 1.879999995231628418e+00 9.260000228881835938e+00 -2.818750000000000000e+01 -3.562500000000000000e+00 -4.987500000000000000e+01 2.162500000000000000e+01 2.700000000000000000e+01 2.375000000000000000e+00
-3.400000035762786865e-01 1.889999985694885254e+00 9.250000000000000000e+00 -2.818750000000000000e+01 -3.562500000000000000e+00 -4.987500000000000000e+01 1.731250000000000000e+01 2.318750000000000000e+01 3.625000000000000000e+00
-5.699999928474426270e-01 1.940000057220458984e+00 9.100000381469726562e+00 -2.818750000000000000e+01 -3.562500000000000000e+00 -4.987500000000000000e+01 1.331250000000000000e+01 1.868750000000000000e+01 4.937500000000000000e+00
-6.299999952316284180e-01 1.879999995231628418e+00 9.109999656677246094e+00 -2.818750000000000000e+01 -3.562500000000000000e+00 -4.987500000000000000e+01 9.062500000000000000e+00 1.293750000000000000e+01 4.687500000000000000e+00
-5.899999737739562988e-01 2.000000000000000000e+00 9.119999885559082031e+00 -2.818750000000000000e+01 -3.562500000000000000e+00 -4.987500000000000000e+01 4.937500000000000000e+00 7.062500000000000000e+00 3.000000000000000000e+00
-5.199999809265136719e-01 2.039999961853027344e+00 9.220000267028808594e+00 -2.668750000000000000e+01 -4.000000000000000000e+00 -5.068750000000000000e+01 1.875000000000000000e-01 1.312500000000000000e+00 1.750000000000000000e+00
-3.100000023841857910e-01 2.019999980926513672e+00 9.210000038146972656e+00 -2.668750000000000000e+01 -4.000000000000000000e+00 -5.068750000000000000e+01 -4.687500000000000000e+00 -3.375000000000000000e+00 1.812500000000000000e+00
-2.899999916553497314e-01 1.860000014305114746e+00 9.140000343322753906e+00 -2.668750000000000000e+01 -4.000000000000000000e+00 -5.068750000000000000e+01 -9.812500000000000000e+00 -7.562500000000000000e+00 2.187500000000000000e+00
-3.000000119209289551e-01 1.779999971389770508e+00 9.180000305175781250e+00 -2.668750000000000000e+01 -4.000000000000000000e+00 -5.068750000000000000e+01 -1.412500000000000000e+01 -1.106250000000000000e+01 2.500000000000000000e+00
-2.599999904632568359e-01 1.809999942779541016e+00 9.159999847412109375e+00 -2.668750000000000000e+01 -4.000000000000000000e+00 -5.068750000000000000e+01 -1.837500000000000000e+01 -1.493750000000000000e+01 2.750000000000000000e+00
-1.599999964237213135e-01 1.730000019073486328e+00 9.159999847412109375e+00 -2.706250000000000000e+01 -5.500000000000000000e+00 -4.950000000000000000e+01 -2.243750000000000000e+01 -1.900000000000000000e+01 3.062500000000000000e+00
-5.000000074505805969e-02 1.620000004768371582e+00 9.270000457763671875e+00 -2.706250000000000000e+01 -5.500000000000000000e+00 -4.950000000000000000e+01 -2.681250000000000000e+01 -2.262500000000000000e+01 3.125000000000000000e+00
9.999999776482582092e-03 1.600000023841857910e+00 9.319999694824218750e+00 -2.706250000000000000e+01 -5.500000000000000000e+00 -4.950000000000000000e+01 -3.068750000000000000e+01 -2.550000000000000000e+01 3.875000000000000000e+00
2.700000107288360596e-01 1.200000047683715820e+00 9.319999694824218750e+00 -2.706250000000000000e+01 -5.500000000000000000e+00 -4.950000000000000000e+01 -3.362500000000000000e+01 -2.837500000000000000e+01 4.125000000000000000e+00
4.300000071525573730e-01 9.900000095367431641e-01 9.409999847412109375e+00 -2.706250000000000000e+01 -5.500000000000000000e+00 -4.950000000000000000e+01 -3.625000000000000000e+01 -3.093750000000000000e+01 3.937500000000000000e+00
5.699999928474426270e-01 1.039999961853027344e+00 9.520000457763671875e+00 -2.750000000000000000e+01 -4.000000000000000000e+00 -4.868750000000000000e+01 -3.806250000000000000e+01 -3.262500000000000000e+01 4.250000000000000000e+00
5.899999737739562988e-01 1.200000047683715820e+00 9.449999809265136719e+00 -2.750000000000000000e+01 -4.000000000000000000e+00 -4.868750000000000000e+01 -4.006250000000000000e+01 -3.287500000000000000e+01 5.250000000000000000e+00
3.000000119209289551e-01 1.429999947547912598e+00 9.210000038146972656e+00 -2.750000000000000000e+01 -4.000000000000000000e+00 -4.868750000000000000e+01 -4.350000000000000000e+01 -3.356250000000000000e+01 6.125000000000000000e+00
1.500000059604644775e-01 1.559999942779541016e+00 8.960000038146972656e+00 -2.750000000000000000e+01 -4.000000000000000000e+00 -4.868750000000000000e+01 -4.912500000000000000e+01 -3.593750000000000000e+01 7.500000000000000000e+00
3.999999910593032837e-02 1.649999976158142090e+00 8.699999809265136719e+00 -2.750000000000000000e+01 -4.000000000000000000e+00 -4.868750000000000000e+01 -5.706250000000000000e+01 -3.900000000000000000e+01 9.187500000000000000e+00
-4.900000095367431641e-01 2.099999904632568359e+00 8.310000419616699219e+00 -2.850000000000000000e+01 -2.187500000000000000e+00 -4.906250000000000000e+01 -6.637500000000000000e+01 -4.375000000000000000e+01 1.131250000000000000e+01
-7.300000190734863281e-01 2.220000028610229492e+00 8.210000038146972656e+00 -2.850000000000000000e+01 -2.187500000000000000e+00 -4.906250000000000000e+01 -7.725000000000000000e+01 -4.993750000000000000e+01 1.356250000000000000e+01
-9.800000190734863281e-01 2.170000076293945312e+00 8.310000419616699219e+00 -2.850000000000000000e+01 -2.187500000000000000e+00 -4.906250000000000000e+01 -8.975000000000000000e+01 -5.906250000000000000e+01 1.518750000000000000e+01
-9.900000095367431641e-01 1.820000052452087402e+00 8.359999656677246094e+00 -2.850000000000000000e+01 -2.187500000000000000e+00 -4.906250000000000000e+01 -1.030625000000000000e+02 -7.275000000000000000e+01 1.512500000000000000e+01
3.100000023841857910e-01 -3.999999910593032837e-02 8.340000152587890625e+00 -2.850000000000000000e+01 -2.187500000000000000e+00 -4.906250000000000000e+01 -1.112500000000000000e+02 -8.931250000000000000e+01 1.168750000000000000e+01
1.539999961853027344e+00 -1.129999995231628418e+00 8.600000381469726562e+00 -3.118750000000000000e+01 7.500000000000000000e-01 -4.906250000000000000e+01 -1.175625000000000000e+02 -1.033125000000000000e+02 5.187500000000000000e+00
2.390000104904174805e+00 -1.799999952316284180e+00 9.300000190734863281e+00 -3.118750000000000000e+01 7.500000000000000000e-01 -4.906250000000000000e+01 -1.223750000000000000e+02 -1.090000000000000000e+02 1.312500000000000000e+00
3.269999980926513672e+00 -1.899999976158142090e+00 9.500000000000000000e+00 -3.118750000000000000e+01 7.500000000000000000e-01 -4.906250000000000000e+01 -1.205625000000000000e+02 -1.072500000000000000e+02 1.937500000000000000e+00
3.930000066757202148e+00 -2.099999904632568359e+00 9.779999732971191406e+00 -3.118750000000000000e+01 7.500000000000000000e-01 -4.906250000000000000e+01 -1.135000000000000000e+02 -9.687500000000000000e+01 4.750000000000000000e+00
3.660000085830688477e+00 -2.000000000000000000e+00 9.560000419616699219e+00 -3.118750000000000000e+01 7.500000000000000000e-01 -4.906250000000000000e+01 -1.037500000000000000e+02 -8.343750000000000000e+01 9.187500000000000000e+00
2.890000104904174805e+00 -1.539999961853027344e+00 9.319999694824218750e+00 -3.337500000000000000e+01 4.875000000000000000e+00 -4.575000000000000000e+01 -9.512500000000000000e+01 -7.200000000000000000e+01 1.468750000000000000e+01
1.600000023841857910e+00 -5.400000214576721191e-01 8.569999694824218750e+00 -3.337500000000000000e+01 4.875000000000000000e+00 -4.575000000000000000e+01 -9.387500000000000000e+01 -6.837500000000000000e+01 1.831250000000000000e+01
1.419999957084655762e+00 -5.600000023841857910e-01 8.220000267028808594e+00 -3.337500000000000000e+01 4.875000000000000000e+00 -4.575000000000000000e+01 -9.900000000000000000e+01 -7.218750000000000000e+01 1.931250000000000000e+01
1.509999990463256836e+00 -7.699999809265136719e-01 8.220000267028808594e+00 -3.337500000000000000e+01 4.875000000000000000e+00 -4.575000000000000000e+01 -1.057500000000000000e+02 -7.937500000000000000e+01 1.881250000000000000e+01
1.889999985694885254e+00 -1.220000028610229492e+00 8.260000228881835938e+00 -3.337500000000000000e+01 4.875000000000000000e+00 -4.575000000000000000e+01 -1.134375000000000000e+02 -8.787500000000000000e+01 1.800000000000000000e+01
