3.799999952316284180e+00 -2.910000085830688477e+00 8.720000267028808594e+00 -3.900000000000000000e+01 2.706250000000000000e+01 -3.468750000000000000e+01 -8.750000000000000000e-01 1.875000000000000000e-01 3.750000000000000000e-01
4.139999866485595703e+00 -2.869999885559082031e+00 8.810000419616699219e+00 -3.900000000000000000e+01 2.706250000000000000e+01 -3.468750000000000000e+01 -2.500000000000000000e+00 1.062500000000000000e+00 1.125000000000000000e+00
4.230000019073486328e+00 -3.569999933242797852e+00 8.680000305175781250e+00 -3.900000000000000000e+01 2.706250000000000000e+01 -3.468750000000000000e+01 -4.562500000000000000e+00 4.250000000000000000e+00 1.437500000000000000e+00
4.579999923706054688e+00 -3.789999961853027344e+00 8.760000228881835938e+00 -3.900000000000000000e+01 2.706250000000000000e+01 -3.468750000000000000e+01 -5.625000000000000000e+00 7.625000000000000000e+00 8.125000000000000000e-01
4.880000114440917969e+00 -3.440000057220458984e+00 9.000000000000000000e+00 -3.900000000000000000e+01 2.706250000000000000e+01 -3.468750000000000000e+01 -5.625000000000000000e+00 7.625000000000000000e+00 8.125000000000000000e-01
4.949999809265136719e+00 -3.339999914169311523e+00 9.479999542236328125e+00 -3.868750000000000000e+01 2.675000000000000000e+01 -3.418750000000000000e+01 -4.937500000000000000e+00 1.256250000000000000e+01 1.250000000000000000e+00
5.289999961853027344e+00 -3.650000095367431641e+00 9.659999847412109375e+00 -3.868750000000000000e+01 2.675000000000000000e+01 -3.418750000000000000e+01 -9.437500000000000000e+00 2.500000000000000000e+01 7.125000000000000000e+00
5.780000209808349609e+00 -3.940000057220458984e+00 1.010999965667724609e+01 -3.868750000000000000e+01 2.675000000000000000e+01 -3.418750000000000000e+01 -1.237500000000000000e+01 3.212500000000000000e+01 1.300000000000000000e+01
6.639999866485595703e+00 -4.039999961853027344e+00 1.060000038146972656e+01 -3.868750000000000000e+01 2.675000000000000000e+01 -3.418750000000000000e+01 -1.643750000000000000e+01 4.231250000000000000e+01 2.200000000000000000e+01
9.130000114440917969e+00 -4.360000133514404297e+00 1.189000034332275391e+01 -3.868750000000000000e+01 2.675000000000000000e+01 -3.418750000000000000e+01 -1.643750000000000000e+01 4.231250000000000000e+01 2.200000000000000000e+01
8.579999923706054688e+00 -3.970000028610229492e+00 1.181000041961669922e+01 -3.787500000000000000e+01 2.750000000000000000e+01 -3.506250000000000000e+01 -1.493750000000000000e+01 5.875000000000000000e+01 3.131250000000000000e+01
7.489999771118164062e+00 -3.509999990463256836e+00 1.130000019073486328e+01 -3.787500000000000000e+01 2.750000000000000000e+01 -3.506250000000000000e+01 -2.437500000000000000e+00 1.045625000000000000e+02 3.937500000000000000e+01
6.809999942779541016e+00 -3.319999933242797852e+00 1.068999958038330078e+01 -3.787500000000000000e+01 2.750000000000000000e+01 -3.506250000000000000e+01 -5.437500000000000000e+00 1.206875000000000000e+02 4.400000000000000000e+01
5.420000076293945312e+00 -4.000000000000000000e+00 9.869999885559082031e+00 -3.787500000000000000e+01 2.750000000000000000e+01 -3.506250000000000000e+01 -4.312500000000000000e+00 1.332500000000000000e+02 4.818750000000000000e+01
4.190000057220458984e+00 -3.859999895095825195e+00 9.159999847412109375e+00 -3.787500000000000000e+01 2.750000000000000000e+01 -3.506250000000000000e+01 -4.312500000000000000e+00 1.332500000000000000e+02 4.818750000000000000e+01
2.880000114440917969e+00 -3.349999904632568359e+00 8.470000267028808594e+00 -3.600000000000000000e+01 2.925000000000000000e+01 -3.468750000000000000e+01 1.375000000000000000e+00 1.411250000000000000e+02 4.950000000000000000e+01
2.009999990463256836e+00 -3.029999971389770508e+00 8.199999809265136719e+00 -3.600000000000000000e+01 2.925000000000000000e+01 -3.468750000000000000e+01 4.062500000000000000e+00 1.408750000000000000e+02 4.993750000000000000e+01
1.690000057220458984e+00 -3.140000104904174805e+00 7.960000038146972656e+00 -3.600000000000000000e+01 2.925000000000000000e+01 -3.468750000000000000e+01 5.187500000000000000e+00 1.381875000000000000e+02 4.962500000000000000e+01
1.110000014305114746e+00 -2.720000028610229492e+00 7.960000038146972656e+00 -3.600000000000000000e+01 2.925000000000000000e+01 -3.468750000000000000e+01 8.875000000000000000e+00 1.351250000000000000e+02 4.568750000000000000e+01
3.700000047683715820e-01 -2.250000000000000000e+00 7.969999790191650391e+00 -3.600000000000000000e+01 2.925000000000000000e+01 -3.468750000000000000e+01 8.875000000000000000e+00 1.351250000000000000e+02 4.568750000000000000e+01
8.999999761581420898e-01 -1.940000057220458984e+00 8.619999885559082031e+00 -3.075000000000000000e+01 3.006250000000000000e+01 -3.868750000000000000e+01 8.312500000000000000e+00 1.301250000000000000e+02 4.062500000000000000e+01
8.100000023841857910e-01 -2.269999980926513672e+00 8.399999618530273438e+00 -3.075000000000000000e+01 3.006250000000000000e+01 -3.868750000000000000e+01 1.250000000000000000e-01 1.235000000000000000e+02 3.518750000000000000e+01
7.999999821186065674e-02 -2.190000057220458984e+00 8.090000152587890625e+00 -3.075000000000000000e+01 3.006250000000000000e+01 -3.868750000000000000e+01 1.875000000000000000e+00 1.205625000000000000e+02 3.043750000000000000e+01
-9.200000166893005371e-01 -1.830000042915344238e+00 7.869999885559082031e+00 -3.075000000000000000e+01 3.006250000000000000e+01 -3.868750000000000000e+01 1.937500000000000000e+00 1.140625000000000000e+02 2.362500000000000000e+01
-1.289999961853027344e+00 -1.570000052452087402e+00 7.929999828338623047e+00 -3.075000000000000000e+01 3.006250000000000000e+01 -3.868750000000000000e+01 1.937500000000000000e+00 1.140625000000000000e+02 2.362500000000000000e+01
-1.090000033378601074e+00 -1.779999971389770508e+00 8.270000457763671875e+00 -2.487500000000000000e+01 3.075000000000000000e+01 -4.156250000000000000e+01 -1.500000000000000000e+00 1.066250000000000000e+02 1.843750000000000000e+01
-6.899999976158142090e-01 -2.210000038146972656e+00 8.399999618530273438e+00 -2.487500000000000000e+01 3.075000000000000000e+01 -4.156250000000000000e+01 -1.312500000000000000e+01 9.362500000000000000e+01 1.275000000000000000e+01
-1.250000000000000000e+00 -3.029999971389770508e+00 8.020000457763671875e+00 -2.487500000000000000e+01 3.075000000000000000e+01 -4.156250000000000000e+01 -1.325000000000000000e+01 8.937500000000000000e+01 1.043750000000000000e+01
-1.340000033378601074e+00 -2.950000047683715820e+00 8.079999923706054688e+00 -2.487500000000000000e+01 3.075000000000000000e+01 -4.156250000000000000e+01 -1.062500000000000000e+01 8.375000000000000000e+01 6.312500000000000000e+00
-1.509999990463256836e+00 -2.920000076293945312e+00 7.949999809265136719e+00 -2.487500000000000000e+01 3.075000000000000000e+01 -4.156250000000000000e+01 -1.062500000000000000e+01 8.375000000000000000e+01 6.312500000000000000e+00
-1.769999980926513672e+00 -3.039999961853027344e+00 7.849999904632568359e+00 -2.050000000000000000e+01 3.268750000000000000e+01 -4.325000000000000000e+01 -9.187500000000000000e+00 7.868750000000000000e+01 2.875000000000000000e+00
-2.420000076293945312e+00 -2.970000028610229492e+00 7.639999866485595703e+00 -2.050000000000000000e+01 3.268750000000000000e+01 -4.325000000000000000e+01 -5.312500000000000000e+00 6.543750000000000000e+01 -3.187500000000000000e+00
-2.400000095367431641e+00 -2.950000047683715820e+00 7.719999790191650391e+00 -2.050000000000000000e+01 3.268750000000000000e+01 -4.325000000000000000e+01 -6.437500000000000000e+00 5.675000000000000000e+01 -5.437500000000000000e+00
-2.130000114440917969e+00 -3.059999942779541016e+00 7.949999809265136719e+00 -2.050000000000000000e+01 3.268750000000000000e+01 -4.325000000000000000e+01 -9.187500000000000000e+00 4.925000000000000000e+01 -5.812500000000000000e+00
-1.909999966621398926e+00 -3.319999933242797852e+00 7.969999790191650391e+00 -2.050000000000000000e+01 3.268750000000000000e+01 -4.325000000000000000e+01 -9.187500000000000000e+00 4.925000000000000000e+01 -5.812500000000000000e+00
-2.000000000000000000e+00 -3.829999923706054688e+00 8.020000457763671875e+00 -1.675000000000000000e+01 3.225000000000000000e+01 -4.487500000000000000e+01 -1.068750000000000000e+01 4.312500000000000000e+01 -5.187500000000000000e+00
-2.069999933242797852e+00 -3.769999980926513672e+00 8.010000228881835938e+00 -1.675000000000000000e+01 3.225000000000000000e+01 -4.487500000000000000e+01 -7.312500000000000000e+00 3.187500000000000000e+01 -5.375000000000000000e+00
-2.019999980926513672e+00 -3.789999961853027344e+00 7.989999771118164062e+00 -1.675000000000000000e+01 3.225000000000000000e+01 -4.487500000000000000e+01 -6.812500000000000000e+00 2.612500000000000000e+01 -4.187500000000000000e+00
-1.669999957084655762e+00 -4.030000209808349609e+00 8.430000305175781250e+00 -1.675000000000000000e+01 3.225000000000000000e+01 -4.487500000000000000e+01 -7.250000000000000000e+00 2.062500000000000000e+01 -2.312500000000000000e+00
-1.480000019073486328e+00 -4.090000152587890625e+00 8.390000343322753906e+00 -1.675000000000000000e+01 3.225000000000000000e+01 -4.487500000000000000e+01 -7.250000000000000000e+00 2.062500000000000000e+01 -2.312500000000000000e+00
-1.509999990463256836e+00 -4.150000095367431641e+00 8.359999656677246094e+00 -1.525000000000000000e+01 3.225000000000000000e+01 -4.237500000000000000e+01 -7.687500000000000000e+00 1.643750000000000000e+01 8.750000000000000000e-01
-1.690000057220458984e+00 -4.050000190734863281e+00 8.390000343322753906e+00 -1.525000000000000000e+01 3.225000000000000000e+01 -4.237500000000000000e+01 -4.937500000000000000e+00 9.812500000000000000e+00 5.437500000000000000e+00
-1.549999952316284180e+00 -3.730000019073486328e+00 8.609999656677246094e+00 -1.525000000000000000e+01 3.225000000000000000e+01 -4.237500000000000000e+01 -4.125000000000000000e+00 6.625000000000000000e+00 7.000000000000000000e+00
-1.330000042915344238e+00 -3.720000028610229492e+00 8.720000267028808594e+00 -1.525000000000000000e+01 3.225000000000000000e+01 -4.237500000000000000e+01 -4.062500000000000000e+00 4.500000000000000000e+00 8.062500000000000000e+00
-1.340000033378601074e+00 -3.769999980926513672e+00 8.779999732971191406e+00 -1.525000000000000000e+01 3.225000000000000000e+01 -4.237500000000000000e+01 -4.062500000000000000e+00 4.500000000000000000e+00 8.062500000000000000e+00
-1.429999947547912598e+00 -3.539999961853027344e+00 8.930000305175781250e+00 -1.475000000000000000e+01 3.225000000000000000e+01 -4.406250000000000000e+01 -2.187500000000000000e+00 3.750000000000000000e+00 8.000000000000000000e+00
-1.250000000000000000e+00 -3.289999961853027344e+00 9.010000228881835938e+00 -1.475000000000000000e+01 3.225000000000000000e+01 -4.406250000000000000e+01 -2.125000000000000000e+00 2.187500000000000000e+00 6.687500000000000000e+00
-1.259999990463256836e+00 -3.329999923706054688e+00 8.989999771118164062e+00 -1.475000000000000000e+01 3.225000000000000000e+01 -4.406250000000000000e+01 -2.312500000000000000e+00 2.312500000000000000e+00 6.062500000000000000e+00
-1.379999995231628418e+00 -3.380000114440917969e+00 9.069999694824218750e+00 -1.475000000000000000e+01 3.225000000000000000e+01 -4.406250000000000000e+01 -1.312500000000000000e+00 2.062500000000000000e+00 4.687500000000000000e+00
-1.590000033378601074e+00 -3.220000028610229492e+00 8.840000152587890625e+00 -1.475000000000000000e+01 3.225000000000000000e+01 -4.406250000000000000e+01 -1.312500000000000000e+00 2.062500000000000000e+00 4.687500000000000000e+00
-1.779999971389770508e+00 -3.099999904632568359e+00 8.800000190734863281e+00 -1.518750000000000000e+01 3.306250000000000000e+01 -4.368750000000000000e+01 1.250000000000000000e-01 2.125000000000000000e+00 2.437500000000000000e+00
-1.610000014305114746e+00 -3.079999923706054688e+00 8.920000076293945312e+00 -1.518750000000000000e+01 3.306250000000000000e+01 -4.368750000000000000e+01 -4.375000000000000000e-01 -8.125000000000000000e-01 -1.312500000000000000e+00
-1.259999990463256836e+00 -3.299999952316284180e+00 9.029999732971191406e+00 -1.518750000000000000e+01 3.306250000000000000e+01 -4.368750000000000000e+01 -1.312500000000000000e+00 -1.562500000000000000e+00 -2.000000000000000000e+00
-1.419999957084655762e+00 -3.430000066757202148e+00 8.920000076293945312e+00 -1.518750000000000000e+01 3.306250000000000000e+01 -4.368750000000000000e+01 -1.250000000000000000e-01 -1.375000000000000000e+00 -3.000000000000000000e+00
-1.460000038146972656e+00 -3.349999904632568359e+00 8.909999847412109375e+00 -1.518750000000000000e+01 3.306250000000000000e+01 -4.368750000000000000e+01 -1.250000000000000000e-01 -1.375000000000000000e+00 -3.000000000000000000e+00
-1.340000033378601074e+00 -3.390000104904174805e+00 8.970000267028808594e+00 -1.425000000000000000e+01 3.225000000000000000e+01 -4.368750000000000000e+01 6.875000000000000000e-01 -1.812500000000000000e+00 -4.375000000000000000e+00
-1.320000052452087402e+00 -3.500000000000000000e+00 8.960000038146972656e+00 -1.425000000000000000e+01 3.225000000000000000e+01 -4.368750000000000000e+01 5.000000000000000000e-01 -3.062500000000000000e+00 -5.437500000000000000e+00
-1.120000004768371582e+00 -3.599999904632568359e+00 9.050000190734863281e+00 -1.425000000000000000e+01 3.225000000000000000e+01 -4.368750000000000000e+01 5.625000000000000000e-01 -3.500000000000000000e+00 -5.437500000000000000e+00
-1.159999966621398926e+00 -3.700000047683715820e+00 9.050000190734863281e+00 -1.425000000000000000e+01 3.225000000000000000e+01 -4.368750000000000000e+01 5.000000000000000000e-01 -3.687500000000000000e+00 -4.937500000000000000e+00
-1.220000028610229492e+00 -3.700000047683715820e+00 9.000000000000000000e+00 -1.425000000000000000e+01 3.225000000000000000e+01 -4.368750000000000000e+01 5.000000000000000000e-01 -3.687500000000000000e+00 -4.937500000000000000e+00
-1.570000052452087402e+00 -3.559999942779541016e+00 8.630000114440917969e+00 -1.468750000000000000e+01 3.268750000000000000e+01 -4.318750000000000000e+01 6.875000000000000000e-01 -4.125000000000000000e+00 -4.500000000000000000e+00
-1.679999947547912598e+00 -3.539999961853027344e+00 8.539999961853027344e+00 -1.468750000000000000e+01 3.268750000000000000e+01 -4.318750000000000000e+01 1.562500000000000000e+00 -7.687500000000000000e+00 -4.062500000000000000e+00
-1.730000019073486328e+00 -3.549999952316284180e+00 8.430000305175781250e+00 -1.468750000000000000e+01 3.268750000000000000e+01 -4.318750000000000000e+01 2.250000000000000000e+00 -1.012500000000000000e+01 -4.437500000000000000e+00
-1.860000014305114746e+00 -3.500000000000000000e+00 8.239999771118164062e+00 -1.468750000000000000e+01 3.268750000000000000e+01 -4.318750000000000000e+01 3.875000000000000000e+00 -1.300000000000000000e+01 -5.687500000000000000e+00
-2.480000019073486328e+00 -3.309999942779541016e+00 7.559999942779541016e+00 -1.468750000000000000e+01 3.268750000000000000e+01 -4.318750000000000000e+01 3.875000000000000000e+00 -1.300000000000000000e+01 -5.687500000000000000e+00
-2.789999961853027344e+00 -3.099999904632568359e+00 7.860000133514404297e+00 -1.425000000000000000e+01 3.306250000000000000e+01 -4.406250000000000000e+01 6.562500000000000000e+00 -1.700000000000000000e+01 -8.187500000000000000e+00
-2.529999971389770508e+00 -3.089999914169311523e+00 7.710000038146972656e+00 -1.425000000000000000e+01 3.306250000000000000e+01 -4.406250000000000000e+01 1.087500000000000000e+01 -2.950000000000000000e+01 -1.350000000000000000e+01
-2.339999914169311523e+00 -3.180000066757202148e+00 7.579999923706054688e+00 -1.425000000000000000e+01 3.306250000000000000e+01 -4.406250000000000000e+01 1.143750000000000000e+01 -3.600000000000000000e+01 -1.637500000000000000e+01
-2.579999923706054688e+00 -3.029999971389770508e+00 7.699999809265136719e+00 -1.425000000000000000e+01 3.306250000000000000e+01 -4.406250000000000000e+01 1.093750000000000000e+01 -4.381250000000000000e+01 -1.825000000000000000e+01
-2.779999971389770508e+00 -2.920000076293945312e+00 7.039999961853027344e+00 -1.425000000000000000e+01 3.306250000000000000e+01 -4.406250000000000000e+01 1.093750000000000000e+01 -4.381250000000000000e+01 -1.825000000000000000e+01
-3.369999885559082031e+00 -2.950000047683715820e+00 6.820000171661376953e+00 -1.575000000000000000e+01 3.187500000000000000e+01 -4.406250000000000000e+01 9.250000000000000000e+00 -5.356250000000000000e+01 -1.837500000000000000e+01
-5.699999928474426270e-01 -3.400000095367431641e+00 8.189999580383300781e+00 -1.575000000000000000e+01 3.187500000000000000e+01 -4.406250000000000000e+01 5.062500000000000000e+00 -7.681250000000000000e+01 -1.993750000000000000e+01
-7.300000190734863281e-01 -4.050000190734863281e+00 7.829999923706054688e+00 -1.575000000000000000e+01 3.187500000000000000e+01 -4.406250000000000000e+01 6.000000000000000000e+00 -7.837500000000000000e+01 -2.018750000000000000e+01
-1.620000004768371582e+00 -3.670000076293945312e+00 7.519999980926513672e+00 -1.575000000000000000e+01 3.187500000000000000e+01 -4.406250000000000000e+01 1.550000000000000000e+01 -8.118750000000000000e+01 -2.350000000000000000e+01
-1.769999980926513672e+00 -2.730000019073486328e+00 7.360000133514404297e+00 -1.575000000000000000e+01 3.187500000000000000e+01 -4.406250000000000000e+01 1.550000000000000000e+01 -8.118750000000000000e+01 -2.350000000000000000e+01
-1.240000009536743164e+00 -2.589999914169311523e+00 6.880000114440917969e+00 -1.806250000000000000e+01 3.156250000000000000e+01 -4.325000000000000000e+01 1.881250000000000000e+01 -9.018750000000000000e+01 -2.650000000000000000e+01
-1.700000047683715820e+00 -2.859999895095825195e+00 6.519999980926513672e+00 -1.806250000000000000e+01 3.156250000000000000e+01 -4.325000000000000000e+01 1.900000000000000000e+01 -1.082500000000000000e+02 -3.143750000000000000e+01
-1.450000047683715820e+00 -2.690000057220458984e+00 7.449999809265136719e+00 -1.806250000000000000e+01 3.156250000000000000e+01 -4.325000000000000000e+01 2.281250000000000000e+01 -1.165625000000000000e+02 -3.618750000000000000e+01
1.409999966621398926e+00 -2.779999971389770508e+00 8.479999542236328125e+00 -1.806250000000000000e+01 3.156250000000000000e+01 -4.325000000000000000e+01 3.137500000000000000e+01 -1.156875000000000000e+02 -3.768750000000000000e+01
1.340000033378601074e+00 -4.400000095367431641e+00 9.300000190734863281e+00 -1.806250000000000000e+01 3.156250000000000000e+01 -4.325000000000000000e+01 3.137500000000000000e+01 -1.156875000000000000e+02 -3.768750000000000000e+01
1.099999994039535522e-01 -3.049999952316284180e+00 9.159999847412109375e+00 -2.137500000000000000e+01 3.075000000000000000e+01 -4.156250000000000000e+01 4.512500000000000000e+01 -1.067500000000000000e+02 -4.625000000000000000e+01
2.099999934434890747e-01 -1.490000009536743164e+00 8.720000267028808594e+00 -2.137500000000000000e+01 3.075000000000000000e+01 -4.156250000000000000e+01 5.243750000000000000e+01 -1.136250000000000000e+02 -5.968750000000000000e+01
1.679999947547912598e+00 -1.990000009536743164e+00 8.869999885559082031e+00 -2.137500000000000000e+01 3.075000000000000000e+01 -4.156250000000000000e+01 3.775000000000000000e+01 -1.230000000000000000e+02 -5.600000000000000000e+01
1.700000047683715820e+00 -2.299999952316284180e+00 8.899999618530273438e+00 -2.137500000000000000e+01 3.075000000000000000e+01 -4.156250000000000000e+01 2.587500000000000000e+01 -1.295000000000000000e+02 -5.156250000000000000e+01
1.279999971389770508e+00 -2.140000104904174805e+00 8.729999542236328125e+00 -2.137500000000000000e+01 3.075000000000000000e+01 -4.156250000000000000e+01 2.587500000000000000e+01 -1.295000000000000000e+02 -5.156250000000000000e+01
1.919999957084655762e+00 -1.809999942779541016e+00 8.840000152587890625e+00 -2.700000000000000000e+01 2.787500000000000000e+01 -4.075000000000000000e+01 1.681250000000000000e+01 -1.373750000000000000e+02 -4.606250000000000000e+01
4.050000190734863281e+00 -2.720000028610229492e+00 9.630000114440917969e+00 -2.700000000000000000e+01 2.787500000000000000e+01 -4.075000000000000000e+01 6.625000000000000000e+00 -1.448125000000000000e+02 -3.443750000000000000e+01
3.920000076293945312e+00 -2.509999990463256836e+00 9.689999580383300781e+00 -2.700000000000000000e+01 2.787500000000000000e+01 -4.075000000000000000e+01 3.312500000000000000e+00 -1.406875000000000000e+02 -3.406250000000000000e+01
3.529999971389770508e+00 -2.140000104904174805e+00 9.359999656677246094e+00 -2.700000000000000000e+01 2.787500000000000000e+01 -4.075000000000000000e+01 2.500000000000000000e-01 -1.395625000000000000e+02 -3.025000000000000000e+01
4.260000228881835938e+00 -1.960000038146972656e+00 9.529999732971191406e+00 -2.700000000000000000e+01 2.787500000000000000e+01 -4.075000000000000000e+01 2.500000000000000000e-01 -1.395625000000000000e+02 -3.025000000000000000e+01
6.110000133514404297e+00 -1.769999980926513672e+00 2.020999908447265625e+01 -3.325000000000000000e+01 2.600000000000000000e+01 -4.000000000000000000e+01 -8.500000000000000000e+00 -1.371875000000000000e+02 -2.687500000000000000e+01
1.439999961853027344e+01 -4.399999976158142090e-01 2.068000030517578125e+01 -3.325000000000000000e+01 2.600000000000000000e+01 -4.000000000000000000e+01 -8.181250000000000000e+01 -8.212500000000000000e+01 -6.875000000000000000e-01
2.086000061035156250e+01 -5.300000190734863281e+00 6.000000000000000000e+00 -3.325000000000000000e+01 2.600000000000000000e+01 -4.000000000000000000e+01 -3.525000000000000000e+01 -1.056250000000000000e+01 1.900000000000000000e+01
2.660000085830688477e+00 -5.949999809265136719e+00 9.500000000000000000e+00 -3.325000000000000000e+01 2.600000000000000000e+01 -4.000000000000000000e+01 -9.250000000000000000e+00 9.687500000000000000e+00 7.562500000000000000e+00
1.889999985694885254e+00 -5.769999980926513672e+00 8.739999771118164062e+00 -3.325000000000000000e+01 2.600000000000000000e+01 -4.000000000000000000e+01 -9.250000000000000000e+00 9.687500000000000000e+00 7.562500000000000000e+00
2.000000000000000000e+00 -3.470000028610229492e+00 7.809999942779541016e+00 -3.837500000000000000e+01 2.600000000000000000e+01 -3.475000000000000000e+01 9.375000000000000000e+00 5.562500000000000000e+00 5.312500000000000000e+00
2.329999923706054688e+00 -1.809999942779541016e+00 7.679999828338623047e+00 -3.837500000000000000e+01 2.600000000000000000e+01 -3.475000000000000000e+01 1.706250000000000000e+01 -3.500000000000000000e+00 -5.062500000000000000e+00
2.930000066757202148e+00 -1.620000004768371582e+00 9.270000457763671875e+00 -3.837500000000000000e+01 2.600000000000000000e+01 -3.475000000000000000e+01 4.812500000000000000e+00 -6.687500000000000000e+00 -3.250000000000000000e+00
3.190000057220458984e+00 -1.809999942779541016e+00 9.189999580383300781e+00 -3.837500000000000000e+01 2.600000000000000000e+01 -3.475000000000000000e+01 9.375000000000000000e-01 -7.937500000000000000e+00 -2.062500000000000000e+00
3.130000114440917969e+00 -2.369999885559082031e+00 8.579999923706054688e+00 -3.837500000000000000e+01 2.600000000000000000e+01 -3.475000000000000000e+01 9.375000000000000000e-01 -7.937500000000000000e+00 -2.062500000000000000e+00
