3.440000057220458984e+00 -3.700000047683715820e+00 8.409999847412109375e+00 -3.675000000000000000e+01 3.050000000000000000e+01 -3.487500000000000000e+01 -3.750000000000000000e-01 -1.875000000000000000e-01 1.875000000000000000e-01
3.400000095367431641e+00 -3.730000019073486328e+00 8.390000343322753906e+00 -3.675000000000000000e+01 3.050000000000000000e+01 -3.487500000000000000e+01 -2.500000000000000000e-01 0.000000000000000000e+00 3.125000000000000000e-01
3.430000066757202148e+00 -3.750000000000000000e+00 8.350000381469726562e+00 -3.675000000000000000e+01 3.050000000000000000e+01 -3.487500000000000000e+01 -3.125000000000000000e-01 -6.250000000000000000e-02 1.250000000000000000e-01
3.450000047683715820e+00 -3.740000009536743164e+00 8.380000114440917969e+00 -3.675000000000000000e+01 3.050000000000000000e+01 -3.487500000000000000e+01 -3.125000000000000000e-01 0.000000000000000000e+00 0.000000000000000000e+00
3.420000076293945312e+00 -3.690000057220458984e+00 8.420000076293945312e+00 -3.718750000000000000e+01 3.050000000000000000e+01 -3.450000000000000000e+01 -6.250000000000000000e-02 -1.875000000000000000e-01 1.250000000000000000e-01
3.420000076293945312e+00 -3.720000028610229492e+00 8.390000343322753906e+00 -3.718750000000000000e+01 3.050000000000000000e+01 -3.450000000000000000e+01 -1.875000000000000000e-01 0.000000000000000000e+00 6.250000000000000000e-02
3.450000047683715820e+00 -3.740000009536743164e+00 8.399999618530273438e+00 -3.718750000000000000e+01 3.050000000000000000e+01 -3.450000000000000000e+01 -3.125000000000000000e-01 -2.500000000000000000e-01 6.250000000000000000e-02
3.440000057220458984e+00 -3.720000028610229492e+00 8.390000343322753906e+00 -3.718750000000000000e+01 3.050000000000000000e+01 -3.450000000000000000e+01 -3.750000000000000000e-01 -1.250000000000000000e-01 6.250000000000000000e-02
3.390000104904174805e+00 -3.730000019073486328e+00 8.409999847412109375e+00 -3.718750000000000000e+01 3.050000000000000000e+01 -3.450000000000000000e+01 -3.125000000000000000e-01 -2.500000000000000000e-01 1.250000000000000000e-01
3.420000076293945312e+00 -3.710000038146972656e+00 8.439999580383300781e+00 -3.718750000000000000e+01 2.968750000000000000e+01 -3.406250000000000000e+01 -5.625000000000000000e-01 -6.250000000000000000e-02 3.125000000000000000e-01
3.450000047683715820e+00 -3.700000047683715820e+00 8.409999847412109375e+00 -3.718750000000000000e+01 2.968750000000000000e+01 -3.406250000000000000e+01 -6.250000000000000000e-01 -1.875000000000000000e-01 2.500000000000000000e-01
3.460000038146972656e+00 -3.730000019073486328e+00 8.380000114440917969e+00 -3.718750000000000000e+01 2.968750000000000000e+01 -3.406250000000000000e+01 -9.375000000000000000e-01 -1.250000000000000000e-01 3.750000000000000000e-01
3.440000057220458984e+00 -3.670000076293945312e+00 8.399999618530273438e+00 -3.718750000000000000e+01 2.968750000000000000e+01 -3.406250000000000000e+01 -8.125000000000000000e-01 6.250000000000000000e-02 6.250000000000000000e-01
3.470000028610229492e+00 -3.740000009536743164e+00 8.399999618530273438e+00 -3.718750000000000000e+01 2.968750000000000000e+01 -3.406250000000000000e+01 -6.250000000000000000e-01 2.500000000000000000e-01 7.500000000000000000e-01
3.529999971389770508e+00 -3.839999914169311523e+00 8.319999694824218750e+00 -3.787500000000000000e+01 2.937500000000000000e+01 -3.318750000000000000e+01 -8.125000000000000000e-01 5.000000000000000000e-01 7.500000000000000000e-01
3.519999980926513672e+00 -3.750000000000000000e+00 8.350000381469726562e+00 -3.787500000000000000e+01 2.937500000000000000e+01 -3.318750000000000000e+01 -2.500000000000000000e-01 1.250000000000000000e+00 7.500000000000000000e-01
3.559999942779541016e+00 -3.670000076293945312e+00 8.420000076293945312e+00 -3.787500000000000000e+01 2.937500000000000000e+01 -3.318750000000000000e+01 6.250000000000000000e-02 2.187500000000000000e+00 8.750000000000000000e-01
3.630000114440917969e+00 -3.650000095367431641e+00 8.439999580383300781e+00 -3.787500000000000000e+01 2.937500000000000000e+01 -3.318750000000000000e+01 -4.375000000000000000e-01 3.000000000000000000e+00 1.062500000000000000e+00
3.720000028610229492e+00 -3.579999923706054688e+00 8.470000267028808594e+00 -3.787500000000000000e+01 2.937500000000000000e+01 -3.318750000000000000e+01 -1.125000000000000000e+00 3.812500000000000000e+00 1.812500000000000000e+00
4.010000228881835938e+00 -3.480000019073486328e+00 8.489999771118164062e+00 -3.675000000000000000e+01 2.968750000000000000e+01 -3.450000000000000000e+01 -1.937500000000000000e+00 5.000000000000000000e+00 2.875000000000000000e+00
4.039999961853027344e+00 -3.720000028610229492e+00 8.579999923706054688e+00 -3.675000000000000000e+01 2.968750000000000000e+01 -3.450000000000000000e+01 -3.437500000000000000e+00 6.875000000000000000e+00 4.250000000000000000e+00
4.239999771118164062e+00 -3.789999961853027344e+00 8.739999771118164062e+00 -3.675000000000000000e+01 2.968750000000000000e+01 -3.450000000000000000e+01 -5.375000000000000000e+00 9.062500000000000000e+00 4.500000000000000000e+00
4.639999866485595703e+00 -3.660000085830688477e+00 8.800000190734863281e+00 -3.675000000000000000e+01 2.968750000000000000e+01 -3.450000000000000000e+01 -5.750000000000000000e+00 1.062500000000000000e+01 4.625000000000000000e+00
6.789999961853027344e+00 -2.400000095367431641e+00 8.340000152587890625e+00 -3.675000000000000000e+01 2.968750000000000000e+01 -3.450000000000000000e+01 -5.312500000000000000e+00 1.106250000000000000e+01 4.687500000000000000e+00
7.489999771118164062e+00 -1.629999995231628418e+00 6.530000209808349609e+00 -3.856250000000000000e+01 2.968750000000000000e+01 -3.237500000000000000e+01 -1.187500000000000000e+00 6.312500000000000000e+00 4.500000000000000000e+00
7.730000019073486328e+00 -1.330000042915344238e+00 5.679999828338623047e+00 -3.856250000000000000e+01 2.968750000000000000e+01 -3.237500000000000000e+01 4.937500000000000000e+00 5.000000000000000000e-01 9.562500000000000000e+00
9.020000457763671875e+00 -2.519999980926513672e+00 5.409999847412109375e+00 -3.856250000000000000e+01 2.968750000000000000e+01 -3.237500000000000000e+01 1.562500000000000000e+01 3.750000000000000000e-01 1.912500000000000000e+01
9.029999732971191406e+00 -2.099999904632568359e+00 4.619999885559082031e+00 -3.856250000000000000e+01 2.968750000000000000e+01 -3.237500000000000000e+01 3.262500000000000000e+01 -1.375000000000000000e+00 2.456250000000000000e+01
8.880000114440917969e+00 -1.110000014305114746e+00 7.159999847412109375e+00 -3.856250000000000000e+01 2.968750000000000000e+01 -3.237500000000000000e+01 4.250000000000000000e+01 -1.312500000000000000e+00 2.493750000000000000e+01
7.679999828338623047e+00 -1.360000014305114746e+00 7.960000038146972656e+00 -3.706250000000000000e+01 3.075000000000000000e+01 -3.400000000000000000e+01 3.150000000000000000e+01 -6.812500000000000000e+00 2.550000000000000000e+01
5.119999885559082031e+00 -2.160000085830688477e+00 7.360000133514404297e+00 -3.706250000000000000e+01 3.075000000000000000e+01 -3.400000000000000000e+01 -3.125000000000000000e+00 -3.625000000000000000e+00 2.418750000000000000e+01
5.389999866485595703e+00 -3.240000009536743164e+00 5.730000019073486328e+00 -3.706250000000000000e+01 3.075000000000000000e+01 -3.400000000000000000e+01 -2.912500000000000000e+01 1.875000000000000000e-01 2.087500000000000000e+01
5.420000076293945312e+00 -3.140000104904174805e+00 7.329999923706054688e+00 -3.706250000000000000e+01 3.075000000000000000e+01 -3.400000000000000000e+01 -3.800000000000000000e+01 3.062500000000000000e+00 1.106250000000000000e+01
5.969999790191650391e+00 -2.079999923706054688e+00 8.420000076293945312e+00 -3.706250000000000000e+01 3.075000000000000000e+01 -3.400000000000000000e+01 -4.693750000000000000e+01 -2.500000000000000000e-01 -5.625000000000000000e-01
5.969999790191650391e+00 -2.079999923706054688e+00 8.420000076293945312e+00 -3.675000000000000000e+01 3.118750000000000000e+01 -3.525000000000000000e+01 -2.693750000000000000e+01 -9.625000000000000000e+00 -7.062500000000000000e+00
7.750000000000000000e+00 -2.470000028610229492e+00 8.130000114440917969e+00 -3.675000000000000000e+01 3.118750000000000000e+01 -3.525000000000000000e+01 1.775000000000000000e+01 -1.268750000000000000e+01 -1.587500000000000000e+01
8.060000419616699219e+00 -3.150000095367431641e+00 9.130000114440917969e+00 -3.675000000000000000e+01 3.118750000000000000e+01 -3.525000000000000000e+01 1.418750000000000000e+01 -3.062500000000000000e+00 -2.368750000000000000e+01
6.360000133514404297e+00 -3.990000009536743164e+00 7.260000228881835938e+00 -3.675000000000000000e+01 3.118750000000000000e+01 -3.525000000000000000e+01 -2.000000000000000000e+00 -6.187500000000000000e+00 -3.456250000000000000e+01
2.789999961853027344e+00 -3.910000085830688477e+00 8.590000152587890625e+00 -3.675000000000000000e+01 3.118750000000000000e+01 -3.525000000000000000e+01 -4.750000000000000000e+00 -4.937500000000000000e+00 -3.868750000000000000e+01
2.789999961853027344e+00 -3.910000085830688477e+00 8.590000152587890625e+00 -3.787500000000000000e+01 3.156250000000000000e+01 -3.400000000000000000e+01 -3.250000000000000000e+00 0.000000000000000000e+00 -3.512500000000000000e+01
1.950000047683715820e+00 -4.190000057220458984e+00 8.489999771118164062e+00 -3.787500000000000000e+01 3.156250000000000000e+01 -3.400000000000000000e+01 -4.812500000000000000e+00 -6.250000000000000000e-02 -3.125000000000000000e+01
1.470000028610229492e+00 -4.869999885559082031e+00 8.670000076293945312e+00 -3.787500000000000000e+01 3.156250000000000000e+01 -3.400000000000000000e+01 -1.025000000000000000e+01 2.500000000000000000e-01 -2.912500000000000000e+01
1.169999957084655762e+00 -5.269999980926513672e+00 8.520000457763671875e+00 -3.787500000000000000e+01 3.156250000000000000e+01 -3.400000000000000000e+01 -1.418750000000000000e+01 1.187500000000000000e+00 -2.668750000000000000e+01
8.700000047683715820e-01 -5.239999771118164062e+00 8.390000343322753906e+00 -3.787500000000000000e+01 3.156250000000000000e+01 -3.400000000000000000e+01 -1.081250000000000000e+01 2.625000000000000000e+00 -2.512500000000000000e+01
8.700000047683715820e-01 -5.239999771118164062e+00 8.390000343322753906e+00 -3.937500000000000000e+01 2.968750000000000000e+01 -3.237500000000000000e+01 -3.812500000000000000e+00 2.812500000000000000e+00 -2.368750000000000000e+01
-2.999999932944774628e-02 -5.349999904632568359e+00 9.069999694824218750e+00 -3.937500000000000000e+01 2.968750000000000000e+01 -3.237500000000000000e+01 -1.375000000000000000e+00 5.625000000000000000e-01 -1.700000000000000000e+01
5.299999713897705078e-01 -4.730000019073486328e+00 9.420000076293945312e+00 -3.937500000000000000e+01 2.968750000000000000e+01 -3.237500000000000000e+01 3.812500000000000000e+00 -1.437500000000000000e+00 -6.500000000000000000e+00
5.799999833106994629e-01 -4.969999790191650391e+00 9.460000038146972656e+00 -3.937500000000000000e+01 2.968750000000000000e+01 -3.237500000000000000e+01 4.062500000000000000e+00 -4.437500000000000000e+00 -1.812500000000000000e+00
-1.800000071525573730e-01 -5.579999923706054688e+00 9.789999961853027344e+00 -3.937500000000000000e+01 2.968750000000000000e+01 -3.237500000000000000e+01 1.875000000000000000e-01 -3.625000000000000000e+00 1.437500000000000000e+00
-1.800000071525573730e-01 -5.579999923706054688e+00 9.789999961853027344e+00 -4.050000000000000000e+01 2.968750000000000000e+01 -3.075000000000000000e+01 2.937500000000000000e+00 -2.187500000000000000e+00 2.187500000000000000e+00
-2.300000041723251343e-01 -5.380000114440917969e+00 9.760000228881835938e+00 -4.050000000000000000e+01 2.968750000000000000e+01 -3.075000000000000000e+01 6.937500000000000000e+00 -2.687500000000000000e+00 2.437500000000000000e+00
-9.000000357627868652e-02 -5.320000171661376953e+00 1.014000034332275391e+01 -4.050000000000000000e+01 2.968750000000000000e+01 -3.075000000000000000e+01 8.812500000000000000e+00 -1.500000000000000000e+00 1.750000000000000000e+00
-3.300000131130218506e-01 -5.019999980926513672e+00 1.043000030517578125e+01 -4.050000000000000000e+01 2.968750000000000000e+01 -3.075000000000000000e+01 9.750000000000000000e+00 1.062500000000000000e+00 5.000000000000000000e-01
-3.300000131130218506e-01 -5.099999904632568359e+00 1.052000045776367188e+01 -4.050000000000000000e+01 2.968750000000000000e+01 -3.075000000000000000e+01 8.875000000000000000e+00 4.687500000000000000e+00 -1.562500000000000000e+00
-3.300000131130218506e-01 -5.099999904632568359e+00 1.052000045776367188e+01 -4.200000000000000000e+01 3.050000000000000000e+01 -3.156250000000000000e+01 5.625000000000000000e+00 8.250000000000000000e+00 -4.000000000000000000e+00
-4.199999868869781494e-01 -5.269999980926513672e+00 1.072999954223632812e+01 -4.200000000000000000e+01 3.050000000000000000e+01 -3.156250000000000000e+01 3.187500000000000000e+00 1.306250000000000000e+01 -5.000000000000000000e+00
-7.099999785423278809e-01 -5.519999980926513672e+00 1.068000030517578125e+01 -4.200000000000000000e+01 3.050000000000000000e+01 -3.156250000000000000e+01 1.750000000000000000e+00 1.800000000000000000e+01 -4.812500000000000000e+00
-8.500000238418579102e-01 -5.719999790191650391e+00 1.050000000000000000e+01 -4.200000000000000000e+01 3.050000000000000000e+01 -3.156250000000000000e+01 1.187500000000000000e+00 2.256250000000000000e+01 -3.812500000000000000e+00
-8.299999833106994629e-01 -5.650000095367431641e+00 1.042000007629394531e+01 -4.200000000000000000e+01 3.050000000000000000e+01 -3.156250000000000000e+01 2.875000000000000000e+00 2.668750000000000000e+01 -2.437500000000000000e+00
-1.149999976158142090e+00 -5.699999809265136719e+00 9.949999809265136719e+00 -4.237500000000000000e+01 3.050000000000000000e+01 -3.200000000000000000e+01 5.062500000000000000e+00 3.068750000000000000e+01 -3.750000000000000000e-01
-1.240000009536743164e+00 -5.420000076293945312e+00 9.689999580383300781e+00 -4.237500000000000000e+01 3.050000000000000000e+01 -3.200000000000000000e+01 7.625000000000000000e+00 3.431250000000000000e+01 2.500000000000000000e+00
-1.529999971389770508e+00 -5.210000038146972656e+00 9.500000000000000000e+00 -4.237500000000000000e+01 3.050000000000000000e+01 -3.200000000000000000e+01 9.250000000000000000e+00 3.662500000000000000e+01 5.000000000000000000e+00
-1.590000033378601074e+00 -5.070000171661376953e+00 9.289999961853027344e+00 -4.237500000000000000e+01 3.050000000000000000e+01 -3.200000000000000000e+01 8.375000000000000000e+00 3.618750000000000000e+01 6.562500000000000000e+00
-1.720000028610229492e+00 -5.170000076293945312e+00 8.949999809265136719e+00 -4.237500000000000000e+01 3.050000000000000000e+01 -3.200000000000000000e+01 5.937500000000000000e+00 3.400000000000000000e+01 7.500000000000000000e+00
-1.539999961853027344e+00 -5.269999980926513672e+00 8.890000343322753906e+00 -4.087500000000000000e+01 2.900000000000000000e+01 -3.237500000000000000e+01 4.062500000000000000e+00 3.112500000000000000e+01 9.562500000000000000e+00
-1.340000033378601074e+00 -5.409999847412109375e+00 8.810000419616699219e+00 -4.087500000000000000e+01 2.900000000000000000e+01 -3.237500000000000000e+01 4.187500000000000000e+00 2.812500000000000000e+01 1.087500000000000000e+01
-1.220000028610229492e+00 -5.469999790191650391e+00 8.810000419616699219e+00 -4.087500000000000000e+01 2.900000000000000000e+01 -3.237500000000000000e+01 5.875000000000000000e+00 2.606250000000000000e+01 1.200000000000000000e+01
-8.600000143051147461e-01 -5.329999923706054688e+00 9.140000343322753906e+00 -4.087500000000000000e+01 2.900000000000000000e+01 -3.237500000000000000e+01 7.687500000000000000e+00 2.468750000000000000e+01 1.275000000000000000e+01
-2.500000000000000000e-01 -5.289999961853027344e+00 9.420000076293945312e+00 -4.087500000000000000e+01 2.900000000000000000e+01 -3.237500000000000000e+01 8.000000000000000000e+00 2.312500000000000000e+01 1.375000000000000000e+01
3.400000035762786865e-01 -5.329999923706054688e+00 9.630000114440917969e+00 -3.968750000000000000e+01 2.937500000000000000e+01 -3.237500000000000000e+01 5.625000000000000000e+00 2.337500000000000000e+01 1.562500000000000000e+01
7.599999904632568359e-01 -5.210000038146972656e+00 9.560000419616699219e+00 -3.968750000000000000e+01 2.937500000000000000e+01 -3.237500000000000000e+01 1.625000000000000000e+00 2.800000000000000000e+01 1.868750000000000000e+01
8.100000023841857910e-01 -5.090000152587890625e+00 9.130000114440917969e+00 -3.968750000000000000e+01 2.937500000000000000e+01 -3.237500000000000000e+01 -2.125000000000000000e+00 3.387500000000000000e+01 2.293750000000000000e+01
6.899999976158142090e-01 -4.989999771118164062e+00 8.850000381469726562e+00 -3.968750000000000000e+01 2.937500000000000000e+01 -3.237500000000000000e+01 -5.500000000000000000e+00 3.962500000000000000e+01 2.650000000000000000e+01
6.600000262260437012e-01 -4.760000228881835938e+00 8.479999542236328125e+00 -3.968750000000000000e+01 2.937500000000000000e+01 -3.237500000000000000e+01 -7.250000000000000000e+00 4.331250000000000000e+01 2.887500000000000000e+01
9.100000262260437012e-01 -4.449999809265136719e+00 7.820000171661376953e+00 -3.750000000000000000e+01 3.006250000000000000e+01 -3.606250000000000000e+01 -9.000000000000000000e+00 4.375000000000000000e+01 3.143750000000000000e+01
9.900000095367431641e-01 -4.429999828338623047e+00 7.539999961853027344e+00 -3.750000000000000000e+01 3.006250000000000000e+01 -3.606250000000000000e+01 -1.025000000000000000e+01 4.250000000000000000e+01 3.350000000000000000e+01
9.900000095367431641e-01 -4.260000228881835938e+00 7.300000190734863281e+00 -3.750000000000000000e+01 3.006250000000000000e+01 -3.606250000000000000e+01 -9.437500000000000000e+00 3.950000000000000000e+01 3.468750000000000000e+01
1.019999980926513672e+00 -4.099999904632568359e+00 7.139999866485595703e+00 -3.750000000000000000e+01 3.006250000000000000e+01 -3.606250000000000000e+01 -6.812500000000000000e+00 3.400000000000000000e+01 3.468750000000000000e+01
1.480000019073486328e+00 -4.030000209808349609e+00 6.900000095367431641e+00 -3.750000000000000000e+01 3.006250000000000000e+01 -3.606250000000000000e+01 -2.500000000000000000e+00 2.500000000000000000e+01 3.393750000000000000e+01
1.480000019073486328e+00 -4.030000209808349609e+00 6.900000095367431641e+00 -3.456250000000000000e+01 3.050000000000000000e+01 -3.687500000000000000e+01 4.562500000000000000e+00 1.437500000000000000e+01 3.175000000000000000e+01
2.240000009536743164e+00 -3.640000104904174805e+00 6.989999771118164062e+00 -3.456250000000000000e+01 3.050000000000000000e+01 -3.687500000000000000e+01 1.175000000000000000e+01 5.250000000000000000e+00 2.806250000000000000e+01
3.210000038146972656e+00 -3.000000000000000000e+00 7.369999885559082031e+00 -3.456250000000000000e+01 3.050000000000000000e+01 -3.687500000000000000e+01 1.556250000000000000e+01 -3.687500000000000000e+00 2.462500000000000000e+01
3.470000028610229492e+00 -2.700000047683715820e+00 7.429999828338623047e+00 -3.456250000000000000e+01 3.050000000000000000e+01 -3.687500000000000000e+01 1.400000000000000000e+01 -1.162500000000000000e+01 2.225000000000000000e+01
3.660000085830688477e+00 -2.500000000000000000e+00 7.650000095367431641e+00 -3.456250000000000000e+01 3.050000000000000000e+01 -3.687500000000000000e+01 8.000000000000000000e+00 -1.800000000000000000e+01 2.050000000000000000e+01
3.660000085830688477e+00 -2.500000000000000000e+00 7.650000095367431641e+00 -3.225000000000000000e+01 3.075000000000000000e+01 -3.725000000000000000e+01 -6.875000000000000000e-01 -2.387500000000000000e+01 1.931250000000000000e+01
4.070000171661376953e+00 -2.450000047683715820e+00 7.619999885559082031e+00 -3.225000000000000000e+01 3.075000000000000000e+01 -3.725000000000000000e+01 -1.012500000000000000e+01 -2.843750000000000000e+01 1.856250000000000000e+01
4.409999847412109375e+00 -2.619999885559082031e+00 7.429999828338623047e+00 -3.225000000000000000e+01 3.075000000000000000e+01 -3.725000000000000000e+01 -1.581250000000000000e+01 -3.187500000000000000e+01 1.612500000000000000e+01
4.429999828338623047e+00 -2.690000057220458984e+00 7.630000114440917969e+00 -3.225000000000000000e+01 3.075000000000000000e+01 -3.725000000000000000e+01 -1.712500000000000000e+01 -3.575000000000000000e+01 1.256250000000000000e+01
4.840000152587890625e+00 -2.839999914169311523e+00 7.760000228881835938e+00 -3.225000000000000000e+01 3.075000000000000000e+01 -3.725000000000000000e+01 -1.487500000000000000e+01 -3.787500000000000000e+01 8.937500000000000000e+00
5.179999828338623047e+00 -3.009999990463256836e+00 7.690000057220458984e+00 -3.156250000000000000e+01 3.200000000000000000e+01 -3.818750000000000000e+01 -9.750000000000000000e+00 -3.706250000000000000e+01 4.125000000000000000e+00
4.809999942779541016e+00 -2.589999914169311523e+00 7.849999904632568359e+00 -3.156250000000000000e+01 3.200000000000000000e+01 -3.818750000000000000e+01 -5.562500000000000000e+00 -3.650000000000000000e+01 -1.625000000000000000e+00
4.880000114440917969e+00 -2.250000000000000000e+00 7.969999790191650391e+00 -3.156250000000000000e+01 3.200000000000000000e+01 -3.818750000000000000e+01 -5.625000000000000000e+00 -3.637500000000000000e+01 -6.562500000000000000e+00
5.139999866485595703e+00 -1.990000009536743164e+00 8.000000000000000000e+00 -3.156250000000000000e+01 3.200000000000000000e+01 -3.818750000000000000e+01 -1.031250000000000000e+01 -3.581250000000000000e+01 -9.875000000000000000e+00
5.400000095367431641e+00 -1.629999995231628418e+00 7.900000095367431641e+00 -3.156250000000000000e+01 3.200000000000000000e+01 -3.818750000000000000e+01 -1.806250000000000000e+01 -3.468750000000000000e+01 -1.175000000000000000e+01
5.309999942779541016e+00 -1.610000014305114746e+00 7.750000000000000000e+00 -3.156250000000000000e+01 3.237500000000000000e+01 -3.606250000000000000e+01 -2.643750000000000000e+01 -3.312500000000000000e+01 -1.406250000000000000e+01
5.210000038146972656e+00 -1.649999976158142090e+00 7.630000114440917969e+00 -3.156250000000000000e+01 3.237500000000000000e+01 -3.606250000000000000e+01 -3.268750000000000000e+01 -3.212500000000000000e+01 -1.650000000000000000e+01
5.079999923706054688e+00 -1.759999990463256836e+00 7.400000095367431641e+00 -3.156250000000000000e+01 3.237500000000000000e+01 -3.606250000000000000e+01 -3.631250000000000000e+01 -3.137500000000000000e+01 -1.981250000000000000e+01
4.800000190734863281e+00 -1.820000052452087402e+00 6.869999885559082031e+00 -3.156250000000000000e+01 3.237500000000000000e+01 -3.606250000000000000e+01 -3.800000000000000000e+01 -3.087500000000000000e+01 -2.350000000000000000e+01
5.059999942779541016e+00 -1.840000033378601074e+00 6.829999923706054688e+00 -3.156250000000000000e+01 3.237500000000000000e+01 -3.606250000000000000e+01 -3.868750000000000000e+01 -3.062500000000000000e+01 -2.606250000000000000e+01
5.409999847412109375e+00 -2.130000114440917969e+00 6.929999828338623047e+00 -3.306250000000000000e+01 3.206250000000000000e+01 -3.450000000000000000e+01 -3.450000000000000000e+01 -2.925000000000000000e+01 -2.818750000000000000e+01
