3.549999952316284180e+00 -3.089999914169311523e+00 8.560000419616699219e+00 -3.918750000000000000e+01 2.700000000000000000e+01 -3.525000000000000000e+01 -1.875000000000000000e-01 6.250000000000000000e-02 1.250000000000000000e-01
3.559999942779541016e+00 -3.089999914169311523e+00 8.569999694824218750e+00 -3.925000000000000000e+01 2.550000000000000000e+01 -3.525000000000000000e+01 -1.250000000000000000e-01 -1.875000000000000000e-01 0.000000000000000000e+00
3.500000000000000000e+00 -3.079999923706054688e+00 8.550000190734863281e+00 -3.925000000000000000e+01 2.550000000000000000e+01 -3.525000000000000000e+01 0.000000000000000000e+00 1.250000000000000000e-01 6.250000000000000000e-02
3.539999961853027344e+00 -3.119999885559082031e+00 8.579999923706054688e+00 -3.925000000000000000e+01 2.550000000000000000e+01 -3.525000000000000000e+01 -1.250000000000000000e-01 1.875000000000000000e-01 6.250000000000000000e-02
3.619999885559082031e+00 -3.089999914169311523e+00 8.560000419616699219e+00 -3.925000000000000000e+01 2.550000000000000000e+01 -3.525000000000000000e+01 -1.875000000000000000e-01 -6.250000000000000000e-02 6.250000000000000000e-02
3.549999952316284180e+00 -3.130000114440917969e+00 8.579999923706054688e+00 -3.925000000000000000e+01 2.550000000000000000e+01 -3.525000000000000000e+01 -1.250000000000000000e-01 -2.500000000000000000e-01 1.250000000000000000e-01
3.559999942779541016e+00 -3.119999885559082031e+00 8.590000152587890625e+00 -3.887500000000000000e+01 2.700000000000000000e+01 -3.487500000000000000e+01 -3.125000000000000000e-01 1.250000000000000000e-01 -6.250000000000000000e-02
3.539999961853027344e+00 -3.109999895095825195e+00 8.560000419616699219e+00 -3.887500000000000000e+01 2.700000000000000000e+01 -3.487500000000000000e+01 -1.875000000000000000e-01 -6.250000000000000000e-02 0.000000000000000000e+00
3.569999933242797852e+00 -3.069999933242797852e+00 8.600000381469726562e+00 -3.887500000000000000e+01 2.700000000000000000e+01 -3.487500000000000000e+01 -1.250000000000000000e-01 2.500000000000000000e-01 0.000000000000000000e+00
3.569999933242797852e+00 -3.089999914169311523e+00 8.560000419616699219e+00 -3.887500000000000000e+01 2.700000000000000000e+01 -3.487500000000000000e+01 -3.125000000000000000e-01 -1.250000000000000000e-01 1.875000000000000000e-01
3.539999961853027344e+00 -3.089999914169311523e+00 8.609999656677246094e+00 -3.887500000000000000e+01 2.700000000000000000e+01 -3.487500000000000000e+01 -3.125000000000000000e-01 -1.250000000000000000e-01 1.250000000000000000e-01
3.539999961853027344e+00 -3.059999942779541016e+00 8.590000152587890625e+00 -3.850000000000000000e+01 2.668750000000000000e+01 -3.525000000000000000e+01 -3.750000000000000000e-01 -6.250000000000000000e-02 1.875000000000000000e-01
3.519999980926513672e+00 -3.039999961853027344e+00 8.550000190734863281e+00 -3.850000000000000000e+01 2.668750000000000000e+01 -3.525000000000000000e+01 -4.375000000000000000e-01 -4.375000000000000000e-01 3.125000000000000000e-01
3.470000028610229492e+00 -3.039999961853027344e+00 8.560000419616699219e+00 -3.850000000000000000e+01 2.668750000000000000e+01 -3.525000000000000000e+01 -5.625000000000000000e-01 -1.875000000000000000e-01 2.500000000000000000e-01
3.480000019073486328e+00 -3.089999914169311523e+00 8.579999923706054688e+00 -3.850000000000000000e+01 2.668750000000000000e+01 -3.525000000000000000e+01 -8.750000000000000000e-01 -5.625000000000000000e-01 5.625000000000000000e-01
3.559999942779541016e+00 -3.109999895095825195e+00 8.590000152587890625e+00 -3.850000000000000000e+01 2.668750000000000000e+01 -3.525000000000000000e+01 -1.000000000000000000e+00 -1.312500000000000000e+00 3.125000000000000000e-01
3.440000057220458984e+00 -3.019999980926513672e+00 8.600000381469726562e+00 -3.850000000000000000e+01 2.737500000000000000e+01 -3.450000000000000000e+01 -1.062500000000000000e+00 -1.812500000000000000e+00 1.250000000000000000e-01
3.539999961853027344e+00 -2.990000009536743164e+00 8.550000190734863281e+00 -3.850000000000000000e+01 2.737500000000000000e+01 -3.450000000000000000e+01 -1.000000000000000000e+00 -2.937500000000000000e+00 1.875000000000000000e-01
3.329999923706054688e+00 -3.079999923706054688e+00 8.539999961853027344e+00 -3.850000000000000000e+01 2.737500000000000000e+01 -3.450000000000000000e+01 -1.500000000000000000e+00 -3.687500000000000000e+00 -1.875000000000000000e-01
3.250000000000000000e+00 -3.140000104904174805e+00 8.609999656677246094e+00 -3.850000000000000000e+01 2.737500000000000000e+01 -3.450000000000000000e+01 -1.625000000000000000e+00 -5.187500000000000000e+00 -9.375000000000000000e-01
3.470000028610229492e+00 -3.039999961853027344e+00 8.560000419616699219e+00 -3.850000000000000000e+01 2.737500000000000000e+01 -3.450000000000000000e+01 -1.437500000000000000e+00 -7.437500000000000000e+00 -2.250000000000000000e+00
3.799999952316284180e+00 -3.150000095367431641e+00 8.560000419616699219e+00 -3.850000000000000000e+01 2.737500000000000000e+01 -3.406250000000000000e+01 -1.062500000000000000e+00 -8.125000000000000000e+00 -3.750000000000000000e+00
3.779999971389770508e+00 -3.190000057220458984e+00 8.520000457763671875e+00 -3.850000000000000000e+01 2.737500000000000000e+01 -3.406250000000000000e+01 -1.687500000000000000e+00 -7.687500000000000000e+00 -4.375000000000000000e+00
3.579999923706054688e+00 -2.900000095367431641e+00 8.510000228881835938e+00 -3.850000000000000000e+01 2.737500000000000000e+01 -3.406250000000000000e+01 -3.000000000000000000e+00 -6.750000000000000000e+00 -4.812500000000000000e+00
3.640000104904174805e+00 -3.000000000000000000e+00 8.619999885559082031e+00 -3.850000000000000000e+01 2.737500000000000000e+01 -3.406250000000000000e+01 -5.750000000000000000e+00 -7.812500000000000000e+00 -5.437500000000000000e+00
3.660000085830688477e+00 -3.089999914169311523e+00 8.789999961853027344e+00 -3.850000000000000000e+01 2.737500000000000000e+01 -3.406250000000000000e+01 -6.250000000000000000e+00 -8.375000000000000000e+00 -5.500000000000000000e+00
3.799999952316284180e+00 -3.170000076293945312e+00 8.539999961853027344e+00 -3.818750000000000000e+01 2.737500000000000000e+01 -3.437500000000000000e+01 -5.562500000000000000e+00 -9.125000000000000000e+00 -5.437500000000000000e+00
3.730000019073486328e+00 -3.450000047683715820e+00 8.489999771118164062e+00 -3.818750000000000000e+01 2.737500000000000000e+01 -3.437500000000000000e+01 -5.562500000000000000e+00 -8.437500000000000000e+00 -5.500000000000000000e+00
3.990000009536743164e+00 -3.450000047683715820e+00 8.619999885559082031e+00 -3.818750000000000000e+01 2.737500000000000000e+01 -3.437500000000000000e+01 -5.375000000000000000e+00 -7.687500000000000000e+00 -6.187500000000000000e+00
3.200000047683715820e+00 -3.029999971389770508e+00 8.529999732971191406e+00 -3.818750000000000000e+01 2.737500000000000000e+01 -3.437500000000000000e+01 -3.312500000000000000e+00 -7.937500000000000000e+00 -7.312500000000000000e+00
3.990000009536743164e+00 -3.089999914169311523e+00 8.590000152587890625e+00 -3.818750000000000000e+01 2.737500000000000000e+01 -3.437500000000000000e+01 -3.500000000000000000e+00 -6.250000000000000000e+00 -7.875000000000000000e+00
3.740000009536743164e+00 -3.059999942779541016e+00 8.569999694824218750e+00 -3.850000000000000000e+01 2.587500000000000000e+01 -3.356250000000000000e+01 -3.937500000000000000e+00 -8.687500000000000000e+00 -6.187500000000000000e+00
3.609999895095825195e+00 -3.099999904632568359e+00 8.539999961853027344e+00 -3.850000000000000000e+01 2.587500000000000000e+01 -3.356250000000000000e+01 -4.437500000000000000e+00 -5.500000000000000000e+00 -6.000000000000000000e+00
3.390000104904174805e+00 -3.099999904632568359e+00 8.479999542236328125e+00 -3.850000000000000000e+01 2.587500000000000000e+01 -3.356250000000000000e+01 -5.500000000000000000e+00 -6.687500000000000000e+00 -5.250000000000000000e+00
3.410000085830688477e+00 -3.339999914169311523e+00 8.529999732971191406e+00 -3.850000000000000000e+01 2.587500000000000000e+01 -3.356250000000000000e+01 -5.500000000000000000e+00 -5.437500000000000000e+00 -5.562500000000000000e+00
2.990000009536743164e+00 -3.460000038146972656e+00 8.560000419616699219e+00 -3.850000000000000000e+01 2.587500000000000000e+01 -3.356250000000000000e+01 -5.687500000000000000e+00 -4.812500000000000000e+00 -6.062500000000000000e+00
2.440000057220458984e+00 -3.599999904632568359e+00 8.739999771118164062e+00 -4.000000000000000000e+01 2.737500000000000000e+01 -3.356250000000000000e+01 -5.937500000000000000e+00 -2.375000000000000000e+00 -7.687500000000000000e+00
2.240000009536743164e+00 -3.759999990463256836e+00 8.989999771118164062e+00 -4.000000000000000000e+01 2.737500000000000000e+01 -3.356250000000000000e+01 -6.562500000000000000e+00 -8.125000000000000000e-01 -1.050000000000000000e+01
1.769999980926513672e+00 -4.150000095367431641e+00 9.060000419616699219e+00 -4.000000000000000000e+01 2.737500000000000000e+01 -3.356250000000000000e+01 -7.062500000000000000e+00 1.875000000000000000e-01 -1.387500000000000000e+01
1.070000052452087402e+00 -3.940000057220458984e+00 9.800000190734863281e+00 -4.000000000000000000e+01 2.737500000000000000e+01 -3.356250000000000000e+01 -7.062500000000000000e+00 2.625000000000000000e+00 -1.656250000000000000e+01
-4.300000071525573730e-01 -3.880000114440917969e+00 1.030000019073486328e+01 -4.000000000000000000e+01 2.737500000000000000e+01 -3.356250000000000000e+01 -9.875000000000000000e+00 7.500000000000000000e+00 -1.937500000000000000e+01
-2.750000000000000000e+00 -3.970000028610229492e+00 1.093999958038330078e+01 -4.000000000000000000e+01 2.737500000000000000e+01 -3.275000000000000000e+01 -1.462500000000000000e+01 1.143750000000000000e+01 -2.350000000000000000e+01
-2.630000114440917969e+00 -4.139999866485595703e+00 1.080000019073486328e+01 -4.000000000000000000e+01 2.737500000000000000e+01 -3.275000000000000000e+01 -2.306250000000000000e+01 1.206250000000000000e+01 -2.875000000000000000e+01
-2.240000009536743164e+00 -4.699999809265136719e+00 1.003999996185302734e+01 -4.000000000000000000e+01 2.737500000000000000e+01 -3.275000000000000000e+01 -2.743750000000000000e+01 8.375000000000000000e+00 -3.625000000000000000e+01
-6.000000238418579102e-01 -4.739999771118164062e+00 1.172999954223632812e+01 -4.000000000000000000e+01 2.737500000000000000e+01 -3.275000000000000000e+01 -2.937500000000000000e+01 5.625000000000000000e+00 -4.018750000000000000e+01
-2.680000066757202148e+00 -3.890000104904174805e+00 1.109000015258789062e+01 -4.000000000000000000e+01 2.737500000000000000e+01 -3.275000000000000000e+01 -3.037500000000000000e+01 1.568750000000000000e+01 -4.493750000000000000e+01
-1.889999985694885254e+00 -4.369999885559082031e+00 1.039999961853027344e+01 -4.068750000000000000e+01 2.625000000000000000e+01 -3.275000000000000000e+01 -2.706250000000000000e+01 1.762500000000000000e+01 -4.937500000000000000e+01
-2.049999952316284180e+00 -4.349999904632568359e+00 1.050000000000000000e+01 -4.068750000000000000e+01 2.625000000000000000e+01 -3.275000000000000000e+01 -2.925000000000000000e+01 1.768750000000000000e+01 -5.256250000000000000e+01
-5.199999809265136719e-01 -4.280000209808349609e+00 1.010000038146972656e+01 -4.068750000000000000e+01 2.625000000000000000e+01 -3.275000000000000000e+01 -2.837500000000000000e+01 1.725000000000000000e+01 -5.418750000000000000e+01
-1.999999955296516418e-02 -4.500000000000000000e+00 9.369999885559082031e+00 -4.068750000000000000e+01 2.625000000000000000e+01 -3.275000000000000000e+01 -2.893750000000000000e+01 1.831250000000000000e+01 -5.512500000000000000e+01
1.019999980926513672e+00 -4.480000019073486328e+00 9.140000343322753906e+00 -4.068750000000000000e+01 2.625000000000000000e+01 -3.275000000000000000e+01 -2.662500000000000000e+01 1.581250000000000000e+01 -5.443750000000000000e+01
1.509999990463256836e+00 -4.480000019073486328e+00 8.529999732971191406e+00 -4.106250000000000000e+01 2.518750000000000000e+01 -3.237500000000000000e+01 -2.112500000000000000e+01 1.306250000000000000e+01 -5.275000000000000000e+01
3.890000104904174805e+00 -3.869999885559082031e+00 9.060000419616699219e+00 -4.106250000000000000e+01 2.518750000000000000e+01 -3.237500000000000000e+01 -1.293750000000000000e+01 1.062500000000000000e+01 -5.000000000000000000e+01
4.090000152587890625e+00 -3.549999952316284180e+00 8.760000228881835938e+00 -4.106250000000000000e+01 2.518750000000000000e+01 -3.237500000000000000e+01 -7.750000000000000000e+00 9.125000000000000000e+00 -4.362500000000000000e+01
3.589999914169311523e+00 -3.250000000000000000e+00 8.550000190734863281e+00 -4.106250000000000000e+01 2.518750000000000000e+01 -3.237500000000000000e+01 -7.500000000000000000e+00 1.081250000000000000e+01 -3.375000000000000000e+01
3.970000028610229492e+00 -3.779999971389770508e+00 8.319999694824218750e+00 -4.106250000000000000e+01 2.518750000000000000e+01 -3.237500000000000000e+01 -9.562500000000000000e+00 1.043750000000000000e+01 -2.268750000000000000e+01
3.930000066757202148e+00 -3.769999980926513672e+00 8.439999580383300781e+00 -4.000000000000000000e+01 2.325000000000000000e+01 -3.200000000000000000e+01 -7.937500000000000000e+00 7.875000000000000000e+00 -1.456250000000000000e+01
4.010000228881835938e+00 -3.549999952316284180e+00 8.319999694824218750e+00 -4.000000000000000000e+01 2.325000000000000000e+01 -3.200000000000000000e+01 -5.437500000000000000e+00 3.687500000000000000e+00 -6.375000000000000000e+00
4.159999847412109375e+00 -3.400000095367431641e+00 8.479999542236328125e+00 -4.000000000000000000e+01 2.325000000000000000e+01 -3.200000000000000000e+01 -2.062500000000000000e+00 2.125000000000000000e+00 7.500000000000000000e-01
3.950000047683715820e+00 -3.589999914169311523e+00 7.860000133514404297e+00 -4.000000000000000000e+01 2.325000000000000000e+01 -3.200000000000000000e+01 -1.812500000000000000e+00 -6.875000000000000000e-01 8.000000000000000000e+00
4.099999904632568359e+00 -3.470000028610229492e+00 8.399999618530273438e+00 -4.000000000000000000e+01 2.325000000000000000e+01 -3.200000000000000000e+01 -2.812500000000000000e+00 -7.500000000000000000e-01 1.556250000000000000e+01
4.099999904632568359e+00 -3.470000028610229492e+00 8.399999618530273438e+00 -3.918750000000000000e+01 2.325000000000000000e+01 -3.156250000000000000e+01 -6.875000000000000000e+00 -1.250000000000000000e-01 2.412500000000000000e+01
3.579999923706054688e+00 -4.260000228881835938e+00 8.590000152587890625e+00 -3.918750000000000000e+01 2.325000000000000000e+01 -3.156250000000000000e+01 -9.937500000000000000e+00 -8.125000000000000000e-01 3.343750000000000000e+01
4.820000171661376953e+00 -4.269999980926513672e+00 8.090000152587890625e+00 -3.918750000000000000e+01 2.325000000000000000e+01 -3.156250000000000000e+01 -1.000000000000000000e+01 -5.500000000000000000e+00 4.137500000000000000e+01
5.469999790191650391e+00 -4.130000114440917969e+00 7.929999828338623047e+00 -3.918750000000000000e+01 2.325000000000000000e+01 -3.156250000000000000e+01 -8.437500000000000000e+00 -9.000000000000000000e+00 4.887500000000000000e+01
6.639999866485595703e+00 -4.079999923706054688e+00 7.750000000000000000e+00 -3.918750000000000000e+01 2.325000000000000000e+01 -3.156250000000000000e+01 -8.062500000000000000e+00 -1.418750000000000000e+01 5.806250000000000000e+01
7.650000095367431641e+00 -3.859999895095825195e+00 7.519999980926513672e+00 -3.850000000000000000e+01 2.325000000000000000e+01 -3.037500000000000000e+01 -8.625000000000000000e+00 -1.900000000000000000e+01 6.712500000000000000e+01
1.128999996185302734e+01 -4.630000114440917969e+00 7.329999923706054688e+00 -3.850000000000000000e+01 2.325000000000000000e+01 -3.037500000000000000e+01 -8.562500000000000000e+00 -2.318750000000000000e+01 7.593750000000000000e+01
1.253999996185302734e+01 -4.880000114440917969e+00 7.099999904632568359e+00 -3.850000000000000000e+01 2.325000000000000000e+01 -3.037500000000000000e+01 -2.875000000000000000e+00 -2.493750000000000000e+01 8.150000000000000000e+01
1.306000041961669922e+01 -5.269999980926513672e+00 7.210000038146972656e+00 -3.850000000000000000e+01 2.325000000000000000e+01 -3.037500000000000000e+01 1.125000000000000000e+01 -1.950000000000000000e+01 8.387500000000000000e+01
1.310999965667724609e+01 -4.909999847412109375e+00 7.030000209808349609e+00 -3.850000000000000000e+01 2.325000000000000000e+01 -3.037500000000000000e+01 3.081250000000000000e+01 -1.112500000000000000e+01 8.168750000000000000e+01
1.177000045776367188e+01 -3.720000028610229492e+00 6.920000076293945312e+00 -3.668750000000000000e+01 2.587500000000000000e+01 -2.956250000000000000e+01 5.031250000000000000e+01 -2.000000000000000000e+00 7.587500000000000000e+01
1.135000038146972656e+01 -3.079999923706054688e+00 7.039999961853027344e+00 -3.668750000000000000e+01 2.587500000000000000e+01 -2.956250000000000000e+01 6.625000000000000000e+01 8.187500000000000000e+00 6.887500000000000000e+01
1.084000015258789062e+01 -2.460000038146972656e+00 6.980000019073486328e+00 -3.668750000000000000e+01 2.587500000000000000e+01 -2.956250000000000000e+01 7.606250000000000000e+01 1.462500000000000000e+01 6.181250000000000000e+01
9.819999694824218750e+00 -1.230000019073486328e+00 7.059999942779541016e+00 -3.668750000000000000e+01 2.587500000000000000e+01 -2.956250000000000000e+01 7.775000000000000000e+01 1.800000000000000000e+01 5.381250000000000000e+01
9.460000038146972656e+00 -6.200000047683715820e-01 6.960000038146972656e+00 -3.668750000000000000e+01 2.587500000000000000e+01 -2.956250000000000000e+01 7.106250000000000000e+01 1.806250000000000000e+01 4.656250000000000000e+01
9.180000305175781250e+00 -1.899999976158142090e-01 6.860000133514404297e+00 -3.550000000000000000e+01 2.850000000000000000e+01 -2.906250000000000000e+01 5.631250000000000000e+01 1.606250000000000000e+01 4.106250000000000000e+01
9.069999694824218750e+00 -1.999999955296516418e-02 6.849999904632568359e+00 -3.550000000000000000e+01 2.850000000000000000e+01 -2.906250000000000000e+01 3.437500000000000000e+01 1.343750000000000000e+01 3.718750000000000000e+01
8.829999923706054688e+00 -2.399999946355819702e-01 6.769999980926513672e+00 -3.550000000000000000e+01 2.850000000000000000e+01 -2.906250000000000000e+01 9.812500000000000000e+00 1.137500000000000000e+01 3.418750000000000000e+01
8.539999961853027344e+00 -6.899999976158142090e-01 6.710000038146972656e+00 -3.550000000000000000e+01 2.850000000000000000e+01 -2.906250000000000000e+01 -1.362500000000000000e+01 1.031250000000000000e+01 3.193750000000000000e+01
8.159999847412109375e+00 -1.169999957084655762e+00 6.719999790191650391e+00 -3.550000000000000000e+01 2.850000000000000000e+01 -2.906250000000000000e+01 -3.400000000000000000e+01 9.875000000000000000e+00 2.937500000000000000e+01
7.849999904632568359e+00 -1.629999995231628418e+00 6.789999961853027344e+00 -3.406250000000000000e+01 2.737500000000000000e+01 -3.237500000000000000e+01 -4.862500000000000000e+01 9.687500000000000000e+00 2.556250000000000000e+01
7.119999885559082031e+00 -2.640000104904174805e+00 6.960000038146972656e+00 -3.406250000000000000e+01 2.737500000000000000e+01 -3.237500000000000000e+01 -5.712500000000000000e+01 9.500000000000000000e+00 2.150000000000000000e+01
6.829999923706054688e+00 -3.069999933242797852e+00 7.110000133514404297e+00 -3.406250000000000000e+01 2.737500000000000000e+01 -3.237500000000000000e+01 -5.981250000000000000e+01 1.006250000000000000e+01 1.656250000000000000e+01
6.690000057220458984e+00 -3.400000095367431641e+00 7.309999942779541016e+00 -3.406250000000000000e+01 2.737500000000000000e+01 -3.237500000000000000e+01 -5.762500000000000000e+01 1.206250000000000000e+01 1.050000000000000000e+01
5.820000171661376953e+00 -3.759999990463256836e+00 7.579999923706054688e+00 -3.406250000000000000e+01 2.737500000000000000e+01 -3.237500000000000000e+01 -5.131250000000000000e+01 1.600000000000000000e+01 4.312500000000000000e+00
5.349999904632568359e+00 -3.509999990463256836e+00 7.650000095367431641e+00 -3.368750000000000000e+01 2.956250000000000000e+01 -3.075000000000000000e+01 -4.287500000000000000e+01 2.112500000000000000e+01 -1.750000000000000000e+00
5.099999904632568359e+00 -3.150000095367431641e+00 7.659999847412109375e+00 -3.368750000000000000e+01 2.956250000000000000e+01 -3.075000000000000000e+01 -3.506250000000000000e+01 2.500000000000000000e+01 -5.062500000000000000e+00
4.909999847412109375e+00 -2.930000066757202148e+00 7.510000228881835938e+00 -3.368750000000000000e+01 2.956250000000000000e+01 -3.075000000000000000e+01 -3.162500000000000000e+01 2.818750000000000000e+01 -4.750000000000000000e+00
4.579999923706054688e+00 -3.079999923706054688e+00 7.500000000000000000e+00 -3.368750000000000000e+01 2.956250000000000000e+01 -3.075000000000000000e+01 -3.156250000000000000e+01 3.062500000000000000e+01 -1.875000000000000000e+00
4.400000095367431641e+00 -3.160000085830688477e+00 7.440000057220458984e+00 -3.368750000000000000e+01 2.956250000000000000e+01 -3.075000000000000000e+01 -3.118750000000000000e+01 3.218750000000000000e+01 2.125000000000000000e+00
4.199999809265136719e+00 -3.299999952316284180e+00 7.320000171661376953e+00 -3.218750000000000000e+01 3.150000000000000000e+01 -3.075000000000000000e+01 -2.912500000000000000e+01 3.337500000000000000e+01 6.312500000000000000e+00
3.990000009536743164e+00 -3.460000038146972656e+00 7.210000038146972656e+00 -3.218750000000000000e+01 3.150000000000000000e+01 -3.075000000000000000e+01 -2.406250000000000000e+01 3.487500000000000000e+01 9.437500000000000000e+00
3.420000076293945312e+00 -3.609999895095825195e+00 6.980000019073486328e+00 -3.218750000000000000e+01 3.150000000000000000e+01 -3.075000000000000000e+01 -1.587500000000000000e+01 3.606250000000000000e+01 1.125000000000000000e+01
2.940000057220458984e+00 -3.609999895095825195e+00 6.860000133514404297e+00 -3.218750000000000000e+01 3.150000000000000000e+01 -3.075000000000000000e+01 -5.062500000000000000e+00 3.531250000000000000e+01 1.100000000000000000e+01
2.529999971389770508e+00 -3.509999990463256836e+00 6.670000076293945312e+00 -3.218750000000000000e+01 3.150000000000000000e+01 -3.075000000000000000e+01 6.812500000000000000e+00 3.275000000000000000e+01 9.312500000000000000e+00
2.529999971389770508e+00 -3.509999990463256836e+00 6.670000076293945312e+00 -3.175000000000000000e+01 3.300000000000000000e+01 -3.075000000000000000e+01 1.887500000000000000e+01 2.787500000000000000e+01 6.000000000000000000e+00
1.980000019073486328e+00 -3.210000038146972656e+00 6.500000000000000000e+00 -3.175000000000000000e+01 3.300000000000000000e+01 -3.075000000000000000e+01 3.100000000000000000e+01 2.175000000000000000e+01 9.375000000000000000e-01
1.879999995231628418e+00 -2.809999942779541016e+00 6.519999980926513672e+00 -3.175000000000000000e+01 3.300000000000000000e+01 -3.075000000000000000e+01 4.200000000000000000e+01 1.406250000000000000e+01 -5.187500000000000000e+00
1.750000000000000000e+00 -2.539999961853027344e+00 6.530000209808349609e+00 -3.175000000000000000e+01 3.300000000000000000e+01 -3.075000000000000000e+01 4.968750000000000000e+01 5.375000000000000000e+00 -1.087500000000000000e+01
