4.010000228881835938e+00 -2.160000085830688477e+00 8.670000076293945312e+00 -4.275000000000000000e+01 2.168750000000000000e+01 -3.287500000000000000e+01 -1.875000000000000000e-01 1.875000000000000000e-01 -6.250000000000000000e-02
3.950000047683715820e+00 -2.140000104904174805e+00 8.619999885559082031e+00 -4.275000000000000000e+01 2.168750000000000000e+01 -3.287500000000000000e+01 1.875000000000000000e-01 3.125000000000000000e-01 -1.875000000000000000e-01
3.980000019073486328e+00 -2.150000095367431641e+00 8.640000343322753906e+00 -4.275000000000000000e+01 2.168750000000000000e+01 -3.287500000000000000e+01 1.250000000000000000e-01 3.125000000000000000e-01 -6.250000000000000000e-02
4.000000000000000000e+00 -2.190000057220458984e+00 8.640000343322753906e+00 -4.275000000000000000e+01 2.168750000000000000e+01 -3.287500000000000000e+01 3.125000000000000000e-01 3.125000000000000000e-01 -3.125000000000000000e-01
4.000000000000000000e+00 -2.259999990463256836e+00 8.579999923706054688e+00 -4.275000000000000000e+01 2.168750000000000000e+01 -3.287500000000000000e+01 5.625000000000000000e-01 4.375000000000000000e-01 -5.625000000000000000e-01
4.090000152587890625e+00 -2.390000104904174805e+00 8.630000114440917969e+00 -4.275000000000000000e+01 2.100000000000000000e+01 -3.537500000000000000e+01 7.500000000000000000e-01 6.875000000000000000e-01 -9.375000000000000000e-01
3.990000009536743164e+00 -2.519999980926513672e+00 8.560000419616699219e+00 -4.275000000000000000e+01 2.100000000000000000e+01 -3.537500000000000000e+01 1.312500000000000000e+00 1.812500000000000000e+00 -1.687500000000000000e+00
4.090000152587890625e+00 -2.759999990463256836e+00 8.550000190734863281e+00 -4.275000000000000000e+01 2.100000000000000000e+01 -3.537500000000000000e+01 2.125000000000000000e+00 2.875000000000000000e+00 -3.062500000000000000e+00
4.019999980926513672e+00 -2.640000104904174805e+00 8.579999923706054688e+00 -4.275000000000000000e+01 2.100000000000000000e+01 -3.537500000000000000e+01 3.562500000000000000e+00 4.000000000000000000e+00 -4.875000000000000000e+00
4.070000171661376953e+00 -2.460000038146972656e+00 8.689999580383300781e+00 -4.275000000000000000e+01 2.100000000000000000e+01 -3.537500000000000000e+01 4.562500000000000000e+00 5.062500000000000000e+00 -6.625000000000000000e+00
4.190000057220458984e+00 -2.470000028610229492e+00 8.789999961853027344e+00 -4.387500000000000000e+01 2.100000000000000000e+01 -3.418750000000000000e+01 5.687500000000000000e+00 6.812500000000000000e+00 -8.250000000000000000e+00
4.170000076293945312e+00 -2.529999971389770508e+00 8.649999618530273438e+00 -4.387500000000000000e+01 2.100000000000000000e+01 -3.418750000000000000e+01 6.750000000000000000e+00 8.625000000000000000e+00 -9.375000000000000000e+00
4.389999866485595703e+00 -2.900000095367431641e+00 8.760000228881835938e+00 -4.387500000000000000e+01 2.100000000000000000e+01 -3.418750000000000000e+01 8.437500000000000000e+00 1.025000000000000000e+01 -1.050000000000000000e+01
4.519999980926513672e+00 -3.349999904632568359e+00 8.600000381469726562e+00 -4.387500000000000000e+01 2.100000000000000000e+01 -3.418750000000000000e+01 9.937500000000000000e+00 1.306250000000000000e+01 -1.268750000000000000e+01
4.630000114440917969e+00 -3.789999961853027344e+00 8.789999961853027344e+00 -4.387500000000000000e+01 2.100000000000000000e+01 -3.418750000000000000e+01 1.487500000000000000e+01 1.700000000000000000e+01 -1.481250000000000000e+01
4.630000114440917969e+00 -3.839999914169311523e+00 9.029999732971191406e+00 -4.318750000000000000e+01 2.125000000000000000e+01 -3.256250000000000000e+01 2.475000000000000000e+01 2.050000000000000000e+01 -1.787500000000000000e+01
4.789999961853027344e+00 -3.920000076293945312e+00 9.090000152587890625e+00 -4.318750000000000000e+01 2.125000000000000000e+01 -3.256250000000000000e+01 3.706250000000000000e+01 2.400000000000000000e+01 -2.037500000000000000e+01
4.809999942779541016e+00 -4.059999942779541016e+00 8.979999542236328125e+00 -4.318750000000000000e+01 2.125000000000000000e+01 -3.256250000000000000e+01 5.118750000000000000e+01 2.893750000000000000e+01 -2.356250000000000000e+01
4.690000057220458984e+00 -4.079999923706054688e+00 9.050000190734863281e+00 -4.318750000000000000e+01 2.125000000000000000e+01 -3.256250000000000000e+01 6.656250000000000000e+01 3.475000000000000000e+01 -2.725000000000000000e+01
4.429999828338623047e+00 -3.359999895095825195e+00 8.989999771118164062e+00 -4.318750000000000000e+01 2.125000000000000000e+01 -3.256250000000000000e+01 8.100000000000000000e+01 3.868750000000000000e+01 -3.225000000000000000e+01
4.179999828338623047e+00 -3.089999914169311523e+00 8.989999771118164062e+00 -4.318750000000000000e+01 1.975000000000000000e+01 -3.500000000000000000e+01 9.412500000000000000e+01 4.275000000000000000e+01 -3.818750000000000000e+01
3.710000038146972656e+00 -2.309999942779541016e+00 9.310000419616699219e+00 -4.318750000000000000e+01 1.975000000000000000e+01 -3.500000000000000000e+01 1.045000000000000000e+02 4.643750000000000000e+01 -4.268750000000000000e+01
3.190000057220458984e+00 -1.440000057220458984e+00 9.199999809265136719e+00 -4.318750000000000000e+01 1.975000000000000000e+01 -3.500000000000000000e+01 1.116875000000000000e+02 4.518750000000000000e+01 -4.625000000000000000e+01
2.599999904632568359e+00 -3.100000023841857910e-01 9.340000152587890625e+00 -4.318750000000000000e+01 1.975000000000000000e+01 -3.500000000000000000e+01 1.147500000000000000e+02 4.093750000000000000e+01 -4.593750000000000000e+01
3.000000000000000000e+00 -4.900000095367431641e-01 9.239999771118164062e+00 -4.318750000000000000e+01 1.975000000000000000e+01 -3.500000000000000000e+01 1.137500000000000000e+02 3.418750000000000000e+01 -4.281250000000000000e+01
3.319999933242797852e+00 -8.199999928474426270e-01 9.029999732971191406e+00 -4.125000000000000000e+01 1.650000000000000000e+01 -3.737500000000000000e+01 1.120625000000000000e+02 3.006250000000000000e+01 -4.106250000000000000e+01
3.490000009536743164e+00 -1.049999952316284180e+00 9.060000419616699219e+00 -4.125000000000000000e+01 1.650000000000000000e+01 -3.737500000000000000e+01 1.115625000000000000e+02 2.837500000000000000e+01 -4.231250000000000000e+01
3.289999961853027344e+00 -4.699999988079071045e-01 8.770000457763671875e+00 -4.125000000000000000e+01 1.650000000000000000e+01 -3.737500000000000000e+01 1.166250000000000000e+02 2.956250000000000000e+01 -4.606250000000000000e+01
2.750000000000000000e+00 3.400000035762786865e-01 8.779999732971191406e+00 -4.125000000000000000e+01 1.650000000000000000e+01 -3.737500000000000000e+01 1.215625000000000000e+02 2.993750000000000000e+01 -4.793750000000000000e+01
2.589999914169311523e+00 9.599999785423278809e-01 8.609999656677246094e+00 -4.125000000000000000e+01 1.650000000000000000e+01 -3.737500000000000000e+01 1.238750000000000000e+02 2.850000000000000000e+01 -4.268750000000000000e+01
2.490000009536743164e+00 1.710000038146972656e+00 8.590000152587890625e+00 -4.100000000000000000e+01 1.056250000000000000e+01 -3.950000000000000000e+01 1.183750000000000000e+02 2.781250000000000000e+01 -3.412500000000000000e+01
2.339999914169311523e+00 1.610000014305114746e+00 8.710000038146972656e+00 -4.100000000000000000e+01 1.056250000000000000e+01 -3.950000000000000000e+01 1.065000000000000000e+02 2.525000000000000000e+01 -2.593750000000000000e+01
2.420000076293945312e+00 1.570000052452087402e+00 8.470000267028808594e+00 -4.100000000000000000e+01 1.056250000000000000e+01 -3.950000000000000000e+01 9.925000000000000000e+01 2.125000000000000000e+01 -1.993750000000000000e+01
2.839999914169311523e+00 2.059999942779541016e+00 8.609999656677246094e+00 -4.100000000000000000e+01 1.056250000000000000e+01 -3.950000000000000000e+01 9.612500000000000000e+01 2.087500000000000000e+01 -2.250000000000000000e+01
2.930000066757202148e+00 2.309999942779541016e+00 8.590000152587890625e+00 -4.100000000000000000e+01 1.056250000000000000e+01 -3.950000000000000000e+01 9.150000000000000000e+01 1.856250000000000000e+01 -2.606250000000000000e+01
3.059999942779541016e+00 2.150000095367431641e+00 8.600000381469726562e+00 -4.106250000000000000e+01 5.750000000000000000e+00 -4.187500000000000000e+01 8.806250000000000000e+01 1.812500000000000000e+01 -2.925000000000000000e+01
3.140000104904174805e+00 2.160000085830688477e+00 8.550000190734863281e+00 -4.106250000000000000e+01 5.750000000000000000e+00 -4.187500000000000000e+01 8.381250000000000000e+01 1.912500000000000000e+01 -2.900000000000000000e+01
3.069999933242797852e+00 2.170000076293945312e+00 8.619999885559082031e+00 -4.106250000000000000e+01 5.750000000000000000e+00 -4.187500000000000000e+01 8.100000000000000000e+01 2.112500000000000000e+01 -2.906250000000000000e+01
2.910000085830688477e+00 2.150000095367431641e+00 8.750000000000000000e+00 -4.106250000000000000e+01 5.750000000000000000e+00 -4.187500000000000000e+01 7.793750000000000000e+01 2.368750000000000000e+01 -2.775000000000000000e+01
2.779999971389770508e+00 2.240000009536743164e+00 8.760000228881835938e+00 -4.106250000000000000e+01 5.750000000000000000e+00 -4.187500000000000000e+01 7.600000000000000000e+01 2.531250000000000000e+01 -2.550000000000000000e+01
2.609999895095825195e+00 2.440000057220458984e+00 8.729999542236328125e+00 -4.068750000000000000e+01 1.250000000000000000e+00 -4.275000000000000000e+01 7.456250000000000000e+01 2.600000000000000000e+01 -2.325000000000000000e+01
2.549999952316284180e+00 2.650000095367431641e+00 8.800000190734863281e+00 -4.068750000000000000e+01 1.250000000000000000e+00 -4.275000000000000000e+01 7.287500000000000000e+01 2.562500000000000000e+01 -2.150000000000000000e+01
2.569999933242797852e+00 2.640000104904174805e+00 8.770000457763671875e+00 -4.068750000000000000e+01 1.250000000000000000e+00 -4.275000000000000000e+01 7.062500000000000000e+01 2.450000000000000000e+01 -1.981250000000000000e+01
2.549999952316284180e+00 2.650000095367431641e+00 8.710000038146972656e+00 -4.068750000000000000e+01 1.250000000000000000e+00 -4.275000000000000000e+01 6.862500000000000000e+01 2.468750000000000000e+01 -1.856250000000000000e+01
2.470000028610229492e+00 2.789999961853027344e+00 8.729999542236328125e+00 -4.068750000000000000e+01 1.250000000000000000e+00 -4.275000000000000000e+01 6.768750000000000000e+01 2.418750000000000000e+01 -1.712500000000000000e+01
2.440000057220458984e+00 3.119999885559082031e+00 8.569999694824218750e+00 -3.956250000000000000e+01 -2.375000000000000000e+00 -4.368750000000000000e+01 6.606250000000000000e+01 2.381250000000000000e+01 -1.575000000000000000e+01
2.130000114440917969e+00 3.490000009536743164e+00 8.449999809265136719e+00 -3.956250000000000000e+01 -2.375000000000000000e+00 -4.368750000000000000e+01 6.343750000000000000e+01 2.318750000000000000e+01 -1.468750000000000000e+01
1.830000042915344238e+00 3.759999990463256836e+00 8.340000152587890625e+00 -3.956250000000000000e+01 -2.375000000000000000e+00 -4.368750000000000000e+01 5.887500000000000000e+01 2.231250000000000000e+01 -1.387500000000000000e+01
1.139999985694885254e+00 4.289999961853027344e+00 8.430000305175781250e+00 -3.956250000000000000e+01 -2.375000000000000000e+00 -4.368750000000000000e+01 5.118750000000000000e+01 2.025000000000000000e+01 -1.400000000000000000e+01
1.529999971389770508e+00 4.250000000000000000e+00 8.430000305175781250e+00 -3.956250000000000000e+01 -2.375000000000000000e+00 -4.368750000000000000e+01 4.206250000000000000e+01 1.587500000000000000e+01 -1.387500000000000000e+01
2.109999895095825195e+00 4.139999866485595703e+00 8.510000228881835938e+00 -3.918750000000000000e+01 -6.000000000000000000e+00 -4.406250000000000000e+01 3.450000000000000000e+01 1.125000000000000000e+01 -1.218750000000000000e+01
2.460000038146972656e+00 3.900000095367431641e+00 8.569999694824218750e+00 -3.918750000000000000e+01 -6.000000000000000000e+00 -4.406250000000000000e+01 2.875000000000000000e+01 1.043750000000000000e+01 -9.625000000000000000e+00
2.089999914169311523e+00 3.779999971389770508e+00 8.630000114440917969e+00 -3.918750000000000000e+01 -6.000000000000000000e+00 -4.406250000000000000e+01 2.450000000000000000e+01 1.181250000000000000e+01 -7.500000000000000000e+00
1.970000028610229492e+00 3.839999914169311523e+00 8.680000305175781250e+00 -3.918750000000000000e+01 -6.000000000000000000e+00 -4.406250000000000000e+01 2.125000000000000000e+01 1.137500000000000000e+01 -5.750000000000000000e+00
1.820000052452087402e+00 3.940000057220458984e+00 8.630000114440917969e+00 -3.918750000000000000e+01 -6.000000000000000000e+00 -4.406250000000000000e+01 1.731250000000000000e+01 1.043750000000000000e+01 -5.000000000000000000e+00
1.820000052452087402e+00 4.090000152587890625e+00 8.550000190734863281e+00 -3.806250000000000000e+01 -8.250000000000000000e+00 -4.406250000000000000e+01 1.225000000000000000e+01 8.812500000000000000e+00 -3.750000000000000000e+00
1.870000004768371582e+00 3.930000066757202148e+00 8.600000381469726562e+00 -3.806250000000000000e+01 -8.250000000000000000e+00 -4.406250000000000000e+01 6.625000000000000000e+00 6.812500000000000000e+00 -2.312500000000000000e+00
1.870000004768371582e+00 3.880000114440917969e+00 8.649999618530273438e+00 -3.806250000000000000e+01 -8.250000000000000000e+00 -4.406250000000000000e+01 1.812500000000000000e+00 5.187500000000000000e+00 -1.125000000000000000e+00
1.940000057220458984e+00 3.799999952316284180e+00 8.670000076293945312e+00 -3.806250000000000000e+01 -8.250000000000000000e+00 -4.406250000000000000e+01 -1.812500000000000000e+00 3.250000000000000000e+00 1.250000000000000000e-01
2.019999980926513672e+00 3.569999933242797852e+00 8.760000228881835938e+00 -3.806250000000000000e+01 -8.250000000000000000e+00 -4.406250000000000000e+01 -4.937500000000000000e+00 1.375000000000000000e+00 1.750000000000000000e+00
1.929999947547912598e+00 3.500000000000000000e+00 8.810000419616699219e+00 -3.818750000000000000e+01 -8.250000000000000000e+00 -4.418750000000000000e+01 -7.062500000000000000e+00 2.500000000000000000e-01 2.687500000000000000e+00
1.960000038146972656e+00 3.529999971389770508e+00 8.779999732971191406e+00 -3.818750000000000000e+01 -8.250000000000000000e+00 -4.418750000000000000e+01 -9.062500000000000000e+00 -1.062500000000000000e+00 3.125000000000000000e+00
2.000000000000000000e+00 3.680000066757202148e+00 8.720000267028808594e+00 -3.818750000000000000e+01 -8.250000000000000000e+00 -4.418750000000000000e+01 -1.150000000000000000e+01 -2.375000000000000000e+00 3.937500000000000000e+00
1.909999966621398926e+00 4.010000228881835938e+00 8.539999961853027344e+00 -3.818750000000000000e+01 -8.250000000000000000e+00 -4.418750000000000000e+01 -1.493750000000000000e+01 -3.812500000000000000e+00 5.062500000000000000e+00
1.889999985694885254e+00 4.050000190734863281e+00 8.489999771118164062e+00 -3.818750000000000000e+01 -8.250000000000000000e+00 -4.418750000000000000e+01 -1.943750000000000000e+01 -4.812500000000000000e+00 6.687500000000000000e+00
1.860000014305114746e+00 4.110000133514404297e+00 8.510000228881835938e+00 -3.806250000000000000e+01 -8.562500000000000000e+00 -4.456250000000000000e+01 -2.512500000000000000e+01 -6.250000000000000000e+00 8.687500000000000000e+00
1.850000023841857910e+00 4.019999980926513672e+00 8.539999961853027344e+00 -3.806250000000000000e+01 -8.562500000000000000e+00 -4.456250000000000000e+01 -3.087500000000000000e+01 -7.812500000000000000e+00 1.100000000000000000e+01
2.029999971389770508e+00 3.440000057220458984e+00 8.600000381469726562e+00 -3.806250000000000000e+01 -8.562500000000000000e+00 -4.456250000000000000e+01 -3.637500000000000000e+01 -9.375000000000000000e+00 1.306250000000000000e+01
2.259999990463256836e+00 3.200000047683715820e+00 8.659999847412109375e+00 -3.806250000000000000e+01 -8.562500000000000000e+00 -4.456250000000000000e+01 -4.056250000000000000e+01 -1.112500000000000000e+01 1.381250000000000000e+01
2.289999961853027344e+00 3.180000066757202148e+00 8.659999847412109375e+00 -3.806250000000000000e+01 -8.562500000000000000e+00 -4.456250000000000000e+01 -4.331250000000000000e+01 -1.150000000000000000e+01 1.431250000000000000e+01
2.049999952316284180e+00 3.529999971389770508e+00 8.609999656677246094e+00 -3.768750000000000000e+01 -7.062500000000000000e+00 -4.456250000000000000e+01 -4.606250000000000000e+01 -1.175000000000000000e+01 1.550000000000000000e+01
1.799999952316284180e+00 3.660000085830688477e+00 8.659999847412109375e+00 -3.768750000000000000e+01 -7.062500000000000000e+00 -4.456250000000000000e+01 -5.037500000000000000e+01 -1.281250000000000000e+01 1.793750000000000000e+01
1.600000023841857910e+00 3.569999933242797852e+00 8.539999961853027344e+00 -3.768750000000000000e+01 -7.062500000000000000e+00 -4.456250000000000000e+01 -5.775000000000000000e+01 -1.487500000000000000e+01 2.050000000000000000e+01
1.509999990463256836e+00 3.309999942779541016e+00 8.520000457763671875e+00 -3.768750000000000000e+01 -7.062500000000000000e+00 -4.456250000000000000e+01 -6.631250000000000000e+01 -1.787500000000000000e+01 2.393750000000000000e+01
2.170000076293945312e+00 3.119999885559082031e+00 8.569999694824218750e+00 -3.768750000000000000e+01 -7.062500000000000000e+00 -4.456250000000000000e+01 -7.231250000000000000e+01 -2.187500000000000000e+01 2.681250000000000000e+01
2.150000095367431641e+00 3.240000009536743164e+00 8.829999923706054688e+00 -3.850000000000000000e+01 -4.875000000000000000e+00 -4.550000000000000000e+01 -7.906250000000000000e+01 -2.375000000000000000e+01 2.850000000000000000e+01
2.470000028610229492e+00 2.710000038146972656e+00 8.649999618530273438e+00 -3.850000000000000000e+01 -4.875000000000000000e+00 -4.550000000000000000e+01 -8.500000000000000000e+01 -2.481250000000000000e+01 3.143750000000000000e+01
2.529999971389770508e+00 2.309999942779541016e+00 8.750000000000000000e+00 -3.850000000000000000e+01 -4.875000000000000000e+00 -4.550000000000000000e+01 -8.800000000000000000e+01 -2.575000000000000000e+01 3.100000000000000000e+01
2.579999923706054688e+00 2.380000114440917969e+00 8.789999961853027344e+00 -3.850000000000000000e+01 -4.875000000000000000e+00 -4.550000000000000000e+01 -9.006250000000000000e+01 -2.662500000000000000e+01 2.943750000000000000e+01
2.539999961853027344e+00 2.500000000000000000e+00 8.770000457763671875e+00 -3.850000000000000000e+01 -4.875000000000000000e+00 -4.550000000000000000e+01 -9.200000000000000000e+01 -2.725000000000000000e+01 3.093750000000000000e+01
2.579999923706054688e+00 2.140000104904174805e+00 8.750000000000000000e+00 -3.956250000000000000e+01 -1.187500000000000000e+00 -4.418750000000000000e+01 -9.643750000000000000e+01 -2.768750000000000000e+01 3.368750000000000000e+01
2.880000114440917969e+00 1.450000047683715820e+00 8.680000305175781250e+00 -3.956250000000000000e+01 -1.187500000000000000e+00 -4.418750000000000000e+01 -1.012500000000000000e+02 -2.787500000000000000e+01 3.531250000000000000e+01
2.910000085830688477e+00 1.529999971389770508e+00 8.600000381469726562e+00 -3.956250000000000000e+01 -1.187500000000000000e+00 -4.418750000000000000e+01 -1.032500000000000000e+02 -2.856250000000000000e+01 3.550000000000000000e+01
2.559999942779541016e+00 1.779999971389770508e+00 8.479999542236328125e+00 -3.956250000000000000e+01 -1.187500000000000000e+00 -4.418750000000000000e+01 -1.055000000000000000e+02 -2.800000000000000000e+01 3.787500000000000000e+01
2.150000095367431641e+00 1.879999995231628418e+00 8.420000076293945312e+00 -3.956250000000000000e+01 -1.187500000000000000e+00 -4.418750000000000000e+01 -1.123750000000000000e+02 -2.756250000000000000e+01 4.118750000000000000e+01
1.850000023841857910e+00 1.919999957084655762e+00 8.140000343322753906e+00 -4.000000000000000000e+01 3.562500000000000000e+00 -4.175000000000000000e+01 -1.263125000000000000e+02 -2.931250000000000000e+01 4.562500000000000000e+01
1.899999976158142090e+00 2.980000019073486328e+00 8.600000381469726562e+00 -4.000000000000000000e+01 3.562500000000000000e+00 -4.175000000000000000e+01 -1.418125000000000000e+02 -3.281250000000000000e+01 4.981250000000000000e+01
1.919999957084655762e+00 2.599999904632568359e+00 7.730000019073486328e+00 -4.000000000000000000e+01 3.562500000000000000e+00 -4.175000000000000000e+01 -1.508125000000000000e+02 -4.037500000000000000e+01 5.762500000000000000e+01
2.259999990463256836e+00 2.369999885559082031e+00 7.960000038146972656e+00 -4.000000000000000000e+01 3.562500000000000000e+00 -4.175000000000000000e+01 -1.631875000000000000e+02 -4.437500000000000000e+01 6.481250000000000000e+01
2.759999990463256836e+00 7.699999809265136719e-01 8.710000038146972656e+00 -4.000000000000000000e+01 3.562500000000000000e+00 -4.175000000000000000e+01 -1.823750000000000000e+02 -4.843750000000000000e+01 6.731250000000000000e+01
2.839999914169311523e+00 -9.499999880790710449e-01 9.399999618530273438e+00 -4.150000000000000000e+01 8.062500000000000000e+00 -4.100000000000000000e+01 -1.990000000000000000e+02 -5.481250000000000000e+01 6.543750000000000000e+01
2.940000057220458984e+00 -2.799999952316284180e+00 9.510000228881835938e+00 -4.150000000000000000e+01 8.062500000000000000e+00 -4.100000000000000000e+01 -2.137500000000000000e+02 -5.943750000000000000e+01 6.468750000000000000e+01
3.759999990463256836e+00 -4.960000038146972656e+00 9.279999732971191406e+00 -4.150000000000000000e+01 8.062500000000000000e+00 -4.100000000000000000e+01 -2.050000000000000000e+02 -6.262500000000000000e+01 6.250000000000000000e+01
4.519999980926513672e+00 -5.880000114440917969e+00 9.560000419616699219e+00 -4.150000000000000000e+01 8.062500000000000000e+00 -4.100000000000000000e+01 -1.625000000000000000e+02 -5.975000000000000000e+01 5.968750000000000000e+01
6.449999809265136719e+00 -7.130000114440917969e+00 9.470000267028808594e+00 -4.150000000000000000e+01 8.062500000000000000e+00 -4.100000000000000000e+01 -1.114375000000000000e+02 -5.118750000000000000e+01 5.743750000000000000e+01
7.780000209808349609e+00 -9.060000419616699219e+00 8.850000381469726562e+00 -4.187500000000000000e+01 1.775000000000000000e+01 -3.725000000000000000e+01 -7.431250000000000000e+01 -3.962500000000000000e+01 5.287500000000000000e+01
6.019999980926513672e+00 -1.017000007629394531e+01 8.510000228881835938e+00 -4.187500000000000000e+01 1.775000000000000000e+01 -3.725000000000000000e+01 -4.862500000000000000e+01 -2.493750000000000000e+01 3.656250000000000000e+01
4.730000019073486328e+00 -6.210000038146972656e+00 8.250000000000000000e+00 -4.187500000000000000e+01 1.775000000000000000e+01 -3.725000000000000000e+01 -1.918750000000000000e+01 -1.556250000000000000e+01 9.250000000000000000e+00
4.030000209808349609e+00 -3.930000066757202148e+00 8.189999580383300781e+00 -4.187500000000000000e+01 1.775000000000000000e+01 -3.725000000000000000e+01 7.937500000000000000e+00 -1.050000000000000000e+01 4.812500000000000000e+00
3.700000047683715820e+00 -2.410000085830688477e+00 8.369999885559082031e+00 -4.187500000000000000e+01 1.775000000000000000e+01 -3.725000000000000000e+01 7.937500000000000000e+00 -7.312500000000000000e+00 3.000000000000000000e+00
