3.859999895095825195e+00 -2.480000019073486328e+00 8.609999656677246094e+00 -4.206250000000000000e+01 2.300000000000000000e+01 -3.518750000000000000e+01 6.250000000000000000e-02 -6.250000000000000000e-02 -1.250000000000000000e-01
3.890000104904174805e+00 -2.480000019073486328e+00 8.590000152587890625e+00 -4.206250000000000000e+01 2.300000000000000000e+01 -3.518750000000000000e+01 2.500000000000000000e-01 6.250000000000000000e-02 -1.875000000000000000e-01
3.869999885559082031e+00 -2.500000000000000000e+00 8.630000114440917969e+00 -4.206250000000000000e+01 2.300000000000000000e+01 -3.518750000000000000e+01 -6.250000000000000000e-02 -6.250000000000000000e-02 -1.875000000000000000e-01
3.890000104904174805e+00 -2.519999980926513672e+00 8.579999923706054688e+00 -4.206250000000000000e+01 2.300000000000000000e+01 -3.518750000000000000e+01 1.250000000000000000e-01 -1.250000000000000000e-01 -2.500000000000000000e-01
3.869999885559082031e+00 -2.509999990463256836e+00 8.630000114440917969e+00 -4.206250000000000000e+01 2.325000000000000000e+01 -3.350000000000000000e+01 3.750000000000000000e-01 -6.250000000000000000e-02 -3.125000000000000000e-01
3.859999895095825195e+00 -2.529999971389770508e+00 8.640000343322753906e+00 -4.206250000000000000e+01 2.325000000000000000e+01 -3.350000000000000000e+01 4.375000000000000000e-01 -1.250000000000000000e-01 -5.000000000000000000e-01
3.869999885559082031e+00 -2.509999990463256836e+00 8.579999923706054688e+00 -4.206250000000000000e+01 2.325000000000000000e+01 -3.350000000000000000e+01 5.000000000000000000e-01 -1.250000000000000000e-01 -6.875000000000000000e-01
3.869999885559082031e+00 -2.529999971389770508e+00 8.560000419616699219e+00 -4.206250000000000000e+01 2.325000000000000000e+01 -3.350000000000000000e+01 7.500000000000000000e-01 -1.250000000000000000e-01 -9.375000000000000000e-01
3.869999885559082031e+00 -2.549999952316284180e+00 8.579999923706054688e+00 -4.206250000000000000e+01 2.325000000000000000e+01 -3.350000000000000000e+01 9.375000000000000000e-01 -1.875000000000000000e-01 -1.125000000000000000e+00
3.890000104904174805e+00 -2.559999942779541016e+00 8.579999923706054688e+00 -4.287500000000000000e+01 2.256250000000000000e+01 -3.437500000000000000e+01 1.125000000000000000e+00 -3.125000000000000000e-01 -1.437500000000000000e+00
3.869999885559082031e+00 -2.609999895095825195e+00 8.590000152587890625e+00 -4.287500000000000000e+01 2.256250000000000000e+01 -3.437500000000000000e+01 1.437500000000000000e+00 -2.500000000000000000e-01 -1.937500000000000000e+00
3.849999904632568359e+00 -2.579999923706054688e+00 8.640000343322753906e+00 -4.287500000000000000e+01 2.256250000000000000e+01 -3.437500000000000000e+01 1.687500000000000000e+00 -7.500000000000000000e-01 -2.437500000000000000e+00
3.880000114440917969e+00 -2.509999990463256836e+00 8.659999847412109375e+00 -4.287500000000000000e+01 2.256250000000000000e+01 -3.437500000000000000e+01 2.062500000000000000e+00 -1.125000000000000000e+00 -2.750000000000000000e+00
3.890000104904174805e+00 -2.490000009536743164e+00 8.659999847412109375e+00 -4.287500000000000000e+01 2.256250000000000000e+01 -3.437500000000000000e+01 1.937500000000000000e+00 -1.312500000000000000e+00 -3.062500000000000000e+00
3.819999933242797852e+00 -2.519999980926513672e+00 8.659999847412109375e+00 -4.287500000000000000e+01 2.300000000000000000e+01 -3.437500000000000000e+01 2.000000000000000000e+00 -1.187500000000000000e+00 -3.187500000000000000e+00
3.630000114440917969e+00 -2.589999914169311523e+00 8.640000343322753906e+00 -4.287500000000000000e+01 2.300000000000000000e+01 -3.437500000000000000e+01 2.187500000000000000e+00 -1.937500000000000000e+00 -4.000000000000000000e+00
3.720000028610229492e+00 -2.809999942779541016e+00 8.770000457763671875e+00 -4.287500000000000000e+01 2.300000000000000000e+01 -3.437500000000000000e+01 2.187500000000000000e+00 -3.312500000000000000e+00 -5.125000000000000000e+00
3.750000000000000000e+00 -2.720000028610229492e+00 8.810000419616699219e+00 -4.287500000000000000e+01 2.300000000000000000e+01 -3.437500000000000000e+01 3.375000000000000000e+00 -3.937500000000000000e+00 -6.562500000000000000e+00
3.650000095367431641e+00 -2.559999942779541016e+00 8.779999732971191406e+00 -4.287500000000000000e+01 2.300000000000000000e+01 -3.437500000000000000e+01 3.500000000000000000e+00 -4.437500000000000000e+00 -8.000000000000000000e+00
3.220000028610229492e+00 -2.640000104904174805e+00 9.079999923706054688e+00 -4.237500000000000000e+01 2.325000000000000000e+01 -3.437500000000000000e+01 2.937500000000000000e+00 -5.312500000000000000e+00 -8.500000000000000000e+00
3.079999923706054688e+00 -2.630000114440917969e+00 9.010000228881835938e+00 -4.237500000000000000e+01 2.325000000000000000e+01 -3.437500000000000000e+01 2.000000000000000000e+00 -6.437500000000000000e+00 -9.812500000000000000e+00
2.650000095367431641e+00 -2.470000028610229492e+00 9.130000114440917969e+00 -4.237500000000000000e+01 2.325000000000000000e+01 -3.437500000000000000e+01 5.625000000000000000e-01 -7.062500000000000000e+00 -1.118750000000000000e+01
2.410000085830688477e+00 -2.650000095367431641e+00 9.199999809265136719e+00 -4.237500000000000000e+01 2.325000000000000000e+01 -3.437500000000000000e+01 -3.812500000000000000e+00 -5.937500000000000000e+00 -1.412500000000000000e+01
2.339999914169311523e+00 -2.849999904632568359e+00 9.310000419616699219e+00 -4.237500000000000000e+01 2.325000000000000000e+01 -3.437500000000000000e+01 -8.125000000000000000e+00 -6.875000000000000000e+00 -1.775000000000000000e+01
1.269999980926513672e+00 -3.049999952316284180e+00 9.670000076293945312e+00 -4.387500000000000000e+01 2.175000000000000000e+01 -3.400000000000000000e+01 -1.468750000000000000e+01 -2.437500000000000000e+00 -2.200000000000000000e+01
-4.099999964237213135e-01 -3.569999933242797852e+00 1.002000045776367188e+01 -4.387500000000000000e+01 2.175000000000000000e+01 -3.400000000000000000e+01 -2.281250000000000000e+01 4.750000000000000000e+00 -2.650000000000000000e+01
-8.700000047683715820e-01 -3.730000019073486328e+00 1.022999954223632812e+01 -4.387500000000000000e+01 2.175000000000000000e+01 -3.400000000000000000e+01 -2.931250000000000000e+01 3.250000000000000000e+00 -3.275000000000000000e+01
-9.700000286102294922e-01 -4.599999904632568359e+00 1.103999996185302734e+01 -4.387500000000000000e+01 2.175000000000000000e+01 -3.400000000000000000e+01 -3.431250000000000000e+01 3.125000000000000000e+00 -3.712500000000000000e+01
-2.670000076293945312e+00 -4.949999809265136719e+00 1.072000026702880859e+01 -4.387500000000000000e+01 2.175000000000000000e+01 -3.400000000000000000e+01 -3.600000000000000000e+01 1.256250000000000000e+01 -4.518750000000000000e+01
-1.840000033378601074e+00 -4.650000095367431641e+00 1.069999980926513672e+01 -4.318750000000000000e+01 2.150000000000000000e+01 -3.237500000000000000e+01 -3.031250000000000000e+01 1.031250000000000000e+01 -5.081250000000000000e+01
-1.799999952316284180e+00 -5.329999923706054688e+00 1.086999988555908203e+01 -4.318750000000000000e+01 2.150000000000000000e+01 -3.237500000000000000e+01 -2.818750000000000000e+01 1.556250000000000000e+01 -5.081250000000000000e+01
-1.940000057220458984e+00 -5.389999866485595703e+00 1.032999992370605469e+01 -4.318750000000000000e+01 2.150000000000000000e+01 -3.237500000000000000e+01 -2.550000000000000000e+01 1.668750000000000000e+01 -4.987500000000000000e+01
-1.350000023841857910e+00 -5.219999790191650391e+00 1.011999988555908203e+01 -4.318750000000000000e+01 2.150000000000000000e+01 -3.237500000000000000e+01 -1.756250000000000000e+01 1.400000000000000000e+01 -4.837500000000000000e+01
-1.009999990463256836e+00 -4.579999923706054688e+00 9.939999580383300781e+00 -4.318750000000000000e+01 2.150000000000000000e+01 -3.237500000000000000e+01 -1.156250000000000000e+01 8.250000000000000000e+00 -4.568750000000000000e+01
1.500000059604644775e-01 -3.759999990463256836e+00 9.850000381469726562e+00 -4.387500000000000000e+01 2.106250000000000000e+01 -3.268750000000000000e+01 -1.018750000000000000e+01 5.750000000000000000e+00 -4.043750000000000000e+01
4.499999880790710449e-01 -3.759999990463256836e+00 1.022999954223632812e+01 -4.387500000000000000e+01 2.106250000000000000e+01 -3.268750000000000000e+01 -1.418750000000000000e+01 7.437500000000000000e+00 -3.337500000000000000e+01
2.099999934434890747e-01 -4.039999961853027344e+00 9.390000343322753906e+00 -4.387500000000000000e+01 2.106250000000000000e+01 -3.268750000000000000e+01 -1.443750000000000000e+01 6.062500000000000000e+00 -2.725000000000000000e+01
2.390000104904174805e+00 -3.460000038146972656e+00 9.130000114440917969e+00 -4.387500000000000000e+01 2.106250000000000000e+01 -3.268750000000000000e+01 -8.312500000000000000e+00 2.500000000000000000e-01 -2.375000000000000000e+01
3.559999942779541016e+00 -2.990000009536743164e+00 9.130000114440917969e+00 -4.387500000000000000e+01 2.106250000000000000e+01 -3.268750000000000000e+01 -1.250000000000000000e-01 -1.562500000000000000e+00 -2.000000000000000000e+01
3.730000019073486328e+00 -1.970000028610229492e+00 8.789999961853027344e+00 -4.275000000000000000e+01 2.150000000000000000e+01 -3.237500000000000000e+01 5.687500000000000000e+00 8.125000000000000000e-01 -1.487500000000000000e+01
3.599999904632568359e+00 -1.409999966621398926e+00 8.579999923706054688e+00 -4.275000000000000000e+01 2.150000000000000000e+01 -3.237500000000000000e+01 2.625000000000000000e+00 1.250000000000000000e-01 -7.250000000000000000e+00
4.860000133514404297e+00 -1.990000009536743164e+00 8.550000190734863281e+00 -4.275000000000000000e+01 2.150000000000000000e+01 -3.237500000000000000e+01 -3.187500000000000000e+00 -2.500000000000000000e+00 1.437500000000000000e+00
4.949999809265136719e+00 -1.940000057220458984e+00 8.319999694824218750e+00 -4.275000000000000000e+01 2.150000000000000000e+01 -3.237500000000000000e+01 -4.250000000000000000e+00 -2.312500000000000000e+00 7.812500000000000000e+00
5.019999980926513672e+00 -1.809999942779541016e+00 8.390000343322753906e+00 -4.275000000000000000e+01 2.150000000000000000e+01 -3.237500000000000000e+01 -3.000000000000000000e+00 -2.500000000000000000e+00 1.300000000000000000e+01
5.070000171661376953e+00 -1.889999985694885254e+00 8.250000000000000000e+00 -4.237500000000000000e+01 2.025000000000000000e+01 -3.150000000000000000e+01 -2.250000000000000000e+00 -4.562500000000000000e+00 1.862500000000000000e+01
5.880000114440917969e+00 -1.509999990463256836e+00 8.140000343322753906e+00 -4.237500000000000000e+01 2.025000000000000000e+01 -3.150000000000000000e+01 -2.562500000000000000e+00 -6.562500000000000000e+00 2.493750000000000000e+01
6.309999942779541016e+00 -1.539999961853027344e+00 7.829999923706054688e+00 -4.237500000000000000e+01 2.025000000000000000e+01 -3.150000000000000000e+01 -5.000000000000000000e+00 -7.562500000000000000e+00 3.093750000000000000e+01
7.150000095367431641e+00 -1.590000033378601074e+00 7.679999828338623047e+00 -4.237500000000000000e+01 2.025000000000000000e+01 -3.150000000000000000e+01 -7.500000000000000000e+00 -8.437500000000000000e+00 3.600000000000000000e+01
8.130000114440917969e+00 -1.129999995231628418e+00 7.309999942779541016e+00 -4.237500000000000000e+01 2.025000000000000000e+01 -3.150000000000000000e+01 -9.000000000000000000e+00 -1.075000000000000000e+01 3.975000000000000000e+01
8.989999771118164062e+00 -1.379999995231628418e+00 7.260000228881835938e+00 -4.125000000000000000e+01 1.987500000000000000e+01 -3.068750000000000000e+01 -1.200000000000000000e+01 -1.387500000000000000e+01 4.381250000000000000e+01
9.750000000000000000e+00 -1.279999971389770508e+00 7.070000171661376953e+00 -4.125000000000000000e+01 1.987500000000000000e+01 -3.068750000000000000e+01 -1.337500000000000000e+01 -1.843750000000000000e+01 4.612500000000000000e+01
1.048999977111816406e+01 -1.320000052452087402e+00 7.000000000000000000e+00 -4.125000000000000000e+01 1.987500000000000000e+01 -3.068750000000000000e+01 -1.512500000000000000e+01 -2.181250000000000000e+01 4.818750000000000000e+01
1.265999984741210938e+01 -2.279999971389770508e+00 7.070000171661376953e+00 -4.125000000000000000e+01 1.987500000000000000e+01 -3.068750000000000000e+01 -1.550000000000000000e+01 -2.125000000000000000e+01 5.087500000000000000e+01
1.353999996185302734e+01 -2.579999923706054688e+00 7.050000190734863281e+00 -4.125000000000000000e+01 1.987500000000000000e+01 -3.068750000000000000e+01 -9.062500000000000000e+00 -1.512500000000000000e+01 5.181250000000000000e+01
1.402000045776367188e+01 -3.210000038146972656e+00 7.380000114440917969e+00 -4.125000000000000000e+01 2.206250000000000000e+01 -2.987500000000000000e+01 1.625000000000000000e+00 -4.125000000000000000e+00 5.175000000000000000e+01
1.400000000000000000e+01 -3.650000095367431641e+00 7.429999828338623047e+00 -4.125000000000000000e+01 2.206250000000000000e+01 -2.987500000000000000e+01 1.737500000000000000e+01 8.687500000000000000e+00 5.006250000000000000e+01
1.290999984741210938e+01 -3.250000000000000000e+00 7.409999847412109375e+00 -4.125000000000000000e+01 2.206250000000000000e+01 -2.987500000000000000e+01 3.600000000000000000e+01 2.225000000000000000e+01 4.681250000000000000e+01
1.205000019073486328e+01 -2.859999895095825195e+00 7.460000038146972656e+00 -4.125000000000000000e+01 2.206250000000000000e+01 -2.987500000000000000e+01 5.325000000000000000e+01 3.743750000000000000e+01 4.331250000000000000e+01
1.126000022888183594e+01 -2.480000019073486328e+00 7.429999828338623047e+00 -4.125000000000000000e+01 2.206250000000000000e+01 -2.987500000000000000e+01 6.518750000000000000e+01 4.937500000000000000e+01 3.975000000000000000e+01
8.779999732971191406e+00 -1.629999995231628418e+00 7.269999980926513672e+00 -4.125000000000000000e+01 2.287500000000000000e+01 -2.868750000000000000e+01 7.025000000000000000e+01 5.650000000000000000e+01 3.631250000000000000e+01
7.469999790191650391e+00 -1.299999952316284180e+00 7.349999904632568359e+00 -4.125000000000000000e+01 2.287500000000000000e+01 -2.868750000000000000e+01 6.787500000000000000e+01 5.837500000000000000e+01 3.312500000000000000e+01
6.590000152587890625e+00 -8.899999856948852539e-01 7.389999866485595703e+00 -4.125000000000000000e+01 2.287500000000000000e+01 -2.868750000000000000e+01 5.906250000000000000e+01 5.400000000000000000e+01 3.100000000000000000e+01
6.170000076293945312e+00 -6.600000262260437012e-01 7.389999866485595703e+00 -4.125000000000000000e+01 2.287500000000000000e+01 -2.868750000000000000e+01 4.350000000000000000e+01 4.706250000000000000e+01 3.087500000000000000e+01
5.019999980926513672e+00 -6.999999880790710449e-01 7.400000095367431641e+00 -4.125000000000000000e+01 2.287500000000000000e+01 -2.868750000000000000e+01 2.412500000000000000e+01 4.056250000000000000e+01 3.231250000000000000e+01
4.539999961853027344e+00 -1.039999961853027344e+00 7.480000019073486328e+00 -3.800000000000000000e+01 2.318750000000000000e+01 -3.187500000000000000e+01 4.750000000000000000e+00 3.456250000000000000e+01 3.406250000000000000e+01
4.369999885559082031e+00 -1.299999952316284180e+00 7.550000190734863281e+00 -3.800000000000000000e+01 2.318750000000000000e+01 -3.187500000000000000e+01 -1.131250000000000000e+01 2.800000000000000000e+01 3.437500000000000000e+01
4.380000114440917969e+00 -1.509999990463256836e+00 7.449999809265136719e+00 -3.800000000000000000e+01 2.318750000000000000e+01 -3.187500000000000000e+01 -2.287500000000000000e+01 2.231250000000000000e+01 3.337500000000000000e+01
4.219999790191650391e+00 -2.000000000000000000e+00 7.500000000000000000e+00 -3.800000000000000000e+01 2.318750000000000000e+01 -3.187500000000000000e+01 -3.068750000000000000e+01 1.768750000000000000e+01 3.175000000000000000e+01
4.219999790191650391e+00 -2.079999923706054688e+00 7.539999961853027344e+00 -3.800000000000000000e+01 2.318750000000000000e+01 -3.187500000000000000e+01 -3.412500000000000000e+01 1.412500000000000000e+01 2.868750000000000000e+01
4.239999771118164062e+00 -2.150000095367431641e+00 7.559999942779541016e+00 -3.687500000000000000e+01 2.387500000000000000e+01 -3.268750000000000000e+01 -3.406250000000000000e+01 1.131250000000000000e+01 2.506250000000000000e+01
4.440000057220458984e+00 -2.410000085830688477e+00 7.460000038146972656e+00 -3.687500000000000000e+01 2.387500000000000000e+01 -3.268750000000000000e+01 -3.112500000000000000e+01 1.018750000000000000e+01 2.106250000000000000e+01
4.460000038146972656e+00 -2.640000104904174805e+00 7.389999866485595703e+00 -3.687500000000000000e+01 2.387500000000000000e+01 -3.268750000000000000e+01 -2.443750000000000000e+01 1.150000000000000000e+01 1.581250000000000000e+01
4.400000095367431641e+00 -2.670000076293945312e+00 7.289999961853027344e+00 -3.687500000000000000e+01 2.387500000000000000e+01 -3.268750000000000000e+01 -1.381250000000000000e+01 1.431250000000000000e+01 9.062500000000000000e+00
4.329999923706054688e+00 -2.589999914169311523e+00 7.219999790191650391e+00 -3.687500000000000000e+01 2.387500000000000000e+01 -3.268750000000000000e+01 -9.375000000000000000e-01 1.637500000000000000e+01 1.562500000000000000e+00
3.650000095367431641e+00 -1.990000009536743164e+00 7.059999942779541016e+00 -3.568750000000000000e+01 2.575000000000000000e+01 -3.325000000000000000e+01 1.093750000000000000e+01 1.712500000000000000e+01 -5.875000000000000000e+00
3.380000114440917969e+00 -1.740000009536743164e+00 6.980000019073486328e+00 -3.568750000000000000e+01 2.575000000000000000e+01 -3.325000000000000000e+01 1.950000000000000000e+01 1.512500000000000000e+01 -1.275000000000000000e+01
3.240000009536743164e+00 -1.549999952316284180e+00 6.909999847412109375e+00 -3.568750000000000000e+01 2.575000000000000000e+01 -3.325000000000000000e+01 2.412500000000000000e+01 1.125000000000000000e+01 -1.843750000000000000e+01
3.210000038146972656e+00 -1.250000000000000000e+00 6.929999828338623047e+00 -3.568750000000000000e+01 2.575000000000000000e+01 -3.325000000000000000e+01 2.487500000000000000e+01 5.500000000000000000e+00 -2.256250000000000000e+01
3.269999980926513672e+00 -1.299999952316284180e-01 6.960000038146972656e+00 -3.568750000000000000e+01 2.575000000000000000e+01 -3.325000000000000000e+01 1.968750000000000000e+01 -9.375000000000000000e-01 -2.343750000000000000e+01
3.519999980926513672e+00 -7.000000029802322388e-02 6.980000019073486328e+00 -3.500000000000000000e+01 2.618750000000000000e+01 -3.406250000000000000e+01 7.750000000000000000e+00 -7.187500000000000000e+00 -2.062500000000000000e+01
3.569999933242797852e+00 -3.899999856948852539e-01 6.989999771118164062e+00 -3.500000000000000000e+01 2.618750000000000000e+01 -3.406250000000000000e+01 -6.687500000000000000e+00 -1.300000000000000000e+01 -1.687500000000000000e+01
2.880000114440917969e+00 -1.370000004768371582e+00 6.820000171661376953e+00 -3.500000000000000000e+01 2.618750000000000000e+01 -3.406250000000000000e+01 -1.718750000000000000e+01 -1.862500000000000000e+01 -1.425000000000000000e+01
2.829999923706054688e+00 -1.779999971389770508e+00 6.789999961853027344e+00 -3.500000000000000000e+01 2.618750000000000000e+01 -3.406250000000000000e+01 -2.118750000000000000e+01 -2.487500000000000000e+01 -1.331250000000000000e+01
2.880000114440917969e+00 -2.170000076293945312e+00 6.820000171661376953e+00 -3.500000000000000000e+01 2.618750000000000000e+01 -3.406250000000000000e+01 -1.893750000000000000e+01 -3.137500000000000000e+01 -1.418750000000000000e+01
2.859999895095825195e+00 -2.529999971389770508e+00 6.900000095367431641e+00 -3.606250000000000000e+01 2.468750000000000000e+01 -3.406250000000000000e+01 -1.206250000000000000e+01 -3.731250000000000000e+01 -1.587500000000000000e+01
3.000000000000000000e+00 -3.109999895095825195e+00 7.219999790191650391e+00 -3.606250000000000000e+01 2.468750000000000000e+01 -3.406250000000000000e+01 -1.062500000000000000e+00 -4.206250000000000000e+01 -1.831250000000000000e+01
3.039999961853027344e+00 -3.130000114440917969e+00 7.389999866485595703e+00 -3.606250000000000000e+01 2.468750000000000000e+01 -3.406250000000000000e+01 1.256250000000000000e+01 -4.443750000000000000e+01 -2.068750000000000000e+01
2.960000038146972656e+00 -2.990000009536743164e+00 7.539999961853027344e+00 -3.606250000000000000e+01 2.468750000000000000e+01 -3.406250000000000000e+01 2.650000000000000000e+01 -4.506250000000000000e+01 -2.243750000000000000e+01
2.690000057220458984e+00 -2.809999942779541016e+00 7.679999828338623047e+00 -3.606250000000000000e+01 2.468750000000000000e+01 -3.406250000000000000e+01 3.762500000000000000e+01 -4.493750000000000000e+01 -2.437500000000000000e+01
2.380000114440917969e+00 -1.820000052452087402e+00 7.730000019073486328e+00 -3.837500000000000000e+01 2.468750000000000000e+01 -3.250000000000000000e+01 4.443750000000000000e+01 -4.550000000000000000e+01 -2.550000000000000000e+01
2.089999914169311523e+00 -1.220000028610229492e+00 7.719999790191650391e+00 -3.837500000000000000e+01 2.468750000000000000e+01 -3.250000000000000000e+01 4.443750000000000000e+01 -4.600000000000000000e+01 -2.525000000000000000e+01
1.830000042915344238e+00 -8.299999833106994629e-01 7.789999961853027344e+00 -3.837500000000000000e+01 2.468750000000000000e+01 -3.250000000000000000e+01 3.743750000000000000e+01 -4.787500000000000000e+01 -2.406250000000000000e+01
1.389999985694885254e+00 -1.000000000000000000e+00 7.809999942779541016e+00 -3.837500000000000000e+01 2.468750000000000000e+01 -3.250000000000000000e+01 2.668750000000000000e+01 -5.075000000000000000e+01 -2.293750000000000000e+01
1.230000019073486328e+00 -1.360000014305114746e+00 7.949999809265136719e+00 -3.837500000000000000e+01 2.468750000000000000e+01 -3.250000000000000000e+01 1.718750000000000000e+01 -5.325000000000000000e+01 -2.400000000000000000e+01
1.080000042915344238e+00 -1.539999961853027344e+00 7.989999771118164062e+00 -4.018750000000000000e+01 2.387500000000000000e+01 -3.325000000000000000e+01 1.168750000000000000e+01 -5.543750000000000000e+01 -2.768750000000000000e+01
8.799999952316284180e-01 -1.519999980926513672e+00 8.159999847412109375e+00 -4.018750000000000000e+01 2.387500000000000000e+01 -3.325000000000000000e+01 9.312500000000000000e+00 -5.762500000000000000e+01 -3.362500000000000000e+01
1.129999995231628418e+00 -1.529999971389770508e+00 8.649999618530273438e+00 -4.018750000000000000e+01 2.387500000000000000e+01 -3.325000000000000000e+01 8.000000000000000000e+00 -5.968750000000000000e+01 -4.000000000000000000e+01
1.269999980926513672e+00 -1.730000019073486328e+00 8.989999771118164062e+00 -4.018750000000000000e+01 2.387500000000000000e+01 -3.325000000000000000e+01 7.312500000000000000e+00 -6.031250000000000000e+01 -4.762500000000000000e+01
1.580000042915344238e+00 -1.350000023841857910e+00 9.000000000000000000e+00 -4.018750000000000000e+01 2.387500000000000000e+01 -3.325000000000000000e+01 5.687500000000000000e+00 -5.887500000000000000e+01 -5.637500000000000000e+01
2.279999971389770508e+00 -1.000000000000000000e+00 9.369999885559082031e+00 -4.318750000000000000e+01 2.287500000000000000e+01 -3.156250000000000000e+01 -1.250000000000000000e+00 -4.981250000000000000e+01 -6.056250000000000000e+01
