3.390000104904174805e+00 -3.369999885559082031e+00 8.600000381469726562e+00 -3.987500000000000000e+01 2.756250000000000000e+01 -3.400000000000000000e+01 -8.750000000000000000e-01 -2.500000000000000000e-01 1.875000000000000000e-01
3.309999942779541016e+00 -3.220000028610229492e+00 8.640000343322753906e+00 -3.987500000000000000e+01 2.756250000000000000e+01 -3.400000000000000000e+01 -1.937500000000000000e+00 -7.500000000000000000e-01 5.000000000000000000e-01
3.339999914169311523e+00 -3.460000038146972656e+00 8.590000152587890625e+00 -3.987500000000000000e+01 2.756250000000000000e+01 -3.400000000000000000e+01 -4.125000000000000000e+00 -1.562500000000000000e+00 9.375000000000000000e-01
3.400000095367431641e+00 -3.519999980926513672e+00 8.800000190734863281e+00 -3.987500000000000000e+01 2.756250000000000000e+01 -3.400000000000000000e+01 -6.437500000000000000e+00 -2.687500000000000000e+00 1.375000000000000000e+00
3.410000085830688477e+00 -3.079999923706054688e+00 9.079999923706054688e+00 -3.987500000000000000e+01 2.756250000000000000e+01 -3.400000000000000000e+01 -9.000000000000000000e+00 -4.500000000000000000e+00 1.437500000000000000e+00
3.279999971389770508e+00 -2.150000095367431641e+00 9.550000190734863281e+00 -3.906250000000000000e+01 2.756250000000000000e+01 -3.568750000000000000e+01 -1.306250000000000000e+01 -7.187500000000000000e+00 2.687500000000000000e+00
3.400000095367431641e+00 -2.069999933242797852e+00 9.859999656677246094e+00 -3.906250000000000000e+01 2.756250000000000000e+01 -3.568750000000000000e+01 -2.050000000000000000e+01 -1.093750000000000000e+01 5.625000000000000000e+00
3.710000038146972656e+00 -1.879999995231628418e+00 9.760000228881835938e+00 -3.906250000000000000e+01 2.756250000000000000e+01 -3.568750000000000000e+01 -3.212500000000000000e+01 -1.606250000000000000e+01 1.025000000000000000e+01
4.019999980926513672e+00 -1.740000009536743164e+00 9.869999885559082031e+00 -3.906250000000000000e+01 2.756250000000000000e+01 -3.568750000000000000e+01 -4.856250000000000000e+01 -2.143750000000000000e+01 1.581250000000000000e+01
4.590000152587890625e+00 -2.579999923706054688e+00 9.220000267028808594e+00 -3.906250000000000000e+01 2.756250000000000000e+01 -3.568750000000000000e+01 -6.356250000000000000e+01 -2.356250000000000000e+01 2.293750000000000000e+01
4.130000114440917969e+00 -2.940000057220458984e+00 8.880000114440917969e+00 -3.987500000000000000e+01 2.800000000000000000e+01 -3.400000000000000000e+01 -7.918750000000000000e+01 -2.206250000000000000e+01 2.893750000000000000e+01
3.230000019073486328e+00 -3.359999895095825195e+00 8.439999580383300781e+00 -3.987500000000000000e+01 2.800000000000000000e+01 -3.400000000000000000e+01 -9.043750000000000000e+01 -1.806250000000000000e+01 3.375000000000000000e+01
2.720000028610229492e+00 -3.500000000000000000e+00 7.920000076293945312e+00 -3.987500000000000000e+01 2.800000000000000000e+01 -3.400000000000000000e+01 -9.287500000000000000e+01 -1.681250000000000000e+01 3.593750000000000000e+01
2.910000085830688477e+00 -3.640000104904174805e+00 8.060000419616699219e+00 -3.987500000000000000e+01 2.800000000000000000e+01 -3.400000000000000000e+01 -9.237500000000000000e+01 -2.081250000000000000e+01 3.675000000000000000e+01
3.490000009536743164e+00 -3.910000085830688477e+00 8.289999961853027344e+00 -3.987500000000000000e+01 2.800000000000000000e+01 -3.400000000000000000e+01 -9.493750000000000000e+01 -2.518750000000000000e+01 3.756250000000000000e+01
3.849999904632568359e+00 -3.920000076293945312e+00 8.149999618530273438e+00 -3.868750000000000000e+01 3.168750000000000000e+01 -3.118750000000000000e+01 -1.007500000000000000e+02 -2.812500000000000000e+01 4.037500000000000000e+01
3.079999923706054688e+00 -3.660000085830688477e+00 8.060000419616699219e+00 -3.868750000000000000e+01 3.168750000000000000e+01 -3.118750000000000000e+01 -1.033750000000000000e+02 -2.675000000000000000e+01 4.312500000000000000e+01
3.019999980926513672e+00 -3.759999990463256836e+00 8.170000076293945312e+00 -3.868750000000000000e+01 3.168750000000000000e+01 -3.118750000000000000e+01 -1.081875000000000000e+02 -2.675000000000000000e+01 4.556250000000000000e+01
2.720000028610229492e+00 -3.849999904632568359e+00 8.270000457763671875e+00 -3.868750000000000000e+01 3.168750000000000000e+01 -3.118750000000000000e+01 -1.148125000000000000e+02 -2.981250000000000000e+01 4.993750000000000000e+01
2.859999895095825195e+00 -3.450000047683715820e+00 8.350000381469726562e+00 -3.868750000000000000e+01 3.168750000000000000e+01 -3.118750000000000000e+01 -1.211250000000000000e+02 -3.512500000000000000e+01 5.356250000000000000e+01
3.299999952316284180e+00 -3.069999933242797852e+00 8.319999694824218750e+00 -3.800000000000000000e+01 3.425000000000000000e+01 -2.825000000000000000e+01 -1.326875000000000000e+02 -4.118750000000000000e+01 5.725000000000000000e+01
3.549999952316284180e+00 -3.059999942779541016e+00 8.090000152587890625e+00 -3.800000000000000000e+01 3.425000000000000000e+01 -2.825000000000000000e+01 -1.501250000000000000e+02 -4.581250000000000000e+01 6.143750000000000000e+01
3.329999923706054688e+00 -3.390000104904174805e+00 7.739999771118164062e+00 -3.800000000000000000e+01 3.425000000000000000e+01 -2.825000000000000000e+01 -1.703125000000000000e+02 -4.731250000000000000e+01 6.650000000000000000e+01
2.900000095367431641e+00 -4.480000019073486328e+00 6.719999790191650391e+00 -3.800000000000000000e+01 3.425000000000000000e+01 -2.825000000000000000e+01 -1.883750000000000000e+02 -4.737500000000000000e+01 7.100000000000000000e+01
2.910000085830688477e+00 -5.150000095367431641e+00 5.929999828338623047e+00 -3.800000000000000000e+01 3.425000000000000000e+01 -2.825000000000000000e+01 -2.023125000000000000e+02 -4.787500000000000000e+01 7.456250000000000000e+01
3.140000104904174805e+00 -6.440000057220458984e+00 5.230000019073486328e+00 -3.800000000000000000e+01 3.987500000000000000e+01 -2.218750000000000000e+01 -2.146875000000000000e+02 -5.018750000000000000e+01 7.668750000000000000e+01
3.390000104904174805e+00 -7.909999847412109375e+00 3.869999885559082031e+00 -3.800000000000000000e+01 3.987500000000000000e+01 -2.218750000000000000e+01 -2.207500000000000000e+02 -5.068750000000000000e+01 7.375000000000000000e+01
3.150000095367431641e+00 -1.147000026702880859e+01 9.700000286102294922e-01 -3.800000000000000000e+01 3.987500000000000000e+01 -2.218750000000000000e+01 -2.120625000000000000e+02 -4.606250000000000000e+01 6.268750000000000000e+01
3.059999942779541016e+00 -1.280000019073486328e+01 5.000000074505805969e-02 -3.800000000000000000e+01 3.987500000000000000e+01 -2.218750000000000000e+01 -1.892500000000000000e+02 -3.800000000000000000e+01 4.518750000000000000e+01
2.759999990463256836e+00 -1.330000019073486328e+01 -9.000000357627868652e-02 -3.800000000000000000e+01 3.987500000000000000e+01 -2.218750000000000000e+01 -1.488750000000000000e+02 -2.612500000000000000e+01 2.393750000000000000e+01
2.769999980926513672e+00 -1.336999988555908203e+01 4.399999976158142090e-01 -3.506250000000000000e+01 4.468750000000000000e+01 -1.356250000000000000e+01 -1.003125000000000000e+02 -1.650000000000000000e+01 3.187500000000000000e+00
3.359999895095825195e+00 -1.221000003814697266e+01 2.799999952316284180e+00 -3.506250000000000000e+01 4.468750000000000000e+01 -1.356250000000000000e+01 -5.581250000000000000e+01 -1.093750000000000000e+01 -9.062500000000000000e+00
3.359999895095825195e+00 -9.140000343322753906e+00 3.630000114440917969e+00 -3.506250000000000000e+01 4.468750000000000000e+01 -1.356250000000000000e+01 -2.231250000000000000e+01 -8.125000000000000000e+00 -9.375000000000000000e-01
3.299999952316284180e+00 -7.400000095367431641e+00 5.030000209808349609e+00 -3.506250000000000000e+01 4.468750000000000000e+01 -1.356250000000000000e+01 2.000000000000000000e+00 -4.750000000000000000e+00 5.625000000000000000e+00
3.670000076293945312e+00 -5.929999828338623047e+00 6.389999866485595703e+00 -3.506250000000000000e+01 4.468750000000000000e+01 -1.356250000000000000e+01 6.250000000000000000e+00 -3.250000000000000000e+00 2.375000000000000000e+00
3.319999933242797852e+00 -6.260000228881835938e+00 6.210000038146972656e+00 -3.506250000000000000e+01 4.656250000000000000e+01 -9.500000000000000000e+00 -1.250000000000000000e+00 -2.562500000000000000e+00 2.875000000000000000e+00
3.250000000000000000e+00 -7.000000000000000000e+00 5.690000057220458984e+00 -3.506250000000000000e+01 4.656250000000000000e+01 -9.500000000000000000e+00 -1.487500000000000000e+01 -2.750000000000000000e+00 4.500000000000000000e+00
3.200000047683715820e+00 -7.650000095367431641e+00 5.099999904632568359e+00 -3.506250000000000000e+01 4.656250000000000000e+01 -9.500000000000000000e+00 -2.512500000000000000e+01 -4.750000000000000000e+00 6.375000000000000000e+00
3.609999895095825195e+00 -8.710000038146972656e+00 4.280000209808349609e+00 -3.506250000000000000e+01 4.656250000000000000e+01 -9.500000000000000000e+00 -2.893750000000000000e+01 -6.625000000000000000e+00 7.187500000000000000e+00
3.460000038146972656e+00 -8.970000267028808594e+00 4.019999980926513672e+00 -3.506250000000000000e+01 4.656250000000000000e+01 -9.500000000000000000e+00 -2.743750000000000000e+01 -6.500000000000000000e+00 6.812500000000000000e+00
3.309999942779541016e+00 -9.029999732971191406e+00 3.950000047683715820e+00 -3.468750000000000000e+01 4.687500000000000000e+01 -9.062500000000000000e+00 -2.200000000000000000e+01 -4.562500000000000000e+00 5.687500000000000000e+00
3.380000114440917969e+00 -8.949999809265136719e+00 4.050000190734863281e+00 -3.468750000000000000e+01 4.687500000000000000e+01 -9.062500000000000000e+00 -1.406250000000000000e+01 -2.375000000000000000e+00 3.687500000000000000e+00
3.400000095367431641e+00 -8.430000305175781250e+00 4.449999809265136719e+00 -3.468750000000000000e+01 4.687500000000000000e+01 -9.062500000000000000e+00 -6.250000000000000000e+00 -1.250000000000000000e+00 2.000000000000000000e+00
3.440000057220458984e+00 -8.199999809265136719e+00 4.650000095367431641e+00 -3.468750000000000000e+01 4.687500000000000000e+01 -9.062500000000000000e+00 -4.375000000000000000e-01 1.250000000000000000e-01 7.500000000000000000e-01
3.420000076293945312e+00 -7.949999809265136719e+00 4.809999942779541016e+00 -3.468750000000000000e+01 4.687500000000000000e+01 -9.062500000000000000e+00 2.375000000000000000e+00 9.375000000000000000e-01 6.250000000000000000e-02
3.279999971389770508e+00 -7.860000133514404297e+00 4.880000114440917969e+00 -3.387500000000000000e+01 4.750000000000000000e+01 -7.500000000000000000e+00 3.500000000000000000e+00 1.875000000000000000e+00 -3.750000000000000000e-01
3.180000066757202148e+00 -7.960000038146972656e+00 4.800000190734863281e+00 -3.387500000000000000e+01 4.750000000000000000e+01 -7.500000000000000000e+00 3.250000000000000000e+00 2.000000000000000000e+00 -3.750000000000000000e-01
3.259999990463256836e+00 -8.069999694824218750e+00 4.730000019073486328e+00 -3.387500000000000000e+01 4.750000000000000000e+01 -7.500000000000000000e+00 3.125000000000000000e+00 1.562500000000000000e+00 -5.625000000000000000e-01
3.329999923706054688e+00 -8.109999656677246094e+00 4.690000057220458984e+00 -3.387500000000000000e+01 4.750000000000000000e+01 -7.500000000000000000e+00 3.875000000000000000e+00 8.750000000000000000e-01 -9.375000000000000000e-01
3.349999904632568359e+00 -8.180000305175781250e+00 4.690000057220458984e+00 -3.387500000000000000e+01 4.750000000000000000e+01 -7.500000000000000000e+00 5.375000000000000000e+00 1.125000000000000000e+00 -1.250000000000000000e+00
3.400000095367431641e+00 -8.140000343322753906e+00 4.710000038146972656e+00 -3.468750000000000000e+01 4.718750000000000000e+01 -9.062500000000000000e+00 6.812500000000000000e+00 1.375000000000000000e+00 -1.687500000000000000e+00
3.369999885559082031e+00 -8.130000114440917969e+00 4.750000000000000000e+00 -3.468750000000000000e+01 4.718750000000000000e+01 -9.062500000000000000e+00 8.500000000000000000e+00 1.750000000000000000e+00 -1.937500000000000000e+00
3.470000028610229492e+00 -8.090000152587890625e+00 4.780000209808349609e+00 -3.468750000000000000e+01 4.718750000000000000e+01 -9.062500000000000000e+00 9.812500000000000000e+00 2.250000000000000000e+00 -2.500000000000000000e+00
3.359999895095825195e+00 -7.989999771118164062e+00 4.829999923706054688e+00 -3.468750000000000000e+01 4.718750000000000000e+01 -9.062500000000000000e+00 1.062500000000000000e+01 2.687500000000000000e+00 -2.562500000000000000e+00
3.339999914169311523e+00 -8.010000228881835938e+00 4.860000133514404297e+00 -3.468750000000000000e+01 4.718750000000000000e+01 -9.062500000000000000e+00 1.131250000000000000e+01 2.875000000000000000e+00 -2.812500000000000000e+00
3.349999904632568359e+00 -8.039999961853027344e+00 4.809999942779541016e+00 -3.375000000000000000e+01 4.718750000000000000e+01 -8.687500000000000000e+00 1.187500000000000000e+01 3.125000000000000000e+00 -3.250000000000000000e+00
3.349999904632568359e+00 -8.000000000000000000e+00 4.789999961853027344e+00 -3.375000000000000000e+01 4.718750000000000000e+01 -8.687500000000000000e+00 1.281250000000000000e+01 3.375000000000000000e+00 -3.562500000000000000e+00
3.309999942779541016e+00 -8.050000190734863281e+00 4.780000209808349609e+00 -3.375000000000000000e+01 4.718750000000000000e+01 -8.687500000000000000e+00 1.456250000000000000e+01 3.750000000000000000e+00 -3.812500000000000000e+00
3.309999942779541016e+00 -8.109999656677246094e+00 4.769999980926513672e+00 -3.375000000000000000e+01 4.718750000000000000e+01 -8.687500000000000000e+00 1.643750000000000000e+01 4.500000000000000000e+00 -4.250000000000000000e+00
3.250000000000000000e+00 -8.090000152587890625e+00 4.710000038146972656e+00 -3.375000000000000000e+01 4.718750000000000000e+01 -8.687500000000000000e+00 1.875000000000000000e+01 5.000000000000000000e+00 -5.125000000000000000e+00
3.339999914169311523e+00 -8.029999732971191406e+00 4.809999942779541016e+00 -3.350000000000000000e+01 4.625000000000000000e+01 -9.500000000000000000e+00 2.175000000000000000e+01 5.187500000000000000e+00 -5.750000000000000000e+00
3.359999895095825195e+00 -8.029999732971191406e+00 4.829999923706054688e+00 -3.350000000000000000e+01 4.625000000000000000e+01 -9.500000000000000000e+00 2.475000000000000000e+01 5.250000000000000000e+00 -6.437500000000000000e+00
3.299999952316284180e+00 -8.020000457763671875e+00 4.809999942779541016e+00 -3.350000000000000000e+01 4.625000000000000000e+01 -9.500000000000000000e+00 2.800000000000000000e+01 5.937500000000000000e+00 -7.250000000000000000e+00
3.319999933242797852e+00 -8.069999694824218750e+00 4.769999980926513672e+00 -3.350000000000000000e+01 4.625000000000000000e+01 -9.500000000000000000e+00 3.156250000000000000e+01 7.125000000000000000e+00 -8.250000000000000000e+00
3.450000047683715820e+00 -8.199999809265136719e+00 4.900000095367431641e+00 -3.350000000000000000e+01 4.625000000000000000e+01 -9.500000000000000000e+00 3.575000000000000000e+01 8.000000000000000000e+00 -9.250000000000000000e+00
3.710000038146972656e+00 -8.060000419616699219e+00 4.989999771118164062e+00 -3.500000000000000000e+01 4.625000000000000000e+01 -1.025000000000000000e+01 4.000000000000000000e+01 8.750000000000000000e+00 -1.031250000000000000e+01
3.650000095367431641e+00 -7.960000038146972656e+00 5.050000190734863281e+00 -3.500000000000000000e+01 4.625000000000000000e+01 -1.025000000000000000e+01 4.337500000000000000e+01 9.312500000000000000e+00 -1.075000000000000000e+01
3.450000047683715820e+00 -8.060000419616699219e+00 5.179999828338623047e+00 -3.500000000000000000e+01 4.625000000000000000e+01 -1.025000000000000000e+01 4.656250000000000000e+01 1.150000000000000000e+01 -1.162500000000000000e+01
3.690000057220458984e+00 -7.960000038146972656e+00 5.210000038146972656e+00 -3.500000000000000000e+01 4.625000000000000000e+01 -1.025000000000000000e+01 5.025000000000000000e+01 1.312500000000000000e+01 -1.325000000000000000e+01
3.630000114440917969e+00 -7.780000209808349609e+00 5.280000209808349609e+00 -3.500000000000000000e+01 4.625000000000000000e+01 -1.025000000000000000e+01 5.275000000000000000e+01 1.337500000000000000e+01 -1.387500000000000000e+01
3.450000047683715820e+00 -7.769999980926513672e+00 5.320000171661376953e+00 -3.525000000000000000e+01 4.518750000000000000e+01 -1.200000000000000000e+01 5.568750000000000000e+01 1.506250000000000000e+01 -1.462500000000000000e+01
3.349999904632568359e+00 -7.849999904632568359e+00 5.179999828338623047e+00 -3.525000000000000000e+01 4.518750000000000000e+01 -1.200000000000000000e+01 5.906250000000000000e+01 1.637500000000000000e+01 -1.587500000000000000e+01
3.329999923706054688e+00 -7.920000076293945312e+00 5.079999923706054688e+00 -3.525000000000000000e+01 4.518750000000000000e+01 -1.200000000000000000e+01 6.350000000000000000e+01 1.731250000000000000e+01 -1.718750000000000000e+01
3.279999971389770508e+00 -8.029999732971191406e+00 5.019999980926513672e+00 -3.525000000000000000e+01 4.518750000000000000e+01 -1.200000000000000000e+01 6.937500000000000000e+01 1.850000000000000000e+01 -1.900000000000000000e+01
3.210000038146972656e+00 -8.140000343322753906e+00 4.809999942779541016e+00 -3.525000000000000000e+01 4.518750000000000000e+01 -1.200000000000000000e+01 7.737500000000000000e+01 2.050000000000000000e+01 -2.187500000000000000e+01
3.210000038146972656e+00 -8.590000152587890625e+00 4.480000019073486328e+00 -3.568750000000000000e+01 4.450000000000000000e+01 -1.356250000000000000e+01 8.818750000000000000e+01 2.243750000000000000e+01 -2.518750000000000000e+01
3.390000104904174805e+00 -8.710000038146972656e+00 4.440000057220458984e+00 -3.568750000000000000e+01 4.450000000000000000e+01 -1.356250000000000000e+01 1.025625000000000000e+02 2.531250000000000000e+01 -2.925000000000000000e+01
3.359999895095825195e+00 -8.850000381469726562e+00 4.289999961853027344e+00 -3.568750000000000000e+01 4.450000000000000000e+01 -1.356250000000000000e+01 1.203750000000000000e+02 3.056250000000000000e+01 -3.450000000000000000e+01
3.480000019073486328e+00 -9.090000152587890625e+00 4.090000152587890625e+00 -3.568750000000000000e+01 4.450000000000000000e+01 -1.356250000000000000e+01 1.401250000000000000e+02 3.412500000000000000e+01 -3.993750000000000000e+01
3.490000009536743164e+00 -9.170000076293945312e+00 3.950000047683715820e+00 -3.568750000000000000e+01 4.450000000000000000e+01 -1.356250000000000000e+01 1.610000000000000000e+02 3.850000000000000000e+01 -4.687500000000000000e+01
3.190000057220458984e+00 -9.090000152587890625e+00 3.579999923706054688e+00 -3.568750000000000000e+01 4.256250000000000000e+01 -1.768750000000000000e+01 1.843750000000000000e+02 4.568750000000000000e+01 -5.618750000000000000e+01
2.599999904632568359e+00 -9.180000305175781250e+00 3.440000057220458984e+00 -3.568750000000000000e+01 4.256250000000000000e+01 -1.768750000000000000e+01 2.109375000000000000e+02 5.187500000000000000e+01 -6.562500000000000000e+01
-1.940000057220458984e+00 -5.300000190734863281e+00 5.579999923706054688e+00 -3.568750000000000000e+01 4.256250000000000000e+01 -1.768750000000000000e+01 2.398750000000000000e+02 5.750000000000000000e+01 -7.612500000000000000e+01
-1.389999985694885254e+00 -6.899999976158142090e-01 8.359999656677246094e+00 -3.568750000000000000e+01 4.256250000000000000e+01 -1.768750000000000000e+01 2.595000000000000000e+02 5.556250000000000000e+01 -8.650000000000000000e+01
2.000000000000000000e+00 2.309999942779541016e+00 1.098999977111816406e+01 -3.568750000000000000e+01 4.256250000000000000e+01 -1.768750000000000000e+01 2.561250000000000000e+02 3.075000000000000000e+01 -9.050000000000000000e+01
4.989999771118164062e+00 3.609999895095825195e+00 1.268000030517578125e+01 -3.756250000000000000e+01 3.668750000000000000e+01 -2.587500000000000000e+01 2.296250000000000000e+02 5.750000000000000000e+00 -7.931250000000000000e+01
8.109999656677246094e+00 5.179999828338623047e+00 1.432999992370605469e+01 -3.756250000000000000e+01 3.668750000000000000e+01 -2.587500000000000000e+01 1.645000000000000000e+02 3.000000000000000000e+00 -6.656250000000000000e+01
4.889999866485595703e+00 2.769999980926513672e+00 1.151000022888183594e+01 -3.756250000000000000e+01 3.668750000000000000e+01 -2.587500000000000000e+01 8.712500000000000000e+01 1.118750000000000000e+01 -5.118750000000000000e+01
2.609999895095825195e+00 -5.500000119209289551e-01 9.199999809265136719e+00 -3.756250000000000000e+01 3.668750000000000000e+01 -2.587500000000000000e+01 2.750000000000000000e+01 1.643750000000000000e+01 -2.781250000000000000e+01
4.570000171661376953e+00 -4.170000076293945312e+00 8.930000305175781250e+00 -3.756250000000000000e+01 3.668750000000000000e+01 -2.587500000000000000e+01 -1.562500000000000000e+00 9.687500000000000000e+00 -1.006250000000000000e+01
4.139999866485595703e+00 -3.829999923706054688e+00 8.850000381469726562e+00 -3.975000000000000000e+01 2.968750000000000000e+01 -3.200000000000000000e+01 -6.312500000000000000e+00 8.750000000000000000e-01 3.750000000000000000e-01
3.279999971389770508e+00 -3.660000085830688477e+00 8.069999694824218750e+00 -3.975000000000000000e+01 2.968750000000000000e+01 -3.200000000000000000e+01 -5.000000000000000000e+00 3.000000000000000000e+00 3.500000000000000000e+00
3.289999961853027344e+00 -4.340000152587890625e+00 7.769999980926513672e+00 -3.975000000000000000e+01 2.968750000000000000e+01 -3.200000000000000000e+01 -5.062500000000000000e+00 3.937500000000000000e+00 4.000000000000000000e+00
3.500000000000000000e+00 -4.820000171661376953e+00 7.730000019073486328e+00 -3.975000000000000000e+01 2.968750000000000000e+01 -3.200000000000000000e+01 -4.250000000000000000e+00 2.437500000000000000e+00 2.062500000000000000e+00
3.539999961853027344e+00 -4.679999828338623047e+00 7.780000209808349609e+00 -3.975000000000000000e+01 2.968750000000000000e+01 -3.200000000000000000e+01 1.625000000000000000e+00 2.812500000000000000e+00 -2.500000000000000000e-01
3.500000000000000000e+00 -4.400000095367431641e+00 7.889999866485595703e+00 -3.900000000000000000e+01 2.937500000000000000e+01 -3.200000000000000000e+01 7.187500000000000000e+00 3.812500000000000000e+00 -3.312500000000000000e+00
3.480000019073486328e+00 -4.110000133514404297e+00 8.119999885559082031e+00 -3.900000000000000000e+01 2.937500000000000000e+01 -3.200000000000000000e+01 1.106250000000000000e+01 4.562500000000000000e+00 -6.125000000000000000e+00
3.619999885559082031e+00 -3.670000076293945312e+00 8.399999618530273438e+00 -3.900000000000000000e+01 2.937500000000000000e+01 -3.200000000000000000e+01 1.275000000000000000e+01 4.312500000000000000e+00 -7.875000000000000000e+00
3.630000114440917969e+00 -3.529999971389770508e+00 8.479999542236328125e+00 -3.900000000000000000e+01 2.937500000000000000e+01 -3.200000000000000000e+01 1.250000000000000000e+01 4.250000000000000000e+00 -7.625000000000000000e+00
3.500000000000000000e+00 -3.440000057220458984e+00 8.489999771118164062e+00 -3.900000000000000000e+01 2.937500000000000000e+01 -3.200000000000000000e+01 1.162500000000000000e+01 4.250000000000000000e+00 -6.625000000000000000e+00
