3.059999942779541016e+00 -4.789999961853027344e+00 8.060000419616699219e+00 -3.425000000000000000e+01 3.306250000000000000e+01 -3.056250000000000000e+01 -5.000000000000000000e-01 -2.500000000000000000e-01 1.250000000000000000e-01
3.069999933242797852e+00 -4.760000228881835938e+00 8.060000419616699219e+00 -3.425000000000000000e+01 3.306250000000000000e+01 -3.056250000000000000e+01 -5.625000000000000000e-01 -3.125000000000000000e-01 1.875000000000000000e-01
3.019999980926513672e+00 -4.769999980926513672e+00 8.010000228881835938e+00 -3.425000000000000000e+01 3.187500000000000000e+01 -3.018750000000000000e+01 -8.125000000000000000e-01 -2.500000000000000000e-01 2.500000000000000000e-01
3.089999914169311523e+00 -4.840000152587890625e+00 7.980000019073486328e+00 -3.425000000000000000e+01 3.187500000000000000e+01 -3.018750000000000000e+01 -1.125000000000000000e+00 -7.500000000000000000e-01 4.375000000000000000e-01
3.140000104904174805e+00 -4.820000171661376953e+00 7.989999771118164062e+00 -3.425000000000000000e+01 3.187500000000000000e+01 -3.018750000000000000e+01 -1.312500000000000000e+00 -1.062500000000000000e+00 3.125000000000000000e-01
3.039999961853027344e+00 -4.659999847412109375e+00 8.159999847412109375e+00 -3.425000000000000000e+01 3.187500000000000000e+01 -3.018750000000000000e+01 -1.375000000000000000e+00 -5.625000000000000000e-01 3.750000000000000000e-01
3.089999914169311523e+00 -4.699999809265136719e+00 8.109999656677246094e+00 -3.425000000000000000e+01 3.187500000000000000e+01 -3.018750000000000000e+01 -1.875000000000000000e+00 -8.125000000000000000e-01 9.375000000000000000e-01
3.160000085830688477e+00 -4.840000152587890625e+00 8.029999732971191406e+00 -3.425000000000000000e+01 3.337500000000000000e+01 -3.018750000000000000e+01 -3.312500000000000000e+00 -8.750000000000000000e-01 1.375000000000000000e+00
3.130000114440917969e+00 -4.980000019073486328e+00 7.980000019073486328e+00 -3.425000000000000000e+01 3.337500000000000000e+01 -3.018750000000000000e+01 -3.312500000000000000e+00 -4.375000000000000000e-01 1.812500000000000000e+00
3.019999980926513672e+00 -4.820000171661376953e+00 7.940000057220458984e+00 -3.425000000000000000e+01 3.337500000000000000e+01 -3.018750000000000000e+01 -3.062500000000000000e+00 3.125000000000000000e-01 1.875000000000000000e+00
3.000000000000000000e+00 -4.909999847412109375e+00 7.860000133514404297e+00 -3.425000000000000000e+01 3.337500000000000000e+01 -3.018750000000000000e+01 -3.312500000000000000e+00 0.000000000000000000e+00 1.687500000000000000e+00
3.039999961853027344e+00 -5.039999961853027344e+00 7.869999885559082031e+00 -3.425000000000000000e+01 3.337500000000000000e+01 -3.018750000000000000e+01 -3.375000000000000000e+00 -1.250000000000000000e-01 8.125000000000000000e-01
3.140000104904174805e+00 -5.059999942779541016e+00 8.000000000000000000e+00 -3.306250000000000000e+01 3.337500000000000000e+01 -3.018750000000000000e+01 -2.062500000000000000e+00 -2.500000000000000000e-01 2.500000000000000000e-01
2.839999914169311523e+00 -4.920000076293945312e+00 7.840000152587890625e+00 -3.306250000000000000e+01 3.337500000000000000e+01 -3.018750000000000000e+01 -4.375000000000000000e-01 6.250000000000000000e-02 1.250000000000000000e-01
2.910000085830688477e+00 -4.920000076293945312e+00 7.920000076293945312e+00 -3.306250000000000000e+01 3.337500000000000000e+01 -3.018750000000000000e+01 9.375000000000000000e-01 8.125000000000000000e-01 -2.500000000000000000e-01
3.000000000000000000e+00 -4.849999904632568359e+00 7.929999828338623047e+00 -3.306250000000000000e+01 3.337500000000000000e+01 -3.018750000000000000e+01 1.500000000000000000e+00 -5.000000000000000000e-01 -1.437500000000000000e+00
2.769999980926513672e+00 -4.780000209808349609e+00 7.900000095367431641e+00 -3.306250000000000000e+01 3.337500000000000000e+01 -3.018750000000000000e+01 2.562500000000000000e+00 -6.875000000000000000e-01 -2.000000000000000000e+00
2.670000076293945312e+00 -4.989999771118164062e+00 7.820000171661376953e+00 -3.425000000000000000e+01 3.268750000000000000e+01 -2.975000000000000000e+01 2.812500000000000000e+00 -1.312500000000000000e+00 -3.437500000000000000e+00
2.690000057220458984e+00 -4.949999809265136719e+00 7.909999847412109375e+00 -3.425000000000000000e+01 3.268750000000000000e+01 -2.975000000000000000e+01 2.875000000000000000e+00 -3.625000000000000000e+00 -5.875000000000000000e+00
2.680000066757202148e+00 -4.929999828338623047e+00 8.149999618530273438e+00 -3.425000000000000000e+01 3.268750000000000000e+01 -2.975000000000000000e+01 4.187500000000000000e+00 -5.250000000000000000e+00 -8.750000000000000000e+00
3.099999904632568359e+00 -4.519999980926513672e+00 8.020000457763671875e+00 -3.425000000000000000e+01 3.268750000000000000e+01 -2.975000000000000000e+01 3.687500000000000000e+00 -7.375000000000000000e+00 -1.156250000000000000e+01
3.170000076293945312e+00 -4.590000152587890625e+00 8.239999771118164062e+00 -3.425000000000000000e+01 3.268750000000000000e+01 -2.975000000000000000e+01 1.750000000000000000e+00 -8.750000000000000000e+00 -1.168750000000000000e+01
3.059999942779541016e+00 -4.570000171661376953e+00 8.199999809265136719e+00 -3.425000000000000000e+01 3.306250000000000000e+01 -3.018750000000000000e+01 2.500000000000000000e-01 -9.687500000000000000e+00 -1.037500000000000000e+01
2.910000085830688477e+00 -4.539999961853027344e+00 8.350000381469726562e+00 -3.425000000000000000e+01 3.306250000000000000e+01 -3.018750000000000000e+01 -1.750000000000000000e+00 -9.687500000000000000e+00 -9.062500000000000000e+00
2.440000057220458984e+00 -4.880000114440917969e+00 8.189999580383300781e+00 -3.425000000000000000e+01 3.306250000000000000e+01 -3.018750000000000000e+01 -4.062500000000000000e+00 -1.093750000000000000e+01 -8.500000000000000000e+00
2.190000057220458984e+00 -5.019999980926513672e+00 8.329999923706054688e+00 -3.425000000000000000e+01 3.306250000000000000e+01 -3.018750000000000000e+01 -5.687500000000000000e+00 -1.262500000000000000e+01 -9.500000000000000000e+00
1.720000028610229492e+00 -5.250000000000000000e+00 8.640000343322753906e+00 -3.425000000000000000e+01 3.306250000000000000e+01 -3.018750000000000000e+01 -7.250000000000000000e+00 -1.400000000000000000e+01 -1.093750000000000000e+01
6.999999880790710449e-01 -5.480000019073486328e+00 9.020000457763671875e+00 -3.456250000000000000e+01 3.225000000000000000e+01 -2.937500000000000000e+01 -9.500000000000000000e+00 -1.243750000000000000e+01 -1.131250000000000000e+01
-1.940000057220458984e+00 -6.710000038146972656e+00 9.630000114440917969e+00 -3.456250000000000000e+01 3.225000000000000000e+01 -2.937500000000000000e+01 -1.237500000000000000e+01 -7.562500000000000000e+00 -1.093750000000000000e+01
-2.960000038146972656e+00 -6.889999866485595703e+00 9.470000267028808594e+00 -3.456250000000000000e+01 3.225000000000000000e+01 -2.937500000000000000e+01 -1.562500000000000000e+01 -1.312500000000000000e+00 -1.187500000000000000e+01
-3.990000009536743164e+00 -7.630000114440917969e+00 1.006000041961669922e+01 -3.456250000000000000e+01 3.225000000000000000e+01 -2.937500000000000000e+01 -1.712500000000000000e+01 3.812500000000000000e+00 -1.568750000000000000e+01
-4.150000095367431641e+00 -7.460000038146972656e+00 1.039000034332275391e+01 -3.456250000000000000e+01 3.225000000000000000e+01 -2.937500000000000000e+01 -1.306250000000000000e+01 9.812500000000000000e+00 -2.056250000000000000e+01
-4.900000095367431641e+00 -6.820000171661376953e+00 9.739999771118164062e+00 -3.500000000000000000e+01 3.156250000000000000e+01 -2.937500000000000000e+01 -1.043750000000000000e+01 1.856250000000000000e+01 -2.362500000000000000e+01
-4.099999904632568359e+00 -7.610000133514404297e+00 9.399999618530273438e+00 -3.500000000000000000e+01 3.156250000000000000e+01 -2.937500000000000000e+01 -2.175000000000000000e+01 2.200000000000000000e+01 -2.456250000000000000e+01
-2.609999895095825195e+00 -8.060000419616699219e+00 8.829999923706054688e+00 -3.500000000000000000e+01 3.156250000000000000e+01 -2.937500000000000000e+01 -3.675000000000000000e+01 2.225000000000000000e+01 -2.337500000000000000e+01
-1.259999990463256836e+00 -7.239999771118164062e+00 6.659999847412109375e+00 -3.500000000000000000e+01 3.156250000000000000e+01 -2.937500000000000000e+01 -2.862500000000000000e+01 2.387500000000000000e+01 -2.393750000000000000e+01
-1.400000005960464478e-01 -6.570000171661376953e+00 6.090000152587890625e+00 -3.500000000000000000e+01 3.156250000000000000e+01 -2.937500000000000000e+01 -3.750000000000000000e+00 2.412500000000000000e+01 -2.343750000000000000e+01
8.799999952316284180e-01 -6.360000133514404297e+00 7.550000190734863281e+00 -3.537500000000000000e+01 3.225000000000000000e+01 -2.856250000000000000e+01 1.775000000000000000e+01 1.043750000000000000e+01 -2.487500000000000000e+01
3.230000019073486328e+00 -5.750000000000000000e+00 8.579999923706054688e+00 -3.537500000000000000e+01 3.225000000000000000e+01 -2.856250000000000000e+01 2.387500000000000000e+01 1.375000000000000000e+00 -2.287500000000000000e+01
4.940000057220458984e+00 -4.510000228881835938e+00 8.600000381469726562e+00 -3.537500000000000000e+01 3.225000000000000000e+01 -2.856250000000000000e+01 2.462500000000000000e+01 -3.750000000000000000e+00 -1.668750000000000000e+01
4.710000038146972656e+00 -4.420000076293945312e+00 7.550000190734863281e+00 -3.537500000000000000e+01 3.225000000000000000e+01 -2.856250000000000000e+01 2.243750000000000000e+01 1.000000000000000000e+00 -7.875000000000000000e+00
5.050000190734863281e+00 -3.980000019073486328e+00 7.500000000000000000e+00 -3.537500000000000000e+01 3.225000000000000000e+01 -2.856250000000000000e+01 2.081250000000000000e+01 1.250000000000000000e+00 -1.000000000000000000e+00
5.389999866485595703e+00 -3.700000047683715820e+00 7.280000209808349609e+00 -3.500000000000000000e+01 3.225000000000000000e+01 -2.806250000000000000e+01 2.212500000000000000e+01 -1.250000000000000000e-01 3.750000000000000000e+00
6.219999790191650391e+00 -3.150000095367431641e+00 8.180000305175781250e+00 -3.500000000000000000e+01 3.225000000000000000e+01 -2.806250000000000000e+01 2.012500000000000000e+01 -4.937500000000000000e+00 5.625000000000000000e+00
5.920000076293945312e+00 -3.400000095367431641e+00 7.980000019073486328e+00 -3.500000000000000000e+01 3.225000000000000000e+01 -2.806250000000000000e+01 1.487500000000000000e+01 -5.187500000000000000e+00 7.750000000000000000e+00
5.630000114440917969e+00 -3.789999961853027344e+00 8.199999809265136719e+00 -3.500000000000000000e+01 3.225000000000000000e+01 -2.806250000000000000e+01 7.375000000000000000e+00 -1.500000000000000000e+00 1.225000000000000000e+01
3.730000019073486328e+00 -4.019999980926513672e+00 7.949999809265136719e+00 -3.500000000000000000e+01 3.225000000000000000e+01 -2.806250000000000000e+01 5.750000000000000000e+00 1.812500000000000000e+00 1.368750000000000000e+01
5.119999885559082031e+00 -4.000000000000000000e+00 8.460000038146972656e+00 -3.425000000000000000e+01 3.006250000000000000e+01 -2.856250000000000000e+01 6.187500000000000000e+00 6.250000000000000000e-01 1.050000000000000000e+01
3.890000104904174805e+00 -4.420000076293945312e+00 8.130000114440917969e+00 -3.425000000000000000e+01 3.006250000000000000e+01 -2.856250000000000000e+01 1.187500000000000000e+00 -6.250000000000000000e-02 8.812500000000000000e+00
3.559999942779541016e+00 -4.199999809265136719e+00 7.119999885559082031e+00 -3.425000000000000000e+01 3.006250000000000000e+01 -2.856250000000000000e+01 -1.562500000000000000e+00 1.187500000000000000e+00 5.125000000000000000e+00
2.269999980926513672e+00 -4.260000228881835938e+00 7.099999904632568359e+00 -3.425000000000000000e+01 3.006250000000000000e+01 -2.856250000000000000e+01 -1.500000000000000000e+00 -1.125000000000000000e+00 -2.500000000000000000e+00
3.690000057220458984e+00 -4.289999961853027344e+00 7.679999828338623047e+00 -3.425000000000000000e+01 3.006250000000000000e+01 -2.856250000000000000e+01 -5.062500000000000000e+00 -1.331250000000000000e+01 -1.306250000000000000e+01
4.139999866485595703e+00 -4.440000057220458984e+00 8.479999542236328125e+00 -3.387500000000000000e+01 3.006250000000000000e+01 -2.768750000000000000e+01 -1.325000000000000000e+01 -2.387500000000000000e+01 -2.056250000000000000e+01
4.269999980926513672e+00 -4.550000190734863281e+00 7.869999885559082031e+00 -3.387500000000000000e+01 3.006250000000000000e+01 -2.768750000000000000e+01 -2.000000000000000000e+01 -2.893750000000000000e+01 -2.468750000000000000e+01
4.519999980926513672e+00 -4.750000000000000000e+00 7.650000095367431641e+00 -3.387500000000000000e+01 3.006250000000000000e+01 -2.768750000000000000e+01 -2.781250000000000000e+01 -2.756250000000000000e+01 -2.475000000000000000e+01
5.190000057220458984e+00 -5.260000228881835938e+00 8.029999732971191406e+00 -3.387500000000000000e+01 3.006250000000000000e+01 -2.768750000000000000e+01 -3.550000000000000000e+01 -2.481250000000000000e+01 -2.131250000000000000e+01
4.760000228881835938e+00 -5.550000190734863281e+00 7.250000000000000000e+00 -3.387500000000000000e+01 3.006250000000000000e+01 -2.768750000000000000e+01 -3.975000000000000000e+01 -2.275000000000000000e+01 -1.593750000000000000e+01
9.500000000000000000e+00 -6.130000114440917969e+00 8.220000267028808594e+00 -3.500000000000000000e+01 3.075000000000000000e+01 -2.568750000000000000e+01 -4.612500000000000000e+01 -2.337500000000000000e+01 -5.375000000000000000e+00
1.155000019073486328e+01 -6.599999904632568359e+00 8.399999618530273438e+00 -3.500000000000000000e+01 3.075000000000000000e+01 -2.568750000000000000e+01 -5.250000000000000000e+01 -3.406250000000000000e+01 9.250000000000000000e+00
1.264000034332275391e+01 -7.139999866485595703e+00 8.229999542236328125e+00 -3.500000000000000000e+01 3.075000000000000000e+01 -2.568750000000000000e+01 -5.812500000000000000e+01 -3.625000000000000000e+01 2.881250000000000000e+01
1.235000038146972656e+01 -7.630000114440917969e+00 8.430000305175781250e+00 -3.500000000000000000e+01 3.075000000000000000e+01 -2.568750000000000000e+01 -5.400000000000000000e+01 -2.843750000000000000e+01 5.025000000000000000e+01
1.061999988555908203e+01 -7.239999771118164062e+00 8.260000228881835938e+00 -3.500000000000000000e+01 3.075000000000000000e+01 -2.568750000000000000e+01 -3.606250000000000000e+01 -1.362500000000000000e+01 6.775000000000000000e+01
1.055000019073486328e+01 -6.159999847412109375e+00 8.220000267028808594e+00 -3.575000000000000000e+01 3.118750000000000000e+01 -2.325000000000000000e+01 -6.375000000000000000e+00 2.625000000000000000e+00 7.775000000000000000e+01
1.071000003814697266e+01 -5.070000171661376953e+00 7.949999809265136719e+00 -3.575000000000000000e+01 3.118750000000000000e+01 -2.325000000000000000e+01 2.181250000000000000e+01 1.631250000000000000e+01 8.412500000000000000e+01
1.073999977111816406e+01 -4.070000171661376953e+00 7.699999809265136719e+00 -3.575000000000000000e+01 3.118750000000000000e+01 -2.325000000000000000e+01 3.975000000000000000e+01 2.881250000000000000e+01 8.825000000000000000e+01
1.002999973297119141e+01 -2.769999980926513672e+00 7.070000171661376953e+00 -3.575000000000000000e+01 3.118750000000000000e+01 -2.325000000000000000e+01 4.718750000000000000e+01 4.012500000000000000e+01 8.906250000000000000e+01
9.350000381469726562e+00 -2.440000057220458984e+00 6.769999980926513672e+00 -3.575000000000000000e+01 3.118750000000000000e+01 -2.325000000000000000e+01 4.700000000000000000e+01 4.812500000000000000e+01 8.562500000000000000e+01
8.439999580383300781e+00 -2.259999990463256836e+00 6.469999790191650391e+00 -3.468750000000000000e+01 3.375000000000000000e+01 -2.287500000000000000e+01 4.337500000000000000e+01 5.268750000000000000e+01 8.037500000000000000e+01
6.440000057220458984e+00 -2.029999971389770508e+00 6.139999866485595703e+00 -3.468750000000000000e+01 3.375000000000000000e+01 -2.287500000000000000e+01 3.850000000000000000e+01 5.418750000000000000e+01 7.443750000000000000e+01
5.639999866485595703e+00 -1.830000042915344238e+00 6.139999866485595703e+00 -3.468750000000000000e+01 3.375000000000000000e+01 -2.287500000000000000e+01 3.362500000000000000e+01 5.300000000000000000e+01 6.556250000000000000e+01
4.889999866485595703e+00 -1.669999957084655762e+00 6.289999961853027344e+00 -3.468750000000000000e+01 3.375000000000000000e+01 -2.287500000000000000e+01 2.656250000000000000e+01 4.831250000000000000e+01 5.475000000000000000e+01
4.309999942779541016e+00 -1.730000019073486328e+00 6.480000019073486328e+00 -3.468750000000000000e+01 3.375000000000000000e+01 -2.287500000000000000e+01 1.568750000000000000e+01 4.106250000000000000e+01 4.487500000000000000e+01
3.759999990463256836e+00 -2.150000095367431641e+00 6.619999885559082031e+00 -3.025000000000000000e+01 3.525000000000000000e+01 -2.618750000000000000e+01 9.375000000000000000e-01 3.318750000000000000e+01 3.568750000000000000e+01
3.680000066757202148e+00 -2.400000095367431641e+00 6.550000190734863281e+00 -3.025000000000000000e+01 3.525000000000000000e+01 -2.618750000000000000e+01 -1.468750000000000000e+01 2.612500000000000000e+01 2.768750000000000000e+01
3.630000114440917969e+00 -2.609999895095825195e+00 6.530000209808349609e+00 -3.025000000000000000e+01 3.525000000000000000e+01 -2.618750000000000000e+01 -2.668750000000000000e+01 2.125000000000000000e+01 2.125000000000000000e+01
3.809999942779541016e+00 -2.700000047683715820e+00 6.710000038146972656e+00 -3.025000000000000000e+01 3.525000000000000000e+01 -2.618750000000000000e+01 -3.543750000000000000e+01 1.768750000000000000e+01 1.581250000000000000e+01
4.309999942779541016e+00 -3.130000114440917969e+00 6.769999980926513672e+00 -3.025000000000000000e+01 3.525000000000000000e+01 -2.618750000000000000e+01 -4.325000000000000000e+01 1.600000000000000000e+01 1.243750000000000000e+01
4.150000095367431641e+00 -3.410000085830688477e+00 6.670000076293945312e+00 -2.875000000000000000e+01 3.750000000000000000e+01 -2.656250000000000000e+01 -4.906250000000000000e+01 1.693750000000000000e+01 1.050000000000000000e+01
3.869999885559082031e+00 -3.569999933242797852e+00 6.500000000000000000e+00 -2.875000000000000000e+01 3.750000000000000000e+01 -2.656250000000000000e+01 -5.006250000000000000e+01 1.968750000000000000e+01 8.125000000000000000e+00
3.609999895095825195e+00 -3.759999990463256836e+00 6.119999885559082031e+00 -2.875000000000000000e+01 3.750000000000000000e+01 -2.656250000000000000e+01 -4.562500000000000000e+01 2.143750000000000000e+01 4.687500000000000000e+00
3.450000047683715820e+00 -3.859999895095825195e+00 5.989999771118164062e+00 -2.875000000000000000e+01 3.750000000000000000e+01 -2.656250000000000000e+01 -3.725000000000000000e+01 2.193750000000000000e+01 1.875000000000000000e-01
3.210000038146972656e+00 -3.910000085830688477e+00 5.840000152587890625e+00 -2.875000000000000000e+01 3.750000000000000000e+01 -2.656250000000000000e+01 -2.612500000000000000e+01 2.168750000000000000e+01 -5.812500000000000000e+00
2.980000019073486328e+00 -4.000000000000000000e+00 5.820000171661376953e+00 -2.700000000000000000e+01 3.750000000000000000e+01 -2.656250000000000000e+01 -1.462500000000000000e+01 2.068750000000000000e+01 -1.187500000000000000e+01
2.640000104904174805e+00 -3.829999923706054688e+00 6.019999980926513672e+00 -2.700000000000000000e+01 3.750000000000000000e+01 -2.656250000000000000e+01 -3.312500000000000000e+00 1.825000000000000000e+01 -1.806250000000000000e+01
2.579999923706054688e+00 -3.819999933242797852e+00 6.090000152587890625e+00 -2.700000000000000000e+01 3.750000000000000000e+01 -2.656250000000000000e+01 5.937500000000000000e+00 1.375000000000000000e+01 -2.300000000000000000e+01
2.599999904632568359e+00 -3.769999980926513672e+00 6.280000209808349609e+00 -2.700000000000000000e+01 3.750000000000000000e+01 -2.656250000000000000e+01 1.181250000000000000e+01 8.812500000000000000e+00 -2.606250000000000000e+01
2.680000066757202148e+00 -3.880000114440917969e+00 6.420000076293945312e+00 -2.700000000000000000e+01 3.750000000000000000e+01 -2.656250000000000000e+01 1.575000000000000000e+01 3.750000000000000000e+00 -2.881250000000000000e+01
2.549999952316284180e+00 -3.970000028610229492e+00 6.530000209808349609e+00 -2.918750000000000000e+01 3.825000000000000000e+01 -2.775000000000000000e+01 1.937500000000000000e+01 -5.000000000000000000e-01 -3.006250000000000000e+01
2.460000038146972656e+00 -3.990000009536743164e+00 6.719999790191650391e+00 -2.918750000000000000e+01 3.825000000000000000e+01 -2.775000000000000000e+01 2.300000000000000000e+01 -3.250000000000000000e+00 -3.106250000000000000e+01
2.369999885559082031e+00 -4.050000190734863281e+00 6.800000190734863281e+00 -2.918750000000000000e+01 3.825000000000000000e+01 -2.775000000000000000e+01 2.562500000000000000e+01 -7.625000000000000000e+00 -3.243750000000000000e+01
1.649999976158142090e+00 -4.139999866485595703e+00 6.659999847412109375e+00 -2.918750000000000000e+01 3.825000000000000000e+01 -2.775000000000000000e+01 2.837500000000000000e+01 -1.181250000000000000e+01 -3.337500000000000000e+01
1.250000000000000000e+00 -4.190000057220458984e+00 6.679999828338623047e+00 -2.918750000000000000e+01 3.825000000000000000e+01 -2.775000000000000000e+01 3.131250000000000000e+01 -1.600000000000000000e+01 -3.456250000000000000e+01
1.159999966621398926e+00 -4.150000095367431641e+00 6.920000076293945312e+00 -2.950000000000000000e+01 3.675000000000000000e+01 -2.818750000000000000e+01 3.468750000000000000e+01 -2.125000000000000000e+01 -3.712500000000000000e+01
1.220000028610229492e+00 -4.139999866485595703e+00 7.090000152587890625e+00 -2.950000000000000000e+01 3.675000000000000000e+01 -2.818750000000000000e+01 3.687500000000000000e+01 -2.750000000000000000e+01 -4.006250000000000000e+01
1.230000019073486328e+00 -4.679999828338623047e+00 7.619999885559082031e+00 -2.950000000000000000e+01 3.675000000000000000e+01 -2.818750000000000000e+01 3.687500000000000000e+01 -3.225000000000000000e+01 -4.137500000000000000e+01
1.149999976158142090e+00 -4.900000095367431641e+00 7.820000171661376953e+00 -2.950000000000000000e+01 3.675000000000000000e+01 -2.818750000000000000e+01 3.625000000000000000e+01 -3.450000000000000000e+01 -4.281250000000000000e+01
1.019999980926513672e+00 -4.949999809265136719e+00 7.869999885559082031e+00 -2.950000000000000000e+01 3.675000000000000000e+01 -2.818750000000000000e+01 3.825000000000000000e+01 -3.475000000000000000e+01 -4.375000000000000000e+01
7.500000000000000000e-01 -4.920000076293945312e+00 7.880000114440917969e+00 -3.218750000000000000e+01 3.637500000000000000e+01 -2.900000000000000000e+01 4.043750000000000000e+01 -3.306250000000000000e+01 -4.475000000000000000e+01
7.999999821186065674e-02 -4.730000019073486328e+00 7.840000152587890625e+00 -3.218750000000000000e+01 3.637500000000000000e+01 -2.900000000000000000e+01 4.075000000000000000e+01 -3.118750000000000000e+01 -4.556250000000000000e+01
-1.599999964237213135e-01 -4.559999942779541016e+00 7.840000152587890625e+00 -3.218750000000000000e+01 3.637500000000000000e+01 -2.900000000000000000e+01 3.843750000000000000e+01 -3.075000000000000000e+01 -4.637500000000000000e+01
