3.730000019073486328e+00 -2.569999933242797852e+00 8.680000305175781250e+00 -4.256250000000000000e+01 2.118750000000000000e+01 -3.550000000000000000e+01 6.250000000000000000e-02 0.000000000000000000e+00 0.000000000000000000e+00
3.660000085830688477e+00 -2.529999971389770508e+00 8.699999809265136719e+00 -4.175000000000000000e+01 2.075000000000000000e+01 -3.468750000000000000e+01 2.500000000000000000e-01 2.500000000000000000e-01 -1.250000000000000000e-01
3.670000076293945312e+00 -2.549999952316284180e+00 8.689999580383300781e+00 -4.175000000000000000e+01 2.075000000000000000e+01 -3.468750000000000000e+01 1.875000000000000000e-01 3.750000000000000000e-01 -4.375000000000000000e-01
3.710000038146972656e+00 -2.539999961853027344e+00 8.659999847412109375e+00 -4.175000000000000000e+01 2.075000000000000000e+01 -3.468750000000000000e+01 6.250000000000000000e-02 1.875000000000000000e-01 -2.500000000000000000e-01
3.670000076293945312e+00 -2.539999961853027344e+00 8.699999809265136719e+00 -4.175000000000000000e+01 2.075000000000000000e+01 -3.468750000000000000e+01 1.250000000000000000e-01 3.125000000000000000e-01 -1.875000000000000000e-01
3.660000085830688477e+00 -2.500000000000000000e+00 8.729999542236328125e+00 -4.175000000000000000e+01 2.075000000000000000e+01 -3.468750000000000000e+01 4.375000000000000000e-01 6.250000000000000000e-01 -3.750000000000000000e-01
3.680000066757202148e+00 -2.529999971389770508e+00 8.689999580383300781e+00 -4.150000000000000000e+01 2.075000000000000000e+01 -3.668750000000000000e+01 3.125000000000000000e-01 5.625000000000000000e-01 -3.125000000000000000e-01
3.700000047683715820e+00 -2.559999942779541016e+00 8.670000076293945312e+00 -4.150000000000000000e+01 2.075000000000000000e+01 -3.668750000000000000e+01 3.750000000000000000e-01 3.125000000000000000e-01 -3.750000000000000000e-01
3.700000047683715820e+00 -2.529999971389770508e+00 8.659999847412109375e+00 -4.150000000000000000e+01 2.075000000000000000e+01 -3.668750000000000000e+01 4.375000000000000000e-01 4.375000000000000000e-01 -5.000000000000000000e-01
3.690000057220458984e+00 -2.529999971389770508e+00 8.689999580383300781e+00 -4.150000000000000000e+01 2.075000000000000000e+01 -3.668750000000000000e+01 5.625000000000000000e-01 6.250000000000000000e-01 -5.625000000000000000e-01
3.680000066757202148e+00 -2.549999952316284180e+00 8.699999809265136719e+00 -4.150000000000000000e+01 2.075000000000000000e+01 -3.668750000000000000e+01 6.250000000000000000e-01 4.375000000000000000e-01 -6.250000000000000000e-01
3.730000019073486328e+00 -2.630000114440917969e+00 8.710000038146972656e+00 -4.256250000000000000e+01 2.075000000000000000e+01 -3.587500000000000000e+01 8.750000000000000000e-01 1.000000000000000000e+00 -6.875000000000000000e-01
3.710000038146972656e+00 -2.680000066757202148e+00 8.739999771118164062e+00 -4.256250000000000000e+01 2.075000000000000000e+01 -3.587500000000000000e+01 1.125000000000000000e+00 1.312500000000000000e+00 -1.250000000000000000e+00
3.710000038146972656e+00 -2.690000057220458984e+00 8.659999847412109375e+00 -4.256250000000000000e+01 2.075000000000000000e+01 -3.587500000000000000e+01 1.812500000000000000e+00 2.000000000000000000e+00 -1.812500000000000000e+00
3.750000000000000000e+00 -2.640000104904174805e+00 8.739999771118164062e+00 -4.256250000000000000e+01 2.075000000000000000e+01 -3.587500000000000000e+01 3.000000000000000000e+00 2.937500000000000000e+00 -2.437500000000000000e+00
3.809999942779541016e+00 -3.170000076293945312e+00 8.449999809265136719e+00 -4.256250000000000000e+01 2.075000000000000000e+01 -3.587500000000000000e+01 2.812500000000000000e+00 4.437500000000000000e+00 -3.375000000000000000e+00
3.960000038146972656e+00 -3.339999914169311523e+00 8.670000076293945312e+00 -4.218750000000000000e+01 2.187500000000000000e+01 -3.625000000000000000e+01 3.500000000000000000e+00 6.062500000000000000e+00 -3.875000000000000000e+00
4.110000133514404297e+00 -3.430000066757202148e+00 8.840000152587890625e+00 -4.218750000000000000e+01 2.187500000000000000e+01 -3.625000000000000000e+01 5.812500000000000000e+00 8.437500000000000000e+00 -5.812500000000000000e+00
4.090000152587890625e+00 -3.490000009536743164e+00 8.670000076293945312e+00 -4.218750000000000000e+01 2.187500000000000000e+01 -3.625000000000000000e+01 9.250000000000000000e+00 1.181250000000000000e+01 -8.250000000000000000e+00
4.159999847412109375e+00 -3.559999942779541016e+00 8.609999656677246094e+00 -4.218750000000000000e+01 2.187500000000000000e+01 -3.625000000000000000e+01 1.200000000000000000e+01 1.462500000000000000e+01 -1.025000000000000000e+01
4.340000152587890625e+00 -3.789999961853027344e+00 8.890000343322753906e+00 -4.218750000000000000e+01 2.187500000000000000e+01 -3.625000000000000000e+01 1.637500000000000000e+01 1.787500000000000000e+01 -1.131250000000000000e+01
4.429999828338623047e+00 -3.950000047683715820e+00 9.130000114440917969e+00 -4.300000000000000000e+01 2.118750000000000000e+01 -3.550000000000000000e+01 2.356250000000000000e+01 2.181250000000000000e+01 -1.387500000000000000e+01
4.539999961853027344e+00 -4.110000133514404297e+00 9.270000457763671875e+00 -4.300000000000000000e+01 2.118750000000000000e+01 -3.550000000000000000e+01 3.518750000000000000e+01 2.631250000000000000e+01 -1.706250000000000000e+01
4.590000152587890625e+00 -4.190000057220458984e+00 9.270000457763671875e+00 -4.300000000000000000e+01 2.118750000000000000e+01 -3.550000000000000000e+01 5.075000000000000000e+01 3.068750000000000000e+01 -1.818750000000000000e+01
4.429999828338623047e+00 -3.839999914169311523e+00 9.310000419616699219e+00 -4.300000000000000000e+01 2.118750000000000000e+01 -3.550000000000000000e+01 6.775000000000000000e+01 3.487500000000000000e+01 -2.043750000000000000e+01
3.829999923706054688e+00 -2.690000057220458984e+00 9.340000152587890625e+00 -4.300000000000000000e+01 2.118750000000000000e+01 -3.550000000000000000e+01 8.450000000000000000e+01 3.787500000000000000e+01 -2.168750000000000000e+01
3.519999980926513672e+00 -1.809999942779541016e+00 8.899999618530273438e+00 -4.150000000000000000e+01 2.000000000000000000e+01 -3.506250000000000000e+01 9.325000000000000000e+01 3.800000000000000000e+01 -2.106250000000000000e+01
3.440000057220458984e+00 -1.820000052452087402e+00 8.640000343322753906e+00 -4.150000000000000000e+01 2.000000000000000000e+01 -3.506250000000000000e+01 9.100000000000000000e+01 3.837500000000000000e+01 -2.068750000000000000e+01
3.220000028610229492e+00 -1.669999957084655762e+00 8.800000190734863281e+00 -4.150000000000000000e+01 2.000000000000000000e+01 -3.506250000000000000e+01 8.781250000000000000e+01 3.900000000000000000e+01 -1.968750000000000000e+01
2.839999914169311523e+00 -1.429999947547912598e+00 8.890000343322753906e+00 -4.150000000000000000e+01 2.000000000000000000e+01 -3.506250000000000000e+01 8.725000000000000000e+01 3.812500000000000000e+01 -1.956250000000000000e+01
2.829999923706054688e+00 -9.900000095367431641e-01 9.140000343322753906e+00 -4.150000000000000000e+01 2.000000000000000000e+01 -3.506250000000000000e+01 8.606250000000000000e+01 3.568750000000000000e+01 -1.975000000000000000e+01
3.079999923706054688e+00 -1.570000052452087402e+00 8.970000267028808594e+00 -4.150000000000000000e+01 1.750000000000000000e+01 -3.918750000000000000e+01 8.437500000000000000e+01 3.412500000000000000e+01 -1.981250000000000000e+01
3.200000047683715820e+00 -2.079999923706054688e+00 9.109999656677246094e+00 -4.150000000000000000e+01 1.750000000000000000e+01 -3.918750000000000000e+01 8.525000000000000000e+01 3.481250000000000000e+01 -2.068750000000000000e+01
3.430000066757202148e+00 -2.200000047683715820e+00 9.430000305175781250e+00 -4.150000000000000000e+01 1.750000000000000000e+01 -3.918750000000000000e+01 9.318750000000000000e+01 3.600000000000000000e+01 -2.181250000000000000e+01
3.450000047683715820e+00 -2.359999895095825195e+00 9.229999542236328125e+00 -4.150000000000000000e+01 1.750000000000000000e+01 -3.918750000000000000e+01 1.021250000000000000e+02 3.787500000000000000e+01 -2.418750000000000000e+01
3.299999952316284180e+00 -2.069999933242797852e+00 9.420000076293945312e+00 -4.150000000000000000e+01 1.750000000000000000e+01 -3.918750000000000000e+01 1.100000000000000000e+02 4.050000000000000000e+01 -2.562500000000000000e+01
3.109999895095825195e+00 -1.409999966621398926e+00 9.460000038146972656e+00 -4.037500000000000000e+01 1.337500000000000000e+01 -4.000000000000000000e+01 1.204375000000000000e+02 4.156250000000000000e+01 -2.693750000000000000e+01
3.039999961853027344e+00 -4.900000095367431641e-01 9.109999656677246094e+00 -4.037500000000000000e+01 1.337500000000000000e+01 -4.000000000000000000e+01 1.236875000000000000e+02 4.187500000000000000e+01 -2.737500000000000000e+01
2.809999942779541016e+00 -4.699999988079071045e-01 9.090000152587890625e+00 -4.037500000000000000e+01 1.337500000000000000e+01 -4.000000000000000000e+01 1.281875000000000000e+02 4.337500000000000000e+01 -2.787500000000000000e+01
2.670000076293945312e+00 -2.000000029802322388e-01 9.079999923706054688e+00 -4.037500000000000000e+01 1.337500000000000000e+01 -4.000000000000000000e+01 1.329375000000000000e+02 4.350000000000000000e+01 -2.862500000000000000e+01
2.640000104904174805e+00 5.000000074505805969e-02 9.050000190734863281e+00 -4.037500000000000000e+01 1.337500000000000000e+01 -4.000000000000000000e+01 1.358125000000000000e+02 4.331250000000000000e+01 -2.812500000000000000e+01
2.420000076293945312e+00 3.899999856948852539e-01 8.829999923706054688e+00 -3.850000000000000000e+01 8.500000000000000000e+00 -4.325000000000000000e+01 1.366250000000000000e+02 4.137500000000000000e+01 -2.843750000000000000e+01
2.380000114440917969e+00 6.899999976158142090e-01 8.869999885559082031e+00 -3.850000000000000000e+01 8.500000000000000000e+00 -4.325000000000000000e+01 1.379375000000000000e+02 4.206250000000000000e+01 -2.837500000000000000e+01
2.019999980926513672e+00 1.250000000000000000e+00 8.600000381469726562e+00 -3.850000000000000000e+01 8.500000000000000000e+00 -4.325000000000000000e+01 1.385625000000000000e+02 4.106250000000000000e+01 -2.956250000000000000e+01
1.620000004768371582e+00 2.309999942779541016e+00 8.390000343322753906e+00 -3.850000000000000000e+01 8.500000000000000000e+00 -4.325000000000000000e+01 1.338125000000000000e+02 3.962500000000000000e+01 -2.943750000000000000e+01
1.500000000000000000e+00 2.750000000000000000e+00 8.430000305175781250e+00 -3.850000000000000000e+01 8.500000000000000000e+00 -4.325000000000000000e+01 1.256250000000000000e+02 3.756250000000000000e+01 -2.925000000000000000e+01
1.320000052452087402e+00 3.049999952316284180e+00 8.250000000000000000e+00 -3.775000000000000000e+01 2.562500000000000000e+00 -4.487500000000000000e+01 1.161250000000000000e+02 3.481250000000000000e+01 -2.893750000000000000e+01
1.259999990463256836e+00 3.309999942779541016e+00 8.460000038146972656e+00 -3.775000000000000000e+01 2.562500000000000000e+00 -4.487500000000000000e+01 1.065000000000000000e+02 3.187500000000000000e+01 -2.743750000000000000e+01
1.450000047683715820e+00 3.490000009536743164e+00 8.380000114440917969e+00 -3.775000000000000000e+01 2.562500000000000000e+00 -4.487500000000000000e+01 1.000625000000000000e+02 2.962500000000000000e+01 -2.287500000000000000e+01
1.360000014305114746e+00 3.519999980926513672e+00 8.500000000000000000e+00 -3.775000000000000000e+01 2.562500000000000000e+00 -4.487500000000000000e+01 9.150000000000000000e+01 2.756250000000000000e+01 -2.018750000000000000e+01
1.399999976158142090e+00 3.460000038146972656e+00 8.569999694824218750e+00 -3.775000000000000000e+01 2.562500000000000000e+00 -4.487500000000000000e+01 8.356250000000000000e+01 2.568750000000000000e+01 -1.831250000000000000e+01
1.490000009536743164e+00 3.529999971389770508e+00 8.539999961853027344e+00 -3.587500000000000000e+01 -4.375000000000000000e+00 -4.568750000000000000e+01 7.675000000000000000e+01 2.443750000000000000e+01 -1.656250000000000000e+01
1.529999971389770508e+00 3.609999895095825195e+00 8.649999618530273438e+00 -3.587500000000000000e+01 -4.375000000000000000e+00 -4.568750000000000000e+01 7.081250000000000000e+01 2.350000000000000000e+01 -1.506250000000000000e+01
1.480000019073486328e+00 3.619999885559082031e+00 8.659999847412109375e+00 -3.587500000000000000e+01 -4.375000000000000000e+00 -4.568750000000000000e+01 6.543750000000000000e+01 2.243750000000000000e+01 -1.381250000000000000e+01
1.539999961853027344e+00 3.549999952316284180e+00 8.720000267028808594e+00 -3.587500000000000000e+01 -4.375000000000000000e+00 -4.568750000000000000e+01 6.062500000000000000e+01 2.150000000000000000e+01 -1.300000000000000000e+01
1.580000042915344238e+00 3.519999980926513672e+00 8.800000190734863281e+00 -3.587500000000000000e+01 -4.375000000000000000e+00 -4.568750000000000000e+01 5.756250000000000000e+01 2.050000000000000000e+01 -1.168750000000000000e+01
1.549999952316284180e+00 3.589999914169311523e+00 8.739999771118164062e+00 -3.518750000000000000e+01 -8.187500000000000000e+00 -4.700000000000000000e+01 5.537500000000000000e+01 2.031250000000000000e+01 -1.025000000000000000e+01
1.389999985694885254e+00 3.740000009536743164e+00 8.770000457763671875e+00 -3.518750000000000000e+01 -8.187500000000000000e+00 -4.700000000000000000e+01 5.281250000000000000e+01 1.962500000000000000e+01 -8.937500000000000000e+00
1.259999990463256836e+00 3.849999904632568359e+00 8.689999580383300781e+00 -3.518750000000000000e+01 -8.187500000000000000e+00 -4.700000000000000000e+01 4.956250000000000000e+01 1.818750000000000000e+01 -7.625000000000000000e+00
1.129999995231628418e+00 4.349999904632568359e+00 8.670000076293945312e+00 -3.518750000000000000e+01 -8.187500000000000000e+00 -4.700000000000000000e+01 4.481250000000000000e+01 1.593750000000000000e+01 -7.437500000000000000e+00
1.169999957084655762e+00 4.309999942779541016e+00 8.619999885559082031e+00 -3.518750000000000000e+01 -8.187500000000000000e+00 -4.700000000000000000e+01 3.962500000000000000e+01 1.443750000000000000e+01 -6.250000000000000000e+00
1.070000052452087402e+00 4.400000095367431641e+00 8.539999961853027344e+00 -3.518750000000000000e+01 -1.000000000000000000e+01 -4.656250000000000000e+01 3.431250000000000000e+01 1.275000000000000000e+01 -4.562500000000000000e+00
1.039999961853027344e+00 4.710000038146972656e+00 8.489999771118164062e+00 -3.518750000000000000e+01 -1.000000000000000000e+01 -4.656250000000000000e+01 2.800000000000000000e+01 1.075000000000000000e+01 -2.250000000000000000e+00
7.900000214576721191e-01 4.860000133514404297e+00 8.439999580383300781e+00 -3.518750000000000000e+01 -1.000000000000000000e+01 -4.656250000000000000e+01 1.981250000000000000e+01 8.062500000000000000e+00 -6.875000000000000000e-01
6.399999856948852539e-01 4.699999809265136719e+00 8.550000190734863281e+00 -3.518750000000000000e+01 -1.000000000000000000e+01 -4.656250000000000000e+01 1.112500000000000000e+01 4.375000000000000000e+00 -8.125000000000000000e-01
7.799999713897705078e-01 4.590000152587890625e+00 8.539999961853027344e+00 -3.518750000000000000e+01 -1.000000000000000000e+01 -4.656250000000000000e+01 3.250000000000000000e+00 6.875000000000000000e-01 -3.125000000000000000e-01
1.120000004768371582e+00 4.699999809265136719e+00 8.479999542236328125e+00 -3.406250000000000000e+01 -1.175000000000000000e+01 -4.618750000000000000e+01 -3.625000000000000000e+00 -1.875000000000000000e+00 1.125000000000000000e+00
1.019999980926513672e+00 4.789999961853027344e+00 8.449999809265136719e+00 -3.406250000000000000e+01 -1.175000000000000000e+01 -4.618750000000000000e+01 -1.025000000000000000e+01 -3.437500000000000000e+00 3.000000000000000000e+00
9.900000095367431641e-01 4.809999942779541016e+00 8.449999809265136719e+00 -3.406250000000000000e+01 -1.175000000000000000e+01 -4.618750000000000000e+01 -1.756250000000000000e+01 -5.375000000000000000e+00 5.000000000000000000e+00
1.080000042915344238e+00 4.599999904632568359e+00 8.430000305175781250e+00 -3.406250000000000000e+01 -1.175000000000000000e+01 -4.618750000000000000e+01 -2.475000000000000000e+01 -7.562500000000000000e+00 6.187500000000000000e+00
1.149999976158142090e+00 3.950000047683715820e+00 8.649999618530273438e+00 -3.406250000000000000e+01 -1.175000000000000000e+01 -4.618750000000000000e+01 -3.087500000000000000e+01 -9.750000000000000000e+00 7.125000000000000000e+00
1.230000019073486328e+00 3.849999904632568359e+00 8.710000038146972656e+00 -3.368750000000000000e+01 -1.300000000000000000e+01 -4.700000000000000000e+01 -3.531250000000000000e+01 -1.156250000000000000e+01 8.000000000000000000e+00
1.340000033378601074e+00 3.819999933242797852e+00 8.739999771118164062e+00 -3.368750000000000000e+01 -1.300000000000000000e+01 -4.700000000000000000e+01 -3.862500000000000000e+01 -1.300000000000000000e+01 8.812500000000000000e+00
1.419999957084655762e+00 3.839999914169311523e+00 8.710000038146972656e+00 -3.368750000000000000e+01 -1.300000000000000000e+01 -4.700000000000000000e+01 -4.187500000000000000e+01 -1.393750000000000000e+01 9.687500000000000000e+00
1.509999990463256836e+00 3.400000095367431641e+00 8.739999771118164062e+00 -3.368750000000000000e+01 -1.300000000000000000e+01 -4.700000000000000000e+01 -4.462500000000000000e+01 -1.468750000000000000e+01 1.000000000000000000e+01
1.529999971389770508e+00 3.150000095367431641e+00 8.869999885559082031e+00 -3.368750000000000000e+01 -1.300000000000000000e+01 -4.700000000000000000e+01 -4.656250000000000000e+01 -1.531250000000000000e+01 1.031250000000000000e+01
1.639999985694885254e+00 3.119999885559082031e+00 8.899999618530273438e+00 -3.368750000000000000e+01 -1.025000000000000000e+01 -4.700000000000000000e+01 -4.706250000000000000e+01 -1.581250000000000000e+01 1.068750000000000000e+01
1.629999995231628418e+00 3.240000009536743164e+00 8.810000419616699219e+00 -3.368750000000000000e+01 -1.025000000000000000e+01 -4.700000000000000000e+01 -4.787500000000000000e+01 -1.575000000000000000e+01 1.100000000000000000e+01
1.549999952316284180e+00 3.420000076293945312e+00 8.789999961853027344e+00 -3.368750000000000000e+01 -1.025000000000000000e+01 -4.700000000000000000e+01 -4.975000000000000000e+01 -1.600000000000000000e+01 1.218750000000000000e+01
1.419999957084655762e+00 3.680000066757202148e+00 8.659999847412109375e+00 -3.368750000000000000e+01 -1.025000000000000000e+01 -4.700000000000000000e+01 -5.343750000000000000e+01 -1.668750000000000000e+01 1.437500000000000000e+01
1.240000009536743164e+00 4.050000190734863281e+00 8.420000076293945312e+00 -3.368750000000000000e+01 -1.025000000000000000e+01 -4.700000000000000000e+01 -6.056250000000000000e+01 -1.812500000000000000e+01 1.881250000000000000e+01
9.599999785423278809e-01 4.719999790191650391e+00 8.300000190734863281e+00 -3.550000000000000000e+01 -8.500000000000000000e+00 -4.775000000000000000e+01 -7.206250000000000000e+01 -2.037500000000000000e+01 2.568750000000000000e+01
9.200000166893005371e-01 4.340000152587890625e+00 8.399999618530273438e+00 -3.550000000000000000e+01 -8.500000000000000000e+00 -4.775000000000000000e+01 -8.593750000000000000e+01 -2.381250000000000000e+01 3.156250000000000000e+01
9.800000190734863281e-01 3.369999885559082031e+00 8.439999580383300781e+00 -3.550000000000000000e+01 -8.500000000000000000e+00 -4.775000000000000000e+01 -9.800000000000000000e+01 -2.737500000000000000e+01 3.125000000000000000e+01
1.240000009536743164e+00 2.579999923706054688e+00 8.720000267028808594e+00 -3.550000000000000000e+01 -8.500000000000000000e+00 -4.775000000000000000e+01 -1.045000000000000000e+02 -3.175000000000000000e+01 2.537500000000000000e+01
2.200000047683715820e+00 1.580000042915344238e+00 9.130000114440917969e+00 -3.550000000000000000e+01 -8.500000000000000000e+00 -4.775000000000000000e+01 -1.059375000000000000e+02 -3.425000000000000000e+01 2.056250000000000000e+01
2.559999942779541016e+00 1.230000019073486328e+00 9.100000381469726562e+00 -3.587500000000000000e+01 -5.875000000000000000e+00 -4.575000000000000000e+01 -1.043125000000000000e+02 -3.368750000000000000e+01 2.025000000000000000e+01
2.619999885559082031e+00 9.599999785423278809e-01 9.180000305175781250e+00 -3.587500000000000000e+01 -5.875000000000000000e+00 -4.575000000000000000e+01 -1.005000000000000000e+02 -3.162500000000000000e+01 2.050000000000000000e+01
2.569999933242797852e+00 5.500000119209289551e-01 9.319999694824218750e+00 -3.587500000000000000e+01 -5.875000000000000000e+00 -4.575000000000000000e+01 -9.606250000000000000e+01 -2.987500000000000000e+01 2.050000000000000000e+01
2.549999952316284180e+00 5.600000023841857910e-01 9.350000381469726562e+00 -3.587500000000000000e+01 -5.875000000000000000e+00 -4.575000000000000000e+01 -9.006250000000000000e+01 -2.850000000000000000e+01 2.025000000000000000e+01
2.480000019073486328e+00 8.199999928474426270e-01 9.199999809265136719e+00 -3.587500000000000000e+01 -5.875000000000000000e+00 -4.575000000000000000e+01 -8.450000000000000000e+01 -2.762500000000000000e+01 2.068750000000000000e+01
2.380000114440917969e+00 1.279999971389770508e+00 9.050000190734863281e+00 -3.700000000000000000e+01 -1.500000000000000000e+00 -4.575000000000000000e+01 -8.212500000000000000e+01 -2.712500000000000000e+01 2.212500000000000000e+01
1.879999995231628418e+00 2.359999895095825195e+00 8.680000305175781250e+00 -3.700000000000000000e+01 -1.500000000000000000e+00 -4.575000000000000000e+01 -8.600000000000000000e+01 -2.693750000000000000e+01 2.606250000000000000e+01
1.659999966621398926e+00 2.670000076293945312e+00 8.539999961853027344e+00 -3.700000000000000000e+01 -1.500000000000000000e+00 -4.575000000000000000e+01 -9.475000000000000000e+01 -2.825000000000000000e+01 3.231250000000000000e+01
1.529999971389770508e+00 2.529999971389770508e+00 8.399999618530273438e+00 -3.700000000000000000e+01 -1.500000000000000000e+00 -4.575000000000000000e+01 -1.072500000000000000e+02 -3.118750000000000000e+01 3.712500000000000000e+01
1.669999957084655762e+00 1.820000052452087402e+00 8.529999732971191406e+00 -3.700000000000000000e+01 -1.500000000000000000e+00 -4.575000000000000000e+01 -1.194375000000000000e+02 -3.556250000000000000e+01 3.693750000000000000e+01
2.450000047683715820e+00 -2.599999904632568359e-01 8.979999542236328125e+00 -3.775000000000000000e+01 2.250000000000000000e+00 -4.500000000000000000e+01 -1.284375000000000000e+02 -3.931250000000000000e+01 3.018750000000000000e+01
3.190000057220458984e+00 -1.220000028610229492e+00 9.229999542236328125e+00 -3.775000000000000000e+01 2.250000000000000000e+00 -4.500000000000000000e+01 -1.315000000000000000e+02 -4.018750000000000000e+01 2.818750000000000000e+01
3.460000038146972656e+00 -1.730000019073486328e+00 9.270000457763671875e+00 -3.775000000000000000e+01 2.250000000000000000e+00 -4.500000000000000000e+01 -1.248750000000000000e+02 -3.800000000000000000e+01 2.818750000000000000e+01
2.779999971389770508e+00 -1.179999947547912598e+00 9.279999732971191406e+00 -3.775000000000000000e+01 2.250000000000000000e+00 -4.500000000000000000e+01 -1.120625000000000000e+02 -3.556250000000000000e+01 2.787500000000000000e+01
