4.360000133514404297e+00 -2.240000009536743164e+00 8.460000038146972656e+00 -4.187500000000000000e+01 2.275000000000000000e+01 -3.400000000000000000e+01 6.250000000000000000e-02 3.125000000000000000e-01 6.250000000000000000e-02
4.289999961853027344e+00 -2.250000000000000000e+00 8.449999809265136719e+00 -4.106250000000000000e+01 2.418750000000000000e+01 -3.318750000000000000e+01 -1.875000000000000000e-01 -1.250000000000000000e-01 1.875000000000000000e-01
4.349999904632568359e+00 -2.299999952316284180e+00 8.439999580383300781e+00 -4.106250000000000000e+01 2.418750000000000000e+01 -3.318750000000000000e+01 -5.000000000000000000e-01 -3.750000000000000000e-01 1.250000000000000000e-01
4.269999980926513672e+00 -2.369999885559082031e+00 8.489999771118164062e+00 -4.106250000000000000e+01 2.418750000000000000e+01 -3.318750000000000000e+01 -6.250000000000000000e-01 -3.750000000000000000e-01 3.750000000000000000e-01
4.320000171661376953e+00 -2.099999904632568359e+00 8.500000000000000000e+00 -4.106250000000000000e+01 2.418750000000000000e+01 -3.318750000000000000e+01 -4.375000000000000000e-01 -5.625000000000000000e-01 3.750000000000000000e-01
4.380000114440917969e+00 -2.240000009536743164e+00 8.420000076293945312e+00 -4.106250000000000000e+01 2.418750000000000000e+01 -3.318750000000000000e+01 -7.500000000000000000e-01 -7.500000000000000000e-01 6.875000000000000000e-01
4.280000209808349609e+00 -2.339999914169311523e+00 8.430000305175781250e+00 -4.075000000000000000e+01 2.387500000000000000e+01 -3.268750000000000000e+01 -1.437500000000000000e+00 -8.125000000000000000e-01 1.000000000000000000e+00
4.380000114440917969e+00 -2.349999904632568359e+00 8.359999656677246094e+00 -4.075000000000000000e+01 2.387500000000000000e+01 -3.268750000000000000e+01 -1.437500000000000000e+00 -9.375000000000000000e-01 1.000000000000000000e+00
4.360000133514404297e+00 -2.460000038146972656e+00 8.369999885559082031e+00 -4.075000000000000000e+01 2.387500000000000000e+01 -3.268750000000000000e+01 -1.125000000000000000e+00 -1.187500000000000000e+00 1.062500000000000000e+00
4.349999904632568359e+00 -2.539999961853027344e+00 8.329999923706054688e+00 -4.075000000000000000e+01 2.387500000000000000e+01 -3.268750000000000000e+01 -9.375000000000000000e-01 -8.125000000000000000e-01 8.125000000000000000e-01
4.469999790191650391e+00 -2.319999933242797852e+00 8.420000076293945312e+00 -4.075000000000000000e+01 2.387500000000000000e+01 -3.268750000000000000e+01 -1.875000000000000000e-01 -5.625000000000000000e-01 4.375000000000000000e-01
4.409999847412109375e+00 -2.250000000000000000e+00 8.439999580383300781e+00 -4.075000000000000000e+01 2.350000000000000000e+01 -3.225000000000000000e+01 3.750000000000000000e-01 -6.250000000000000000e-01 2.500000000000000000e-01
4.480000019073486328e+00 -2.269999980926513672e+00 8.520000457763671875e+00 -4.075000000000000000e+01 2.350000000000000000e+01 -3.225000000000000000e+01 6.250000000000000000e-01 -6.875000000000000000e-01 3.125000000000000000e-01
4.619999885559082031e+00 -2.240000009536743164e+00 8.430000305175781250e+00 -4.075000000000000000e+01 2.350000000000000000e+01 -3.225000000000000000e+01 2.500000000000000000e-01 -1.000000000000000000e+00 7.500000000000000000e-01
4.650000095367431641e+00 -2.319999933242797852e+00 8.420000076293945312e+00 -4.075000000000000000e+01 2.350000000000000000e+01 -3.225000000000000000e+01 1.875000000000000000e-01 -4.375000000000000000e-01 1.500000000000000000e+00
4.849999904632568359e+00 -2.380000114440917969e+00 8.420000076293945312e+00 -4.075000000000000000e+01 2.350000000000000000e+01 -3.225000000000000000e+01 6.250000000000000000e-02 7.500000000000000000e-01 2.125000000000000000e+00
4.989999771118164062e+00 -2.349999904632568359e+00 8.399999618530273438e+00 -4.037500000000000000e+01 2.456250000000000000e+01 -3.318750000000000000e+01 1.250000000000000000e-01 2.062500000000000000e+00 2.812500000000000000e+00
5.010000228881835938e+00 -2.279999971389770508e+00 8.500000000000000000e+00 -4.037500000000000000e+01 2.456250000000000000e+01 -3.318750000000000000e+01 3.125000000000000000e-01 3.875000000000000000e+00 3.250000000000000000e+00
5.190000057220458984e+00 -2.150000095367431641e+00 8.659999847412109375e+00 -4.037500000000000000e+01 2.456250000000000000e+01 -3.318750000000000000e+01 5.000000000000000000e-01 4.812500000000000000e+00 3.812500000000000000e+00
5.469999790191650391e+00 -2.000000000000000000e+00 8.539999961853027344e+00 -4.037500000000000000e+01 2.456250000000000000e+01 -3.318750000000000000e+01 5.625000000000000000e-01 5.562500000000000000e+00 4.000000000000000000e+00
6.380000114440917969e+00 -1.679999947547912598e+00 8.039999961853027344e+00 -4.037500000000000000e+01 2.456250000000000000e+01 -3.318750000000000000e+01 6.250000000000000000e-01 5.250000000000000000e+00 4.375000000000000000e+00
9.430000305175781250e+00 -6.100000143051147461e-01 4.360000133514404297e+00 -4.150000000000000000e+01 2.418750000000000000e+01 -3.225000000000000000e+01 1.250000000000000000e-01 2.375000000000000000e+00 3.625000000000000000e+00
9.409999847412109375e+00 -9.200000166893005371e-01 2.990000009536743164e+00 -4.150000000000000000e+01 2.418750000000000000e+01 -3.225000000000000000e+01 8.750000000000000000e-01 -3.312500000000000000e+00 3.375000000000000000e+00
1.031000041961669922e+01 -1.929999947547912598e+00 4.760000228881835938e+00 -4.150000000000000000e+01 2.418750000000000000e+01 -3.225000000000000000e+01 5.687500000000000000e+00 -1.118750000000000000e+01 4.187500000000000000e+00
1.189999961853027344e+01 -2.269999980926513672e+00 4.949999809265136719e+00 -4.150000000000000000e+01 2.418750000000000000e+01 -3.225000000000000000e+01 2.031250000000000000e+01 -1.868750000000000000e+01 3.875000000000000000e+00
1.097999954223632812e+01 -4.699999988079071045e-01 7.380000114440917969e+00 -4.150000000000000000e+01 2.418750000000000000e+01 -3.225000000000000000e+01 3.587500000000000000e+01 -1.450000000000000000e+01 7.500000000000000000e+00
9.239999771118164062e+00 3.400000035762786865e-01 4.809999942779541016e+00 -4.150000000000000000e+01 2.500000000000000000e+01 -3.268750000000000000e+01 3.987500000000000000e+01 -2.062500000000000000e+00 1.168750000000000000e+01
7.489999771118164062e+00 7.099999785423278809e-01 6.000000000000000000e+00 -4.150000000000000000e+01 2.500000000000000000e+01 -3.268750000000000000e+01 3.725000000000000000e+01 -1.250000000000000000e-01 1.225000000000000000e+01
8.789999961853027344e+00 1.230000019073486328e+00 6.260000228881835938e+00 -4.150000000000000000e+01 2.500000000000000000e+01 -3.268750000000000000e+01 3.137500000000000000e+01 -1.200000000000000000e+01 8.250000000000000000e+00
9.130000114440917969e+00 -4.900000095367431641e-01 7.739999771118164062e+00 -4.150000000000000000e+01 2.500000000000000000e+01 -3.268750000000000000e+01 1.737500000000000000e+01 -1.918750000000000000e+01 8.375000000000000000e+00
7.679999828338623047e+00 -1.320000052452087402e+00 6.400000095367431641e+00 -4.150000000000000000e+01 2.500000000000000000e+01 -3.268750000000000000e+01 4.437500000000000000e+00 -1.593750000000000000e+01 9.437500000000000000e+00
7.349999904632568359e+00 -1.570000052452087402e+00 6.769999980926513672e+00 -4.106250000000000000e+01 2.275000000000000000e+01 -3.318750000000000000e+01 4.312500000000000000e+00 -1.625000000000000000e+01 5.437500000000000000e+00
8.680000305175781250e+00 -1.070000052452087402e+00 7.659999847412109375e+00 -4.106250000000000000e+01 2.275000000000000000e+01 -3.318750000000000000e+01 1.131250000000000000e+01 -2.193750000000000000e+01 0.000000000000000000e+00
7.659999847412109375e+00 -1.299999952316284180e+00 6.960000038146972656e+00 -4.106250000000000000e+01 2.275000000000000000e+01 -3.318750000000000000e+01 1.137500000000000000e+01 -2.218750000000000000e+01 -1.750000000000000000e+00
7.429999828338623047e+00 -1.139999985694885254e+00 6.889999866485595703e+00 -4.106250000000000000e+01 2.275000000000000000e+01 -3.318750000000000000e+01 9.312500000000000000e+00 -1.800000000000000000e+01 -3.750000000000000000e+00
7.420000076293945312e+00 -1.179999947547912598e+00 7.059999942779541016e+00 -4.106250000000000000e+01 2.275000000000000000e+01 -3.318750000000000000e+01 7.562500000000000000e+00 -1.643750000000000000e+01 -6.062500000000000000e+00
6.500000000000000000e+00 -1.059999942779541016e+00 7.079999923706054688e+00 -4.337500000000000000e+01 2.387500000000000000e+01 -3.106250000000000000e+01 3.500000000000000000e+00 -1.331250000000000000e+01 -8.187500000000000000e+00
6.179999828338623047e+00 -1.509999990463256836e+00 7.059999942779541016e+00 -4.337500000000000000e+01 2.387500000000000000e+01 -3.106250000000000000e+01 -8.125000000000000000e-01 -1.087500000000000000e+01 -8.812500000000000000e+00
5.550000190734863281e+00 -1.990000009536743164e+00 7.150000095367431641e+00 -4.337500000000000000e+01 2.387500000000000000e+01 -3.106250000000000000e+01 -4.500000000000000000e+00 -8.562500000000000000e+00 -8.625000000000000000e+00
4.869999885559082031e+00 -2.319999933242797852e+00 7.579999923706054688e+00 -4.337500000000000000e+01 2.387500000000000000e+01 -3.106250000000000000e+01 -3.937500000000000000e+00 -7.562500000000000000e+00 -9.562500000000000000e+00
3.410000085830688477e+00 -2.480000019073486328e+00 8.180000305175781250e+00 -4.337500000000000000e+01 2.387500000000000000e+01 -3.106250000000000000e+01 5.625000000000000000e-01 -8.687500000000000000e+00 -1.137500000000000000e+01
3.299999952316284180e+00 -2.400000095367431641e+00 8.930000305175781250e+00 -4.406250000000000000e+01 2.456250000000000000e+01 -3.150000000000000000e+01 5.937500000000000000e+00 -1.131250000000000000e+01 -1.356250000000000000e+01
2.660000085830688477e+00 -2.160000085830688477e+00 9.609999656677246094e+00 -4.406250000000000000e+01 2.456250000000000000e+01 -3.150000000000000000e+01 8.437500000000000000e+00 -1.312500000000000000e+01 -1.500000000000000000e+01
1.620000004768371582e+00 -2.519999980926513672e+00 1.038000011444091797e+01 -4.406250000000000000e+01 2.456250000000000000e+01 -3.150000000000000000e+01 5.375000000000000000e+00 -1.287500000000000000e+01 -1.606250000000000000e+01
9.399999976158142090e-01 -2.910000085830688477e+00 1.038000011444091797e+01 -4.406250000000000000e+01 2.456250000000000000e+01 -3.150000000000000000e+01 3.750000000000000000e-01 -1.181250000000000000e+01 -1.768750000000000000e+01
8.000000119209289551e-01 -3.009999990463256836e+00 1.067000007629394531e+01 -4.406250000000000000e+01 2.456250000000000000e+01 -3.150000000000000000e+01 -3.625000000000000000e+00 -1.218750000000000000e+01 -2.143750000000000000e+01
5.099999904632568359e-01 -3.339999914169311523e+00 1.056000041961669922e+01 -4.518750000000000000e+01 2.387500000000000000e+01 -3.025000000000000000e+01 -5.250000000000000000e+00 -1.337500000000000000e+01 -2.643750000000000000e+01
1.599999964237213135e-01 -3.230000019073486328e+00 1.153999996185302734e+01 -4.518750000000000000e+01 2.387500000000000000e+01 -3.025000000000000000e+01 -5.437500000000000000e+00 -1.287500000000000000e+01 -3.118750000000000000e+01
-2.399999946355819702e-01 -3.890000104904174805e+00 1.118999958038330078e+01 -4.518750000000000000e+01 2.387500000000000000e+01 -3.025000000000000000e+01 -6.875000000000000000e+00 -1.237500000000000000e+01 -3.531250000000000000e+01
-1.559999942779541016e+00 -4.449999809265136719e+00 1.109000015258789062e+01 -4.518750000000000000e+01 2.387500000000000000e+01 -3.025000000000000000e+01 -1.062500000000000000e+01 -8.187500000000000000e+00 -3.718750000000000000e+01
-2.180000066757202148e+00 -4.639999866485595703e+00 1.152999973297119141e+01 -4.518750000000000000e+01 2.387500000000000000e+01 -3.025000000000000000e+01 -9.187500000000000000e+00 -7.875000000000000000e+00 -4.025000000000000000e+01
-2.829999923706054688e+00 -5.429999828338623047e+00 1.230000019073486328e+01 -4.668750000000000000e+01 2.268750000000000000e+01 -2.818750000000000000e+01 -6.375000000000000000e+00 -7.437500000000000000e+00 -4.112500000000000000e+01
-3.079999923706054688e+00 -6.219999790191650391e+00 1.214999961853027344e+01 -4.668750000000000000e+01 2.268750000000000000e+01 -2.818750000000000000e+01 -4.187500000000000000e+00 -2.250000000000000000e+00 -3.843750000000000000e+01
-3.529999971389770508e+00 -6.079999923706054688e+00 1.206999969482421875e+01 -4.668750000000000000e+01 2.268750000000000000e+01 -2.818750000000000000e+01 1.312500000000000000e+00 1.812500000000000000e+00 -3.462500000000000000e+01
-2.690000057220458984e+00 -5.179999828338623047e+00 1.231999969482421875e+01 -4.668750000000000000e+01 2.268750000000000000e+01 -2.818750000000000000e+01 7.750000000000000000e+00 5.312500000000000000e+00 -3.037500000000000000e+01
-2.559999942779541016e+00 -4.880000114440917969e+00 1.182999992370605469e+01 -4.668750000000000000e+01 2.268750000000000000e+01 -2.818750000000000000e+01 7.562500000000000000e+00 9.000000000000000000e+00 -2.225000000000000000e+01
-1.850000023841857910e+00 -4.099999904632568359e+00 1.150000000000000000e+01 -4.818750000000000000e+01 2.187500000000000000e+01 -2.737500000000000000e+01 6.125000000000000000e+00 1.281250000000000000e+01 -1.406250000000000000e+01
-1.120000004768371582e+00 -3.440000057220458984e+00 1.148999977111816406e+01 -4.818750000000000000e+01 2.187500000000000000e+01 -2.737500000000000000e+01 5.500000000000000000e+00 1.468750000000000000e+01 -4.437500000000000000e+00
5.000000000000000000e-01 -2.759999990463256836e+00 1.126000022888183594e+01 -4.818750000000000000e+01 2.187500000000000000e+01 -2.737500000000000000e+01 6.250000000000000000e-01 1.756250000000000000e+01 7.312500000000000000e+00
5.299999713897705078e-01 -2.809999942779541016e+00 1.082999992370605469e+01 -4.818750000000000000e+01 2.187500000000000000e+01 -2.737500000000000000e+01 -5.750000000000000000e+00 2.281250000000000000e+01 1.856250000000000000e+01
7.099999785423278809e-01 -3.069999933242797852e+00 1.057999992370605469e+01 -4.818750000000000000e+01 2.187500000000000000e+01 -2.737500000000000000e+01 -1.206250000000000000e+01 2.800000000000000000e+01 2.918750000000000000e+01
9.499999880790710449e-01 -3.259999990463256836e+00 1.030000019073486328e+01 -4.818750000000000000e+01 2.125000000000000000e+01 -2.825000000000000000e+01 -1.406250000000000000e+01 3.006250000000000000e+01 3.781250000000000000e+01
1.399999976158142090e+00 -3.220000028610229492e+00 9.989999771118164062e+00 -4.818750000000000000e+01 2.125000000000000000e+01 -2.825000000000000000e+01 -1.006250000000000000e+01 3.031250000000000000e+01 4.362500000000000000e+01
1.840000033378601074e+00 -3.150000095367431641e+00 9.890000343322753906e+00 -4.818750000000000000e+01 2.125000000000000000e+01 -2.825000000000000000e+01 -3.437500000000000000e+00 3.006250000000000000e+01 4.693750000000000000e+01
2.099999904632568359e+00 -3.000000000000000000e+00 9.789999961853027344e+00 -4.818750000000000000e+01 2.125000000000000000e+01 -2.825000000000000000e+01 4.437500000000000000e+00 2.987500000000000000e+01 4.912500000000000000e+01
2.400000095367431641e+00 -2.390000104904174805e+00 9.680000305175781250e+00 -4.818750000000000000e+01 2.125000000000000000e+01 -2.825000000000000000e+01 1.181250000000000000e+01 3.081250000000000000e+01 4.900000000000000000e+01
2.400000095367431641e+00 -2.390000104904174805e+00 9.680000305175781250e+00 -4.706250000000000000e+01 2.200000000000000000e+01 -2.956250000000000000e+01 1.606250000000000000e+01 3.206250000000000000e+01 4.843750000000000000e+01
2.619999885559082031e+00 -1.779999971389770508e+00 9.420000076293945312e+00 -4.706250000000000000e+01 2.200000000000000000e+01 -2.956250000000000000e+01 1.706250000000000000e+01 3.218750000000000000e+01 4.656250000000000000e+01
2.640000104904174805e+00 -1.570000052452087402e+00 9.239999771118164062e+00 -4.706250000000000000e+01 2.200000000000000000e+01 -2.956250000000000000e+01 1.531250000000000000e+01 3.300000000000000000e+01 4.337500000000000000e+01
2.599999904632568359e+00 -1.720000028610229492e+00 8.989999771118164062e+00 -4.706250000000000000e+01 2.200000000000000000e+01 -2.956250000000000000e+01 1.168750000000000000e+01 3.218750000000000000e+01 3.906250000000000000e+01
2.720000028610229492e+00 -1.840000033378601074e+00 9.079999923706054688e+00 -4.706250000000000000e+01 2.200000000000000000e+01 -2.956250000000000000e+01 7.812500000000000000e+00 3.012500000000000000e+01 3.131250000000000000e+01
2.720000028610229492e+00 -1.840000033378601074e+00 9.079999923706054688e+00 -4.450000000000000000e+01 2.418750000000000000e+01 -3.156250000000000000e+01 3.937500000000000000e+00 2.737500000000000000e+01 2.368750000000000000e+01
3.039999961853027344e+00 -1.820000052452087402e+00 8.909999847412109375e+00 -4.450000000000000000e+01 2.418750000000000000e+01 -3.156250000000000000e+01 6.250000000000000000e-02 2.487500000000000000e+01 1.600000000000000000e+01
3.079999923706054688e+00 -1.610000014305114746e+00 8.630000114440917969e+00 -4.450000000000000000e+01 2.418750000000000000e+01 -3.156250000000000000e+01 -4.187500000000000000e+00 2.300000000000000000e+01 9.437500000000000000e+00
3.039999961853027344e+00 -1.690000057220458984e+00 8.409999847412109375e+00 -4.450000000000000000e+01 2.418750000000000000e+01 -3.156250000000000000e+01 -9.250000000000000000e+00 1.993750000000000000e+01 3.812500000000000000e+00
3.119999885559082031e+00 -1.750000000000000000e+00 8.329999923706054688e+00 -4.450000000000000000e+01 2.418750000000000000e+01 -3.156250000000000000e+01 -1.337500000000000000e+01 1.618750000000000000e+01 -2.250000000000000000e+00
3.119999885559082031e+00 -1.750000000000000000e+00 8.329999923706054688e+00 -4.337500000000000000e+01 2.456250000000000000e+01 -3.237500000000000000e+01 -1.731250000000000000e+01 1.068750000000000000e+01 -8.625000000000000000e+00
4.239999771118164062e+00 -1.350000023841857910e+00 8.180000305175781250e+00 -4.337500000000000000e+01 2.456250000000000000e+01 -3.237500000000000000e+01 -2.150000000000000000e+01 3.937500000000000000e+00 -1.418750000000000000e+01
4.730000019073486328e+00 -1.389999985694885254e+00 8.000000000000000000e+00 -4.337500000000000000e+01 2.456250000000000000e+01 -3.237500000000000000e+01 -2.550000000000000000e+01 -1.562500000000000000e+00 -1.875000000000000000e+01
5.280000209808349609e+00 -1.309999942779541016e+00 8.109999656677246094e+00 -4.337500000000000000e+01 2.456250000000000000e+01 -3.237500000000000000e+01 -2.925000000000000000e+01 -4.625000000000000000e+00 -2.431250000000000000e+01
6.670000076293945312e+00 -8.100000023841857910e-01 7.969999790191650391e+00 -4.337500000000000000e+01 2.456250000000000000e+01 -3.237500000000000000e+01 -3.337500000000000000e+01 -5.187500000000000000e+00 -3.143750000000000000e+01
6.670000076293945312e+00 -8.100000023841857910e-01 7.969999790191650391e+00 -4.225000000000000000e+01 2.500000000000000000e+01 -3.406250000000000000e+01 -3.950000000000000000e+01 -2.562500000000000000e+00 -3.775000000000000000e+01
7.190000057220458984e+00 -5.600000023841857910e-01 8.020000457763671875e+00 -4.225000000000000000e+01 2.500000000000000000e+01 -3.406250000000000000e+01 -4.856250000000000000e+01 2.187500000000000000e+00 -4.281250000000000000e+01
6.889999866485595703e+00 -5.699999928474426270e-01 7.570000171661376953e+00 -4.225000000000000000e+01 2.500000000000000000e+01 -3.406250000000000000e+01 -6.025000000000000000e+01 8.062500000000000000e+00 -4.337500000000000000e+01
5.570000171661376953e+00 -1.740000009536743164e+00 6.980000019073486328e+00 -4.225000000000000000e+01 2.500000000000000000e+01 -3.406250000000000000e+01 -6.925000000000000000e+01 1.075000000000000000e+01 -4.031250000000000000e+01
5.400000095367431641e+00 -2.470000028610229492e+00 6.579999923706054688e+00 -4.225000000000000000e+01 2.500000000000000000e+01 -3.406250000000000000e+01 -7.106250000000000000e+01 8.812500000000000000e+00 -3.718750000000000000e+01
5.400000095367431641e+00 -2.470000028610229492e+00 6.579999923706054688e+00 -4.187500000000000000e+01 2.418750000000000000e+01 -3.275000000000000000e+01 -6.506250000000000000e+01 2.250000000000000000e+00 -3.600000000000000000e+01
5.369999885559082031e+00 -2.109999895095825195e+00 5.750000000000000000e+00 -4.187500000000000000e+01 2.418750000000000000e+01 -3.275000000000000000e+01 -5.418750000000000000e+01 -5.687500000000000000e+00 -3.543750000000000000e+01
5.130000114440917969e+00 -1.850000023841857910e+00 5.619999885559082031e+00 -4.187500000000000000e+01 2.418750000000000000e+01 -3.275000000000000000e+01 -4.531250000000000000e+01 -1.462500000000000000e+01 -3.175000000000000000e+01
4.829999923706054688e+00 -1.820000052452087402e+00 5.559999942779541016e+00 -4.187500000000000000e+01 2.418750000000000000e+01 -3.275000000000000000e+01 -4.106250000000000000e+01 -2.437500000000000000e+01 -2.531250000000000000e+01
5.139999866485595703e+00 -1.860000014305114746e+00 5.619999885559082031e+00 -4.187500000000000000e+01 2.418750000000000000e+01 -3.275000000000000000e+01 -3.831250000000000000e+01 -3.600000000000000000e+01 -1.812500000000000000e+01
9.920000076293945312e+00 -6.360000133514404297e+00 7.179999828338623047e+00 -4.225000000000000000e+01 2.456250000000000000e+01 -3.275000000000000000e+01 -3.325000000000000000e+01 -4.775000000000000000e+01 -1.181250000000000000e+01
1.750000000000000000e+01 -9.630000114440917969e+00 9.039999961853027344e+00 -4.225000000000000000e+01 2.456250000000000000e+01 -3.275000000000000000e+01 -9.437500000000000000e+00 -5.450000000000000000e+01 -1.731250000000000000e+01
1.594999980926513672e+01 -3.300000131130218506e-01 7.760000228881835938e+00 -4.225000000000000000e+01 2.456250000000000000e+01 -3.275000000000000000e+01 5.843750000000000000e+01 -3.831250000000000000e+01 -4.243750000000000000e+01
9.930000305175781250e+00 2.759999990463256836e+00 5.699999809265136719e+00 -4.225000000000000000e+01 2.456250000000000000e+01 -3.275000000000000000e+01 8.087500000000000000e+01 1.650000000000000000e+01 -3.475000000000000000e+01
8.329999923706054688e+00 1.500000059604644775e-01 4.809999942779541016e+00 -4.225000000000000000e+01 2.456250000000000000e+01 -3.275000000000000000e+01 3.887500000000000000e+01 2.900000000000000000e+01 -1.175000000000000000e+01
8.060000419616699219e+00 -6.100000143051147461e-01 8.779999732971191406e+00 -4.300000000000000000e+01 2.487500000000000000e+01 -3.156250000000000000e+01 1.781250000000000000e+01 1.312500000000000000e+01 -1.087500000000000000e+01
8.350000381469726562e+00 -1.799999952316284180e+00 1.035999965667724609e+01 -4.300000000000000000e+01 2.487500000000000000e+01 -3.156250000000000000e+01 1.318750000000000000e+01 5.562500000000000000e+00 -8.562500000000000000e+00
1.009999990463256836e+00 -1.539999961853027344e+00 9.170000076293945312e+00 -4.300000000000000000e+01 2.487500000000000000e+01 -3.156250000000000000e+01 1.500000000000000000e+00 1.725000000000000000e+01 2.000000000000000000e+00
3.819999933242797852e+00 -1.539999961853027344e+00 8.619999885559082031e+00 -4.300000000000000000e+01 2.487500000000000000e+01 -3.156250000000000000e+01 2.500000000000000000e+00 8.437500000000000000e+00 1.687500000000000000e+00
