-2.000000029802322388e-01 -4.600000083446502686e-01 9.380000114440917969e+00 9.062500000000000000e+00 -6.525000000000000000e+01 -1.987500000000000000e+01 -1.125000000000000000e+00 -5.625000000000000000e-01 3.125000000000000000e-01
-2.199999988079071045e-01 -4.699999988079071045e-01 9.399999618530273438e+00 9.062500000000000000e+00 -6.525000000000000000e+01 -1.987500000000000000e+01 -1.062500000000000000e+00 -6.875000000000000000e-01 2.500000000000000000e-01
-2.000000029802322388e-01 -4.499999880790710449e-01 9.399999618530273438e+00 9.062500000000000000e+00 -6.525000000000000000e+01 -1.987500000000000000e+01 -8.125000000000000000e-01 -6.875000000000000000e-01 0.000000000000000000e+00
-2.099999934434890747e-01 -4.499999880790710449e-01 9.409999847412109375e+00 9.062500000000000000e+00 -6.525000000000000000e+01 -1.987500000000000000e+01 -1.000000000000000000e+00 -5.000000000000000000e-01 6.250000000000000000e-02
-1.899999976158142090e-01 -4.499999880790710449e-01 9.380000114440917969e+00 9.062500000000000000e+00 -6.525000000000000000e+01 -1.987500000000000000e+01 -1.062500000000000000e+00 -6.250000000000000000e-01 6.250000000000000000e-02
-1.800000071525573730e-01 -4.000000059604644775e-01 9.420000076293945312e+00 8.687500000000000000e+00 -6.650000000000000000e+01 -1.950000000000000000e+01 -1.250000000000000000e+00 -4.375000000000000000e-01 6.250000000000000000e-02
-1.599999964237213135e-01 -4.000000059604644775e-01 9.390000343322753906e+00 8.687500000000000000e+00 -6.650000000000000000e+01 -1.950000000000000000e+01 -1.625000000000000000e+00 -6.875000000000000000e-01 3.125000000000000000e-01
-1.700000017881393433e-01 -4.199999868869781494e-01 9.409999847412109375e+00 8.687500000000000000e+00 -6.650000000000000000e+01 -1.950000000000000000e+01 -1.812500000000000000e+00 -1.000000000000000000e+00 3.750000000000000000e-01
-1.500000059604644775e-01 -3.799999952316284180e-01 9.390000343322753906e+00 8.687500000000000000e+00 -6.650000000000000000e+01 -1.950000000000000000e+01 -1.812500000000000000e+00 -1.562500000000000000e+00 5.000000000000000000e-01
-2.000000029802322388e-01 -4.399999976158142090e-01 9.500000000000000000e+00 8.687500000000000000e+00 -6.650000000000000000e+01 -1.950000000000000000e+01 -1.812500000000000000e+00 -2.125000000000000000e+00 5.000000000000000000e-01
-1.599999964237213135e-01 -5.899999737739562988e-01 9.609999656677246094e+00 8.687500000000000000e+00 -6.650000000000000000e+01 -1.950000000000000000e+01 -4.375000000000000000e-01 -3.812500000000000000e+00 2.500000000000000000e-01
-1.700000017881393433e-01 -6.800000071525573730e-01 1.006000041961669922e+01 8.000000000000000000e+00 -6.606250000000000000e+01 -1.906250000000000000e+01 1.312500000000000000e+00 -8.000000000000000000e+00 -8.750000000000000000e-01
-2.000000029802322388e-01 -6.800000071525573730e-01 1.038000011444091797e+01 8.000000000000000000e+00 -6.606250000000000000e+01 -1.906250000000000000e+01 1.437500000000000000e+00 -1.618750000000000000e+01 -2.187500000000000000e+00
-2.199999988079071045e-01 -7.500000000000000000e-01 1.092000007629394531e+01 8.000000000000000000e+00 -6.606250000000000000e+01 -1.906250000000000000e+01 -3.125000000000000000e+00 -3.056250000000000000e+01 -3.562500000000000000e+00
-3.499999940395355225e-01 -6.700000166893005371e-01 1.142000007629394531e+01 8.000000000000000000e+00 -6.606250000000000000e+01 -1.906250000000000000e+01 -1.287500000000000000e+01 -5.150000000000000000e+01 -4.187500000000000000e+00
-5.299999713897705078e-01 -7.999999821186065674e-02 1.242000007629394531e+01 8.000000000000000000e+00 -6.606250000000000000e+01 -1.906250000000000000e+01 -2.656250000000000000e+01 -7.668750000000000000e+01 -4.812500000000000000e+00
-3.000000119209289551e-01 4.600000083446502686e-01 1.328999996185302734e+01 8.000000000000000000e+00 -6.650000000000000000e+01 -1.950000000000000000e+01 -4.268750000000000000e+01 -1.080000000000000000e+02 -6.250000000000000000e-02
-4.000000059604644775e-01 1.460000038146972656e+00 1.422999954223632812e+01 8.000000000000000000e+00 -6.650000000000000000e+01 -1.950000000000000000e+01 -5.450000000000000000e+01 -1.471875000000000000e+02 1.437500000000000000e+01
-6.399999856948852539e-01 2.089999914169311523e+00 1.540999984741210938e+01 8.000000000000000000e+00 -6.650000000000000000e+01 -1.950000000000000000e+01 -5.425000000000000000e+01 -1.940625000000000000e+02 3.500000000000000000e+01
-1.990000009536743164e+00 1.370000004768371582e+00 1.477000045776367188e+01 8.000000000000000000e+00 -6.650000000000000000e+01 -1.950000000000000000e+01 -3.781250000000000000e+01 -2.401875000000000000e+02 5.331250000000000000e+01
-2.490000009536743164e+00 -2.199999988079071045e-01 1.305000019073486328e+01 8.000000000000000000e+00 -6.650000000000000000e+01 -1.950000000000000000e+01 -6.625000000000000000e+00 -2.739375000000000000e+02 5.675000000000000000e+01
-2.950000047683715820e+00 -2.549999952316284180e+00 1.064999961853027344e+01 7.250000000000000000e+00 -6.675000000000000000e+01 -2.068750000000000000e+01 2.606250000000000000e+01 -2.726875000000000000e+02 3.812500000000000000e+01
-4.499999880790710449e-01 -5.300000190734863281e+00 8.880000114440917969e+00 7.250000000000000000e+00 -6.675000000000000000e+01 -2.068750000000000000e+01 4.287500000000000000e+01 -2.479375000000000000e+02 6.312500000000000000e+00
1.820000052452087402e+00 -2.730000019073486328e+00 1.056000041961669922e+01 7.250000000000000000e+00 -6.675000000000000000e+01 -2.068750000000000000e+01 3.893750000000000000e+01 -2.262500000000000000e+02 -1.381250000000000000e+01
3.390000104904174805e+00 1.700000017881393433e-01 1.150000000000000000e+01 7.250000000000000000e+00 -6.675000000000000000e+01 -2.068750000000000000e+01 3.175000000000000000e+01 -2.135625000000000000e+02 -1.475000000000000000e+01
4.239999771118164062e+00 1.740000009536743164e+00 1.136999988555908203e+01 7.250000000000000000e+00 -6.675000000000000000e+01 -2.068750000000000000e+01 4.475000000000000000e+01 -2.073750000000000000e+02 -4.125000000000000000e+00
4.199999809265136719e+00 1.240000009536743164e+00 1.011999988555908203e+01 1.875000000000000000e-01 -6.937500000000000000e+01 -2.068750000000000000e+01 6.987500000000000000e+01 -2.051250000000000000e+02 7.562500000000000000e+00
4.960000038146972656e+00 6.200000047683715820e-01 9.800000190734863281e+00 1.875000000000000000e-01 -6.937500000000000000e+01 -2.068750000000000000e+01 7.181250000000000000e+01 -2.008750000000000000e+02 1.768750000000000000e+01
4.639999866485595703e+00 -3.300000131130218506e-01 8.699999809265136719e+00 1.875000000000000000e-01 -6.937500000000000000e+01 -2.068750000000000000e+01 4.643750000000000000e+01 -1.987500000000000000e+02 2.418750000000000000e+01
3.880000114440917969e+00 -1.679999947547912598e+00 3.789999961853027344e+00 1.875000000000000000e-01 -6.937500000000000000e+01 -2.068750000000000000e+01 1.937500000000000000e+01 -1.914375000000000000e+02 2.362500000000000000e+01
3.799999952316284180e+00 -1.519999980926513672e+00 1.779999971389770508e+00 1.875000000000000000e-01 -6.937500000000000000e+01 -2.068750000000000000e+01 1.937500000000000000e+01 -1.914375000000000000e+02 2.362500000000000000e+01
3.710000038146972656e+00 -1.440000057220458984e+00 1.000000014901161194e-01 -3.375000000000000000e+00 -7.706250000000000000e+01 -1.868750000000000000e+01 3.500000000000000000e+00 -1.425000000000000000e+02 1.650000000000000000e+01
3.960000038146972656e+00 -1.649999976158142090e+00 -7.900000214576721191e-01 -3.375000000000000000e+00 -7.706250000000000000e+01 -1.868750000000000000e+01 9.375000000000000000e+00 -1.084375000000000000e+02 9.687500000000000000e+00
4.679999828338623047e+00 -1.279999971389770508e+00 -9.000000357627868652e-02 -3.375000000000000000e+00 -7.706250000000000000e+01 -1.868750000000000000e+01 9.250000000000000000e+00 -7.506250000000000000e+01 3.312500000000000000e+00
4.750000000000000000e+00 -1.110000014305114746e+00 6.000000238418579102e-01 -3.375000000000000000e+00 -7.706250000000000000e+01 -1.868750000000000000e+01 6.437500000000000000e+00 -4.406250000000000000e+01 -9.375000000000000000e-01
4.960000038146972656e+00 -8.199999928474426270e-01 1.370000004768371582e+00 -3.375000000000000000e+00 -7.706250000000000000e+01 -1.868750000000000000e+01 1.750000000000000000e+00 -1.500000000000000000e+01 -3.000000000000000000e+00
5.210000038146972656e+00 -5.099999904632568359e-01 1.929999947547912598e+00 -1.018750000000000000e+01 -8.150000000000000000e+01 -1.906250000000000000e+01 -4.375000000000000000e-01 1.037500000000000000e+01 -3.812500000000000000e+00
5.260000228881835938e+00 -4.000000059604644775e-01 3.210000038146972656e+00 -1.018750000000000000e+01 -8.150000000000000000e+01 -1.906250000000000000e+01 -9.375000000000000000e-01 3.200000000000000000e+01 -5.187500000000000000e+00
5.389999866485595703e+00 -1.099999994039535522e-01 4.190000057220458984e+00 -1.018750000000000000e+01 -8.150000000000000000e+01 -1.906250000000000000e+01 -1.187500000000000000e+00 5.087500000000000000e+01 -6.562500000000000000e+00
5.500000000000000000e+00 -9.999999776482582092e-03 5.570000171661376953e+00 -1.018750000000000000e+01 -8.150000000000000000e+01 -1.906250000000000000e+01 -5.000000000000000000e-01 6.531250000000000000e+01 -6.812500000000000000e+00
5.510000228881835938e+00 3.999999910593032837e-02 7.170000076293945312e+00 -1.018750000000000000e+01 -8.150000000000000000e+01 -1.906250000000000000e+01 1.812500000000000000e+00 7.587500000000000000e+01 -6.125000000000000000e+00
5.349999904632568359e+00 -1.199999973177909851e-01 7.420000076293945312e+00 -9.375000000000000000e+00 -8.225000000000000000e+01 -1.775000000000000000e+01 5.312500000000000000e+00 8.543750000000000000e+01 -6.437500000000000000e+00
5.079999923706054688e+00 -1.700000017881393433e-01 7.469999790191650391e+00 -9.375000000000000000e+00 -8.225000000000000000e+01 -1.775000000000000000e+01 8.250000000000000000e+00 9.506250000000000000e+01 -6.812500000000000000e+00
4.739999771118164062e+00 -4.300000071525573730e-01 7.280000209808349609e+00 -9.375000000000000000e+00 -8.225000000000000000e+01 -1.775000000000000000e+01 1.112500000000000000e+01 1.043125000000000000e+02 -8.562500000000000000e+00
4.019999980926513672e+00 -9.800000190734863281e-01 6.090000152587890625e+00 -9.375000000000000000e+00 -8.225000000000000000e+01 -1.775000000000000000e+01 1.693750000000000000e+01 1.160000000000000000e+02 -1.318750000000000000e+01
3.490000009536743164e+00 -1.029999971389770508e+00 5.309999942779541016e+00 -9.375000000000000000e+00 -8.225000000000000000e+01 -1.775000000000000000e+01 1.693750000000000000e+01 1.160000000000000000e+02 -1.318750000000000000e+01
3.240000009536743164e+00 -9.599999785423278809e-01 4.519999980926513672e+00 -6.000000000000000000e+00 -7.975000000000000000e+01 -1.906250000000000000e+01 3.393750000000000000e+01 1.482500000000000000e+02 -2.456250000000000000e+01
3.859999895095825195e+00 -5.600000023841857910e-01 4.860000133514404297e+00 -6.000000000000000000e+00 -7.975000000000000000e+01 -1.906250000000000000e+01 2.881250000000000000e+01 1.707500000000000000e+02 -2.443750000000000000e+01
3.140000104904174805e+00 -1.800000071525573730e-01 5.989999771118164062e+00 -6.000000000000000000e+00 -7.975000000000000000e+01 -1.906250000000000000e+01 1.456250000000000000e+01 1.898125000000000000e+02 -2.156250000000000000e+01
2.970000028610229492e+00 2.199999988079071045e-01 7.179999828338623047e+00 -6.000000000000000000e+00 -7.975000000000000000e+01 -1.906250000000000000e+01 -6.562500000000000000e+00 2.036250000000000000e+02 -1.750000000000000000e+01
2.990000009536743164e+00 7.900000214576721191e-01 8.460000038146972656e+00 -6.000000000000000000e+00 -7.975000000000000000e+01 -1.906250000000000000e+01 -6.562500000000000000e+00 2.036250000000000000e+02 -1.750000000000000000e+01
2.609999895095825195e+00 1.769999980926513672e+00 1.143999958038330078e+01 -2.875000000000000000e+00 -7.737500000000000000e+01 -1.668750000000000000e+01 -6.056250000000000000e+01 2.145625000000000000e+02 1.812500000000000000e+00
2.839999914169311523e+00 2.089999914169311523e+00 1.250000000000000000e+01 -2.875000000000000000e+00 -7.737500000000000000e+01 -1.668750000000000000e+01 -8.262500000000000000e+01 2.075625000000000000e+02 1.525000000000000000e+01
2.339999914169311523e+00 1.740000009536743164e+00 1.315999984741210938e+01 -2.875000000000000000e+00 -7.737500000000000000e+01 -1.668750000000000000e+01 -9.212500000000000000e+01 1.901250000000000000e+02 2.568750000000000000e+01
1.860000014305114746e+00 8.799999952316284180e-01 1.321000003814697266e+01 -2.875000000000000000e+00 -7.737500000000000000e+01 -1.668750000000000000e+01 -8.687500000000000000e+01 1.699375000000000000e+02 3.162500000000000000e+01
1.360000014305114746e+00 -8.500000238418579102e-01 1.276000022888183594e+01 -2.875000000000000000e+00 -7.737500000000000000e+01 -1.668750000000000000e+01 -8.687500000000000000e+01 1.699375000000000000e+02 3.162500000000000000e+01
1.210000038146972656e+00 -1.409999966621398926e+00 1.235999965667724609e+01 1.375000000000000000e+00 -7.006250000000000000e+01 -1.750000000000000000e+01 -6.431250000000000000e+01 1.318125000000000000e+02 2.550000000000000000e+01
9.499999880790710449e-01 -1.860000014305114746e+00 1.165999984741210938e+01 1.375000000000000000e+00 -7.006250000000000000e+01 -1.750000000000000000e+01 -5.381250000000000000e+01 1.164375000000000000e+02 1.956250000000000000e+01
7.500000000000000000e-01 -2.099999904632568359e+00 1.097000026702880859e+01 1.375000000000000000e+00 -7.006250000000000000e+01 -1.750000000000000000e+01 -4.387500000000000000e+01 1.060625000000000000e+02 1.381250000000000000e+01
2.199999988079071045e-01 -2.259999990463256836e+00 9.930000305175781250e+00 1.375000000000000000e+00 -7.006250000000000000e+01 -1.750000000000000000e+01 -3.218750000000000000e+01 9.925000000000000000e+01 8.125000000000000000e+00
5.999999865889549255e-02 -2.099999904632568359e+00 9.949999809265136719e+00 1.375000000000000000e+00 -7.006250000000000000e+01 -1.750000000000000000e+01 -1.806250000000000000e+01 9.450000000000000000e+01 3.375000000000000000e+00
-5.000000074505805969e-02 -1.919999957084655762e+00 1.030000019073486328e+01 3.250000000000000000e+00 -6.568750000000000000e+01 -2.387500000000000000e+01 -3.750000000000000000e+00 8.712500000000000000e+01 1.875000000000000000e-01
-2.500000000000000000e-01 -1.879999995231628418e+00 1.084000015258789062e+01 3.250000000000000000e+00 -6.568750000000000000e+01 -2.387500000000000000e+01 1.025000000000000000e+01 7.700000000000000000e+01 -2.562500000000000000e+00
-3.700000047683715820e-01 -1.679999947547912598e+00 1.106000041961669922e+01 3.250000000000000000e+00 -6.568750000000000000e+01 -2.387500000000000000e+01 2.043750000000000000e+01 6.556250000000000000e+01 -4.625000000000000000e+00
-2.800000011920928955e-01 -1.389999985694885254e+00 1.085000038146972656e+01 3.250000000000000000e+00 -6.568750000000000000e+01 -2.387500000000000000e+01 2.618750000000000000e+01 5.450000000000000000e+01 -5.312500000000000000e+00
-3.300000131130218506e-01 -1.220000028610229492e+00 1.055000019073486328e+01 3.250000000000000000e+00 -6.568750000000000000e+01 -2.387500000000000000e+01 2.618750000000000000e+01 5.450000000000000000e+01 -5.312500000000000000e+00
-3.400000035762786865e-01 -8.799999952316284180e-01 9.899999618530273438e+00 5.250000000000000000e+00 -6.268750000000000000e+01 -2.525000000000000000e+01 2.850000000000000000e+01 4.550000000000000000e+01 -4.687500000000000000e+00
-4.099999964237213135e-01 -7.599999904632568359e-01 9.699999809265136719e+00 5.250000000000000000e+00 -6.268750000000000000e+01 -2.525000000000000000e+01 2.587500000000000000e+01 3.256250000000000000e+01 -2.937500000000000000e+00
-4.000000059604644775e-01 -6.899999976158142090e-01 9.560000419616699219e+00 5.250000000000000000e+00 -6.268750000000000000e+01 -2.525000000000000000e+01 2.381250000000000000e+01 2.768750000000000000e+01 -1.875000000000000000e+00
-5.600000023841857910e-01 -6.000000238418579102e-01 9.619999885559082031e+00 5.250000000000000000e+00 -6.268750000000000000e+01 -2.525000000000000000e+01 2.168750000000000000e+01 2.350000000000000000e+01 -1.312500000000000000e+00
-4.499999880790710449e-01 -4.300000071525573730e-01 9.569999694824218750e+00 5.250000000000000000e+00 -6.268750000000000000e+01 -2.525000000000000000e+01 2.168750000000000000e+01 2.350000000000000000e+01 -1.312500000000000000e+00
-5.099999904632568359e-01 -4.399999976158142090e-01 9.569999694824218750e+00 6.187500000000000000e+00 -6.350000000000000000e+01 -2.406250000000000000e+01 1.931250000000000000e+01 1.837500000000000000e+01 -1.875000000000000000e+00
-4.900000095367431641e-01 -4.900000095367431641e-01 9.560000419616699219e+00 6.187500000000000000e+00 -6.350000000000000000e+01 -2.406250000000000000e+01 1.156250000000000000e+01 1.050000000000000000e+01 -1.375000000000000000e+00
-5.299999713897705078e-01 -3.100000023841857910e-01 9.579999923706054688e+00 6.187500000000000000e+00 -6.350000000000000000e+01 -2.406250000000000000e+01 8.437500000000000000e+00 7.375000000000000000e+00 -1.875000000000000000e+00
-4.799999892711639404e-01 -2.300000041723251343e-01 9.609999656677246094e+00 6.187500000000000000e+00 -6.350000000000000000e+01 -2.406250000000000000e+01 5.187500000000000000e+00 4.125000000000000000e+00 -1.500000000000000000e+00
-4.699999988079071045e-01 -2.599999904632568359e-01 9.630000114440917969e+00 6.187500000000000000e+00 -6.350000000000000000e+01 -2.406250000000000000e+01 5.187500000000000000e+00 4.125000000000000000e+00 -1.500000000000000000e+00
-4.399999976158142090e-01 -2.700000107288360596e-01 9.640000343322753906e+00 5.750000000000000000e+00 -6.456250000000000000e+01 -2.325000000000000000e+01 1.687500000000000000e+00 9.375000000000000000e-01 -6.250000000000000000e-01
-3.600000143051147461e-01 -4.900000095367431641e-01 9.380000114440917969e+00 5.750000000000000000e+00 -6.456250000000000000e+01 -2.325000000000000000e+01 -3.562500000000000000e+00 -5.312500000000000000e+00 4.375000000000000000e-01
-4.199999868869781494e-01 -5.299999713897705078e-01 9.329999923706054688e+00 5.750000000000000000e+00 -6.456250000000000000e+01 -2.325000000000000000e+01 -3.750000000000000000e+00 -7.437500000000000000e+00 6.875000000000000000e-01
-3.300000131130218506e-01 -5.899999737739562988e-01 9.359999656677246094e+00 5.750000000000000000e+00 -6.456250000000000000e+01 -2.325000000000000000e+01 -3.750000000000000000e+00 -9.375000000000000000e+00 5.000000000000000000e-01
-2.599999904632568359e-01 -5.699999928474426270e-01 9.430000305175781250e+00 5.750000000000000000e+00 -6.456250000000000000e+01 -2.325000000000000000e+01 -3.750000000000000000e+00 -9.375000000000000000e+00 5.000000000000000000e-01
-2.099999934434890747e-01 -5.799999833106994629e-01 9.420000076293945312e+00 6.375000000000000000e+00 -6.375000000000000000e+01 -2.206250000000000000e+01 -3.750000000000000000e+00 -1.050000000000000000e+01 2.500000000000000000e-01
-2.000000029802322388e-01 -6.200000047683715820e-01 9.420000076293945312e+00 6.375000000000000000e+00 -6.375000000000000000e+01 -2.206250000000000000e+01 -3.937500000000000000e+00 -1.081250000000000000e+01 1.875000000000000000e-01
-1.299999952316284180e-01 -5.600000023841857910e-01 9.409999847412109375e+00 6.375000000000000000e+00 -6.375000000000000000e+01 -2.206250000000000000e+01 -3.875000000000000000e+00 -1.031250000000000000e+01 1.250000000000000000e-01
-2.999999932944774628e-02 -5.799999833106994629e-01 9.390000343322753906e+00 6.375000000000000000e+00 -6.375000000000000000e+01 -2.206250000000000000e+01 -4.187500000000000000e+00 -9.312500000000000000e+00 4.375000000000000000e-01
0.000000000000000000e+00 -5.899999737739562988e-01 9.359999656677246094e+00 6.375000000000000000e+00 -6.375000000000000000e+01 -2.206250000000000000e+01 -4.187500000000000000e+00 -9.312500000000000000e+00 4.375000000000000000e-01
9.999999776482582092e-03 -5.799999833106994629e-01 9.380000114440917969e+00 5.250000000000000000e+00 -6.418750000000000000e+01 -2.325000000000000000e+01 -4.312500000000000000e+00 -7.812500000000000000e+00 8.125000000000000000e-01
7.999999821186065674e-02 -5.600000023841857910e-01 9.289999961853027344e+00 5.250000000000000000e+00 -6.418750000000000000e+01 -2.325000000000000000e+01 -5.062500000000000000e+00 -4.812500000000000000e+00 1.000000000000000000e+00
1.099999994039535522e-01 -6.200000047683715820e-01 9.210000038146972656e+00 5.250000000000000000e+00 -6.418750000000000000e+01 -2.325000000000000000e+01 -5.500000000000000000e+00 -3.375000000000000000e+00 1.250000000000000000e+00
1.000000014901161194e-01 -6.700000166893005371e-01 9.260000228881835938e+00 5.250000000000000000e+00 -6.418750000000000000e+01 -2.325000000000000000e+01 -5.812500000000000000e+00 -1.562500000000000000e+00 1.437500000000000000e+00
1.099999994039535522e-01 -6.999999880790710449e-01 9.329999923706054688e+00 5.250000000000000000e+00 -6.418750000000000000e+01 -2.325000000000000000e+01 -5.812500000000000000e+00 -1.562500000000000000e+00 1.437500000000000000e+00
7.999999821186065674e-02 -7.699999809265136719e-01 9.340000152587890625e+00 5.562500000000000000e+00 -6.418750000000000000e+01 -2.337500000000000000e+01 -5.437500000000000000e+00 -1.250000000000000000e-01 1.437500000000000000e+00
2.999999932944774628e-02 -8.399999737739562988e-01 9.390000343322753906e+00 5.562500000000000000e+00 -6.418750000000000000e+01 -2.337500000000000000e+01 -2.875000000000000000e+00 1.125000000000000000e+00 1.250000000000000000e+00
0.000000000000000000e+00 -8.299999833106994629e-01 9.329999923706054688e+00 5.562500000000000000e+00 -6.418750000000000000e+01 -2.337500000000000000e+01 -1.875000000000000000e+00 1.500000000000000000e+00 1.125000000000000000e+00
0.000000000000000000e+00 -8.199999928474426270e-01 9.329999923706054688e+00 5.562500000000000000e+00 -6.418750000000000000e+01 -2.337500000000000000e+01 -9.375000000000000000e-01 1.812500000000000000e+00 8.125000000000000000e-01
-5.999999865889549255e-02 -8.899999856948852539e-01 9.420000076293945312e+00 5.562500000000000000e+00 -6.418750000000000000e+01 -2.337500000000000000e+01 -9.375000000000000000e-01 1.812500000000000000e+00 8.125000000000000000e-01
-5.999999865889549255e-02 -8.299999833106994629e-01 9.420000076293945312e+00 5.187500000000000000e+00 -6.375000000000000000e+01 -2.375000000000000000e+01 -3.750000000000000000e-01 1.437500000000000000e+00 5.625000000000000000e-01
-1.099999994039535522e-01 -8.299999833106994629e-01 9.460000038146972656e+00 5.187500000000000000e+00 -6.375000000000000000e+01 -2.375000000000000000e+01 -3.750000000000000000e-01 1.000000000000000000e+00 3.750000000000000000e-01
-1.000000014901161194e-01 -8.600000143051147461e-01 9.350000381469726562e+00 5.187500000000000000e+00 -6.375000000000000000e+01 -2.375000000000000000e+01 -5.625000000000000000e-01 5.000000000000000000e-01 0.000000000000000000e+00
-7.999999821186065674e-02 -8.100000023841857910e-01 9.390000343322753906e+00 5.187500000000000000e+00 -6.375000000000000000e+01 -2.375000000000000000e+01 -1.875000000000000000e-01 3.750000000000000000e-01 -3.125000000000000000e-01
