-2.700000107288360596e-01 -4.499999880790710449e-01 9.399999618530273438e+00 7.250000000000000000e+00 -6.487500000000000000e+01 -1.868750000000000000e+01 9.375000000000000000e-01 -4.375000000000000000e-01 3.750000000000000000e-01
-2.399999946355819702e-01 -4.600000083446502686e-01 9.340000152587890625e+00 7.250000000000000000e+00 -6.487500000000000000e+01 -1.868750000000000000e+01 1.750000000000000000e+00 -6.875000000000000000e-01 3.125000000000000000e-01
-2.800000011920928955e-01 -4.000000059604644775e-01 9.439999580383300781e+00 6.875000000000000000e+00 -6.556250000000000000e+01 -1.906250000000000000e+01 2.937500000000000000e+00 -3.125000000000000000e-01 5.000000000000000000e-01
-2.500000000000000000e-01 -3.600000143051147461e-01 9.439999580383300781e+00 6.875000000000000000e+00 -6.556250000000000000e+01 -1.906250000000000000e+01 2.750000000000000000e+00 -3.750000000000000000e-01 4.375000000000000000e-01
-2.700000107288360596e-01 -2.899999916553497314e-01 9.380000114440917969e+00 6.875000000000000000e+00 -6.556250000000000000e+01 -1.906250000000000000e+01 3.187500000000000000e+00 -6.250000000000000000e-02 6.250000000000000000e-01
-2.300000041723251343e-01 -3.199999928474426270e-01 9.380000114440917969e+00 6.875000000000000000e+00 -6.556250000000000000e+01 -1.906250000000000000e+01 4.750000000000000000e+00 -2.500000000000000000e-01 1.187500000000000000e+00
-2.300000041723251343e-01 -3.300000131130218506e-01 9.350000381469726562e+00 6.875000000000000000e+00 -6.556250000000000000e+01 -1.906250000000000000e+01 9.375000000000000000e+00 -1.375000000000000000e+00 1.562500000000000000e+00
-2.399999946355819702e-01 -5.500000119209289551e-01 9.350000381469726562e+00 6.875000000000000000e+00 -6.637500000000000000e+01 -1.825000000000000000e+01 1.925000000000000000e+01 -3.000000000000000000e+00 2.062500000000000000e+00
-3.700000047683715820e-01 -4.900000095367431641e-01 9.619999885559082031e+00 6.875000000000000000e+00 -6.637500000000000000e+01 -1.825000000000000000e+01 3.393750000000000000e+01 -4.750000000000000000e+00 2.625000000000000000e+00
-4.799999892711639404e-01 -5.400000214576721191e-01 9.739999771118164062e+00 6.875000000000000000e+00 -6.637500000000000000e+01 -1.825000000000000000e+01 5.268750000000000000e+01 -7.250000000000000000e+00 3.625000000000000000e+00
-6.999999880790710449e-01 -8.600000143051147461e-01 9.760000228881835938e+00 6.875000000000000000e+00 -6.637500000000000000e+01 -1.825000000000000000e+01 7.400000000000000000e+01 -9.812500000000000000e+00 4.625000000000000000e+00
-5.699999928474426270e-01 -7.099999785423278809e-01 9.899999618530273438e+00 6.875000000000000000e+00 -6.637500000000000000e+01 -1.825000000000000000e+01 9.487500000000000000e+01 -1.281250000000000000e+01 4.500000000000000000e+00
-6.700000166893005371e-01 -6.299999952316284180e-01 1.009000015258789062e+01 6.875000000000000000e+00 -6.556250000000000000e+01 -1.706250000000000000e+01 1.170000000000000000e+02 -1.475000000000000000e+01 5.250000000000000000e+00
-9.499999880790710449e-01 -4.300000071525573730e-01 1.026000022888183594e+01 6.875000000000000000e+00 -6.556250000000000000e+01 -1.706250000000000000e+01 1.434375000000000000e+02 -1.687500000000000000e+01 6.625000000000000000e+00
-8.100000023841857910e-01 -1.599999964237213135e-01 1.057999992370605469e+01 6.875000000000000000e+00 -6.556250000000000000e+01 -1.706250000000000000e+01 1.729375000000000000e+02 -1.937500000000000000e+01 9.812500000000000000e+00
-6.499999761581420898e-01 5.999999865889549255e-02 1.088000011444091797e+01 6.875000000000000000e+00 -6.556250000000000000e+01 -1.706250000000000000e+01 2.001875000000000000e+02 -2.118750000000000000e+01 1.306250000000000000e+01
-3.199999928474426270e-01 -3.100000023841857910e-01 1.098999977111816406e+01 6.875000000000000000e+00 -6.556250000000000000e+01 -1.706250000000000000e+01 2.241875000000000000e+02 -2.156250000000000000e+01 1.556250000000000000e+01
-1.400000005960464478e-01 -4.000000059604644775e-01 1.107999992370605469e+01 6.500000000000000000e+00 -6.706250000000000000e+01 -1.218750000000000000e+01 2.477500000000000000e+02 -2.481250000000000000e+01 1.287500000000000000e+01
1.000000014901161194e-01 -1.400000005960464478e-01 1.119999980926513672e+01 6.500000000000000000e+00 -6.706250000000000000e+01 -1.218750000000000000e+01 2.693125000000000000e+02 -2.906250000000000000e+01 5.812500000000000000e+00
3.100000023841857910e-01 4.499999880790710449e-01 9.970000267028808594e+00 6.500000000000000000e+00 -6.706250000000000000e+01 -1.218750000000000000e+01 2.863125000000000000e+02 -3.125000000000000000e+01 -4.000000000000000000e+00
5.600000023841857910e-01 1.210000038146972656e+00 9.270000457763671875e+00 6.500000000000000000e+00 -6.706250000000000000e+01 -1.218750000000000000e+01 2.971875000000000000e+02 -3.250000000000000000e+01 -1.593750000000000000e+01
6.200000047683715820e-01 2.309999942779541016e+00 8.609999656677246094e+00 6.500000000000000000e+00 -6.706250000000000000e+01 -1.218750000000000000e+01 2.973125000000000000e+02 -3.193750000000000000e+01 -2.475000000000000000e+01
8.999999761581420898e-01 3.599999904632568359e+00 6.969999790191650391e+00 5.062500000000000000e+00 -6.968750000000000000e+01 -1.000000000000000000e+00 2.844375000000000000e+02 -3.006250000000000000e+01 -2.831250000000000000e+01
9.499999880790710449e-01 4.090000152587890625e+00 6.320000171661376953e+00 5.062500000000000000e+00 -6.968750000000000000e+01 -1.000000000000000000e+00 2.620000000000000000e+02 -2.643750000000000000e+01 -3.043750000000000000e+01
7.500000000000000000e-01 4.210000038146972656e+00 5.989999771118164062e+00 5.062500000000000000e+00 -6.968750000000000000e+01 -1.000000000000000000e+00 2.351250000000000000e+02 -2.118750000000000000e+01 -3.343750000000000000e+01
8.100000023841857910e-01 4.380000114440917969e+00 5.989999771118164062e+00 5.062500000000000000e+00 -6.968750000000000000e+01 -1.000000000000000000e+00 2.076875000000000000e+02 -1.781250000000000000e+01 -3.781250000000000000e+01
5.600000023841857910e-01 6.300000190734863281e+00 5.820000171661376953e+00 5.062500000000000000e+00 -6.968750000000000000e+01 -1.000000000000000000e+00 1.815000000000000000e+02 -1.637500000000000000e+01 -4.075000000000000000e+01
4.799999892711639404e-01 7.030000209808349609e+00 5.460000038146972656e+00 7.562500000000000000e+00 -6.887500000000000000e+01 1.756250000000000000e+01 1.538125000000000000e+02 -1.387500000000000000e+01 -3.987500000000000000e+01
4.600000083446502686e-01 7.349999904632568359e+00 5.280000209808349609e+00 7.562500000000000000e+00 -6.887500000000000000e+01 1.756250000000000000e+01 1.276250000000000000e+02 -8.687500000000000000e+00 -3.656250000000000000e+01
4.699999988079071045e-01 7.269999980926513672e+00 5.349999904632568359e+00 7.562500000000000000e+00 -6.887500000000000000e+01 1.756250000000000000e+01 1.026875000000000000e+02 -1.750000000000000000e+00 -3.175000000000000000e+01
3.000000119209289551e-01 7.269999980926513672e+00 5.539999961853027344e+00 7.562500000000000000e+00 -6.887500000000000000e+01 1.756250000000000000e+01 7.706250000000000000e+01 4.250000000000000000e+00 -2.687500000000000000e+01
7.000000029802322388e-02 7.369999885559082031e+00 5.789999961853027344e+00 7.562500000000000000e+00 -6.887500000000000000e+01 1.756250000000000000e+01 5.325000000000000000e+01 9.562500000000000000e+00 -2.300000000000000000e+01
7.999999821186065674e-02 7.320000171661376953e+00 5.889999866485595703e+00 9.062500000000000000e+00 -6.375000000000000000e+01 2.950000000000000000e+01 3.193750000000000000e+01 1.287500000000000000e+01 -1.875000000000000000e+01
-1.000000014901161194e-01 7.150000095367431641e+00 6.199999809265136719e+00 9.062500000000000000e+00 -6.375000000000000000e+01 2.950000000000000000e+01 1.262500000000000000e+01 1.625000000000000000e+01 -1.531250000000000000e+01
-2.399999946355819702e-01 7.030000209808349609e+00 6.480000019073486328e+00 9.062500000000000000e+00 -6.375000000000000000e+01 2.950000000000000000e+01 -1.687500000000000000e+00 1.900000000000000000e+01 -1.250000000000000000e+01
-3.199999928474426270e-01 6.909999847412109375e+00 6.800000190734863281e+00 9.062500000000000000e+00 -6.375000000000000000e+01 2.950000000000000000e+01 -1.100000000000000000e+01 1.962500000000000000e+01 -1.018750000000000000e+01
-3.300000131130218506e-01 6.469999790191650391e+00 7.070000171661376953e+00 9.062500000000000000e+00 -6.375000000000000000e+01 2.950000000000000000e+01 -1.556250000000000000e+01 1.900000000000000000e+01 -8.375000000000000000e+00
-3.499999940395355225e-01 6.110000133514404297e+00 7.449999809265136719e+00 9.500000000000000000e+00 -6.168750000000000000e+01 3.200000000000000000e+01 -1.706250000000000000e+01 1.725000000000000000e+01 -7.250000000000000000e+00
-4.099999964237213135e-01 5.940000057220458984e+00 7.369999885559082031e+00 9.500000000000000000e+00 -6.168750000000000000e+01 3.200000000000000000e+01 -1.750000000000000000e+01 1.437500000000000000e+01 -6.500000000000000000e+00
-4.199999868869781494e-01 5.889999866485595703e+00 7.269999980926513672e+00 9.500000000000000000e+00 -6.168750000000000000e+01 3.200000000000000000e+01 -1.731250000000000000e+01 1.175000000000000000e+01 -4.937500000000000000e+00
-4.699999988079071045e-01 6.039999961853027344e+00 7.059999942779541016e+00 9.500000000000000000e+00 -6.168750000000000000e+01 3.200000000000000000e+01 -1.800000000000000000e+01 1.018750000000000000e+01 -2.562500000000000000e+00
-4.900000095367431641e-01 5.980000019073486328e+00 6.889999866485595703e+00 9.500000000000000000e+00 -6.168750000000000000e+01 3.200000000000000000e+01 -1.900000000000000000e+01 1.000000000000000000e+01 4.375000000000000000e-01
-4.499999880790710449e-01 5.840000152587890625e+00 7.159999847412109375e+00 9.875000000000000000e+00 -6.137500000000000000e+01 2.987500000000000000e+01 -2.018750000000000000e+01 9.875000000000000000e+00 2.375000000000000000e+00
-3.300000131130218506e-01 5.869999885559082031e+00 7.250000000000000000e+00 9.875000000000000000e+00 -6.137500000000000000e+01 2.987500000000000000e+01 -2.243750000000000000e+01 8.812500000000000000e+00 3.125000000000000000e+00
-1.899999976158142090e-01 6.090000152587890625e+00 7.000000000000000000e+00 9.875000000000000000e+00 -6.137500000000000000e+01 2.987500000000000000e+01 -2.825000000000000000e+01 8.250000000000000000e+00 4.250000000000000000e+00
-9.000000357627868652e-02 6.050000190734863281e+00 6.719999790191650391e+00 9.875000000000000000e+00 -6.137500000000000000e+01 2.987500000000000000e+01 -3.825000000000000000e+01 8.375000000000000000e+00 5.500000000000000000e+00
1.999999955296516418e-02 5.869999885559082031e+00 6.480000019073486328e+00 9.875000000000000000e+00 -6.137500000000000000e+01 2.987500000000000000e+01 -5.406250000000000000e+01 1.050000000000000000e+01 6.750000000000000000e+00
1.400000005960464478e-01 5.769999980926513672e+00 6.219999790191650391e+00 9.062500000000000000e+00 -6.175000000000000000e+01 2.837500000000000000e+01 -7.800000000000000000e+01 1.406250000000000000e+01 7.125000000000000000e+00
1.800000071525573730e-01 6.579999923706054688e+00 5.889999866485595703e+00 9.062500000000000000e+00 -6.175000000000000000e+01 2.837500000000000000e+01 -1.085000000000000000e+02 1.856250000000000000e+01 7.437500000000000000e+00
2.899999916553497314e-01 6.750000000000000000e+00 5.940000057220458984e+00 9.062500000000000000e+00 -6.175000000000000000e+01 2.837500000000000000e+01 -1.407500000000000000e+02 2.362500000000000000e+01 9.812500000000000000e+00
2.399999946355819702e-01 6.510000228881835938e+00 6.110000133514404297e+00 9.062500000000000000e+00 -6.175000000000000000e+01 2.837500000000000000e+01 -1.736250000000000000e+02 2.981250000000000000e+01 1.431250000000000000e+01
1.500000059604644775e-01 6.070000171661376953e+00 6.349999904632568359e+00 9.062500000000000000e+00 -6.175000000000000000e+01 2.837500000000000000e+01 -2.038750000000000000e+02 3.481250000000000000e+01 1.806250000000000000e+01
-1.800000071525573730e-01 4.610000133514404297e+00 7.289999961853027344e+00 9.500000000000000000e+00 -6.425000000000000000e+01 2.387500000000000000e+01 -2.295000000000000000e+02 3.700000000000000000e+01 1.856250000000000000e+01
-2.800000011920928955e-01 4.039999961853027344e+00 7.730000019073486328e+00 9.500000000000000000e+00 -6.425000000000000000e+01 2.387500000000000000e+01 -2.520625000000000000e+02 3.731250000000000000e+01 1.650000000000000000e+01
-4.300000071525573730e-01 3.549999952316284180e+00 8.359999656677246094e+00 9.500000000000000000e+00 -6.425000000000000000e+01 2.387500000000000000e+01 -2.725000000000000000e+02 3.662500000000000000e+01 1.318750000000000000e+01
-6.499999761581420898e-01 2.880000114440917969e+00 9.159999847412109375e+00 9.500000000000000000e+00 -6.425000000000000000e+01 2.387500000000000000e+01 -2.903750000000000000e+02 3.425000000000000000e+01 1.050000000000000000e+01
-8.000000119209289551e-01 2.289999961853027344e+00 9.670000076293945312e+00 9.500000000000000000e+00 -6.425000000000000000e+01 2.387500000000000000e+01 -3.041250000000000000e+02 3.000000000000000000e+01 8.750000000000000000e+00
-1.059999942779541016e+00 1.860000014305114746e+00 9.770000457763671875e+00 8.000000000000000000e+00 -6.768750000000000000e+01 1.218750000000000000e+01 -3.088750000000000000e+02 2.325000000000000000e+01 6.000000000000000000e+00
-1.120000004768371582e+00 1.470000028610229492e+00 1.035000038146972656e+01 8.000000000000000000e+00 -6.768750000000000000e+01 1.218750000000000000e+01 -2.996250000000000000e+02 1.662500000000000000e+01 4.500000000000000000e+00
-1.320000052452087402e+00 5.099999904632568359e-01 1.198999977111816406e+01 8.000000000000000000e+00 -6.768750000000000000e+01 1.218750000000000000e+01 -2.731250000000000000e+02 5.187500000000000000e+00 3.625000000000000000e+00
-1.519999980926513672e+00 1.700000017881393433e-01 1.152999973297119141e+01 8.000000000000000000e+00 -6.768750000000000000e+01 1.218750000000000000e+01 -2.269375000000000000e+02 -6.562500000000000000e+00 2.375000000000000000e+00
-1.539999961853027344e+00 -3.700000047683715820e-01 1.109000015258789062e+01 8.000000000000000000e+00 -6.768750000000000000e+01 1.218750000000000000e+01 -1.758125000000000000e+02 -1.543750000000000000e+01 1.375000000000000000e+00
-1.279999971389770508e+00 -6.800000071525573730e-01 1.018999958038330078e+01 7.500000000000000000e+00 -6.987500000000000000e+01 -5.062500000000000000e+00 -1.298125000000000000e+02 -1.737500000000000000e+01 -7.500000000000000000e-01
-1.090000033378601074e+00 -1.149999976158142090e+00 9.180000305175781250e+00 7.500000000000000000e+00 -6.987500000000000000e+01 -5.062500000000000000e+00 -9.518750000000000000e+01 -1.468750000000000000e+01 -3.750000000000000000e-01
-8.799999952316284180e-01 -1.570000052452087402e+00 9.100000381469726562e+00 7.500000000000000000e+00 -6.987500000000000000e+01 -5.062500000000000000e+00 -6.775000000000000000e+01 -1.043750000000000000e+01 -9.375000000000000000e-01
-6.499999761581420898e-01 -1.590000033378601074e+00 9.159999847412109375e+00 7.500000000000000000e+00 -6.987500000000000000e+01 -5.062500000000000000e+00 -4.368750000000000000e+01 -8.312500000000000000e+00 -1.125000000000000000e+00
-1.500000059604644775e-01 -1.019999980926513672e+00 9.210000038146972656e+00 7.500000000000000000e+00 -6.987500000000000000e+01 -5.062500000000000000e+00 -2.356250000000000000e+01 -8.000000000000000000e+00 -7.500000000000000000e-01
-1.099999994039535522e-01 -6.600000262260437012e-01 9.229999542236328125e+00 6.375000000000000000e+00 -6.725000000000000000e+01 -1.350000000000000000e+01 -7.625000000000000000e+00 -8.437500000000000000e+00 -5.000000000000000000e-01
-1.999999955296516418e-02 -5.699999928474426270e-01 9.239999771118164062e+00 6.375000000000000000e+00 -6.725000000000000000e+01 -1.350000000000000000e+01 4.937500000000000000e+00 -9.062500000000000000e+00 -6.250000000000000000e-02
-7.999999821186065674e-02 -4.000000059604644775e-01 9.149999618530273438e+00 6.375000000000000000e+00 -6.725000000000000000e+01 -1.350000000000000000e+01 1.431250000000000000e+01 -9.437500000000000000e+00 4.375000000000000000e-01
-2.199999988079071045e-01 9.000000357627868652e-02 9.270000457763671875e+00 6.375000000000000000e+00 -6.725000000000000000e+01 -1.350000000000000000e+01 1.762500000000000000e+01 -9.625000000000000000e+00 1.437500000000000000e+00
-2.700000107288360596e-01 2.999999932944774628e-02 9.409999847412109375e+00 6.375000000000000000e+00 -6.725000000000000000e+01 -1.350000000000000000e+01 1.750000000000000000e+01 -8.812500000000000000e+00 2.750000000000000000e+00
-3.000000119209289551e-01 7.999999821186065674e-02 9.539999961853027344e+00 7.500000000000000000e+00 -6.725000000000000000e+01 -1.518750000000000000e+01 1.850000000000000000e+01 -7.625000000000000000e+00 2.562500000000000000e+00
-3.300000131130218506e-01 2.399999946355819702e-01 9.600000381469726562e+00 7.500000000000000000e+00 -6.725000000000000000e+01 -1.518750000000000000e+01 1.918750000000000000e+01 -6.312500000000000000e+00 1.750000000000000000e+00
-3.400000035762786865e-01 4.199999868869781494e-01 9.439999580383300781e+00 7.500000000000000000e+00 -6.725000000000000000e+01 -1.518750000000000000e+01 1.731250000000000000e+01 -4.250000000000000000e+00 9.375000000000000000e-01
-3.499999940395355225e-01 4.900000095367431641e-01 9.449999809265136719e+00 7.500000000000000000e+00 -6.725000000000000000e+01 -1.518750000000000000e+01 1.350000000000000000e+01 -2.312500000000000000e+00 1.875000000000000000e-01
-3.000000119209289551e-01 4.499999880790710449e-01 9.449999809265136719e+00 7.500000000000000000e+00 -6.725000000000000000e+01 -1.518750000000000000e+01 8.562500000000000000e+00 -1.875000000000000000e-01 -2.500000000000000000e-01
-3.100000023841857910e-01 5.899999737739562988e-01 9.329999923706054688e+00 7.187500000000000000e+00 -6.700000000000000000e+01 -1.400000000000000000e+01 3.000000000000000000e+00 1.187500000000000000e+00 -1.250000000000000000e+00
-3.000000119209289551e-01 5.899999737739562988e-01 9.279999732971191406e+00 7.187500000000000000e+00 -6.700000000000000000e+01 -1.400000000000000000e+01 -2.562500000000000000e+00 1.937500000000000000e+00 -1.562500000000000000e+00
-3.000000119209289551e-01 4.399999976158142090e-01 9.310000419616699219e+00 7.187500000000000000e+00 -6.700000000000000000e+01 -1.400000000000000000e+01 -7.312500000000000000e+00 2.500000000000000000e+00 -1.437500000000000000e+00
-3.600000143051147461e-01 3.600000143051147461e-01 9.399999618530273438e+00 7.187500000000000000e+00 -6.700000000000000000e+01 -1.400000000000000000e+01 -1.062500000000000000e+01 2.625000000000000000e+00 -1.437500000000000000e+00
-4.099999964237213135e-01 1.899999976158142090e-01 9.479999542236328125e+00 7.187500000000000000e+00 -6.700000000000000000e+01 -1.400000000000000000e+01 -1.225000000000000000e+01 1.937500000000000000e+00 -1.687500000000000000e+00
-4.399999976158142090e-01 1.700000017881393433e-01 9.380000114440917969e+00 7.500000000000000000e+00 -6.800000000000000000e+01 -1.356250000000000000e+01 -1.268750000000000000e+01 8.750000000000000000e-01 -2.000000000000000000e+00
-5.199999809265136719e-01 1.899999976158142090e-01 9.340000152587890625e+00 7.500000000000000000e+00 -6.800000000000000000e+01 -1.356250000000000000e+01 -1.243750000000000000e+01 1.875000000000000000e-01 -1.875000000000000000e+00
-5.099999904632568359e-01 1.199999973177909851e-01 9.369999885559082031e+00 7.500000000000000000e+00 -6.800000000000000000e+01 -1.356250000000000000e+01 -1.206250000000000000e+01 -1.250000000000000000e-01 -1.562500000000000000e+00
-4.900000095367431641e-01 9.999999776482582092e-03 9.430000305175781250e+00 7.500000000000000000e+00 -6.800000000000000000e+01 -1.356250000000000000e+01 -1.025000000000000000e+01 -7.500000000000000000e-01 -1.500000000000000000e+00
-4.900000095367431641e-01 9.999999776482582092e-03 9.399999618530273438e+00 7.500000000000000000e+00 -6.800000000000000000e+01 -1.356250000000000000e+01 -7.250000000000000000e+00 -1.312500000000000000e+00 -2.000000000000000000e+00
-5.199999809265136719e-01 2.999999932944774628e-02 9.340000152587890625e+00 7.187500000000000000e+00 -6.725000000000000000e+01 -1.356250000000000000e+01 -3.500000000000000000e+00 -2.062500000000000000e+00 -2.375000000000000000e+00
-5.500000119209289551e-01 3.300000131130218506e-01 9.270000457763671875e+00 7.187500000000000000e+00 -6.725000000000000000e+01 -1.356250000000000000e+01 -5.625000000000000000e-01 -2.625000000000000000e+00 -2.437500000000000000e+00
-5.099999904632568359e-01 3.199999928474426270e-01 9.340000152587890625e+00 7.187500000000000000e+00 -6.725000000000000000e+01 -1.356250000000000000e+01 6.250000000000000000e-01 -2.562500000000000000e+00 -1.937500000000000000e+00
-4.600000083446502686e-01 3.199999928474426270e-01 9.449999809265136719e+00 7.187500000000000000e+00 -6.725000000000000000e+01 -1.356250000000000000e+01 1.312500000000000000e+00 -2.562500000000000000e+00 -1.500000000000000000e+00
-4.399999976158142090e-01 3.400000035762786865e-01 9.489999771118164062e+00 7.187500000000000000e+00 -6.725000000000000000e+01 -1.356250000000000000e+01 1.500000000000000000e+00 -2.125000000000000000e+00 -1.062500000000000000e+00
-4.399999976158142090e-01 3.400000035762786865e-01 9.489999771118164062e+00 8.250000000000000000e+00 -6.768750000000000000e+01 -1.356250000000000000e+01 1.437500000000000000e+00 -2.437500000000000000e+00 -1.062500000000000000e+00
-4.300000071525573730e-01 6.100000143051147461e-01 9.250000000000000000e+00 8.250000000000000000e+00 -6.768750000000000000e+01 -1.356250000000000000e+01 7.500000000000000000e-01 -2.625000000000000000e+00 -1.250000000000000000e+00
-3.899999856948852539e-01 6.299999952316284180e-01 9.159999847412109375e+00 8.250000000000000000e+00 -6.768750000000000000e+01 -1.356250000000000000e+01 -9.375000000000000000e-01 -2.687500000000000000e+00 -5.000000000000000000e-01
-3.899999856948852539e-01 5.099999904632568359e-01 9.270000457763671875e+00 8.250000000000000000e+00 -6.768750000000000000e+01 -1.356250000000000000e+01 -2.812500000000000000e+00 -1.937500000000000000e+00 3.125000000000000000e-01
-3.300000131130218506e-01 3.300000131130218506e-01 9.560000419616699219e+00 8.250000000000000000e+00 -6.768750000000000000e+01 -1.356250000000000000e+01 -3.812500000000000000e+00 -1.500000000000000000e+00 6.875000000000000000e-01
-3.300000131130218506e-01 3.300000131130218506e-01 9.560000419616699219e+00 6.750000000000000000e+00 -6.725000000000000000e+01 -1.437500000000000000e+01 -4.750000000000000000e+00 -1.250000000000000000e+00 7.500000000000000000e-01
-3.300000131130218506e-01 3.400000035762786865e-01 9.539999961853027344e+00 6.750000000000000000e+00 -6.725000000000000000e+01 -1.437500000000000000e+01 -6.125000000000000000e+00 -1.187500000000000000e+00 8.750000000000000000e-01
-3.499999940395355225e-01 1.700000017881393433e-01 9.279999732971191406e+00 6.750000000000000000e+00 -6.725000000000000000e+01 -1.437500000000000000e+01 -7.312500000000000000e+00 -1.812500000000000000e+00 9.375000000000000000e-01
