-1.299999952316284180e+00 -3.690000057220458984e+00 1.257999992370605469e+01 7.875000000000000000e+00 -6.737500000000000000e+01 -1.475000000000000000e+01 2.843750000000000000e+02 -3.943750000000000000e+01 2.925000000000000000e+01
-1.000000000000000000e+00 -3.390000104904174805e+00 1.277000045776367188e+01 7.875000000000000000e+00 -6.737500000000000000e+01 -1.475000000000000000e+01 3.266875000000000000e+02 -5.137500000000000000e+01 1.800000000000000000e+01
-6.200000047683715820e-01 -1.099999994039535522e-01 1.218000030517578125e+01 7.875000000000000000e+00 -6.737500000000000000e+01 -1.475000000000000000e+01 3.550000000000000000e+02 -6.150000000000000000e+01 1.300000000000000000e+01
-4.499999880790710449e-01 9.900000095367431641e-01 1.106999969482421875e+01 7.875000000000000000e+00 -6.737500000000000000e+01 -1.475000000000000000e+01 3.706250000000000000e+02 -6.775000000000000000e+01 1.068750000000000000e+01
-3.300000131130218506e-01 1.549999952316284180e+00 9.859999656677246094e+00 7.875000000000000000e+00 -6.737500000000000000e+01 -1.475000000000000000e+01 3.731250000000000000e+02 -6.925000000000000000e+01 5.125000000000000000e+00
5.000000074505805969e-02 1.549999952316284180e+00 8.750000000000000000e+00 6.500000000000000000e+00 -6.856250000000000000e+01 -4.687500000000000000e+00 3.598125000000000000e+02 -6.837500000000000000e+01 -8.187500000000000000e+00
7.099999785423278809e-01 1.470000028610229492e+00 6.889999866485595703e+00 6.500000000000000000e+00 -6.856250000000000000e+01 -4.687500000000000000e+00 3.298750000000000000e+02 -6.625000000000000000e+01 -2.668750000000000000e+01
1.149999976158142090e+00 2.230000019073486328e+00 5.989999771118164062e+00 6.500000000000000000e+00 -6.856250000000000000e+01 -4.687500000000000000e+00 2.830000000000000000e+02 -6.112500000000000000e+01 -4.256250000000000000e+01
1.509999990463256836e+00 3.700000047683715820e+00 4.440000057220458984e+00 6.500000000000000000e+00 -6.856250000000000000e+01 -4.687500000000000000e+00 2.331250000000000000e+02 -4.900000000000000000e+01 -5.037500000000000000e+01
1.570000052452087402e+00 6.590000152587890625e+00 3.420000076293945312e+00 6.500000000000000000e+00 -6.856250000000000000e+01 -4.687500000000000000e+00 1.876875000000000000e+02 -3.525000000000000000e+01 -5.243750000000000000e+01
1.610000014305114746e+00 7.599999904632568359e+00 3.180000066757202148e+00 7.187500000000000000e+00 -6.887500000000000000e+01 1.737500000000000000e+01 1.433750000000000000e+02 -2.400000000000000000e+01 -4.887500000000000000e+01
1.860000014305114746e+00 9.180000305175781250e+00 3.049999952316284180e+00 7.187500000000000000e+00 -6.887500000000000000e+01 1.737500000000000000e+01 1.020000000000000000e+02 -9.375000000000000000e+00 -4.006250000000000000e+01
1.769999980926513672e+00 9.819999694824218750e+00 3.440000057220458984e+00 7.187500000000000000e+00 -6.887500000000000000e+01 1.737500000000000000e+01 6.525000000000000000e+01 4.812500000000000000e+00 -2.812500000000000000e+01
1.350000023841857910e+00 8.630000114440917969e+00 3.839999914169311523e+00 7.187500000000000000e+00 -6.887500000000000000e+01 1.737500000000000000e+01 3.218750000000000000e+01 1.650000000000000000e+01 -1.843750000000000000e+01
1.070000052452087402e+00 7.590000152587890625e+00 4.409999847412109375e+00 7.187500000000000000e+00 -6.887500000000000000e+01 1.737500000000000000e+01 1.875000000000000000e-01 2.412500000000000000e+01 -1.412500000000000000e+01
9.599999785423278809e-01 7.070000171661376953e+00 4.980000019073486328e+00 1.087500000000000000e+01 -6.200000000000000000e+01 3.225000000000000000e+01 -2.606250000000000000e+01 2.987500000000000000e+01 -1.343750000000000000e+01
7.200000286102294922e-01 6.989999771118164062e+00 5.539999961853027344e+00 1.087500000000000000e+01 -6.200000000000000000e+01 3.225000000000000000e+01 -4.525000000000000000e+01 3.162500000000000000e+01 -1.175000000000000000e+01
1.199999973177909851e-01 7.119999885559082031e+00 7.000000000000000000e+00 1.087500000000000000e+01 -6.200000000000000000e+01 3.225000000000000000e+01 -5.706250000000000000e+01 2.931250000000000000e+01 -8.562500000000000000e+00
-1.800000071525573730e-01 7.030000209808349609e+00 7.550000190734863281e+00 1.087500000000000000e+01 -6.200000000000000000e+01 3.225000000000000000e+01 -6.137500000000000000e+01 2.556250000000000000e+01 -4.812500000000000000e+00
-3.899999856948852539e-01 6.820000171661376953e+00 7.739999771118164062e+00 1.087500000000000000e+01 -6.200000000000000000e+01 3.225000000000000000e+01 -5.893750000000000000e+01 2.187500000000000000e+01 -1.000000000000000000e+00
-7.400000095367431641e-01 5.780000209808349609e+00 7.920000076293945312e+00 1.075000000000000000e+01 -6.068750000000000000e+01 3.268750000000000000e+01 -5.200000000000000000e+01 1.937500000000000000e+01 6.250000000000000000e-01
-6.700000166893005371e-01 5.250000000000000000e+00 8.220000267028808594e+00 1.075000000000000000e+01 -6.068750000000000000e+01 3.268750000000000000e+01 -4.350000000000000000e+01 1.556250000000000000e+01 -8.750000000000000000e-01
-5.500000119209289551e-01 4.889999866485595703e+00 8.210000038146972656e+00 1.075000000000000000e+01 -6.068750000000000000e+01 3.268750000000000000e+01 -3.506250000000000000e+01 1.168750000000000000e+01 -2.875000000000000000e+00
-3.799999952316284180e-01 4.900000095367431641e+00 8.060000419616699219e+00 1.075000000000000000e+01 -6.068750000000000000e+01 3.268750000000000000e+01 -2.943750000000000000e+01 8.937500000000000000e+00 -3.562500000000000000e+00
-3.999999910593032837e-02 5.289999961853027344e+00 7.210000038146972656e+00 1.075000000000000000e+01 -6.068750000000000000e+01 3.268750000000000000e+01 -2.956250000000000000e+01 8.750000000000000000e+00 -4.250000000000000000e+00
9.000000357627868652e-02 5.539999961853027344e+00 6.769999980926513672e+00 9.687500000000000000e+00 -6.268750000000000000e+01 2.906250000000000000e+01 -3.812500000000000000e+01 1.031250000000000000e+01 -4.375000000000000000e+00
2.399999946355819702e-01 5.699999809265136719e+00 6.349999904632568359e+00 9.687500000000000000e+00 -6.268750000000000000e+01 2.906250000000000000e+01 -5.762500000000000000e+01 1.387500000000000000e+01 -4.750000000000000000e+00
4.799999892711639404e-01 5.820000171661376953e+00 6.059999942779541016e+00 9.687500000000000000e+00 -6.268750000000000000e+01 2.906250000000000000e+01 -8.675000000000000000e+01 1.868750000000000000e+01 -4.562500000000000000e+00
6.299999952316284180e-01 6.619999885559082031e+00 5.559999942779541016e+00 9.687500000000000000e+00 -6.268750000000000000e+01 2.906250000000000000e+01 -1.240000000000000000e+02 2.643750000000000000e+01 -1.375000000000000000e+00
6.499999761581420898e-01 7.199999809265136719e+00 5.409999847412109375e+00 9.687500000000000000e+00 -6.268750000000000000e+01 2.906250000000000000e+01 -1.665625000000000000e+02 3.687500000000000000e+01 6.062500000000000000e+00
5.500000119209289551e-01 7.400000095367431641e+00 5.480000019073486328e+00 9.000000000000000000e+00 -6.337500000000000000e+01 2.737500000000000000e+01 -2.109375000000000000e+02 4.756250000000000000e+01 1.575000000000000000e+01
4.199999868869781494e-01 6.340000152587890625e+00 6.230000019073486328e+00 9.000000000000000000e+00 -6.337500000000000000e+01 2.737500000000000000e+01 -2.530625000000000000e+02 5.425000000000000000e+01 2.143750000000000000e+01
3.700000047683715820e-01 5.360000133514404297e+00 6.809999942779541016e+00 9.000000000000000000e+00 -6.337500000000000000e+01 2.737500000000000000e+01 -2.926875000000000000e+02 5.487500000000000000e+01 2.106250000000000000e+01
2.599999904632568359e-01 4.489999771118164062e+00 7.349999904632568359e+00 9.000000000000000000e+00 -6.337500000000000000e+01 2.737500000000000000e+01 -3.310000000000000000e+02 5.293750000000000000e+01 1.831250000000000000e+01
3.999999910593032837e-02 3.720000028610229492e+00 8.029999732971191406e+00 9.000000000000000000e+00 -6.337500000000000000e+01 2.737500000000000000e+01 -3.652500000000000000e+02 4.612500000000000000e+01 1.175000000000000000e+01
-3.499999940395355225e-01 2.400000095367431641e+00 9.489999771118164062e+00 8.187500000000000000e+00 -6.600000000000000000e+01 1.737500000000000000e+01 -3.868125000000000000e+02 3.481250000000000000e+01 3.125000000000000000e+00
-8.500000238418579102e-01 1.960000038146972656e+00 1.043999958038330078e+01 8.187500000000000000e+00 -6.600000000000000000e+01 1.737500000000000000e+01 -3.900625000000000000e+02 2.293750000000000000e+01 -3.250000000000000000e+00
-1.409999966621398926e+00 1.820000052452087402e+00 1.205000019073486328e+01 8.187500000000000000e+00 -6.600000000000000000e+01 1.737500000000000000e+01 -3.621250000000000000e+02 8.062500000000000000e+00 -2.937500000000000000e+00
-1.720000028610229492e+00 1.669999957084655762e+00 1.353999996185302734e+01 8.187500000000000000e+00 -6.600000000000000000e+01 1.737500000000000000e+01 -3.088125000000000000e+02 -1.187500000000000000e+01 -7.500000000000000000e-01
-2.019999980926513672e+00 8.799999952316284180e-01 1.218999958038330078e+01 8.187500000000000000e+00 -6.600000000000000000e+01 1.737500000000000000e+01 -2.506875000000000000e+02 -2.387500000000000000e+01 -1.562500000000000000e+00
-1.720000028610229492e+00 5.299999713897705078e-01 1.064999961853027344e+01 7.500000000000000000e+00 -6.806250000000000000e+01 -2.750000000000000000e+00 -1.984375000000000000e+02 -2.300000000000000000e+01 -1.687500000000000000e+00
-1.740000009536743164e+00 -1.899999976158142090e-01 9.359999656677246094e+00 7.500000000000000000e+00 -6.806250000000000000e+01 -2.750000000000000000e+00 -1.505000000000000000e+02 -1.750000000000000000e+01 -1.500000000000000000e+00
-1.340000033378601074e+00 -2.930000066757202148e+00 8.100000381469726562e+00 7.500000000000000000e+00 -6.806250000000000000e+01 -2.750000000000000000e+00 -1.081875000000000000e+02 -1.181250000000000000e+01 -4.937500000000000000e+00
-1.070000052452087402e+00 -4.110000133514404297e+00 7.900000095367431641e+00 7.500000000000000000e+00 -6.806250000000000000e+01 -2.750000000000000000e+00 -7.068750000000000000e+01 -6.250000000000000000e+00 -9.437500000000000000e+00
-9.300000071525573730e-01 -4.670000076293945312e+00 8.430000305175781250e+00 7.500000000000000000e+00 -6.806250000000000000e+01 -2.750000000000000000e+00 -3.918750000000000000e+01 -5.500000000000000000e+00 -1.637500000000000000e+01
-6.299999952316284180e-01 -4.250000000000000000e+00 8.890000343322753906e+00 7.750000000000000000e+00 -6.637500000000000000e+01 -1.687500000000000000e+01 -1.325000000000000000e+01 -8.437500000000000000e+00 -1.793750000000000000e+01
-1.700000017881393433e-01 -2.950000047683715820e+00 9.300000190734863281e+00 7.750000000000000000e+00 -6.637500000000000000e+01 -1.687500000000000000e+01 6.875000000000000000e+00 -1.118750000000000000e+01 -1.456250000000000000e+01
-1.999999955296516418e-02 -2.269999980926513672e+00 9.119999885559082031e+00 7.750000000000000000e+00 -6.637500000000000000e+01 -1.687500000000000000e+01 2.281250000000000000e+01 -1.181250000000000000e+01 -1.037500000000000000e+01
9.000000357627868652e-02 -1.779999971389770508e+00 9.050000190734863281e+00 7.750000000000000000e+00 -6.637500000000000000e+01 -1.687500000000000000e+01 3.681250000000000000e+01 -1.106250000000000000e+01 -7.562500000000000000e+00
7.999999821186065674e-02 -1.409999966621398926e+00 9.069999694824218750e+00 7.750000000000000000e+00 -6.637500000000000000e+01 -1.687500000000000000e+01 4.818750000000000000e+01 -1.043750000000000000e+01 -6.062500000000000000e+00
2.800000011920928955e-01 -7.799999713897705078e-01 9.300000190734863281e+00 7.750000000000000000e+00 -6.556250000000000000e+01 -2.137500000000000000e+01 5.512500000000000000e+01 -9.125000000000000000e+00 -3.687500000000000000e+00
2.899999916553497314e-01 -6.800000071525573730e-01 9.390000343322753906e+00 7.750000000000000000e+00 -6.556250000000000000e+01 -2.137500000000000000e+01 5.775000000000000000e+01 -8.375000000000000000e+00 -2.062500000000000000e+00
1.500000059604644775e-01 -6.499999761581420898e-01 9.470000267028808594e+00 7.750000000000000000e+00 -6.556250000000000000e+01 -2.137500000000000000e+01 5.662500000000000000e+01 -7.375000000000000000e+00 -1.562500000000000000e+00
1.099999994039535522e-01 -2.899999916553497314e-01 9.470000267028808594e+00 7.750000000000000000e+00 -6.556250000000000000e+01 -2.137500000000000000e+01 5.200000000000000000e+01 -5.875000000000000000e+00 -1.312500000000000000e+00
3.999999910593032837e-02 -1.400000005960464478e-01 9.460000038146972656e+00 7.750000000000000000e+00 -6.556250000000000000e+01 -2.137500000000000000e+01 4.581250000000000000e+01 -3.562500000000000000e+00 -2.062500000000000000e+00
2.999999932944774628e-02 7.000000029802322388e-02 9.430000305175781250e+00 7.500000000000000000e+00 -6.600000000000000000e+01 -2.056250000000000000e+01 3.900000000000000000e+01 -1.250000000000000000e+00 -2.562500000000000000e+00
7.000000029802322388e-02 3.300000131130218506e-01 9.460000038146972656e+00 7.500000000000000000e+00 -6.600000000000000000e+01 -2.056250000000000000e+01 3.150000000000000000e+01 1.000000000000000000e+00 -2.000000000000000000e+00
9.999999776482582092e-03 4.499999880790710449e-01 9.569999694824218750e+00 7.500000000000000000e+00 -6.600000000000000000e+01 -2.056250000000000000e+01 2.368750000000000000e+01 2.500000000000000000e+00 -1.687500000000000000e+00
1.999999955296516418e-02 5.400000214576721191e-01 9.500000000000000000e+00 7.500000000000000000e+00 -6.600000000000000000e+01 -2.056250000000000000e+01 1.531250000000000000e+01 3.937500000000000000e+00 -1.625000000000000000e+00
0.000000000000000000e+00 5.699999928474426270e-01 9.409999847412109375e+00 7.500000000000000000e+00 -6.600000000000000000e+01 -2.056250000000000000e+01 1.531250000000000000e+01 3.937500000000000000e+00 -1.625000000000000000e+00
-5.999999865889549255e-02 4.699999988079071045e-01 9.390000343322753906e+00 7.750000000000000000e+00 -6.687500000000000000e+01 -1.687500000000000000e+01 -1.125000000000000000e+00 5.000000000000000000e+00 -3.125000000000000000e-01
-1.000000014901161194e-01 1.299999952316284180e-01 9.359999656677246094e+00 7.750000000000000000e+00 -6.687500000000000000e+01 -1.687500000000000000e+01 -6.875000000000000000e+00 4.500000000000000000e+00 -3.750000000000000000e-01
-2.000000029802322388e-01 7.000000029802322388e-02 9.390000343322753906e+00 7.750000000000000000e+00 -6.687500000000000000e+01 -1.687500000000000000e+01 -1.043750000000000000e+01 3.687500000000000000e+00 -1.875000000000000000e-01
-2.599999904632568359e-01 -2.999999932944774628e-02 9.430000305175781250e+00 7.750000000000000000e+00 -6.687500000000000000e+01 -1.687500000000000000e+01 -1.243750000000000000e+01 2.562500000000000000e+00 -1.875000000000000000e-01
-4.099999964237213135e-01 -2.399999946355819702e-01 9.489999771118164062e+00 7.750000000000000000e+00 -6.687500000000000000e+01 -1.687500000000000000e+01 -1.243750000000000000e+01 2.562500000000000000e+00 -1.875000000000000000e-01
-5.000000000000000000e-01 -3.799999952316284180e-01 9.409999847412109375e+00 9.000000000000000000e+00 -6.687500000000000000e+01 -1.650000000000000000e+01 -1.243750000000000000e+01 1.062500000000000000e+00 -6.250000000000000000e-01
-5.299999713897705078e-01 -3.799999952316284180e-01 9.390000343322753906e+00 9.000000000000000000e+00 -6.687500000000000000e+01 -1.650000000000000000e+01 -7.562500000000000000e+00 -7.500000000000000000e-01 -1.812500000000000000e+00
-5.299999713897705078e-01 -3.799999952316284180e-01 9.380000114440917969e+00 9.000000000000000000e+00 -6.687500000000000000e+01 -1.650000000000000000e+01 -3.875000000000000000e+00 -1.875000000000000000e+00 -2.250000000000000000e+00
-5.000000000000000000e-01 -2.700000107288360596e-01 9.430000305175781250e+00 9.000000000000000000e+00 -6.687500000000000000e+01 -1.650000000000000000e+01 6.250000000000000000e-02 -2.687500000000000000e+00 -2.437500000000000000e+00
-4.499999880790710449e-01 -1.299999952316284180e-01 9.390000343322753906e+00 9.000000000000000000e+00 -6.687500000000000000e+01 -1.650000000000000000e+01 6.250000000000000000e-02 -2.687500000000000000e+00 -2.437500000000000000e+00
-3.899999856948852539e-01 -2.999999932944774628e-02 9.350000381469726562e+00 7.750000000000000000e+00 -6.825000000000000000e+01 -1.687500000000000000e+01 6.000000000000000000e+00 -3.187500000000000000e+00 -1.750000000000000000e+00
-3.400000035762786865e-01 2.999999932944774628e-02 9.319999694824218750e+00 7.750000000000000000e+00 -6.825000000000000000e+01 -1.687500000000000000e+01 8.187500000000000000e+00 -2.875000000000000000e+00 -1.062500000000000000e+00
-2.599999904632568359e-01 2.300000041723251343e-01 9.279999732971191406e+00 7.750000000000000000e+00 -6.825000000000000000e+01 -1.687500000000000000e+01 9.000000000000000000e+00 -2.375000000000000000e+00 -3.750000000000000000e-01
-2.599999904632568359e-01 2.800000011920928955e-01 9.270000457763671875e+00 7.750000000000000000e+00 -6.825000000000000000e+01 -1.687500000000000000e+01 9.562500000000000000e+00 -1.750000000000000000e+00 -6.250000000000000000e-02
-2.500000000000000000e-01 3.799999952316284180e-01 9.350000381469726562e+00 7.750000000000000000e+00 -6.825000000000000000e+01 -1.687500000000000000e+01 9.562500000000000000e+00 -1.750000000000000000e+00 -6.250000000000000000e-02
-2.899999916553497314e-01 5.500000119209289551e-01 9.430000305175781250e+00 9.000000000000000000e+00 -6.756250000000000000e+01 -1.650000000000000000e+01 9.687500000000000000e+00 -1.187500000000000000e+00 0.000000000000000000e+00
-2.599999904632568359e-01 6.899999976158142090e-01 9.409999847412109375e+00 9.000000000000000000e+00 -6.756250000000000000e+01 -1.650000000000000000e+01 5.312500000000000000e+00 -1.187500000000000000e+00 8.125000000000000000e-01
-2.500000000000000000e-01 6.299999952316284180e-01 9.390000343322753906e+00 9.000000000000000000e+00 -6.756250000000000000e+01 -1.650000000000000000e+01 1.625000000000000000e+00 -9.375000000000000000e-01 1.312500000000000000e+00
-2.399999946355819702e-01 5.600000023841857910e-01 9.430000305175781250e+00 9.000000000000000000e+00 -6.756250000000000000e+01 -1.650000000000000000e+01 -1.750000000000000000e+00 -5.625000000000000000e-01 1.562500000000000000e+00
-2.000000029802322388e-01 4.600000083446502686e-01 9.430000305175781250e+00 9.000000000000000000e+00 -6.756250000000000000e+01 -1.650000000000000000e+01 -1.750000000000000000e+00 -5.625000000000000000e-01 1.562500000000000000e+00
-1.899999976158142090e-01 3.700000047683715820e-01 9.390000343322753906e+00 8.562500000000000000e+00 -6.687500000000000000e+01 -1.450000000000000000e+01 -5.125000000000000000e+00 -2.500000000000000000e-01 1.562500000000000000e+00
-1.800000071525573730e-01 3.300000131130218506e-01 9.390000343322753906e+00 8.562500000000000000e+00 -6.687500000000000000e+01 -1.450000000000000000e+01 -1.050000000000000000e+01 6.250000000000000000e-01 2.062500000000000000e+00
-1.700000017881393433e-01 3.100000023841857910e-01 9.350000381469726562e+00 8.562500000000000000e+00 -6.687500000000000000e+01 -1.450000000000000000e+01 -1.331250000000000000e+01 6.875000000000000000e-01 2.812500000000000000e+00
-2.000000029802322388e-01 1.199999973177909851e-01 9.590000152587890625e+00 8.562500000000000000e+00 -6.687500000000000000e+01 -1.450000000000000000e+01 -1.262500000000000000e+01 -6.250000000000000000e-02 3.437500000000000000e+00
-3.100000023841857910e-01 -3.999999910593032837e-02 9.470000267028808594e+00 8.562500000000000000e+00 -6.687500000000000000e+01 -1.450000000000000000e+01 -1.262500000000000000e+01 -6.250000000000000000e-02 3.437500000000000000e+00
-2.999999932944774628e-02 9.000000357627868652e-02 9.260000228881835938e+00 8.562500000000000000e+00 -6.787500000000000000e+01 -1.650000000000000000e+01 -1.600000000000000000e+01 -1.000000000000000000e+00 4.000000000000000000e+00
-1.599999964237213135e-01 -1.800000071525573730e-01 9.489999771118164062e+00 8.562500000000000000e+00 -6.787500000000000000e+01 -1.650000000000000000e+01 -1.718750000000000000e+01 1.125000000000000000e+00 4.375000000000000000e+00
-2.199999988079071045e-01 -1.599999964237213135e-01 9.460000038146972656e+00 8.562500000000000000e+00 -6.787500000000000000e+01 -1.650000000000000000e+01 -1.587500000000000000e+01 7.500000000000000000e-01 4.250000000000000000e+00
-1.800000071525573730e-01 -1.700000017881393433e-01 9.409999847412109375e+00 8.562500000000000000e+00 -6.787500000000000000e+01 -1.650000000000000000e+01 -1.537500000000000000e+01 6.250000000000000000e-01 4.250000000000000000e+00
-2.000000029802322388e-01 -3.300000131130218506e-01 9.380000114440917969e+00 8.562500000000000000e+00 -6.787500000000000000e+01 -1.650000000000000000e+01 -1.537500000000000000e+01 6.250000000000000000e-01 4.250000000000000000e+00
-2.099999934434890747e-01 -5.000000000000000000e-01 9.310000419616699219e+00 7.500000000000000000e+00 -6.825000000000000000e+01 -1.650000000000000000e+01 -1.462500000000000000e+01 2.500000000000000000e-01 4.125000000000000000e+00
-1.700000017881393433e-01 -5.600000023841857910e-01 9.380000114440917969e+00 7.500000000000000000e+00 -6.825000000000000000e+01 -1.650000000000000000e+01 -9.937500000000000000e+00 1.875000000000000000e-01 2.812500000000000000e+00
-2.300000041723251343e-01 -5.400000214576721191e-01 9.380000114440917969e+00 7.500000000000000000e+00 -6.825000000000000000e+01 -1.650000000000000000e+01 -7.000000000000000000e+00 1.250000000000000000e-01 2.000000000000000000e+00
-2.199999988079071045e-01 -5.699999928474426270e-01 9.390000343322753906e+00 7.500000000000000000e+00 -6.825000000000000000e+01 -1.650000000000000000e+01 -4.437500000000000000e+00 -4.375000000000000000e-01 1.250000000000000000e+00
-2.199999988079071045e-01 -4.699999988079071045e-01 9.460000038146972656e+00 7.500000000000000000e+00 -6.825000000000000000e+01 -1.650000000000000000e+01 -4.437500000000000000e+00 -4.375000000000000000e-01 1.250000000000000000e+00
-2.099999934434890747e-01 -5.400000214576721191e-01 9.470000267028808594e+00 7.500000000000000000e+00 -6.756250000000000000e+01 -1.650000000000000000e+01 -2.875000000000000000e+00 -9.375000000000000000e-01 6.875000000000000000e-01
-2.500000000000000000e-01 -4.300000071525573730e-01 9.510000228881835938e+00 7.500000000000000000e+00 -6.756250000000000000e+01 -1.650000000000000000e+01 -3.437500000000000000e+00 -1.062500000000000000e+00 3.125000000000000000e-01
-1.599999964237213135e-01 -3.499999940395355225e-01 9.390000343322753906e+00 7.500000000000000000e+00 -6.756250000000000000e+01 -1.650000000000000000e+01 -4.062500000000000000e+00 -4.375000000000000000e-01 -6.250000000000000000e-02
-1.400000005960464478e-01 -3.300000131130218506e-01 9.399999618530273438e+00 7.500000000000000000e+00 -6.756250000000000000e+01 -1.650000000000000000e+01 -4.250000000000000000e+00 -1.875000000000000000e-01 -1.875000000000000000e-01
-1.400000005960464478e-01 -3.300000131130218506e-01 9.340000152587890625e+00 7.500000000000000000e+00 -6.756250000000000000e+01 -1.650000000000000000e+01 -4.250000000000000000e+00 -1.875000000000000000e-01 -1.875000000000000000e-01
