-2.800000011920928955e-01 -2.500000000000000000e-01 9.500000000000000000e+00 3.887500000000000000e+01 -6.700000000000000000e+01 -4.562500000000000000e+00 -3.750000000000000000e-01 6.250000000000000000e-02 1.250000000000000000e-01
-2.399999946355819702e-01 -3.400000035762786865e-01 9.460000038146972656e+00 3.887500000000000000e+01 -6.700000000000000000e+01 -4.562500000000000000e+00 -8.125000000000000000e-01 -3.125000000000000000e-01 4.375000000000000000e-01
-2.599999904632568359e-01 -2.500000000000000000e-01 9.409999847412109375e+00 3.887500000000000000e+01 -6.700000000000000000e+01 -4.562500000000000000e+00 -5.000000000000000000e-01 -9.375000000000000000e-01 7.500000000000000000e-01
-2.800000011920928955e-01 -2.099999934434890747e-01 9.409999847412109375e+00 3.887500000000000000e+01 -6.700000000000000000e+01 -4.562500000000000000e+00 -1.875000000000000000e-01 -1.437500000000000000e+00 7.500000000000000000e-01
-2.899999916553497314e-01 -2.800000011920928955e-01 9.670000076293945312e+00 4.000000000000000000e+01 -6.700000000000000000e+01 -5.000000000000000000e+00 -2.312500000000000000e+00 -2.625000000000000000e+00 8.125000000000000000e-01
-2.700000107288360596e-01 -2.899999916553497314e-01 9.739999771118164062e+00 4.000000000000000000e+01 -6.700000000000000000e+01 -5.000000000000000000e+00 -4.437500000000000000e+00 -4.562500000000000000e+00 1.250000000000000000e+00
-2.399999946355819702e-01 -4.000000059604644775e-01 9.899999618530273438e+00 4.000000000000000000e+01 -6.700000000000000000e+01 -5.000000000000000000e+00 -5.562500000000000000e+00 -7.375000000000000000e+00 1.312500000000000000e+00
-1.899999976158142090e-01 -3.499999940395355225e-01 1.014000034332275391e+01 4.000000000000000000e+01 -6.700000000000000000e+01 -5.000000000000000000e+00 -5.937500000000000000e+00 -1.043750000000000000e+01 1.437500000000000000e+00
-1.400000005960464478e-01 2.899999916553497314e-01 1.077999973297119141e+01 4.000000000000000000e+01 -6.700000000000000000e+01 -5.000000000000000000e+00 -7.625000000000000000e+00 -1.600000000000000000e+01 1.687500000000000000e+00
4.300000071525573730e-01 4.699999988079071045e-01 1.121000003814697266e+01 4.025000000000000000e+01 -6.700000000000000000e+01 -6.187500000000000000e+00 -1.437500000000000000e+01 -2.575000000000000000e+01 3.687500000000000000e+00
1.149999976158142090e+00 6.200000047683715820e-01 1.185000038146972656e+01 4.025000000000000000e+01 -6.700000000000000000e+01 -6.187500000000000000e+00 -2.575000000000000000e+01 -3.956250000000000000e+01 8.875000000000000000e+00
-6.299999952316284180e-01 1.800000071525573730e-01 1.078999996185302734e+01 4.025000000000000000e+01 -6.700000000000000000e+01 -6.187500000000000000e+00 -4.137500000000000000e+01 -6.081250000000000000e+01 1.850000000000000000e+01
-6.700000166893005371e-01 -9.000000357627868652e-02 1.080000019073486328e+01 4.025000000000000000e+01 -6.700000000000000000e+01 -6.187500000000000000e+00 -5.231250000000000000e+01 -8.081250000000000000e+01 2.831250000000000000e+01
-1.000000000000000000e+00 -7.200000286102294922e-01 1.122999954223632812e+01 4.025000000000000000e+01 -6.700000000000000000e+01 -6.187500000000000000e+00 -5.000000000000000000e+01 -9.656250000000000000e+01 3.718750000000000000e+01
-7.900000214576721191e-01 -1.470000028610229492e+00 1.206999969482421875e+01 4.000000000000000000e+01 -6.737500000000000000e+01 -5.750000000000000000e+00 -3.612500000000000000e+01 -1.136875000000000000e+02 4.125000000000000000e+01
-5.099999904632568359e-01 -2.069999933242797852e+00 1.276000022888183594e+01 4.000000000000000000e+01 -6.737500000000000000e+01 -5.750000000000000000e+00 -1.706250000000000000e+01 -1.353750000000000000e+02 3.850000000000000000e+01
-6.999999880790710449e-01 -2.029999971389770508e+00 1.231000041961669922e+01 4.000000000000000000e+01 -6.737500000000000000e+01 -5.750000000000000000e+00 -3.187500000000000000e+00 -1.624375000000000000e+02 3.093750000000000000e+01
-4.199999868869781494e-01 -1.330000042915344238e+00 1.147999954223632812e+01 4.000000000000000000e+01 -6.737500000000000000e+01 -5.750000000000000000e+00 5.750000000000000000e+00 -1.868750000000000000e+02 2.193750000000000000e+01
-1.599999964237213135e-01 -5.500000119209289551e-01 9.529999732971191406e+00 4.000000000000000000e+01 -6.737500000000000000e+01 -5.750000000000000000e+00 1.200000000000000000e+01 -2.028750000000000000e+02 1.662500000000000000e+01
2.199999988079071045e-01 -4.000000059604644775e-01 8.899999618530273438e+00 3.737500000000000000e+01 -6.918750000000000000e+01 -9.375000000000000000e+00 1.800000000000000000e+01 -2.070000000000000000e+02 1.531250000000000000e+01
9.499999880790710449e-01 -3.899999856948852539e-01 8.329999923706054688e+00 3.737500000000000000e+01 -6.918750000000000000e+01 -9.375000000000000000e+00 2.531250000000000000e+01 -2.046875000000000000e+02 1.618750000000000000e+01
1.769999980926513672e+00 -4.300000071525573730e-01 8.359999656677246094e+00 3.737500000000000000e+01 -6.918750000000000000e+01 -9.375000000000000000e+00 2.681250000000000000e+01 -1.996250000000000000e+02 1.693750000000000000e+01
2.190000057220458984e+00 -6.399999856948852539e-01 7.510000228881835938e+00 3.737500000000000000e+01 -6.918750000000000000e+01 -9.375000000000000000e+00 2.000000000000000000e+01 -1.887500000000000000e+02 1.862500000000000000e+01
2.660000085830688477e+00 -6.499999761581420898e-01 6.900000095367431641e+00 3.737500000000000000e+01 -6.918750000000000000e+01 -9.375000000000000000e+00 9.750000000000000000e+00 -1.820625000000000000e+02 1.856250000000000000e+01
3.140000104904174805e+00 -6.200000047683715820e-01 6.639999866485595703e+00 3.618750000000000000e+01 -7.125000000000000000e+01 -1.387500000000000000e+01 -1.937500000000000000e+00 -1.715000000000000000e+02 1.937500000000000000e+01
3.589999914169311523e+00 -4.600000083446502686e-01 6.300000190734863281e+00 3.618750000000000000e+01 -7.125000000000000000e+01 -1.387500000000000000e+01 -1.300000000000000000e+01 -1.557500000000000000e+02 1.875000000000000000e+01
4.460000038146972656e+00 -5.899999737739562988e-01 6.389999866485595703e+00 3.618750000000000000e+01 -7.125000000000000000e+01 -1.387500000000000000e+01 -2.243750000000000000e+01 -1.361875000000000000e+02 1.756250000000000000e+01
5.010000228881835938e+00 -2.899999916553497314e-01 6.769999980926513672e+00 3.618750000000000000e+01 -7.125000000000000000e+01 -1.387500000000000000e+01 -2.656250000000000000e+01 -1.163750000000000000e+02 1.656250000000000000e+01
5.460000038146972656e+00 -1.599999964237213135e-01 6.940000057220458984e+00 3.618750000000000000e+01 -7.125000000000000000e+01 -1.387500000000000000e+01 -2.787500000000000000e+01 -9.831250000000000000e+01 1.556250000000000000e+01
5.579999923706054688e+00 -1.500000059604644775e-01 7.010000228881835938e+00 3.125000000000000000e+01 -7.275000000000000000e+01 -1.950000000000000000e+01 -2.993750000000000000e+01 -8.306250000000000000e+01 1.550000000000000000e+01
5.900000095367431641e+00 -1.800000071525573730e-01 7.250000000000000000e+00 3.125000000000000000e+01 -7.275000000000000000e+01 -1.950000000000000000e+01 -2.993750000000000000e+01 -7.031250000000000000e+01 1.625000000000000000e+01
5.920000076293945312e+00 -3.700000047683715820e-01 7.489999771118164062e+00 3.125000000000000000e+01 -7.275000000000000000e+01 -1.950000000000000000e+01 -2.668750000000000000e+01 -5.925000000000000000e+01 1.700000000000000000e+01
5.670000076293945312e+00 -6.899999976158142090e-01 7.349999904632568359e+00 3.125000000000000000e+01 -7.275000000000000000e+01 -1.950000000000000000e+01 -2.381250000000000000e+01 -5.262500000000000000e+01 1.756250000000000000e+01
5.619999885559082031e+00 -1.129999995231628418e+00 7.190000057220458984e+00 3.125000000000000000e+01 -7.275000000000000000e+01 -1.950000000000000000e+01 -2.356250000000000000e+01 -4.737500000000000000e+01 1.875000000000000000e+01
5.469999790191650391e+00 -1.409999966621398926e+00 6.889999866485595703e+00 2.787500000000000000e+01 -6.875000000000000000e+01 -2.356250000000000000e+01 -2.531250000000000000e+01 -4.087500000000000000e+01 2.037500000000000000e+01
5.409999847412109375e+00 -1.600000023841857910e+00 6.500000000000000000e+00 2.787500000000000000e+01 -6.875000000000000000e+01 -2.356250000000000000e+01 -2.925000000000000000e+01 -3.456250000000000000e+01 2.131250000000000000e+01
5.130000114440917969e+00 -1.690000057220458984e+00 6.179999828338623047e+00 2.787500000000000000e+01 -6.875000000000000000e+01 -2.356250000000000000e+01 -3.150000000000000000e+01 -2.962500000000000000e+01 2.068750000000000000e+01
4.769999980926513672e+00 -2.099999904632568359e+00 5.829999923706054688e+00 2.787500000000000000e+01 -6.875000000000000000e+01 -2.356250000000000000e+01 -2.868750000000000000e+01 -2.393750000000000000e+01 1.812500000000000000e+01
4.760000228881835938e+00 -2.230000019073486328e+00 5.820000171661376953e+00 2.787500000000000000e+01 -6.875000000000000000e+01 -2.356250000000000000e+01 -1.981250000000000000e+01 -1.675000000000000000e+01 1.337500000000000000e+01
4.670000076293945312e+00 -2.259999990463256836e+00 5.739999771118164062e+00 2.387500000000000000e+01 -6.800000000000000000e+01 -2.650000000000000000e+01 -7.437500000000000000e+00 -8.562500000000000000e+00 6.187500000000000000e+00
4.190000057220458984e+00 -2.250000000000000000e+00 5.730000019073486328e+00 2.387500000000000000e+01 -6.800000000000000000e+01 -2.650000000000000000e+01 4.875000000000000000e+00 -1.875000000000000000e+00 -4.375000000000000000e-01
4.179999828338623047e+00 -2.109999895095825195e+00 5.630000114440917969e+00 2.387500000000000000e+01 -6.800000000000000000e+01 -2.650000000000000000e+01 1.275000000000000000e+01 9.125000000000000000e+00 -5.312500000000000000e+00
3.980000019073486328e+00 -2.000000000000000000e+00 5.349999904632568359e+00 2.387500000000000000e+01 -6.800000000000000000e+01 -2.650000000000000000e+01 1.668750000000000000e+01 2.056250000000000000e+01 -9.750000000000000000e+00
3.880000114440917969e+00 -1.919999957084655762e+00 5.079999923706054688e+00 2.387500000000000000e+01 -6.800000000000000000e+01 -2.650000000000000000e+01 1.850000000000000000e+01 3.318750000000000000e+01 -1.281250000000000000e+01
3.650000095367431641e+00 -1.649999976158142090e+00 4.409999847412109375e+00 2.275000000000000000e+01 -6.906250000000000000e+01 -2.675000000000000000e+01 1.868750000000000000e+01 4.918750000000000000e+01 -1.525000000000000000e+01
3.329999923706054688e+00 -1.519999980926513672e+00 3.940000057220458984e+00 2.275000000000000000e+01 -6.906250000000000000e+01 -2.675000000000000000e+01 2.031250000000000000e+01 6.650000000000000000e+01 -1.862500000000000000e+01
2.930000066757202148e+00 -1.269999980926513672e+00 3.289999961853027344e+00 2.275000000000000000e+01 -6.906250000000000000e+01 -2.675000000000000000e+01 2.412500000000000000e+01 8.493750000000000000e+01 -2.268750000000000000e+01
2.789999961853027344e+00 -1.070000052452087402e+00 2.480000019073486328e+00 2.275000000000000000e+01 -6.906250000000000000e+01 -2.675000000000000000e+01 2.875000000000000000e+01 1.088125000000000000e+02 -2.575000000000000000e+01
3.119999885559082031e+00 -6.800000071525573730e-01 3.079999923706054688e+00 2.275000000000000000e+01 -6.906250000000000000e+01 -2.675000000000000000e+01 3.312500000000000000e+01 1.423750000000000000e+02 -2.768750000000000000e+01
2.430000066757202148e+00 -4.199999868869781494e-01 3.650000095367431641e+00 2.668750000000000000e+01 -7.056250000000000000e+01 -2.450000000000000000e+01 3.050000000000000000e+01 1.835625000000000000e+02 -2.912500000000000000e+01
2.529999971389770508e+00 -1.199999973177909851e-01 4.519999980926513672e+00 2.668750000000000000e+01 -7.056250000000000000e+01 -2.450000000000000000e+01 2.137500000000000000e+01 2.233125000000000000e+02 -2.937500000000000000e+01
2.740000009536743164e+00 9.999999776482582092e-03 5.780000209808349609e+00 2.668750000000000000e+01 -7.056250000000000000e+01 -2.450000000000000000e+01 9.687500000000000000e+00 2.596250000000000000e+02 -2.668750000000000000e+01
2.809999942779541016e+00 1.100000023841857910e+00 1.210000038146972656e+01 2.668750000000000000e+01 -7.056250000000000000e+01 -2.450000000000000000e+01 -6.437500000000000000e+00 2.911875000000000000e+02 -2.250000000000000000e+01
2.559999942779541016e+00 1.460000038146972656e+00 1.572999954223632812e+01 2.668750000000000000e+01 -7.056250000000000000e+01 -2.450000000000000000e+01 -2.762500000000000000e+01 3.126250000000000000e+02 -1.706250000000000000e+01
-1.599999964237213135e-01 1.720000028610229492e+00 1.734000015258789062e+01 3.300000000000000000e+01 -6.975000000000000000e+01 -1.706250000000000000e+01 -5.218750000000000000e+01 3.086875000000000000e+02 -9.562500000000000000e+00
-1.899999976158142090e-01 -2.990000009536743164e+00 2.252000045776367188e+01 3.300000000000000000e+01 -6.975000000000000000e+01 -1.706250000000000000e+01 -6.675000000000000000e+01 2.666250000000000000e+02 2.125000000000000000e+00
-2.599999904632568359e-01 -2.569999933242797852e+00 1.839999961853027344e+01 3.300000000000000000e+01 -6.975000000000000000e+01 -1.706250000000000000e+01 -4.343750000000000000e+01 1.992500000000000000e+02 9.750000000000000000e+00
5.000000074505805969e-02 -2.859999895095825195e+00 1.431999969482421875e+01 3.300000000000000000e+01 -6.975000000000000000e+01 -1.706250000000000000e+01 -1.025000000000000000e+01 1.262500000000000000e+02 2.250000000000000000e+00
1.299999952316284180e-01 -2.700000047683715820e+00 1.081999969482421875e+01 3.300000000000000000e+01 -6.975000000000000000e+01 -1.706250000000000000e+01 1.931250000000000000e+01 8.768750000000000000e+01 -4.562500000000000000e+00
-2.700000107288360596e-01 -1.899999976158142090e+00 7.250000000000000000e+00 3.468750000000000000e+01 -6.575000000000000000e+01 -1.137500000000000000e+01 4.318750000000000000e+01 7.737500000000000000e+01 -9.750000000000000000e+00
-3.100000023841857910e-01 -1.409999966621398926e+00 7.179999828338623047e+00 3.468750000000000000e+01 -6.575000000000000000e+01 -1.137500000000000000e+01 5.962500000000000000e+01 8.087500000000000000e+01 -1.475000000000000000e+01
-4.199999868869781494e-01 -8.500000238418579102e-01 8.000000000000000000e+00 3.468750000000000000e+01 -6.575000000000000000e+01 -1.137500000000000000e+01 6.968750000000000000e+01 8.668750000000000000e+01 -1.681250000000000000e+01
2.999999932944774628e-02 -1.400000005960464478e-01 9.520000457763671875e+00 3.468750000000000000e+01 -6.575000000000000000e+01 -1.137500000000000000e+01 7.293750000000000000e+01 8.718750000000000000e+01 -1.112500000000000000e+01
-4.399999976158142090e-01 -1.099999994039535522e-01 1.056999969482421875e+01 3.468750000000000000e+01 -6.575000000000000000e+01 -1.137500000000000000e+01 7.006250000000000000e+01 7.900000000000000000e+01 -1.025000000000000000e+01
-6.800000071525573730e-01 -3.000000119209289551e-01 1.073999977111816406e+01 3.600000000000000000e+01 -6.606250000000000000e+01 -9.250000000000000000e+00 6.006250000000000000e+01 6.650000000000000000e+01 -7.312500000000000000e+00
-7.200000286102294922e-01 -3.400000035762786865e-01 1.050000000000000000e+01 3.600000000000000000e+01 -6.606250000000000000e+01 -9.250000000000000000e+00 5.150000000000000000e+01 5.300000000000000000e+01 -3.812500000000000000e+00
-1.029999971389770508e+00 -3.000000119209289551e-01 9.760000228881835938e+00 3.600000000000000000e+01 -6.606250000000000000e+01 -9.250000000000000000e+00 4.450000000000000000e+01 4.050000000000000000e+01 -3.375000000000000000e+00
-1.080000042915344238e+00 -1.899999976158142090e-01 9.479999542236328125e+00 3.600000000000000000e+01 -6.606250000000000000e+01 -9.250000000000000000e+00 3.893750000000000000e+01 3.193750000000000000e+01 -3.375000000000000000e+00
-1.059999942779541016e+00 -3.999999910593032837e-02 9.250000000000000000e+00 3.600000000000000000e+01 -6.606250000000000000e+01 -9.250000000000000000e+00 3.400000000000000000e+01 2.625000000000000000e+01 -3.937500000000000000e+00
-1.009999990463256836e+00 3.999999910593032837e-02 9.159999847412109375e+00 3.856250000000000000e+01 -6.725000000000000000e+01 -4.875000000000000000e+00 2.937500000000000000e+01 2.150000000000000000e+01 -4.062500000000000000e+00
-8.700000047683715820e-01 1.599999964237213135e-01 9.399999618530273438e+00 3.856250000000000000e+01 -6.725000000000000000e+01 -4.875000000000000000e+00 2.531250000000000000e+01 1.768750000000000000e+01 -3.875000000000000000e+00
-7.799999713897705078e-01 1.899999976158142090e-01 9.449999809265136719e+00 3.856250000000000000e+01 -6.725000000000000000e+01 -4.875000000000000000e+00 2.150000000000000000e+01 1.412500000000000000e+01 -3.750000000000000000e+00
-7.099999785423278809e-01 2.300000041723251343e-01 9.479999542236328125e+00 3.856250000000000000e+01 -6.725000000000000000e+01 -4.875000000000000000e+00 1.706250000000000000e+01 1.006250000000000000e+01 -3.437500000000000000e+00
-7.699999809265136719e-01 2.800000011920928955e-01 9.529999732971191406e+00 3.856250000000000000e+01 -6.725000000000000000e+01 -4.875000000000000000e+00 1.237500000000000000e+01 6.625000000000000000e+00 -3.375000000000000000e+00
-7.599999904632568359e-01 2.800000011920928955e-01 9.500000000000000000e+00 3.768750000000000000e+01 -6.756250000000000000e+01 -3.250000000000000000e+00 7.875000000000000000e+00 4.562500000000000000e+00 -2.687500000000000000e+00
-7.500000000000000000e-01 2.199999988079071045e-01 9.420000076293945312e+00 3.768750000000000000e+01 -6.756250000000000000e+01 -3.250000000000000000e+00 3.312500000000000000e+00 2.125000000000000000e+00 -2.250000000000000000e+00
-7.500000000000000000e-01 1.800000071525573730e-01 9.340000152587890625e+00 3.768750000000000000e+01 -6.756250000000000000e+01 -3.250000000000000000e+00 -1.250000000000000000e-01 -2.500000000000000000e-01 -1.625000000000000000e+00
-7.099999785423278809e-01 1.199999973177909851e-01 9.369999885559082031e+00 3.768750000000000000e+01 -6.756250000000000000e+01 -3.250000000000000000e+00 -2.312500000000000000e+00 -1.937500000000000000e+00 -1.000000000000000000e+00
-6.899999976158142090e-01 1.099999994039535522e-01 9.430000305175781250e+00 3.768750000000000000e+01 -6.756250000000000000e+01 -3.250000000000000000e+00 -3.062500000000000000e+00 -2.875000000000000000e+00 -8.750000000000000000e-01
-6.600000262260437012e-01 1.199999973177909851e-01 9.439999580383300781e+00 3.837500000000000000e+01 -6.756250000000000000e+01 -2.500000000000000000e+00 -2.875000000000000000e+00 -4.312500000000000000e+00 -1.000000000000000000e+00
-5.600000023841857910e-01 1.199999973177909851e-01 9.479999542236328125e+00 3.837500000000000000e+01 -6.756250000000000000e+01 -2.500000000000000000e+00 -2.562500000000000000e+00 -5.375000000000000000e+00 -1.250000000000000000e+00
-4.699999988079071045e-01 1.099999994039535522e-01 9.439999580383300781e+00 3.837500000000000000e+01 -6.756250000000000000e+01 -2.500000000000000000e+00 -2.312500000000000000e+00 -5.937500000000000000e+00 -6.250000000000000000e-01
-4.300000071525573730e-01 2.999999932944774628e-02 9.399999618530273438e+00 3.837500000000000000e+01 -6.756250000000000000e+01 -2.500000000000000000e+00 -2.375000000000000000e+00 -6.000000000000000000e+00 6.250000000000000000e-02
-4.000000059604644775e-01 -1.999999955296516418e-02 9.359999656677246094e+00 3.837500000000000000e+01 -6.756250000000000000e+01 -2.500000000000000000e+00 -2.875000000000000000e+00 -6.000000000000000000e+00 7.500000000000000000e-01
-3.899999856948852539e-01 -3.999999910593032837e-02 9.359999656677246094e+00 3.800000000000000000e+01 -6.750000000000000000e+01 -2.750000000000000000e+00 -2.687500000000000000e+00 -5.562500000000000000e+00 1.000000000000000000e+00
-3.700000047683715820e-01 2.999999932944774628e-02 9.399999618530273438e+00 3.800000000000000000e+01 -6.750000000000000000e+01 -2.750000000000000000e+00 -1.875000000000000000e+00 -4.562500000000000000e+00 9.375000000000000000e-01
-3.899999856948852539e-01 -1.999999955296516418e-02 9.390000343322753906e+00 3.800000000000000000e+01 -6.750000000000000000e+01 -2.750000000000000000e+00 -1.687500000000000000e+00 -4.062500000000000000e+00 1.125000000000000000e+00
-4.000000059604644775e-01 -1.099999994039535522e-01 9.380000114440917969e+00 3.800000000000000000e+01 -6.750000000000000000e+01 -2.750000000000000000e+00 -2.500000000000000000e+00 -3.250000000000000000e+00 1.375000000000000000e+00
-4.099999964237213135e-01 -2.000000029802322388e-01 9.409999847412109375e+00 3.800000000000000000e+01 -6.750000000000000000e+01 -2.750000000000000000e+00 -3.187500000000000000e+00 -2.375000000000000000e+00 1.375000000000000000e+00
-4.399999976158142090e-01 -2.099999934434890747e-01 9.430000305175781250e+00 3.718750000000000000e+01 -6.787500000000000000e+01 -4.062500000000000000e+00 -2.875000000000000000e+00 -2.187500000000000000e+00 1.187500000000000000e+00
-4.000000059604644775e-01 -2.300000041723251343e-01 9.460000038146972656e+00 3.718750000000000000e+01 -6.787500000000000000e+01 -4.062500000000000000e+00 -2.000000000000000000e+00 -1.312500000000000000e+00 1.000000000000000000e+00
-4.000000059604644775e-01 -3.199999928474426270e-01 9.449999809265136719e+00 3.718750000000000000e+01 -6.787500000000000000e+01 -4.062500000000000000e+00 -1.500000000000000000e+00 -6.875000000000000000e-01 8.125000000000000000e-01
-4.099999964237213135e-01 -2.899999916553497314e-01 9.430000305175781250e+00 3.718750000000000000e+01 -6.787500000000000000e+01 -4.062500000000000000e+00 -1.312500000000000000e+00 -1.875000000000000000e-01 5.625000000000000000e-01
-4.399999976158142090e-01 -1.599999964237213135e-01 9.359999656677246094e+00 3.718750000000000000e+01 -6.787500000000000000e+01 -4.062500000000000000e+00 -1.250000000000000000e+00 -2.500000000000000000e-01 1.875000000000000000e-01
-4.699999988079071045e-01 -2.599999904632568359e-01 9.359999656677246094e+00 3.868750000000000000e+01 -6.675000000000000000e+01 -3.562500000000000000e+00 -1.625000000000000000e+00 -3.125000000000000000e-01 0.000000000000000000e+00
-4.499999880790710449e-01 -3.199999928474426270e-01 9.390000343322753906e+00 3.868750000000000000e+01 -6.675000000000000000e+01 -3.562500000000000000e+00 -2.250000000000000000e+00 -3.125000000000000000e-01 -2.500000000000000000e-01
-4.499999880790710449e-01 -2.199999988079071045e-01 9.489999771118164062e+00 3.868750000000000000e+01 -6.675000000000000000e+01 -3.562500000000000000e+00 -1.812500000000000000e+00 -4.375000000000000000e-01 -5.000000000000000000e-01
-4.399999976158142090e-01 -2.000000029802322388e-01 9.500000000000000000e+00 3.868750000000000000e+01 -6.675000000000000000e+01 -3.562500000000000000e+00 -1.062500000000000000e+00 -5.625000000000000000e-01 -8.750000000000000000e-01
-4.399999976158142090e-01 -1.700000017881393433e-01 9.479999542236328125e+00 3.868750000000000000e+01 -6.675000000000000000e+01 -3.562500000000000000e+00 -7.500000000000000000e-01 -1.250000000000000000e+00 -1.312500000000000000e+00
-4.900000095367431641e-01 -5.000000074505805969e-02 9.289999961853027344e+00 3.750000000000000000e+01 -6.637500000000000000e+01 -4.062500000000000000e+00 -1.437500000000000000e+00 -2.062500000000000000e+00 -1.062500000000000000e+00
