-2.099999934434890747e-01 -2.800000011920928955e-01 9.369999885559082031e+00 3.356250000000000000e+01 -7.150000000000000000e+01 -3.062500000000000000e+00 2.375000000000000000e+00 1.250000000000000000e+00 -1.250000000000000000e-01
-1.899999976158142090e-01 -2.800000011920928955e-01 9.409999847412109375e+00 3.356250000000000000e+01 -7.150000000000000000e+01 -3.062500000000000000e+00 2.625000000000000000e+00 1.375000000000000000e+00 -6.250000000000000000e-02
-2.300000041723251343e-01 -2.399999946355819702e-01 9.369999885559082031e+00 3.356250000000000000e+01 -7.150000000000000000e+01 -3.062500000000000000e+00 2.687500000000000000e+00 1.312500000000000000e+00 0.000000000000000000e+00
-2.399999946355819702e-01 -3.199999928474426270e-01 9.369999885559082031e+00 3.356250000000000000e+01 -7.150000000000000000e+01 -3.062500000000000000e+00 3.000000000000000000e+00 1.250000000000000000e+00 -6.250000000000000000e-02
-2.899999916553497314e-01 -4.099999964237213135e-01 9.369999885559082031e+00 3.356250000000000000e+01 -7.150000000000000000e+01 -3.062500000000000000e+00 3.937500000000000000e+00 1.125000000000000000e+00 3.125000000000000000e-01
-2.599999904632568359e-01 -2.899999916553497314e-01 9.420000076293945312e+00 3.318750000000000000e+01 -7.187500000000000000e+01 -2.250000000000000000e+00 7.187500000000000000e+00 8.125000000000000000e-01 3.125000000000000000e-01
-2.899999916553497314e-01 -3.899999856948852539e-01 9.430000305175781250e+00 3.318750000000000000e+01 -7.187500000000000000e+01 -2.250000000000000000e+00 1.112500000000000000e+01 5.000000000000000000e-01 1.250000000000000000e-01
-2.700000107288360596e-01 -4.600000083446502686e-01 9.449999809265136719e+00 3.318750000000000000e+01 -7.187500000000000000e+01 -2.250000000000000000e+00 1.650000000000000000e+01 -6.250000000000000000e-01 6.250000000000000000e-01
-2.800000011920928955e-01 -4.699999988079071045e-01 9.560000419616699219e+00 3.318750000000000000e+01 -7.187500000000000000e+01 -2.250000000000000000e+00 2.612500000000000000e+01 -2.125000000000000000e+00 1.312500000000000000e+00
-4.300000071525573730e-01 -3.600000143051147461e-01 9.699999809265136719e+00 3.318750000000000000e+01 -7.187500000000000000e+01 -2.250000000000000000e+00 4.012500000000000000e+01 -4.937500000000000000e+00 1.187500000000000000e+00
-3.700000047683715820e-01 5.999999865889549255e-02 9.739999771118164062e+00 3.400000000000000000e+01 -7.150000000000000000e+01 -1.000000000000000000e+00 5.612500000000000000e+01 -8.000000000000000000e+00 2.625000000000000000e+00
-5.400000214576721191e-01 1.100000023841857910e+00 9.819999694824218750e+00 3.400000000000000000e+01 -7.150000000000000000e+01 -1.000000000000000000e+00 7.487500000000000000e+01 -1.118750000000000000e+01 2.125000000000000000e+00
-1.210000038146972656e+00 9.200000166893005371e-01 1.057999992370605469e+01 3.400000000000000000e+01 -7.150000000000000000e+01 -1.000000000000000000e+00 9.306250000000000000e+01 -1.362500000000000000e+01 6.812500000000000000e+00
-9.599999785423278809e-01 6.600000262260437012e-01 1.081000041961669922e+01 3.400000000000000000e+01 -7.150000000000000000e+01 -1.000000000000000000e+00 1.111875000000000000e+02 -1.706250000000000000e+01 1.975000000000000000e+01
-9.599999785423278809e-01 -2.700000107288360596e-01 1.225000000000000000e+01 3.400000000000000000e+01 -7.150000000000000000e+01 -1.000000000000000000e+00 1.360000000000000000e+02 -2.137500000000000000e+01 3.112500000000000000e+01
-6.000000238418579102e-01 -7.500000000000000000e-01 1.247999954223632812e+01 3.400000000000000000e+01 -7.268750000000000000e+01 1.000000000000000000e+00 1.641250000000000000e+02 -2.893750000000000000e+01 3.631250000000000000e+01
-6.299999952316284180e-01 -5.899999737739562988e-01 1.272999954223632812e+01 3.400000000000000000e+01 -7.268750000000000000e+01 1.000000000000000000e+00 1.931250000000000000e+02 -4.200000000000000000e+01 3.450000000000000000e+01
-6.800000071525573730e-01 -6.899999976158142090e-01 1.193999958038330078e+01 3.400000000000000000e+01 -7.268750000000000000e+01 1.000000000000000000e+00 2.151250000000000000e+02 -5.862500000000000000e+01 2.812500000000000000e+01
2.500000000000000000e-01 -1.599999964237213135e-01 1.127999973297119141e+01 3.400000000000000000e+01 -7.268750000000000000e+01 1.000000000000000000e+00 2.355625000000000000e+02 -7.150000000000000000e+01 1.656250000000000000e+01
-1.599999964237213135e-01 5.400000214576721191e-01 1.047000026702880859e+01 3.400000000000000000e+01 -7.268750000000000000e+01 1.000000000000000000e+00 2.502500000000000000e+02 -8.043750000000000000e+01 7.875000000000000000e+00
5.400000214576721191e-01 4.300000071525573730e-01 9.609999656677246094e+00 3.468750000000000000e+01 -7.375000000000000000e+01 8.687500000000000000e+00 2.486875000000000000e+02 -9.343750000000000000e+01 -7.437500000000000000e+00
4.799999892711639404e-01 1.519999980926513672e+00 7.949999809265136719e+00 3.468750000000000000e+01 -7.375000000000000000e+01 8.687500000000000000e+00 2.540000000000000000e+02 -9.343750000000000000e+01 -1.793750000000000000e+01
1.440000057220458984e+00 1.899999976158142090e+00 7.530000209808349609e+00 3.468750000000000000e+01 -7.375000000000000000e+01 8.687500000000000000e+00 2.465625000000000000e+02 -9.675000000000000000e+01 -2.962500000000000000e+01
5.400000214576721191e-01 3.130000114440917969e+00 6.940000057220458984e+00 3.468750000000000000e+01 -7.375000000000000000e+01 8.687500000000000000e+00 2.391875000000000000e+02 -9.512500000000000000e+01 -4.368750000000000000e+01
2.400000095367431641e+00 2.910000085830688477e+00 6.840000152587890625e+00 3.468750000000000000e+01 -7.375000000000000000e+01 8.687500000000000000e+00 2.250625000000000000e+02 -8.687500000000000000e+01 -4.706250000000000000e+01
1.740000009536743164e+00 5.099999904632568359e+00 5.469999790191650391e+00 3.918750000000000000e+01 -7.475000000000000000e+01 2.237500000000000000e+01 1.962500000000000000e+02 -8.300000000000000000e+01 -5.462500000000000000e+01
1.539999961853027344e+00 4.860000133514404297e+00 5.230000019073486328e+00 3.918750000000000000e+01 -7.475000000000000000e+01 2.237500000000000000e+01 1.738125000000000000e+02 -7.000000000000000000e+01 -5.356250000000000000e+01
8.799999952316284180e-01 5.960000038146972656e+00 3.960000038146972656e+00 3.918750000000000000e+01 -7.475000000000000000e+01 2.237500000000000000e+01 1.449375000000000000e+02 -6.031250000000000000e+01 -5.075000000000000000e+01
1.889999985694885254e+00 6.380000114440917969e+00 4.789999961853027344e+00 3.918750000000000000e+01 -7.475000000000000000e+01 2.237500000000000000e+01 1.281250000000000000e+02 -4.243750000000000000e+01 -4.968750000000000000e+01
2.259999990463256836e+00 6.769999980926513672e+00 4.980000019073486328e+00 3.918750000000000000e+01 -7.475000000000000000e+01 2.237500000000000000e+01 1.085000000000000000e+02 -2.725000000000000000e+01 -4.181250000000000000e+01
1.759999990463256836e+00 6.909999847412109375e+00 5.469999790191650391e+00 5.168750000000000000e+01 -7.037500000000000000e+01 3.450000000000000000e+01 8.631250000000000000e+01 -1.831250000000000000e+01 -3.756250000000000000e+01
1.429999947547912598e+00 6.670000076293945312e+00 5.460000038146972656e+00 5.168750000000000000e+01 -7.037500000000000000e+01 3.450000000000000000e+01 6.800000000000000000e+01 -1.106250000000000000e+01 -3.118750000000000000e+01
1.389999985694885254e+00 7.170000076293945312e+00 5.599999904632568359e+00 5.168750000000000000e+01 -7.037500000000000000e+01 3.450000000000000000e+01 5.400000000000000000e+01 -3.375000000000000000e+00 -2.462500000000000000e+01
1.139999985694885254e+00 6.699999809265136719e+00 5.719999790191650391e+00 5.168750000000000000e+01 -7.037500000000000000e+01 3.450000000000000000e+01 3.950000000000000000e+01 2.000000000000000000e+00 -1.893750000000000000e+01
1.080000042915344238e+00 6.349999904632568359e+00 6.039999961853027344e+00 5.168750000000000000e+01 -7.037500000000000000e+01 3.450000000000000000e+01 2.750000000000000000e+01 8.250000000000000000e+00 -1.281250000000000000e+01
1.110000014305114746e+00 6.210000038146972656e+00 6.309999942779541016e+00 5.825000000000000000e+01 -6.468750000000000000e+01 3.875000000000000000e+01 1.806250000000000000e+01 1.306250000000000000e+01 -1.000000000000000000e+01
8.999999761581420898e-01 6.199999809265136719e+00 6.750000000000000000e+00 5.825000000000000000e+01 -6.468750000000000000e+01 3.875000000000000000e+01 8.875000000000000000e+00 1.650000000000000000e+01 -8.562500000000000000e+00
8.600000143051147461e-01 6.039999961853027344e+00 7.000000000000000000e+00 5.825000000000000000e+01 -6.468750000000000000e+01 3.875000000000000000e+01 1.500000000000000000e+00 1.862500000000000000e+01 -7.062500000000000000e+00
7.900000214576721191e-01 5.929999828338623047e+00 7.329999923706054688e+00 5.825000000000000000e+01 -6.468750000000000000e+01 3.875000000000000000e+01 -4.250000000000000000e+00 1.975000000000000000e+01 -5.375000000000000000e+00
8.899999856948852539e-01 5.880000114440917969e+00 7.530000209808349609e+00 5.825000000000000000e+01 -6.468750000000000000e+01 3.875000000000000000e+01 -9.187500000000000000e+00 1.900000000000000000e+01 -4.375000000000000000e+00
7.200000286102294922e-01 6.059999942779541016e+00 7.630000114440917969e+00 5.856250000000000000e+01 -6.337500000000000000e+01 3.918750000000000000e+01 -1.312500000000000000e+01 1.737500000000000000e+01 -2.937500000000000000e+00
7.699999809265136719e-01 6.119999885559082031e+00 7.619999885559082031e+00 5.856250000000000000e+01 -6.337500000000000000e+01 3.918750000000000000e+01 -1.643750000000000000e+01 1.518750000000000000e+01 -1.125000000000000000e+00
7.699999809265136719e-01 6.030000209808349609e+00 7.500000000000000000e+00 5.856250000000000000e+01 -6.337500000000000000e+01 3.918750000000000000e+01 -1.818750000000000000e+01 1.318750000000000000e+01 1.562500000000000000e+00
7.799999713897705078e-01 5.909999847412109375e+00 7.429999828338623047e+00 5.856250000000000000e+01 -6.337500000000000000e+01 3.918750000000000000e+01 -1.993750000000000000e+01 1.193750000000000000e+01 4.125000000000000000e+00
8.000000119209289551e-01 5.940000057220458984e+00 7.159999847412109375e+00 5.856250000000000000e+01 -6.337500000000000000e+01 3.918750000000000000e+01 -2.337500000000000000e+01 1.050000000000000000e+01 5.875000000000000000e+00
8.299999833106994629e-01 5.860000133514404297e+00 6.900000095367431641e+00 5.587500000000000000e+01 -6.318750000000000000e+01 3.837500000000000000e+01 -2.881250000000000000e+01 9.750000000000000000e+00 8.375000000000000000e+00
8.799999952316284180e-01 5.739999771118164062e+00 6.760000228881835938e+00 5.587500000000000000e+01 -6.318750000000000000e+01 3.837500000000000000e+01 -3.587500000000000000e+01 1.137500000000000000e+01 1.187500000000000000e+01
1.009999990463256836e+00 5.239999771118164062e+00 6.400000095367431641e+00 5.587500000000000000e+01 -6.318750000000000000e+01 3.837500000000000000e+01 -4.612500000000000000e+01 1.462500000000000000e+01 1.506250000000000000e+01
9.499999880790710449e-01 5.090000152587890625e+00 6.190000057220458984e+00 5.587500000000000000e+01 -6.318750000000000000e+01 3.837500000000000000e+01 -6.062500000000000000e+01 1.875000000000000000e+01 1.737500000000000000e+01
1.009999990463256836e+00 5.190000057220458984e+00 5.980000019073486328e+00 5.587500000000000000e+01 -6.318750000000000000e+01 3.837500000000000000e+01 -8.068750000000000000e+01 2.450000000000000000e+01 1.906250000000000000e+01
9.599999785423278809e-01 5.260000228881835938e+00 5.690000057220458984e+00 5.368750000000000000e+01 -6.525000000000000000e+01 3.718750000000000000e+01 -1.042500000000000000e+02 3.150000000000000000e+01 2.100000000000000000e+01
8.500000238418579102e-01 4.940000057220458984e+00 5.449999809265136719e+00 5.368750000000000000e+01 -6.525000000000000000e+01 3.718750000000000000e+01 -1.288125000000000000e+02 4.175000000000000000e+01 2.381250000000000000e+01
8.999999761581420898e-01 5.190000057220458984e+00 5.679999828338623047e+00 5.368750000000000000e+01 -6.525000000000000000e+01 3.718750000000000000e+01 -1.542500000000000000e+02 5.518750000000000000e+01 2.543750000000000000e+01
1.070000052452087402e+00 4.949999809265136719e+00 5.880000114440917969e+00 5.368750000000000000e+01 -6.525000000000000000e+01 3.718750000000000000e+01 -1.798125000000000000e+02 6.656250000000000000e+01 2.668750000000000000e+01
9.900000095367431641e-01 4.250000000000000000e+00 6.389999866485595703e+00 5.368750000000000000e+01 -6.525000000000000000e+01 3.718750000000000000e+01 -2.061875000000000000e+02 7.743750000000000000e+01 2.943750000000000000e+01
8.799999952316284180e-01 4.280000209808349609e+00 7.099999904632568359e+00 4.850000000000000000e+01 -6.868750000000000000e+01 3.137500000000000000e+01 -2.264375000000000000e+02 8.518750000000000000e+01 3.031250000000000000e+01
4.900000095367431641e-01 3.940000057220458984e+00 8.260000228881835938e+00 4.850000000000000000e+01 -6.868750000000000000e+01 3.137500000000000000e+01 -2.422500000000000000e+02 9.162500000000000000e+01 3.131250000000000000e+01
3.199999928474426270e-01 3.390000104904174805e+00 9.489999771118164062e+00 4.850000000000000000e+01 -6.868750000000000000e+01 3.137500000000000000e+01 -2.595000000000000000e+02 9.512500000000000000e+01 3.381250000000000000e+01
-3.300000131130218506e-01 1.769999980926513672e+00 1.073999977111816406e+01 4.850000000000000000e+01 -6.868750000000000000e+01 3.137500000000000000e+01 -2.776250000000000000e+02 9.106250000000000000e+01 3.431250000000000000e+01
-6.100000143051147461e-01 9.900000095367431641e-01 1.114000034332275391e+01 4.850000000000000000e+01 -6.868750000000000000e+01 3.137500000000000000e+01 -2.904375000000000000e+02 8.243750000000000000e+01 3.337500000000000000e+01
-6.100000143051147461e-01 9.900000095367431641e-01 1.114000034332275391e+01 4.025000000000000000e+01 -7.350000000000000000e+01 1.956250000000000000e+01 -2.923750000000000000e+02 7.187500000000000000e+01 3.043750000000000000e+01
-8.199999928474426270e-01 -7.500000000000000000e-01 1.353999996185302734e+01 4.025000000000000000e+01 -7.350000000000000000e+01 1.956250000000000000e+01 -2.843125000000000000e+02 5.600000000000000000e+01 2.375000000000000000e+01
-1.070000052452087402e+00 -1.220000028610229492e+00 1.232999992370605469e+01 4.025000000000000000e+01 -7.350000000000000000e+01 1.956250000000000000e+01 -2.525000000000000000e+02 3.037500000000000000e+01 1.481250000000000000e+01
-1.590000033378601074e+00 -9.800000190734863281e-01 1.169999980926513672e+01 4.025000000000000000e+01 -7.350000000000000000e+01 1.956250000000000000e+01 -1.966250000000000000e+02 8.375000000000000000e+00 6.875000000000000000e+00
-1.230000019073486328e+00 -1.029999971389770508e+00 1.064000034332275391e+01 4.025000000000000000e+01 -7.350000000000000000e+01 1.956250000000000000e+01 -1.394375000000000000e+02 -5.437500000000000000e+00 5.562500000000000000e+00
-1.230000019073486328e+00 -1.029999971389770508e+00 1.064000034332275391e+01 3.256250000000000000e+01 -7.318750000000000000e+01 4.750000000000000000e+00 -9.568750000000000000e+01 -1.400000000000000000e+01 3.187500000000000000e+00
-5.199999809265136719e-01 -1.669999957084655762e+00 8.770000457763671875e+00 3.256250000000000000e+01 -7.318750000000000000e+01 4.750000000000000000e+00 -5.956250000000000000e+01 -1.531250000000000000e+01 2.312500000000000000e+00
-1.299999952316284180e-01 -1.250000000000000000e+00 8.819999694824218750e+00 3.256250000000000000e+01 -7.318750000000000000e+01 4.750000000000000000e+00 -3.000000000000000000e+01 -1.300000000000000000e+01 1.250000000000000000e+00
-1.099999994039535522e-01 -6.800000071525573730e-01 8.970000267028808594e+00 3.256250000000000000e+01 -7.318750000000000000e+01 4.750000000000000000e+00 -7.875000000000000000e+00 -1.025000000000000000e+01 -1.187500000000000000e+00
1.299999952316284180e-01 -5.000000074505805969e-02 9.310000419616699219e+00 3.256250000000000000e+01 -7.318750000000000000e+01 4.750000000000000000e+00 5.250000000000000000e+00 -8.312500000000000000e+00 -2.687500000000000000e+00
1.299999952316284180e-01 -5.000000074505805969e-02 9.310000419616699219e+00 3.318750000000000000e+01 -7.300000000000000000e+01 -8.750000000000000000e-01 1.118750000000000000e+01 -6.750000000000000000e+00 -2.875000000000000000e+00
1.800000071525573730e-01 3.199999928474426270e-01 9.399999618530273438e+00 3.318750000000000000e+01 -7.300000000000000000e+01 -8.750000000000000000e-01 1.193750000000000000e+01 -5.750000000000000000e+00 -2.250000000000000000e+00
2.000000029802322388e-01 4.399999976158142090e-01 9.390000343322753906e+00 3.318750000000000000e+01 -7.300000000000000000e+01 -8.750000000000000000e-01 9.125000000000000000e+00 -4.687500000000000000e+00 -1.375000000000000000e+00
1.400000005960464478e-01 4.000000059604644775e-01 9.340000152587890625e+00 3.318750000000000000e+01 -7.300000000000000000e+01 -8.750000000000000000e-01 3.312500000000000000e+00 -3.125000000000000000e+00 -3.750000000000000000e-01
9.000000357627868652e-02 1.899999976158142090e-01 9.390000343322753906e+00 3.318750000000000000e+01 -7.300000000000000000e+01 -8.750000000000000000e-01 -3.000000000000000000e+00 -1.375000000000000000e+00 5.625000000000000000e-01
9.000000357627868652e-02 1.899999976158142090e-01 9.390000343322753906e+00 3.250000000000000000e+01 -7.268750000000000000e+01 -1.062500000000000000e+00 -8.562500000000000000e+00 6.875000000000000000e-01 1.312500000000000000e+00
-5.000000074505805969e-02 -2.399999946355819702e-01 9.470000267028808594e+00 3.250000000000000000e+01 -7.268750000000000000e+01 -1.062500000000000000e+00 -1.231250000000000000e+01 1.937500000000000000e+00 1.312500000000000000e+00
-7.999999821186065674e-02 -2.899999916553497314e-01 9.460000038146972656e+00 3.250000000000000000e+01 -7.268750000000000000e+01 -1.062500000000000000e+00 -1.425000000000000000e+01 2.625000000000000000e+00 8.750000000000000000e-01
-1.299999952316284180e-01 -3.499999940395355225e-01 9.390000343322753906e+00 3.250000000000000000e+01 -7.268750000000000000e+01 -1.062500000000000000e+00 -1.412500000000000000e+01 3.437500000000000000e+00 5.000000000000000000e-01
-1.500000059604644775e-01 -4.099999964237213135e-01 9.390000343322753906e+00 3.250000000000000000e+01 -7.268750000000000000e+01 -1.062500000000000000e+00 -1.187500000000000000e+01 4.062500000000000000e+00 2.500000000000000000e-01
-1.500000059604644775e-01 -4.099999964237213135e-01 9.390000343322753906e+00 3.318750000000000000e+01 -7.268750000000000000e+01 -2.375000000000000000e+00 -9.062500000000000000e+00 4.250000000000000000e+00 -3.750000000000000000e-01
-1.700000017881393433e-01 -3.899999856948852539e-01 9.380000114440917969e+00 3.318750000000000000e+01 -7.268750000000000000e+01 -2.375000000000000000e+00 -5.875000000000000000e+00 4.187500000000000000e+00 -6.250000000000000000e-01
-1.500000059604644775e-01 -3.799999952316284180e-01 9.380000114440917969e+00 3.318750000000000000e+01 -7.268750000000000000e+01 -2.375000000000000000e+00 -3.375000000000000000e+00 3.625000000000000000e+00 -1.437500000000000000e+00
-1.299999952316284180e-01 -2.199999988079071045e-01 9.439999580383300781e+00 3.318750000000000000e+01 -7.268750000000000000e+01 -2.375000000000000000e+00 -2.000000000000000000e+00 3.125000000000000000e+00 -1.375000000000000000e+00
-1.400000005960464478e-01 -1.800000071525573730e-01 9.390000343322753906e+00 3.318750000000000000e+01 -7.268750000000000000e+01 -2.375000000000000000e+00 -1.750000000000000000e+00 2.687500000000000000e+00 -1.937500000000000000e+00
-1.400000005960464478e-01 -1.800000071525573730e-01 9.390000343322753906e+00 3.168750000000000000e+01 -7.268750000000000000e+01 -2.875000000000000000e+00 -2.312500000000000000e+00 2.625000000000000000e+00 -2.375000000000000000e+00
-2.199999988079071045e-01 -1.099999994039535522e-01 9.390000343322753906e+00 3.168750000000000000e+01 -7.268750000000000000e+01 -2.875000000000000000e+00 -2.750000000000000000e+00 2.437500000000000000e+00 -2.375000000000000000e+00
-2.199999988079071045e-01 0.000000000000000000e+00 9.399999618530273438e+00 3.168750000000000000e+01 -7.268750000000000000e+01 -2.875000000000000000e+00 -3.687500000000000000e+00 2.250000000000000000e+00 -2.187500000000000000e+00
-2.599999904632568359e-01 9.999999776482582092e-03 9.430000305175781250e+00 3.168750000000000000e+01 -7.268750000000000000e+01 -2.875000000000000000e+00 -3.750000000000000000e+00 2.250000000000000000e+00 -2.312500000000000000e+00
-2.199999988079071045e-01 1.999999955296516418e-02 9.409999847412109375e+00 3.168750000000000000e+01 -7.268750000000000000e+01 -2.875000000000000000e+00 -4.187500000000000000e+00 1.937500000000000000e+00 -2.125000000000000000e+00
-2.199999988079071045e-01 1.999999955296516418e-02 9.409999847412109375e+00 3.250000000000000000e+01 -7.237500000000000000e+01 -3.000000000000000000e+00 -4.125000000000000000e+00 2.062500000000000000e+00 -1.812500000000000000e+00
-2.099999934434890747e-01 9.000000357627868652e-02 9.420000076293945312e+00 3.250000000000000000e+01 -7.237500000000000000e+01 -3.000000000000000000e+00 -4.062500000000000000e+00 1.875000000000000000e+00 -1.562500000000000000e+00
-2.099999934434890747e-01 1.099999994039535522e-01 9.380000114440917969e+00 3.250000000000000000e+01 -7.237500000000000000e+01 -3.000000000000000000e+00 -3.937500000000000000e+00 1.812500000000000000e+00 -1.062500000000000000e+00
-1.599999964237213135e-01 1.500000059604644775e-01 9.399999618530273438e+00 3.250000000000000000e+01 -7.237500000000000000e+01 -3.000000000000000000e+00 -3.562500000000000000e+00 1.625000000000000000e+00 -6.875000000000000000e-01
-2.199999988079071045e-01 0.000000000000000000e+00 9.359999656677246094e+00 3.250000000000000000e+01 -7.237500000000000000e+01 -3.000000000000000000e+00 -2.937500000000000000e+00 1.437500000000000000e+00 -1.250000000000000000e-01
-2.199999988079071045e-01 0.000000000000000000e+00 9.359999656677246094e+00 3.168750000000000000e+01 -7.318750000000000000e+01 -8.750000000000000000e-01 -2.062500000000000000e+00 1.562500000000000000e+00 3.750000000000000000e-01
-1.899999976158142090e-01 -9.999999776482582092e-03 9.380000114440917969e+00 3.168750000000000000e+01 -7.318750000000000000e+01 -8.750000000000000000e-01 -9.375000000000000000e-01 1.687500000000000000e+00 5.000000000000000000e-01
-2.000000029802322388e-01 2.999999932944774628e-02 9.390000343322753906e+00 3.168750000000000000e+01 -7.318750000000000000e+01 -8.750000000000000000e-01 -5.625000000000000000e-01 1.875000000000000000e+00 2.500000000000000000e-01
-1.800000071525573730e-01 -2.999999932944774628e-02 9.420000076293945312e+00 3.168750000000000000e+01 -7.318750000000000000e+01 -8.750000000000000000e-01 -9.375000000000000000e-01 1.812500000000000000e+00 3.750000000000000000e-01
-1.800000071525573730e-01 -7.999999821186065674e-02 9.439999580383300781e+00 3.168750000000000000e+01 -7.318750000000000000e+01 -8.750000000000000000e-01 -1.812500000000000000e+00 1.750000000000000000e+00 4.375000000000000000e-01
