-2.300000041723251343e-01 -7.599999904632568359e-01 1.010000038146972656e+01 3.487500000000000000e+01 -7.018750000000000000e+01 -1.087500000000000000e+01 7.143750000000000000e+01 -4.062500000000000000e+00 -5.000000000000000000e+00
1.099999994039535522e-01 -5.799999833106994629e-01 9.979999542236328125e+00 3.487500000000000000e+01 -7.018750000000000000e+01 -1.050000000000000000e+01 7.725000000000000000e+01 -1.131250000000000000e+01 -8.125000000000000000e+00
-4.099999964237213135e-01 2.199999988079071045e-01 9.500000000000000000e+00 3.487500000000000000e+01 -7.018750000000000000e+01 -1.050000000000000000e+01 8.056250000000000000e+01 -1.631250000000000000e+01 -1.150000000000000000e+01
-3.499999940395355225e-01 5.600000023841857910e-01 9.340000152587890625e+00 3.487500000000000000e+01 -7.018750000000000000e+01 -1.050000000000000000e+01 8.068750000000000000e+01 -1.762500000000000000e+01 -1.081250000000000000e+01
-1.800000071525573730e-01 7.500000000000000000e-01 9.380000114440917969e+00 3.487500000000000000e+01 -7.018750000000000000e+01 -1.050000000000000000e+01 7.843750000000000000e+01 -1.568750000000000000e+01 -6.437500000000000000e+00
-7.000000029802322388e-02 8.199999928474426270e-01 9.659999847412109375e+00 3.487500000000000000e+01 -7.018750000000000000e+01 -1.050000000000000000e+01 7.868750000000000000e+01 -1.462500000000000000e+01 -2.187500000000000000e+00
-4.499999880790710449e-01 7.400000095367431641e-01 1.001000022888183594e+01 3.487500000000000000e+01 -7.168750000000000000e+01 -6.750000000000000000e+00 8.531250000000000000e+01 -1.668750000000000000e+01 1.687500000000000000e+00
-3.999999910593032837e-02 1.099999994039535522e-01 1.039000034332275391e+01 3.487500000000000000e+01 -7.168750000000000000e+01 -6.750000000000000000e+00 9.962500000000000000e+01 -1.750000000000000000e+01 4.562500000000000000e+00
-3.300000131130218506e-01 -4.099999964237213135e-01 1.068000030517578125e+01 3.487500000000000000e+01 -7.168750000000000000e+01 -6.750000000000000000e+00 1.189375000000000000e+02 -1.706250000000000000e+01 9.500000000000000000e+00
-3.000000119209289551e-01 -7.400000095367431641e-01 1.103999996185302734e+01 3.487500000000000000e+01 -7.168750000000000000e+01 -6.750000000000000000e+00 1.380625000000000000e+02 -2.018750000000000000e+01 1.056250000000000000e+01
-1.199999973177909851e-01 -2.999999932944774628e-02 1.126000022888183594e+01 3.487500000000000000e+01 -7.168750000000000000e+01 -6.750000000000000000e+00 1.530625000000000000e+02 -2.775000000000000000e+01 6.562500000000000000e+00
1.500000059604644775e-01 6.499999761581420898e-01 1.085999965667724609e+01 3.418750000000000000e+01 -7.275000000000000000e+01 -1.875000000000000000e+00 1.662500000000000000e+02 -3.637500000000000000e+01 3.125000000000000000e-01
-1.299999952316284180e-01 1.070000052452087402e+00 1.042000007629394531e+01 3.418750000000000000e+01 -7.275000000000000000e+01 -1.875000000000000000e+00 1.817500000000000000e+02 -4.262500000000000000e+01 -2.937500000000000000e+00
9.999999776482582092e-03 1.159999966621398926e+00 1.014999961853027344e+01 3.418750000000000000e+01 -7.275000000000000000e+01 -1.875000000000000000e+00 1.960000000000000000e+02 -4.600000000000000000e+01 -3.000000000000000000e+00
9.999999776482582092e-03 1.309999942779541016e+00 9.710000038146972656e+00 3.418750000000000000e+01 -7.275000000000000000e+01 -1.875000000000000000e+00 2.051250000000000000e+02 -5.025000000000000000e+01 -5.312500000000000000e+00
1.000000014901161194e-01 1.759999990463256836e+00 8.909999847412109375e+00 3.418750000000000000e+01 -7.275000000000000000e+01 -1.875000000000000000e+00 2.068750000000000000e+02 -5.693750000000000000e+01 -1.131250000000000000e+01
5.000000074505805969e-02 2.349999904632568359e+00 8.539999961853027344e+00 3.568750000000000000e+01 -7.537500000000000000e+01 5.250000000000000000e+00 2.035625000000000000e+02 -5.793750000000000000e+01 -1.662500000000000000e+01
4.399999976158142090e-01 2.839999914169311523e+00 7.789999961853027344e+00 3.568750000000000000e+01 -7.537500000000000000e+01 5.250000000000000000e+00 1.922500000000000000e+02 -5.543750000000000000e+01 -2.156250000000000000e+01
4.199999868869781494e-01 2.890000104904174805e+00 7.519999980926513672e+00 3.568750000000000000e+01 -7.537500000000000000e+01 5.250000000000000000e+00 1.803750000000000000e+02 -5.068750000000000000e+01 -2.312500000000000000e+01
5.000000000000000000e-01 3.079999923706054688e+00 7.360000133514404297e+00 3.568750000000000000e+01 -7.537500000000000000e+01 5.250000000000000000e+00 1.699375000000000000e+02 -4.600000000000000000e+01 -2.756250000000000000e+01
5.600000023841857910e-01 3.490000009536743164e+00 7.170000076293945312e+00 3.568750000000000000e+01 -7.537500000000000000e+01 5.250000000000000000e+00 1.603750000000000000e+02 -4.118750000000000000e+01 -3.256250000000000000e+01
8.100000023841857910e-01 4.210000038146972656e+00 6.369999885559082031e+00 4.006250000000000000e+01 -7.600000000000000000e+01 1.856250000000000000e+01 1.503125000000000000e+02 -3.487500000000000000e+01 -3.787500000000000000e+01
7.200000286102294922e-01 4.639999866485595703e+00 6.340000152587890625e+00 4.006250000000000000e+01 -7.600000000000000000e+01 1.856250000000000000e+01 1.385000000000000000e+02 -2.700000000000000000e+01 -4.106250000000000000e+01
9.800000190734863281e-01 4.909999847412109375e+00 6.150000095367431641e+00 4.006250000000000000e+01 -7.600000000000000000e+01 1.856250000000000000e+01 1.218750000000000000e+02 -1.856250000000000000e+01 -4.075000000000000000e+01
8.199999928474426270e-01 5.199999809265136719e+00 5.679999828338623047e+00 4.006250000000000000e+01 -7.600000000000000000e+01 1.856250000000000000e+01 1.035000000000000000e+02 -9.500000000000000000e+00 -3.806250000000000000e+01
1.159999966621398926e+00 5.699999809265136719e+00 6.190000057220458984e+00 4.006250000000000000e+01 -7.600000000000000000e+01 1.856250000000000000e+01 8.725000000000000000e+01 1.125000000000000000e+00 -3.612500000000000000e+01
1.600000023841857910e+00 5.989999771118164062e+00 6.849999904632568359e+00 4.787500000000000000e+01 -7.200000000000000000e+01 2.887500000000000000e+01 7.437500000000000000e+01 6.875000000000000000e+00 -3.237500000000000000e+01
9.900000095367431641e-01 5.829999923706054688e+00 6.940000057220458984e+00 4.787500000000000000e+01 -7.200000000000000000e+01 2.887500000000000000e+01 6.306250000000000000e+01 5.750000000000000000e+00 -2.825000000000000000e+01
1.370000004768371582e+00 6.639999866485595703e+00 7.340000152587890625e+00 4.787500000000000000e+01 -7.200000000000000000e+01 2.887500000000000000e+01 5.587500000000000000e+01 6.875000000000000000e+00 -2.612500000000000000e+01
1.009999990463256836e+00 6.340000152587890625e+00 7.260000228881835938e+00 4.787500000000000000e+01 -7.200000000000000000e+01 2.887500000000000000e+01 5.006250000000000000e+01 5.375000000000000000e+00 -2.175000000000000000e+01
1.230000019073486328e+00 6.289999961853027344e+00 7.159999847412109375e+00 4.787500000000000000e+01 -7.200000000000000000e+01 2.887500000000000000e+01 4.443750000000000000e+01 2.875000000000000000e+00 -1.781250000000000000e+01
1.230000019073486328e+00 6.409999847412109375e+00 7.250000000000000000e+00 5.150000000000000000e+01 -6.700000000000000000e+01 3.437500000000000000e+01 3.950000000000000000e+01 -6.250000000000000000e-02 -1.468750000000000000e+01
8.600000143051147461e-01 6.269999980926513672e+00 6.489999771118164062e+00 5.150000000000000000e+01 -6.700000000000000000e+01 3.437500000000000000e+01 3.293750000000000000e+01 -3.250000000000000000e+00 -1.212500000000000000e+01
7.799999713897705078e-01 6.110000133514404297e+00 6.340000152587890625e+00 5.150000000000000000e+01 -6.700000000000000000e+01 3.437500000000000000e+01 2.606250000000000000e+01 -1.750000000000000000e+00 -1.043750000000000000e+01
7.500000000000000000e-01 5.949999809265136719e+00 6.369999885559082031e+00 5.150000000000000000e+01 -6.700000000000000000e+01 3.437500000000000000e+01 1.837500000000000000e+01 2.062500000000000000e+00 -8.937500000000000000e+00
7.400000095367431641e-01 5.980000019073486328e+00 6.719999790191650391e+00 5.150000000000000000e+01 -6.700000000000000000e+01 3.437500000000000000e+01 9.937500000000000000e+00 5.937500000000000000e+00 -7.687500000000000000e+00
6.899999976158142090e-01 5.989999771118164062e+00 6.869999885559082031e+00 5.468750000000000000e+01 -6.506250000000000000e+01 3.556250000000000000e+01 1.437500000000000000e+00 9.375000000000000000e+00 -6.562500000000000000e+00
6.499999761581420898e-01 6.010000228881835938e+00 6.909999847412109375e+00 5.468750000000000000e+01 -6.506250000000000000e+01 3.556250000000000000e+01 -7.375000000000000000e+00 1.168750000000000000e+01 -5.000000000000000000e+00
6.100000143051147461e-01 6.019999980926513672e+00 6.900000095367431641e+00 5.468750000000000000e+01 -6.506250000000000000e+01 3.556250000000000000e+01 -1.718750000000000000e+01 1.356250000000000000e+01 -3.125000000000000000e+00
5.400000214576721191e-01 6.019999980926513672e+00 6.760000228881835938e+00 5.468750000000000000e+01 -6.506250000000000000e+01 3.556250000000000000e+01 -2.737500000000000000e+01 1.593750000000000000e+01 -8.125000000000000000e-01
4.399999976158142090e-01 5.989999771118164062e+00 6.750000000000000000e+00 5.468750000000000000e+01 -6.506250000000000000e+01 3.556250000000000000e+01 -3.800000000000000000e+01 1.900000000000000000e+01 1.812500000000000000e+00
4.499999880790710449e-01 5.880000114440917969e+00 6.670000076293945312e+00 5.350000000000000000e+01 -6.418750000000000000e+01 3.506250000000000000e+01 -5.081250000000000000e+01 2.256250000000000000e+01 4.937500000000000000e+00
4.199999868869781494e-01 5.809999942779541016e+00 6.510000228881835938e+00 5.350000000000000000e+01 -6.418750000000000000e+01 3.506250000000000000e+01 -6.750000000000000000e+01 2.712500000000000000e+01 8.937500000000000000e+00
2.700000107288360596e-01 5.710000038146972656e+00 6.000000000000000000e+00 5.350000000000000000e+01 -6.418750000000000000e+01 3.506250000000000000e+01 -8.762500000000000000e+01 3.350000000000000000e+01 1.406250000000000000e+01
2.099999934434890747e-01 5.539999961853027344e+00 5.820000171661376953e+00 5.350000000000000000e+01 -6.418750000000000000e+01 3.506250000000000000e+01 -1.071250000000000000e+02 4.281250000000000000e+01 1.906250000000000000e+01
1.700000017881393433e-01 5.349999904632568359e+00 5.760000228881835938e+00 5.350000000000000000e+01 -6.418750000000000000e+01 3.506250000000000000e+01 -1.281875000000000000e+02 5.393750000000000000e+01 2.431250000000000000e+01
1.199999973177909851e-01 4.750000000000000000e+00 6.230000019073486328e+00 5.018750000000000000e+01 -6.650000000000000000e+01 3.225000000000000000e+01 -1.535000000000000000e+02 6.550000000000000000e+01 2.837500000000000000e+01
2.899999916553497314e-01 4.309999942779541016e+00 6.849999904632568359e+00 5.018750000000000000e+01 -6.650000000000000000e+01 3.225000000000000000e+01 -1.796250000000000000e+02 7.368750000000000000e+01 3.243750000000000000e+01
1.899999976158142090e-01 4.190000057220458984e+00 7.449999809265136719e+00 5.018750000000000000e+01 -6.650000000000000000e+01 3.225000000000000000e+01 -2.098750000000000000e+02 8.037500000000000000e+01 3.543750000000000000e+01
2.099999934434890747e-01 4.119999885559082031e+00 8.109999656677246094e+00 5.018750000000000000e+01 -6.650000000000000000e+01 3.225000000000000000e+01 -2.390000000000000000e+02 8.187500000000000000e+01 3.750000000000000000e+01
-1.299999952316284180e-01 3.819999933242797852e+00 8.470000267028808594e+00 5.018750000000000000e+01 -6.650000000000000000e+01 3.225000000000000000e+01 -2.656875000000000000e+02 8.087500000000000000e+01 4.056250000000000000e+01
-2.500000000000000000e-01 3.670000076293945312e+00 8.850000381469726562e+00 4.456250000000000000e+01 -7.018750000000000000e+01 2.256250000000000000e+01 -2.883125000000000000e+02 8.062500000000000000e+01 4.400000000000000000e+01
-5.299999713897705078e-01 2.789999961853027344e+00 9.369999885559082031e+00 4.456250000000000000e+01 -7.018750000000000000e+01 2.256250000000000000e+01 -3.076875000000000000e+02 7.875000000000000000e+01 4.631250000000000000e+01
-4.699999988079071045e-01 1.919999957084655762e+00 9.909999847412109375e+00 4.456250000000000000e+01 -7.018750000000000000e+01 2.256250000000000000e+01 -3.230000000000000000e+02 7.106250000000000000e+01 4.362500000000000000e+01
-8.199999928474426270e-01 -2.099999934434890747e-01 1.313000011444091797e+01 4.456250000000000000e+01 -7.018750000000000000e+01 2.256250000000000000e+01 -3.286250000000000000e+02 5.868750000000000000e+01 3.875000000000000000e+01
-1.120000004768371582e+00 -1.120000004768371582e+00 1.289000034332275391e+01 4.456250000000000000e+01 -7.018750000000000000e+01 2.256250000000000000e+01 -3.100625000000000000e+02 3.250000000000000000e+01 2.687500000000000000e+01
-1.320000052452087402e+00 -1.590000033378601074e+00 1.211999988555908203e+01 3.750000000000000000e+01 -7.350000000000000000e+01 7.062500000000000000e+00 -2.618750000000000000e+02 3.125000000000000000e+00 1.375000000000000000e+01
-1.440000057220458984e+00 -1.100000023841857910e+00 1.144999980926513672e+01 3.750000000000000000e+01 -7.350000000000000000e+01 7.062500000000000000e+00 -1.991250000000000000e+02 -1.287500000000000000e+01 4.187500000000000000e+00
-1.600000023841857910e+00 -1.429999947547912598e+00 1.047000026702880859e+01 3.750000000000000000e+01 -7.350000000000000000e+01 7.062500000000000000e+00 -1.408125000000000000e+02 -1.912500000000000000e+01 -7.500000000000000000e-01
-1.389999985694885254e+00 -1.629999995231628418e+00 9.489999771118164062e+00 3.750000000000000000e+01 -7.350000000000000000e+01 7.062500000000000000e+00 -9.456250000000000000e+01 -1.975000000000000000e+01 -3.250000000000000000e+00
-9.200000166893005371e-01 -1.419999957084655762e+00 9.100000381469726562e+00 3.750000000000000000e+01 -7.350000000000000000e+01 7.062500000000000000e+00 -6.150000000000000000e+01 -1.581250000000000000e+01 -6.250000000000000000e+00
-4.399999976158142090e-01 -1.250000000000000000e+00 9.239999771118164062e+00 3.375000000000000000e+01 -7.250000000000000000e+01 -6.562500000000000000e+00 -3.350000000000000000e+01 -9.062500000000000000e+00 -7.250000000000000000e+00
-2.800000011920928955e-01 -1.110000014305114746e+00 9.229999542236328125e+00 3.375000000000000000e+01 -7.250000000000000000e+01 -6.562500000000000000e+00 -1.093750000000000000e+01 -5.437500000000000000e+00 -6.375000000000000000e+00
-1.199999973177909851e-01 -7.900000214576721191e-01 9.189999580383300781e+00 3.375000000000000000e+01 -7.250000000000000000e+01 -6.562500000000000000e+00 5.562500000000000000e+00 -4.312500000000000000e+00 -5.250000000000000000e+00
5.000000074505805969e-02 -6.700000166893005371e-01 9.159999847412109375e+00 3.375000000000000000e+01 -7.250000000000000000e+01 -6.562500000000000000e+00 1.543750000000000000e+01 -4.250000000000000000e+00 -4.187500000000000000e+00
1.999999955296516418e-02 -2.700000107288360596e-01 9.180000305175781250e+00 3.375000000000000000e+01 -7.250000000000000000e+01 -6.562500000000000000e+00 2.037500000000000000e+01 -3.625000000000000000e+00 -2.875000000000000000e+00
-1.099999994039535522e-01 -1.199999973177909851e-01 9.199999809265136719e+00 3.406250000000000000e+01 -7.075000000000000000e+01 -1.056250000000000000e+01 2.262500000000000000e+01 -2.875000000000000000e+00 -2.625000000000000000e+00
-1.899999976158142090e-01 -9.999999776482582092e-03 9.289999961853027344e+00 3.406250000000000000e+01 -7.075000000000000000e+01 -1.056250000000000000e+01 2.118750000000000000e+01 -3.000000000000000000e+00 -1.937500000000000000e+00
-2.899999916553497314e-01 -5.999999865889549255e-02 9.529999732971191406e+00 3.406250000000000000e+01 -7.075000000000000000e+01 -1.056250000000000000e+01 1.700000000000000000e+01 -2.750000000000000000e+00 -9.375000000000000000e-01
-3.100000023841857910e-01 -1.099999994039535522e-01 9.569999694824218750e+00 3.406250000000000000e+01 -7.075000000000000000e+01 -1.056250000000000000e+01 1.212500000000000000e+01 -2.250000000000000000e+00 6.250000000000000000e-02
-3.400000035762786865e-01 -1.400000005960464478e-01 9.529999732971191406e+00 3.406250000000000000e+01 -7.075000000000000000e+01 -1.056250000000000000e+01 7.937500000000000000e+00 -1.562500000000000000e+00 -6.250000000000000000e-02
-3.199999928474426270e-01 -1.099999994039535522e-01 9.539999961853027344e+00 3.368750000000000000e+01 -7.237500000000000000e+01 -1.125000000000000000e+01 3.562500000000000000e+00 -1.250000000000000000e+00 -4.375000000000000000e-01
-2.899999916553497314e-01 -2.500000000000000000e-01 9.439999580383300781e+00 3.368750000000000000e+01 -7.237500000000000000e+01 -1.125000000000000000e+01 -6.250000000000000000e-01 -1.062500000000000000e+00 -6.875000000000000000e-01
-3.100000023841857910e-01 -2.599999904632568359e-01 9.380000114440917969e+00 3.368750000000000000e+01 -7.237500000000000000e+01 -1.125000000000000000e+01 -4.000000000000000000e+00 -5.000000000000000000e-01 -8.125000000000000000e-01
-3.799999952316284180e-01 -1.299999952316284180e-01 9.369999885559082031e+00 3.368750000000000000e+01 -7.237500000000000000e+01 -1.125000000000000000e+01 -6.000000000000000000e+00 -5.625000000000000000e-01 -8.750000000000000000e-01
-3.899999856948852539e-01 -2.099999934434890747e-01 9.319999694824218750e+00 3.368750000000000000e+01 -7.237500000000000000e+01 -1.125000000000000000e+01 -7.812500000000000000e+00 -1.312500000000000000e+00 -6.875000000000000000e-01
-3.199999928474426270e-01 -5.400000214576721191e-01 9.470000267028808594e+00 3.325000000000000000e+01 -7.218750000000000000e+01 -9.187500000000000000e+00 -8.625000000000000000e+00 -1.437500000000000000e+00 -6.875000000000000000e-01
-3.199999928474426270e-01 -5.699999928474426270e-01 9.510000228881835938e+00 3.325000000000000000e+01 -7.218750000000000000e+01 -9.187500000000000000e+00 -7.500000000000000000e+00 -1.375000000000000000e+00 -8.125000000000000000e-01
-3.000000119209289551e-01 -5.299999713897705078e-01 9.460000038146972656e+00 3.325000000000000000e+01 -7.218750000000000000e+01 -9.187500000000000000e+00 -5.437500000000000000e+00 -1.562500000000000000e+00 -1.187500000000000000e+00
-2.899999916553497314e-01 -3.400000035762786865e-01 9.220000267028808594e+00 3.325000000000000000e+01 -7.218750000000000000e+01 -9.187500000000000000e+00 -4.312500000000000000e+00 -1.937500000000000000e+00 -1.562500000000000000e+00
-3.899999856948852539e-01 -3.300000131130218506e-01 9.270000457763671875e+00 3.325000000000000000e+01 -7.218750000000000000e+01 -9.187500000000000000e+00 -2.937500000000000000e+00 -2.250000000000000000e+00 -2.312500000000000000e+00
-4.399999976158142090e-01 -3.199999928474426270e-01 9.430000305175781250e+00 3.400000000000000000e+01 -7.175000000000000000e+01 -9.687500000000000000e+00 -1.625000000000000000e+00 -2.375000000000000000e+00 -2.437500000000000000e+00
-4.199999868869781494e-01 -3.300000131130218506e-01 9.539999961853027344e+00 3.400000000000000000e+01 -7.175000000000000000e+01 -9.687500000000000000e+00 -6.875000000000000000e-01 -2.437500000000000000e+00 -2.187500000000000000e+00
-3.899999856948852539e-01 -2.700000107288360596e-01 9.590000152587890625e+00 3.400000000000000000e+01 -7.175000000000000000e+01 -9.687500000000000000e+00 7.500000000000000000e-01 -2.375000000000000000e+00 -2.250000000000000000e+00
-3.600000143051147461e-01 -2.000000029802322388e-01 9.520000457763671875e+00 3.400000000000000000e+01 -7.175000000000000000e+01 -9.687500000000000000e+00 2.250000000000000000e+00 -2.312500000000000000e+00 -2.875000000000000000e+00
-3.400000035762786865e-01 -1.000000014901161194e-01 9.449999809265136719e+00 3.400000000000000000e+01 -7.175000000000000000e+01 -9.687500000000000000e+00 2.875000000000000000e+00 -2.312500000000000000e+00 -3.375000000000000000e+00
-3.000000119209289551e-01 -1.999999955296516418e-02 9.390000343322753906e+00 3.475000000000000000e+01 -7.250000000000000000e+01 -1.006250000000000000e+01 2.312500000000000000e+00 -2.375000000000000000e+00 -3.437500000000000000e+00
-1.599999964237213135e-01 -3.000000119209289551e-01 9.310000419616699219e+00 3.475000000000000000e+01 -7.250000000000000000e+01 -1.006250000000000000e+01 2.500000000000000000e+00 -3.062500000000000000e+00 -4.250000000000000000e+00
-1.599999964237213135e-01 -2.800000011920928955e-01 9.340000152587890625e+00 3.475000000000000000e+01 -7.250000000000000000e+01 -1.006250000000000000e+01 4.250000000000000000e+00 -4.562500000000000000e+00 -6.000000000000000000e+00
-2.800000011920928955e-01 1.999999955296516418e-02 9.260000228881835938e+00 3.475000000000000000e+01 -7.250000000000000000e+01 -1.006250000000000000e+01 4.750000000000000000e+00 -6.000000000000000000e+00 -8.250000000000000000e+00
-4.900000095367431641e-01 7.900000214576721191e-01 9.409999847412109375e+00 3.475000000000000000e+01 -7.250000000000000000e+01 -1.006250000000000000e+01 7.500000000000000000e-01 -7.312500000000000000e+00 -7.875000000000000000e+00
-5.500000119209289551e-01 7.900000214576721191e-01 9.520000457763671875e+00 3.400000000000000000e+01 -7.218750000000000000e+01 -8.875000000000000000e+00 -8.000000000000000000e+00 -8.625000000000000000e+00 -4.750000000000000000e+00
-5.099999904632568359e-01 6.499999761581420898e-01 9.579999923706054688e+00 3.400000000000000000e+01 -7.218750000000000000e+01 -8.875000000000000000e+00 -1.918750000000000000e+01 -1.000000000000000000e+01 -1.000000000000000000e+00
-4.099999964237213135e-01 3.499999940395355225e-01 9.409999847412109375e+00 3.400000000000000000e+01 -7.218750000000000000e+01 -8.875000000000000000e+00 -2.906250000000000000e+01 -1.162500000000000000e+01 1.437500000000000000e+00
-3.100000023841857910e-01 -5.500000119209289551e-01 9.340000152587890625e+00 3.400000000000000000e+01 -7.218750000000000000e+01 -8.875000000000000000e+00 -3.062500000000000000e+01 -1.268750000000000000e+01 1.750000000000000000e+00
-2.199999988079071045e-01 -5.400000214576721191e-01 9.560000419616699219e+00 3.400000000000000000e+01 -7.218750000000000000e+01 -8.875000000000000000e+00 -2.443750000000000000e+01 -1.287500000000000000e+01 1.250000000000000000e+00
-1.800000071525573730e-01 -4.900000095367431641e-01 9.630000114440917969e+00 3.437500000000000000e+01 -7.218750000000000000e+01 -8.875000000000000000e+00 -1.781250000000000000e+01 -1.162500000000000000e+01 2.500000000000000000e-01
-1.599999964237213135e-01 -5.000000000000000000e-01 9.590000152587890625e+00 3.437500000000000000e+01 -7.218750000000000000e+01 -8.875000000000000000e+00 -1.250000000000000000e+01 -1.018750000000000000e+01 -6.250000000000000000e-01
-2.999999932944774628e-02 -4.600000083446502686e-01 9.380000114440917969e+00 3.437500000000000000e+01 -7.218750000000000000e+01 -8.875000000000000000e+00 -9.187500000000000000e+00 -8.937500000000000000e+00 -1.000000000000000000e+00
0.000000000000000000e+00 -5.199999809265136719e-01 9.220000267028808594e+00 3.437500000000000000e+01 -7.218750000000000000e+01 -8.875000000000000000e+00 -7.750000000000000000e+00 -8.562500000000000000e+00 -1.437500000000000000e+00
