-7.000000029802322388e-02 -3.899999856948852539e-01 9.430000305175781250e+00 -1.487500000000000000e+01 -3.256250000000000000e+01 -1.025000000000000000e+01 -1.250000000000000000e+00 5.000000000000000000e-01 3.125000000000000000e-01
-5.999999865889549255e-02 -3.899999856948852539e-01 9.430000305175781250e+00 -1.487500000000000000e+01 -3.256250000000000000e+01 -1.025000000000000000e+01 -1.375000000000000000e+00 5.625000000000000000e-01 5.625000000000000000e-01
-5.000000074505805969e-02 -4.199999868869781494e-01 9.340000152587890625e+00 -1.487500000000000000e+01 -3.256250000000000000e+01 -1.025000000000000000e+01 -1.500000000000000000e+00 5.000000000000000000e-01 6.250000000000000000e-01
-5.999999865889549255e-02 -4.399999976158142090e-01 9.350000381469726562e+00 -1.487500000000000000e+01 -3.256250000000000000e+01 -1.025000000000000000e+01 -1.187500000000000000e+00 5.000000000000000000e-01 5.625000000000000000e-01
-9.000000357627868652e-02 -4.600000083446502686e-01 9.380000114440917969e+00 -1.487500000000000000e+01 -3.256250000000000000e+01 -1.025000000000000000e+01 -8.125000000000000000e-01 5.000000000000000000e-01 4.375000000000000000e-01
-1.099999994039535522e-01 -4.699999988079071045e-01 9.380000114440917969e+00 -1.556250000000000000e+01 -3.406250000000000000e+01 -9.062500000000000000e+00 -4.375000000000000000e-01 5.000000000000000000e-01 4.375000000000000000e-01
-1.099999994039535522e-01 -4.900000095367431641e-01 9.420000076293945312e+00 -1.556250000000000000e+01 -3.406250000000000000e+01 -9.062500000000000000e+00 6.250000000000000000e-02 5.625000000000000000e-01 3.125000000000000000e-01
-1.299999952316284180e-01 -5.099999904632568359e-01 9.409999847412109375e+00 -1.556250000000000000e+01 -3.406250000000000000e+01 -9.062500000000000000e+00 4.375000000000000000e-01 9.375000000000000000e-01 1.875000000000000000e-01
-1.000000014901161194e-01 -4.900000095367431641e-01 9.409999847412109375e+00 -1.556250000000000000e+01 -3.406250000000000000e+01 -9.062500000000000000e+00 8.125000000000000000e-01 9.375000000000000000e-01 -6.250000000000000000e-02
-1.000000014901161194e-01 -4.900000095367431641e-01 9.380000114440917969e+00 -1.556250000000000000e+01 -3.406250000000000000e+01 -9.062500000000000000e+00 1.062500000000000000e+00 8.750000000000000000e-01 0.000000000000000000e+00
-1.099999994039535522e-01 -4.699999988079071045e-01 9.399999618530273438e+00 -1.600000000000000000e+01 -3.325000000000000000e+01 -1.068750000000000000e+01 7.500000000000000000e-01 1.062500000000000000e+00 -6.250000000000000000e-02
-9.000000357627868652e-02 -4.799999892711639404e-01 9.359999656677246094e+00 -1.600000000000000000e+01 -3.325000000000000000e+01 -1.068750000000000000e+01 3.125000000000000000e-01 1.312500000000000000e+00 0.000000000000000000e+00
-1.000000014901161194e-01 -4.900000095367431641e-01 9.359999656677246094e+00 -1.600000000000000000e+01 -3.325000000000000000e+01 -1.068750000000000000e+01 6.250000000000000000e-02 1.125000000000000000e+00 1.250000000000000000e-01
-1.099999994039535522e-01 -4.600000083446502686e-01 9.380000114440917969e+00 -1.600000000000000000e+01 -3.325000000000000000e+01 -1.068750000000000000e+01 -1.250000000000000000e-01 1.187500000000000000e+00 6.250000000000000000e-02
-1.400000005960464478e-01 -4.600000083446502686e-01 9.399999618530273438e+00 -1.600000000000000000e+01 -3.325000000000000000e+01 -1.068750000000000000e+01 -3.125000000000000000e-01 8.750000000000000000e-01 -6.250000000000000000e-02
-1.599999964237213135e-01 -4.799999892711639404e-01 9.449999809265136719e+00 -1.637500000000000000e+01 -3.218750000000000000e+01 -9.500000000000000000e+00 -3.125000000000000000e-01 3.750000000000000000e-01 -1.250000000000000000e-01
-1.599999964237213135e-01 -5.000000000000000000e-01 9.460000038146972656e+00 -1.637500000000000000e+01 -3.218750000000000000e+01 -9.500000000000000000e+00 6.250000000000000000e-02 3.125000000000000000e-01 -6.250000000000000000e-02
-1.299999952316284180e-01 -4.399999976158142090e-01 9.390000343322753906e+00 -1.637500000000000000e+01 -3.218750000000000000e+01 -9.500000000000000000e+00 4.375000000000000000e-01 3.750000000000000000e-01 -3.125000000000000000e-01
-1.199999973177909851e-01 -4.600000083446502686e-01 9.369999885559082031e+00 -1.637500000000000000e+01 -3.218750000000000000e+01 -9.500000000000000000e+00 8.750000000000000000e-01 3.750000000000000000e-01 -3.125000000000000000e-01
-1.099999994039535522e-01 -4.499999880790710449e-01 9.340000152587890625e+00 -1.637500000000000000e+01 -3.218750000000000000e+01 -9.500000000000000000e+00 1.437500000000000000e+00 1.875000000000000000e-01 -3.125000000000000000e-01
-1.299999952316284180e-01 -3.899999856948852539e-01 9.350000381469726562e+00 -1.525000000000000000e+01 -3.300000000000000000e+01 -9.062500000000000000e+00 2.250000000000000000e+00 3.125000000000000000e-01 -4.375000000000000000e-01
-1.000000014901161194e-01 -3.700000047683715820e-01 9.390000343322753906e+00 -1.525000000000000000e+01 -3.300000000000000000e+01 -9.062500000000000000e+00 2.875000000000000000e+00 2.500000000000000000e-01 -1.250000000000000000e-01
-7.999999821186065674e-02 -3.400000035762786865e-01 9.359999656677246094e+00 -1.525000000000000000e+01 -3.300000000000000000e+01 -9.062500000000000000e+00 3.062500000000000000e+00 5.000000000000000000e-01 -3.125000000000000000e-01
-9.000000357627868652e-02 -3.100000023841857910e-01 9.409999847412109375e+00 -1.525000000000000000e+01 -3.300000000000000000e+01 -9.062500000000000000e+00 2.875000000000000000e+00 6.875000000000000000e-01 -3.125000000000000000e-01
-1.099999994039535522e-01 -3.199999928474426270e-01 9.369999885559082031e+00 -1.525000000000000000e+01 -3.300000000000000000e+01 -9.062500000000000000e+00 2.062500000000000000e+00 1.062500000000000000e+00 -6.250000000000000000e-02
-1.099999994039535522e-01 -2.899999916553497314e-01 9.390000343322753906e+00 -1.525000000000000000e+01 -3.218750000000000000e+01 -9.500000000000000000e+00 1.375000000000000000e+00 1.250000000000000000e+00 0.000000000000000000e+00
-1.199999973177909851e-01 -3.000000119209289551e-01 9.430000305175781250e+00 -1.525000000000000000e+01 -3.218750000000000000e+01 -9.500000000000000000e+00 7.500000000000000000e-01 1.625000000000000000e+00 1.250000000000000000e-01
-1.099999994039535522e-01 -3.400000035762786865e-01 9.390000343322753906e+00 -1.525000000000000000e+01 -3.218750000000000000e+01 -9.500000000000000000e+00 3.125000000000000000e-01 1.687500000000000000e+00 2.500000000000000000e-01
-1.199999973177909851e-01 -3.300000131130218506e-01 9.420000076293945312e+00 -1.525000000000000000e+01 -3.218750000000000000e+01 -9.500000000000000000e+00 -4.375000000000000000e-01 1.687500000000000000e+00 2.500000000000000000e-01
-1.299999952316284180e-01 -3.300000131130218506e-01 9.420000076293945312e+00 -1.525000000000000000e+01 -3.218750000000000000e+01 -9.500000000000000000e+00 -1.187500000000000000e+00 1.625000000000000000e+00 3.125000000000000000e-01
-1.599999964237213135e-01 -3.400000035762786865e-01 9.399999618530273438e+00 -1.600000000000000000e+01 -3.256250000000000000e+01 -9.875000000000000000e+00 -1.812500000000000000e+00 1.375000000000000000e+00 5.625000000000000000e-01
-1.800000071525573730e-01 -3.400000035762786865e-01 9.409999847412109375e+00 -1.600000000000000000e+01 -3.256250000000000000e+01 -9.875000000000000000e+00 -1.750000000000000000e+00 1.125000000000000000e+00 5.625000000000000000e-01
-1.800000071525573730e-01 -4.000000059604644775e-01 9.430000305175781250e+00 -1.600000000000000000e+01 -3.256250000000000000e+01 -9.875000000000000000e+00 -1.562500000000000000e+00 6.875000000000000000e-01 5.625000000000000000e-01
-2.199999988079071045e-01 -4.499999880790710449e-01 9.449999809265136719e+00 -1.600000000000000000e+01 -3.256250000000000000e+01 -9.875000000000000000e+00 -7.500000000000000000e-01 1.250000000000000000e-01 3.125000000000000000e-01
-2.199999988079071045e-01 -4.399999976158142090e-01 9.470000267028808594e+00 -1.600000000000000000e+01 -3.256250000000000000e+01 -9.875000000000000000e+00 5.000000000000000000e-01 -6.250000000000000000e-01 3.750000000000000000e-01
-1.500000059604644775e-01 -4.699999988079071045e-01 9.479999542236328125e+00 -1.556250000000000000e+01 -3.368750000000000000e+01 -9.500000000000000000e+00 1.750000000000000000e+00 -1.125000000000000000e+00 0.000000000000000000e+00
-1.599999964237213135e-01 -4.799999892711639404e-01 9.510000228881835938e+00 -1.556250000000000000e+01 -3.368750000000000000e+01 -9.500000000000000000e+00 2.437500000000000000e+00 -1.687500000000000000e+00 -1.875000000000000000e-01
-1.199999973177909851e-01 -4.099999964237213135e-01 9.550000190734863281e+00 -1.556250000000000000e+01 -3.368750000000000000e+01 -9.500000000000000000e+00 2.625000000000000000e+00 -2.187500000000000000e+00 -3.750000000000000000e-01
-1.299999952316284180e-01 -3.600000143051147461e-01 9.569999694824218750e+00 -1.556250000000000000e+01 -3.368750000000000000e+01 -9.500000000000000000e+00 1.250000000000000000e+00 -4.000000000000000000e+00 -5.000000000000000000e-01
-1.400000005960464478e-01 -1.199999973177909851e-01 9.659999847412109375e+00 -1.556250000000000000e+01 -3.368750000000000000e+01 -9.500000000000000000e+00 -1.500000000000000000e+00 -6.062500000000000000e+00 -3.125000000000000000e-01
-1.299999952316284180e-01 -2.000000029802322388e-01 9.840000152587890625e+00 -1.600000000000000000e+01 -3.256250000000000000e+01 -8.562500000000000000e+00 -5.625000000000000000e+00 -9.687500000000000000e+00 6.875000000000000000e-01
-1.299999952316284180e-01 -2.399999946355819702e-01 9.890000343322753906e+00 -1.600000000000000000e+01 -3.256250000000000000e+01 -8.562500000000000000e+00 -9.000000000000000000e+00 -1.500000000000000000e+01 1.750000000000000000e+00
-1.800000071525573730e-01 -3.300000131130218506e-01 9.880000114440917969e+00 -1.600000000000000000e+01 -3.256250000000000000e+01 -8.562500000000000000e+00 -1.043750000000000000e+01 -2.112500000000000000e+01 2.812500000000000000e+00
-2.099999934434890747e-01 -2.899999916553497314e-01 1.021000003814697266e+01 -1.600000000000000000e+01 -3.256250000000000000e+01 -8.562500000000000000e+00 -1.081250000000000000e+01 -2.875000000000000000e+01 4.187500000000000000e+00
-2.599999904632568359e-01 -2.899999916553497314e-01 1.031000041961669922e+01 -1.600000000000000000e+01 -3.256250000000000000e+01 -8.562500000000000000e+00 -1.075000000000000000e+01 -3.756250000000000000e+01 6.437500000000000000e+00
-4.300000071525573730e-01 -1.500000059604644775e-01 1.077999973297119141e+01 -1.675000000000000000e+01 -3.175000000000000000e+01 -9.062500000000000000e+00 -9.312500000000000000e+00 -4.968750000000000000e+01 9.625000000000000000e+00
-5.000000000000000000e-01 2.000000029802322388e-01 1.261999988555908203e+01 -1.675000000000000000e+01 -3.175000000000000000e+01 -9.062500000000000000e+00 -7.750000000000000000e+00 -6.706250000000000000e+01 1.481250000000000000e+01
-5.600000023841857910e-01 5.500000119209289551e-01 1.356000041961669922e+01 -1.675000000000000000e+01 -3.175000000000000000e+01 -9.062500000000000000e+00 -8.812500000000000000e+00 -9.231250000000000000e+01 2.281250000000000000e+01
-7.599999904632568359e-01 8.199999928474426270e-01 1.423999977111816406e+01 -1.675000000000000000e+01 -3.175000000000000000e+01 -9.062500000000000000e+00 -9.750000000000000000e+00 -1.256250000000000000e+02 3.268750000000000000e+01
-8.999999761581420898e-01 5.199999809265136719e-01 1.423999977111816406e+01 -1.675000000000000000e+01 -3.175000000000000000e+01 -9.062500000000000000e+00 -8.687500000000000000e+00 -1.654375000000000000e+02 4.406250000000000000e+01
-1.429999947547912598e+00 -9.300000071525573730e-01 1.264999961853027344e+01 -1.600000000000000000e+01 -3.325000000000000000e+01 -9.062500000000000000e+00 -6.875000000000000000e-01 -2.009375000000000000e+02 4.937500000000000000e+01
-1.320000052452087402e+00 -2.019999980926513672e+00 1.235999965667724609e+01 -1.600000000000000000e+01 -3.325000000000000000e+01 -9.062500000000000000e+00 1.012500000000000000e+01 -2.229375000000000000e+02 4.687500000000000000e+01
-1.120000004768371582e+00 -1.980000019073486328e+00 1.186999988555908203e+01 -1.600000000000000000e+01 -3.325000000000000000e+01 -9.062500000000000000e+00 1.462500000000000000e+01 -2.343125000000000000e+02 3.643750000000000000e+01
-8.399999737739562988e-01 -1.519999980926513672e+00 1.147999954223632812e+01 -1.600000000000000000e+01 -3.325000000000000000e+01 -9.062500000000000000e+00 1.600000000000000000e+01 -2.466875000000000000e+02 2.693750000000000000e+01
6.899999976158142090e-01 -8.700000047683715820e-01 1.056000041961669922e+01 -1.600000000000000000e+01 -3.325000000000000000e+01 -9.062500000000000000e+00 1.687500000000000000e+01 -2.577500000000000000e+02 1.968750000000000000e+01
2.089999914169311523e+00 -3.300000131130218506e-01 9.760000228881835938e+00 -2.068750000000000000e+01 -3.625000000000000000e+01 -1.006250000000000000e+01 1.668750000000000000e+01 -2.565000000000000000e+02 1.550000000000000000e+01
2.579999923706054688e+00 5.600000023841857910e-01 9.729999542236328125e+00 -2.068750000000000000e+01 -3.625000000000000000e+01 -1.006250000000000000e+01 1.550000000000000000e+01 -2.433750000000000000e+02 1.387500000000000000e+01
4.059999942779541016e+00 2.289999961853027344e+00 7.550000190734863281e+00 -2.068750000000000000e+01 -3.625000000000000000e+01 -1.006250000000000000e+01 1.368750000000000000e+01 -2.240625000000000000e+02 1.937500000000000000e+01
4.460000038146972656e+00 2.490000009536743164e+00 6.789999961853027344e+00 -2.068750000000000000e+01 -3.625000000000000000e+01 -1.006250000000000000e+01 1.756250000000000000e+01 -1.956250000000000000e+02 2.737500000000000000e+01
6.039999961853027344e+00 1.129999995231628418e+00 6.440000057220458984e+00 -2.068750000000000000e+01 -3.625000000000000000e+01 -1.006250000000000000e+01 3.056250000000000000e+01 -1.686250000000000000e+02 3.193750000000000000e+01
6.699999809265136719e+00 4.199999868869781494e-01 7.170000076293945312e+00 -1.975000000000000000e+01 -4.250000000000000000e+01 -9.375000000000000000e+00 3.943750000000000000e+01 -1.548125000000000000e+02 3.400000000000000000e+01
5.400000095367431641e+00 -1.259999990463256836e+00 6.449999809265136719e+00 -1.975000000000000000e+01 -4.250000000000000000e+01 -9.375000000000000000e+00 3.943750000000000000e+01 -1.548125000000000000e+02 3.400000000000000000e+01
5.420000076293945312e+00 -1.350000023841857910e+00 4.809999942779541016e+00 -1.975000000000000000e+01 -4.250000000000000000e+01 -9.375000000000000000e+00 8.687500000000000000e+00 -1.466875000000000000e+02 3.718750000000000000e+01
5.110000133514404297e+00 -1.620000004768371582e+00 3.150000095367431641e+00 -1.975000000000000000e+01 -4.250000000000000000e+01 -9.375000000000000000e+00 -1.875000000000000000e+00 -1.334375000000000000e+02 3.218750000000000000e+01
4.590000152587890625e+00 -2.019999980926513672e+00 1.850000023841857910e+00 -1.975000000000000000e+01 -4.250000000000000000e+01 -9.375000000000000000e+00 -1.875000000000000000e+00 -1.334375000000000000e+02 3.218750000000000000e+01
4.900000095367431641e+00 -2.609999895095825195e+00 9.300000071525573730e-01 -1.600000000000000000e+01 -4.787500000000000000e+01 -1.556250000000000000e+01 9.937500000000000000e+00 -8.262500000000000000e+01 1.618750000000000000e+01
4.800000190734863281e+00 -2.819999933242797852e+00 1.389999985694885254e+00 -1.600000000000000000e+01 -4.787500000000000000e+01 -1.556250000000000000e+01 9.937500000000000000e+00 -8.262500000000000000e+01 1.618750000000000000e+01
4.940000057220458984e+00 -2.619999885559082031e+00 2.119999885559082031e+00 -1.600000000000000000e+01 -4.787500000000000000e+01 -1.556250000000000000e+01 1.581250000000000000e+01 -5.487500000000000000e+01 6.500000000000000000e+00
4.829999923706054688e+00 -2.160000085830688477e+00 3.299999952316284180e+00 -1.600000000000000000e+01 -4.787500000000000000e+01 -1.556250000000000000e+01 1.300000000000000000e+01 -9.937500000000000000e+00 -7.687500000000000000e+00
5.059999942779541016e+00 -2.089999914169311523e+00 3.569999933242797852e+00 -1.600000000000000000e+01 -4.787500000000000000e+01 -1.556250000000000000e+01 1.018750000000000000e+01 7.562500000000000000e+00 -1.331250000000000000e+01
5.260000228881835938e+00 -1.779999971389770508e+00 3.839999914169311523e+00 -1.206250000000000000e+01 -4.668750000000000000e+01 -2.025000000000000000e+01 1.218750000000000000e+01 2.356250000000000000e+01 -2.112500000000000000e+01
5.309999942779541016e+00 -1.450000047683715820e+00 4.460000038146972656e+00 -1.206250000000000000e+01 -4.668750000000000000e+01 -2.025000000000000000e+01 1.218750000000000000e+01 2.356250000000000000e+01 -2.112500000000000000e+01
5.440000057220458984e+00 -7.300000190734863281e-01 6.050000190734863281e+00 -1.206250000000000000e+01 -4.668750000000000000e+01 -2.025000000000000000e+01 3.068750000000000000e+01 5.000000000000000000e+01 -3.387500000000000000e+01
5.340000152587890625e+00 -7.200000286102294922e-01 6.480000019073486328e+00 -1.206250000000000000e+01 -4.668750000000000000e+01 -2.025000000000000000e+01 3.587500000000000000e+01 5.787500000000000000e+01 -3.731250000000000000e+01
5.210000038146972656e+00 -6.700000166893005371e-01 6.690000057220458984e+00 -1.206250000000000000e+01 -4.668750000000000000e+01 -2.025000000000000000e+01 3.675000000000000000e+01 6.493750000000000000e+01 -4.018750000000000000e+01
5.039999961853027344e+00 -5.899999737739562988e-01 6.530000209808349609e+00 -4.687500000000000000e+00 -4.800000000000000000e+01 -1.850000000000000000e+01 3.587500000000000000e+01 7.268750000000000000e+01 -4.268750000000000000e+01
4.480000019073486328e+00 -2.399999946355819702e-01 5.369999885559082031e+00 -4.687500000000000000e+00 -4.800000000000000000e+01 -1.850000000000000000e+01 3.587500000000000000e+01 7.268750000000000000e+01 -4.268750000000000000e+01
4.050000190734863281e+00 -1.899999976158142090e-01 4.420000076293945312e+00 -4.687500000000000000e+00 -4.800000000000000000e+01 -1.850000000000000000e+01 3.600000000000000000e+01 8.537500000000000000e+01 -4.518750000000000000e+01
3.619999885559082031e+00 -2.199999988079071045e-01 3.240000009536743164e+00 -4.687500000000000000e+00 -4.800000000000000000e+01 -1.850000000000000000e+01 3.581250000000000000e+01 1.026875000000000000e+02 -4.687500000000000000e+01
3.849999904632568359e+00 5.400000214576721191e-01 1.789999961853027344e+00 -4.687500000000000000e+00 -4.800000000000000000e+01 -1.850000000000000000e+01 2.831250000000000000e+01 1.570625000000000000e+02 -4.900000000000000000e+01
3.789999961853027344e+00 8.000000119209289551e-01 2.230000019073486328e+00 7.500000000000000000e-01 -4.887500000000000000e+01 -1.368750000000000000e+01 7.125000000000000000e+00 1.970000000000000000e+02 -4.587500000000000000e+01
3.380000114440917969e+00 1.190000057220458984e+00 2.720000028610229492e+00 7.500000000000000000e-01 -4.887500000000000000e+01 -1.368750000000000000e+01 7.125000000000000000e+00 1.970000000000000000e+02 -4.587500000000000000e+01
3.609999895095825195e+00 9.499999880790710449e-01 3.390000104904174805e+00 7.500000000000000000e-01 -4.887500000000000000e+01 -1.368750000000000000e+01 -2.831250000000000000e+01 2.382500000000000000e+02 -3.931250000000000000e+01
1.570000052452087402e+00 3.059999942779541016e+00 7.139999866485595703e+00 7.500000000000000000e-01 -4.887500000000000000e+01 -1.368750000000000000e+01 -6.281250000000000000e+01 2.828750000000000000e+02 -3.293750000000000000e+01
1.629999995231628418e+00 4.000000000000000000e+00 1.039999961853027344e+01 7.500000000000000000e-01 -4.887500000000000000e+01 -1.368750000000000000e+01 -1.314375000000000000e+02 3.529375000000000000e+02 -7.125000000000000000e+00
1.389999985694885254e+00 3.589999914169311523e+00 1.485000038146972656e+01 6.375000000000000000e+00 -4.550000000000000000e+01 -1.100000000000000000e+01 -1.516250000000000000e+02 3.561250000000000000e+02 1.581250000000000000e+01
4.799999892711639404e-01 1.659999966621398926e+00 1.911000061035156250e+01 6.375000000000000000e+00 -4.550000000000000000e+01 -1.100000000000000000e+01 -1.516250000000000000e+02 3.561250000000000000e+02 1.581250000000000000e+01
7.999999821186065674e-02 -3.079999923706054688e+00 2.309000015258789062e+01 6.375000000000000000e+00 -4.550000000000000000e+01 -1.100000000000000000e+01 -1.543125000000000000e+02 3.205000000000000000e+02 2.781250000000000000e+01
2.999999932944774628e-02 -3.170000076293945312e+00 2.092000007629394531e+01 6.375000000000000000e+00 -4.550000000000000000e+01 -1.100000000000000000e+01 -1.300000000000000000e+02 2.531875000000000000e+02 2.375000000000000000e+01
-1.299999952316284180e-01 -3.150000095367431641e+00 1.568000030517578125e+01 6.375000000000000000e+00 -4.550000000000000000e+01 -1.100000000000000000e+01 -3.662500000000000000e+01 1.141250000000000000e+02 -6.812500000000000000e+00
-1.029999971389770508e+00 -2.299999952316284180e+00 8.699999809265136719e+00 7.875000000000000000e+00 -3.575000000000000000e+01 -1.725000000000000000e+01 -9.500000000000000000e+00 9.656250000000000000e+01 -1.168750000000000000e+01
-1.389999985694885254e+00 -1.879999995231628418e+00 8.590000152587890625e+00 7.875000000000000000e+00 -3.575000000000000000e+01 -1.725000000000000000e+01 -9.500000000000000000e+00 9.656250000000000000e+01 -1.168750000000000000e+01
-1.379999995231628418e+00 -1.679999947547912598e+00 9.279999732971191406e+00 7.875000000000000000e+00 -3.575000000000000000e+01 -1.725000000000000000e+01 1.812500000000000000e+00 9.812500000000000000e+01 -1.468750000000000000e+01
-1.090000033378601074e+00 -1.429999947547912598e+00 1.003999996185302734e+01 7.875000000000000000e+00 -3.575000000000000000e+01 -1.725000000000000000e+01 1.487500000000000000e+01 8.437500000000000000e+01 -1.343750000000000000e+01
-9.499999880790710449e-01 -1.009999990463256836e+00 1.032999992370605469e+01 7.875000000000000000e+00 -3.575000000000000000e+01 -1.725000000000000000e+01 1.487500000000000000e+01 8.437500000000000000e+01 -1.343750000000000000e+01
-8.399999737739562988e-01 -1.009999990463256836e+00 1.003999996185302734e+01 1.018750000000000000e+01 -3.275000000000000000e+01 -1.987500000000000000e+01 3.675000000000000000e+01 5.387500000000000000e+01 -1.037500000000000000e+01
-7.699999809265136719e-01 -1.080000042915344238e+00 9.720000267028808594e+00 1.018750000000000000e+01 -3.275000000000000000e+01 -1.987500000000000000e+01 3.675000000000000000e+01 5.387500000000000000e+01 -1.037500000000000000e+01
-8.299999833106994629e-01 -1.009999990463256836e+00 9.390000343322753906e+00 1.018750000000000000e+01 -3.275000000000000000e+01 -1.987500000000000000e+01 4.318750000000000000e+01 4.118750000000000000e+01 -1.018750000000000000e+01
-8.999999761581420898e-01 -5.799999833106994629e-01 9.229999542236328125e+00 1.018750000000000000e+01 -3.275000000000000000e+01 -1.987500000000000000e+01 4.531250000000000000e+01 3.100000000000000000e+01 -1.031250000000000000e+01
-1.009999990463256836e+00 -4.099999964237213135e-01 9.359999656677246094e+00 1.018750000000000000e+01 -3.275000000000000000e+01 -1.987500000000000000e+01 4.225000000000000000e+01 2.381250000000000000e+01 -8.812500000000000000e+00
