7.000000029802322388e-02 1.899999976158142090e-01 9.520000457763671875e+00 1.868750000000000000e+01 -7.387500000000000000e+01 -8.000000000000000000e+00 -1.437500000000000000e+00 -2.875000000000000000e+00 8.125000000000000000e-01
7.999999821186065674e-02 1.099999994039535522e-01 9.670000076293945312e+00 1.868750000000000000e+01 -7.387500000000000000e+01 -8.000000000000000000e+00 -1.750000000000000000e+00 -4.812500000000000000e+00 7.500000000000000000e-01
1.000000014901161194e-01 7.000000029802322388e-02 9.850000381469726562e+00 1.868750000000000000e+01 -7.387500000000000000e+01 -8.000000000000000000e+00 -2.375000000000000000e+00 -9.687500000000000000e+00 1.125000000000000000e+00
1.099999994039535522e-01 2.700000107288360596e-01 1.028999996185302734e+01 1.868750000000000000e+01 -7.387500000000000000e+01 -8.000000000000000000e+00 -2.375000000000000000e+00 -9.687500000000000000e+00 1.125000000000000000e+00
5.000000074505805969e-02 2.599999904632568359e-01 1.051000022888183594e+01 1.800000000000000000e+01 -7.387500000000000000e+01 -8.375000000000000000e+00 -4.312500000000000000e+00 -1.800000000000000000e+01 2.062500000000000000e+00
-5.000000074505805969e-02 5.699999928474426270e-01 1.064000034332275391e+01 1.800000000000000000e+01 -7.387500000000000000e+01 -8.375000000000000000e+00 -1.056250000000000000e+01 -4.256250000000000000e+01 6.875000000000000000e+00
-5.000000074505805969e-02 8.199999928474426270e-01 1.068000030517578125e+01 1.800000000000000000e+01 -7.387500000000000000e+01 -8.375000000000000000e+00 -1.356250000000000000e+01 -5.587500000000000000e+01 1.275000000000000000e+01
-7.999999821186065674e-02 7.200000286102294922e-01 1.093999958038330078e+01 1.800000000000000000e+01 -7.387500000000000000e+01 -8.375000000000000000e+00 -1.462500000000000000e+01 -6.987500000000000000e+01 1.856250000000000000e+01
-2.500000000000000000e-01 4.499999880790710449e-01 1.105000019073486328e+01 1.800000000000000000e+01 -7.387500000000000000e+01 -8.375000000000000000e+00 -1.462500000000000000e+01 -6.987500000000000000e+01 1.856250000000000000e+01
-4.600000083446502686e-01 -1.999999955296516418e-02 1.143999958038330078e+01 1.868750000000000000e+01 -7.387500000000000000e+01 -6.375000000000000000e+00 -1.212500000000000000e+01 -8.581250000000000000e+01 2.343750000000000000e+01
-5.000000000000000000e-01 -4.199999868869781494e-01 1.325000000000000000e+01 1.868750000000000000e+01 -7.387500000000000000e+01 -6.375000000000000000e+00 -1.312500000000000000e+00 -1.271875000000000000e+02 2.343750000000000000e+01
-5.199999809265136719e-01 -3.700000047683715820e-01 1.385000038146972656e+01 1.868750000000000000e+01 -7.387500000000000000e+01 -6.375000000000000000e+00 3.125000000000000000e+00 -1.522500000000000000e+02 2.081250000000000000e+01
-1.800000071525573730e-01 -3.999999910593032837e-02 1.435999965667724609e+01 1.868750000000000000e+01 -7.387500000000000000e+01 -6.375000000000000000e+00 4.625000000000000000e+00 -1.828125000000000000e+02 2.018750000000000000e+01
-4.900000095367431641e-01 -1.899999976158142090e-01 1.422999954223632812e+01 1.868750000000000000e+01 -7.387500000000000000e+01 -6.375000000000000000e+00 4.625000000000000000e+00 -1.828125000000000000e+02 2.018750000000000000e+01
8.299999833106994629e-01 4.099999964237213135e-01 1.435999965667724609e+01 1.650000000000000000e+01 -7.606250000000000000e+01 -8.000000000000000000e+00 0.000000000000000000e+00 -2.075000000000000000e+02 1.687500000000000000e+01
1.549999952316284180e+00 1.460000038146972656e+00 1.397000026702880859e+01 1.650000000000000000e+01 -7.606250000000000000e+01 -8.000000000000000000e+00 -2.337500000000000000e+01 -2.456250000000000000e+02 1.656250000000000000e+01
1.909999966621398926e+00 2.470000028610229492e+00 1.310000038146972656e+01 1.650000000000000000e+01 -7.606250000000000000e+01 -8.000000000000000000e+00 -3.025000000000000000e+01 -2.569375000000000000e+02 2.656250000000000000e+01
2.140000104904174805e+00 3.170000076293945312e+00 1.005000019073486328e+01 1.650000000000000000e+01 -7.606250000000000000e+01 -8.000000000000000000e+00 -2.662500000000000000e+01 -2.538125000000000000e+02 4.018750000000000000e+01
2.990000009536743164e+00 2.480000019073486328e+00 9.130000114440917969e+00 1.650000000000000000e+01 -7.606250000000000000e+01 -8.000000000000000000e+00 -2.662500000000000000e+01 -2.538125000000000000e+02 4.018750000000000000e+01
3.829999923706054688e+00 1.220000028610229492e+00 8.770000457763671875e+00 1.575000000000000000e+01 -8.118750000000000000e+01 -6.750000000000000000e+00 -2.581250000000000000e+01 -2.350000000000000000e+02 4.937500000000000000e+01
4.300000190734863281e+00 -1.500000059604644775e-01 8.779999732971191406e+00 1.575000000000000000e+01 -8.118750000000000000e+01 -6.750000000000000000e+00 -3.012500000000000000e+01 -2.032500000000000000e+02 4.437500000000000000e+01
4.250000000000000000e+00 -3.300000131130218506e-01 6.920000076293945312e+00 1.575000000000000000e+01 -8.118750000000000000e+01 -6.750000000000000000e+00 -3.325000000000000000e+01 -2.016250000000000000e+02 4.131250000000000000e+01
4.489999771118164062e+00 -5.000000074505805969e-02 5.489999771118164062e+00 1.575000000000000000e+01 -8.118750000000000000e+01 -6.750000000000000000e+00 -3.300000000000000000e+01 -1.897500000000000000e+02 4.250000000000000000e+01
4.170000076293945312e+00 -2.199999988079071045e-01 3.940000057220458984e+00 1.575000000000000000e+01 -8.118750000000000000e+01 -6.750000000000000000e+00 -3.300000000000000000e+01 -1.897500000000000000e+02 4.250000000000000000e+01
3.730000019073486328e+00 -9.100000262260437012e-01 2.460000038146972656e+00 1.268750000000000000e+01 -9.156250000000000000e+01 -1.487500000000000000e+01 -2.750000000000000000e+01 -1.709375000000000000e+02 4.118750000000000000e+01
4.360000133514404297e+00 -1.850000023841857910e+00 1.470000028610229492e+00 1.268750000000000000e+01 -9.156250000000000000e+01 -1.487500000000000000e+01 -6.000000000000000000e+00 -1.233125000000000000e+02 2.862500000000000000e+01
4.570000171661376953e+00 -2.190000057220458984e+00 1.940000057220458984e+00 1.268750000000000000e+01 -9.156250000000000000e+01 -1.487500000000000000e+01 -3.375000000000000000e+00 -1.008750000000000000e+02 2.306250000000000000e+01
4.750000000000000000e+00 -2.079999923706054688e+00 2.119999885559082031e+00 1.268750000000000000e+01 -9.156250000000000000e+01 -1.487500000000000000e+01 -5.437500000000000000e+00 -8.218750000000000000e+01 1.906250000000000000e+01
4.739999771118164062e+00 -1.820000052452087402e+00 1.929999947547912598e+00 1.268750000000000000e+01 -9.156250000000000000e+01 -1.487500000000000000e+01 -5.437500000000000000e+00 -8.218750000000000000e+01 1.906250000000000000e+01
4.710000038146972656e+00 -1.830000042915344238e+00 1.840000033378601074e+00 5.500000000000000000e+00 -9.406250000000000000e+01 -2.706250000000000000e+01 -5.312500000000000000e+00 -6.325000000000000000e+01 1.631250000000000000e+01
4.989999771118164062e+00 -1.970000028610229492e+00 2.019999980926513672e+00 5.500000000000000000e+00 -9.406250000000000000e+01 -2.706250000000000000e+01 -8.750000000000000000e-01 -1.943750000000000000e+01 1.093750000000000000e+01
5.329999923706054688e+00 -2.170000076293945312e+00 2.420000076293945312e+00 5.500000000000000000e+00 -9.406250000000000000e+01 -2.706250000000000000e+01 1.250000000000000000e+00 -1.125000000000000000e+00 4.750000000000000000e+00
5.760000228881835938e+00 -1.509999990463256836e+00 4.090000152587890625e+00 5.500000000000000000e+00 -9.406250000000000000e+01 -2.706250000000000000e+01 2.687500000000000000e+00 1.375000000000000000e+01 -1.000000000000000000e+00
5.949999809265136719e+00 -1.129999995231628418e+00 4.800000190734863281e+00 5.500000000000000000e+00 -9.406250000000000000e+01 -2.706250000000000000e+01 2.687500000000000000e+00 1.375000000000000000e+01 -1.000000000000000000e+00
6.079999923706054688e+00 -8.899999856948852539e-01 5.340000152587890625e+00 1.062500000000000000e+00 -8.937500000000000000e+01 -2.975000000000000000e+01 5.000000000000000000e+00 2.625000000000000000e+01 -3.750000000000000000e+00
6.059999942779541016e+00 -9.700000286102294922e-01 5.550000190734863281e+00 1.062500000000000000e+00 -8.937500000000000000e+01 -2.975000000000000000e+01 1.956250000000000000e+01 4.837500000000000000e+01 -5.875000000000000000e+00
5.789999961853027344e+00 -1.259999990463256836e+00 5.610000133514404297e+00 1.062500000000000000e+00 -8.937500000000000000e+01 -2.975000000000000000e+01 2.950000000000000000e+01 5.737500000000000000e+01 -8.312500000000000000e+00
5.460000038146972656e+00 -1.600000023841857910e+00 5.409999847412109375e+00 1.062500000000000000e+00 -8.937500000000000000e+01 -2.975000000000000000e+01 3.656250000000000000e+01 6.925000000000000000e+01 -1.287500000000000000e+01
5.429999828338623047e+00 -1.909999966621398926e+00 5.429999828338623047e+00 1.062500000000000000e+00 -8.937500000000000000e+01 -2.975000000000000000e+01 3.656250000000000000e+01 6.925000000000000000e+01 -1.287500000000000000e+01
4.940000057220458984e+00 -1.730000019073486328e+00 6.079999923706054688e+00 3.875000000000000000e+00 -8.925000000000000000e+01 -2.850000000000000000e+01 3.812500000000000000e+01 8.268750000000000000e+01 -1.975000000000000000e+01
4.360000133514404297e+00 -1.350000023841857910e+00 6.159999847412109375e+00 3.875000000000000000e+00 -8.925000000000000000e+01 -2.850000000000000000e+01 2.881250000000000000e+01 1.051250000000000000e+02 -2.987500000000000000e+01
4.139999866485595703e+00 -1.049999952316284180e+00 6.099999904632568359e+00 3.875000000000000000e+00 -8.925000000000000000e+01 -2.850000000000000000e+01 2.287500000000000000e+01 1.165625000000000000e+02 -3.231250000000000000e+01
3.779999971389770508e+00 -8.799999952316284180e-01 5.650000095367431641e+00 3.875000000000000000e+00 -8.925000000000000000e+01 -2.850000000000000000e+01 1.837500000000000000e+01 1.311875000000000000e+02 -3.512500000000000000e+01
2.710000038146972656e+00 -1.049999952316284180e+00 3.450000047683715820e+00 3.875000000000000000e+00 -8.925000000000000000e+01 -2.850000000000000000e+01 1.837500000000000000e+01 1.311875000000000000e+02 -3.512500000000000000e+01
2.390000104904174805e+00 -1.590000033378601074e+00 2.059999942779541016e+00 7.500000000000000000e+00 -9.037500000000000000e+01 -2.187500000000000000e+01 1.487500000000000000e+01 1.535000000000000000e+02 -3.918750000000000000e+01
1.980000019073486328e+00 -1.730000019073486328e+00 1.159999966621398926e+00 7.500000000000000000e+00 -9.037500000000000000e+01 -2.187500000000000000e+01 2.150000000000000000e+01 2.200625000000000000e+02 -5.606250000000000000e+01
1.620000004768371582e+00 -1.559999942779541016e+00 5.899999737739562988e-01 7.500000000000000000e+00 -9.037500000000000000e+01 -2.187500000000000000e+01 2.487500000000000000e+01 2.561875000000000000e+02 -6.187500000000000000e+01
1.850000023841857910e+00 -4.900000095367431641e-01 1.259999990463256836e+00 7.500000000000000000e+00 -9.037500000000000000e+01 -2.187500000000000000e+01 1.875000000000000000e+01 2.976250000000000000e+02 -6.206250000000000000e+01
4.380000114440917969e+00 8.799999952316284180e-01 5.099999904632568359e+00 7.500000000000000000e+00 -9.037500000000000000e+01 -2.187500000000000000e+01 1.875000000000000000e+01 2.976250000000000000e+02 -6.206250000000000000e+01
3.339999914169311523e+00 1.750000000000000000e+00 8.229999542236328125e+00 1.387500000000000000e+01 -8.968750000000000000e+01 -1.587500000000000000e+01 -2.681250000000000000e+01 3.510625000000000000e+02 -5.381250000000000000e+01
3.499999940395355225e-01 3.859999895095825195e+00 1.596000003814697266e+01 1.387500000000000000e+01 -8.968750000000000000e+01 -1.587500000000000000e+01 -1.436875000000000000e+02 3.881875000000000000e+02 -2.268750000000000000e+01
-1.090000033378601074e+00 4.739999771118164062e+00 2.263999938964843750e+01 1.387500000000000000e+01 -8.968750000000000000e+01 -1.587500000000000000e+01 -1.300000000000000000e+02 3.273750000000000000e+02 7.187500000000000000e+00
-1.190000057220458984e+00 1.210000038146972656e+00 3.647000122070312500e+01 1.387500000000000000e+01 -8.968750000000000000e+01 -1.587500000000000000e+01 -6.043750000000000000e+01 1.775000000000000000e+02 1.631250000000000000e+01
-2.399999946355819702e-01 -1.159999966621398926e+00 3.162999916076660156e+01 1.387500000000000000e+01 -8.968750000000000000e+01 -1.587500000000000000e+01 -6.043750000000000000e+01 1.775000000000000000e+02 1.631250000000000000e+01
4.000000059604644775e-01 -2.240000009536743164e+00 1.277000045776367188e+01 2.087500000000000000e+01 -7.818750000000000000e+01 -1.225000000000000000e+01 -8.875000000000000000e+00 5.937500000000000000e+01 3.500000000000000000e+00
3.000000119209289551e-01 -1.929999947547912598e+00 6.949999809265136719e+00 2.087500000000000000e+01 -7.818750000000000000e+01 -1.225000000000000000e+01 1.437500000000000000e+00 3.431250000000000000e+01 -8.250000000000000000e+00
-1.999999955296516418e-02 -2.230000019073486328e+00 4.260000228881835938e+00 2.087500000000000000e+01 -7.818750000000000000e+01 -1.225000000000000000e+01 -6.250000000000000000e-01 5.987500000000000000e+01 -1.175000000000000000e+01
0.000000000000000000e+00 -1.860000014305114746e+00 4.420000076293945312e+00 2.087500000000000000e+01 -7.818750000000000000e+01 -1.225000000000000000e+01 5.937500000000000000e+00 7.431250000000000000e+01 -1.256250000000000000e+01
-3.400000035762786865e-01 -6.499999761581420898e-01 8.569999694824218750e+00 2.087500000000000000e+01 -7.818750000000000000e+01 -1.225000000000000000e+01 5.937500000000000000e+00 7.431250000000000000e+01 -1.256250000000000000e+01
-3.600000143051147461e-01 -4.000000059604644775e-01 1.052000045776367188e+01 2.187500000000000000e+01 -7.187500000000000000e+01 -1.437500000000000000e+01 1.518750000000000000e+01 7.181250000000000000e+01 -9.187500000000000000e+00
-4.099999964237213135e-01 -6.200000047683715820e-01 1.135999965667724609e+01 2.187500000000000000e+01 -7.187500000000000000e+01 -1.437500000000000000e+01 3.237500000000000000e+01 4.356250000000000000e+01 -3.437500000000000000e+00
-6.600000262260437012e-01 -9.900000095367431641e-01 1.105000019073486328e+01 2.187500000000000000e+01 -7.187500000000000000e+01 -1.437500000000000000e+01 3.643750000000000000e+01 3.056250000000000000e+01 -4.312500000000000000e+00
-6.999999880790710449e-01 -9.300000071525573730e-01 1.043999958038330078e+01 2.187500000000000000e+01 -7.187500000000000000e+01 -1.437500000000000000e+01 3.437500000000000000e+01 2.075000000000000000e+01 -5.312500000000000000e+00
-7.599999904632568359e-01 -6.999999880790710449e-01 9.789999961853027344e+00 2.187500000000000000e+01 -7.187500000000000000e+01 -1.437500000000000000e+01 3.437500000000000000e+01 2.075000000000000000e+01 -5.312500000000000000e+00
-7.900000214576721191e-01 -4.399999976158142090e-01 9.329999923706054688e+00 2.237500000000000000e+01 -7.225000000000000000e+01 -1.437500000000000000e+01 2.968750000000000000e+01 1.462500000000000000e+01 -5.250000000000000000e+00
-7.200000286102294922e-01 -1.299999952316284180e-01 9.060000419616699219e+00 2.237500000000000000e+01 -7.225000000000000000e+01 -1.437500000000000000e+01 2.318750000000000000e+01 9.000000000000000000e+00 -3.750000000000000000e+00
-6.000000238418579102e-01 -5.999999865889549255e-02 9.149999618530273438e+00 2.237500000000000000e+01 -7.225000000000000000e+01 -1.437500000000000000e+01 2.293750000000000000e+01 6.875000000000000000e+00 -3.375000000000000000e+00
-5.400000214576721191e-01 -1.000000014901161194e-01 9.350000381469726562e+00 2.237500000000000000e+01 -7.225000000000000000e+01 -1.437500000000000000e+01 2.187500000000000000e+01 5.312500000000000000e+00 -3.000000000000000000e+00
-4.900000095367431641e-01 -3.999999910593032837e-02 9.579999923706054688e+00 2.237500000000000000e+01 -7.225000000000000000e+01 -1.437500000000000000e+01 2.187500000000000000e+01 5.312500000000000000e+00 -3.000000000000000000e+00
-3.600000143051147461e-01 1.400000005960464478e-01 9.810000419616699219e+00 2.318750000000000000e+01 -7.187500000000000000e+01 -1.318750000000000000e+01 1.806250000000000000e+01 3.312500000000000000e+00 -3.000000000000000000e+00
-3.499999940395355225e-01 1.899999976158142090e-01 9.810000419616699219e+00 2.318750000000000000e+01 -7.187500000000000000e+01 -1.318750000000000000e+01 5.062500000000000000e+00 -1.312500000000000000e+00 -1.687500000000000000e+00
-2.800000011920928955e-01 1.599999964237213135e-01 9.680000305175781250e+00 2.318750000000000000e+01 -7.187500000000000000e+01 -1.318750000000000000e+01 -1.375000000000000000e+00 -3.125000000000000000e+00 -1.187500000000000000e+00
-2.399999946355819702e-01 1.500000059604644775e-01 9.289999961853027344e+00 2.318750000000000000e+01 -7.187500000000000000e+01 -1.318750000000000000e+01 -5.750000000000000000e+00 -4.250000000000000000e+00 -6.875000000000000000e-01
-2.199999988079071045e-01 1.299999952316284180e-01 9.229999542236328125e+00 2.318750000000000000e+01 -7.187500000000000000e+01 -1.318750000000000000e+01 -5.750000000000000000e+00 -4.250000000000000000e+00 -6.875000000000000000e-01
-1.700000017881393433e-01 5.999999865889549255e-02 9.210000038146972656e+00 2.306250000000000000e+01 -7.375000000000000000e+01 -1.225000000000000000e+01 -8.437500000000000000e+00 -4.687500000000000000e+00 -6.250000000000000000e-02
-1.700000017881393433e-01 -5.000000074505805969e-02 9.239999771118164062e+00 2.306250000000000000e+01 -7.375000000000000000e+01 -1.225000000000000000e+01 -7.250000000000000000e+00 -5.687500000000000000e+00 3.125000000000000000e-01
-1.099999994039535522e-01 -1.099999994039535522e-01 9.500000000000000000e+00 2.306250000000000000e+01 -7.375000000000000000e+01 -1.225000000000000000e+01 -4.875000000000000000e+00 -5.750000000000000000e+00 3.750000000000000000e-01
-1.099999994039535522e-01 -1.400000005960464478e-01 9.529999732971191406e+00 2.306250000000000000e+01 -7.375000000000000000e+01 -1.225000000000000000e+01 -3.000000000000000000e+00 -5.562500000000000000e+00 0.000000000000000000e+00
-7.999999821186065674e-02 -1.899999976158142090e-01 9.569999694824218750e+00 2.306250000000000000e+01 -7.375000000000000000e+01 -1.225000000000000000e+01 -3.000000000000000000e+00 -5.562500000000000000e+00 0.000000000000000000e+00
-1.999999955296516418e-02 -2.000000029802322388e-01 9.539999961853027344e+00 2.368750000000000000e+01 -7.268750000000000000e+01 -1.168750000000000000e+01 -1.000000000000000000e+00 -5.125000000000000000e+00 1.250000000000000000e-01
0.000000000000000000e+00 -9.000000357627868652e-02 9.390000343322753906e+00 2.368750000000000000e+01 -7.268750000000000000e+01 -1.168750000000000000e+01 6.250000000000000000e-02 -3.500000000000000000e+00 4.375000000000000000e-01
1.999999955296516418e-02 -1.500000059604644775e-01 9.329999923706054688e+00 2.368750000000000000e+01 -7.268750000000000000e+01 -1.168750000000000000e+01 -3.125000000000000000e-01 -2.375000000000000000e+00 5.625000000000000000e-01
5.999999865889549255e-02 -2.199999988079071045e-01 9.270000457763671875e+00 2.368750000000000000e+01 -7.268750000000000000e+01 -1.168750000000000000e+01 6.250000000000000000e-02 -1.500000000000000000e+00 6.250000000000000000e-01
0.000000000000000000e+00 -1.400000005960464478e-01 9.359999656677246094e+00 2.368750000000000000e+01 -7.268750000000000000e+01 -1.168750000000000000e+01 6.250000000000000000e-02 -1.500000000000000000e+00 6.250000000000000000e-01
-2.999999932944774628e-02 -2.099999934434890747e-01 9.430000305175781250e+00 2.256250000000000000e+01 -7.268750000000000000e+01 -1.250000000000000000e+01 -3.750000000000000000e-01 -1.375000000000000000e+00 8.750000000000000000e-01
-5.999999865889549255e-02 -2.800000011920928955e-01 9.460000038146972656e+00 2.256250000000000000e+01 -7.268750000000000000e+01 -1.250000000000000000e+01 -3.500000000000000000e+00 -1.875000000000000000e+00 1.000000000000000000e+00
-1.099999994039535522e-01 -2.500000000000000000e-01 9.399999618530273438e+00 2.256250000000000000e+01 -7.268750000000000000e+01 -1.250000000000000000e+01 -4.562500000000000000e+00 -2.625000000000000000e+00 1.062500000000000000e+00
-1.700000017881393433e-01 -2.700000107288360596e-01 9.319999694824218750e+00 2.256250000000000000e+01 -7.268750000000000000e+01 -1.250000000000000000e+01 -4.937500000000000000e+00 -2.125000000000000000e+00 1.000000000000000000e+00
-1.400000005960464478e-01 -3.700000047683715820e-01 9.420000076293945312e+00 2.256250000000000000e+01 -7.268750000000000000e+01 -1.250000000000000000e+01 -4.937500000000000000e+00 -2.125000000000000000e+00 1.000000000000000000e+00
-1.299999952316284180e-01 -5.199999809265136719e-01 9.479999542236328125e+00 2.337500000000000000e+01 -7.225000000000000000e+01 -1.218750000000000000e+01 -4.250000000000000000e+00 -2.125000000000000000e+00 1.125000000000000000e+00
-1.800000071525573730e-01 -6.100000143051147461e-01 9.539999961853027344e+00 2.337500000000000000e+01 -7.225000000000000000e+01 -1.218750000000000000e+01 -2.562500000000000000e+00 -1.937500000000000000e+00 3.750000000000000000e-01
-7.999999821186065674e-02 -5.600000023841857910e-01 9.340000152587890625e+00 2.337500000000000000e+01 -7.225000000000000000e+01 -1.218750000000000000e+01 -1.437500000000000000e+00 -1.812500000000000000e+00 0.000000000000000000e+00
-1.099999994039535522e-01 -5.099999904632568359e-01 9.310000419616699219e+00 2.337500000000000000e+01 -7.225000000000000000e+01 -1.218750000000000000e+01 -5.625000000000000000e-01 -1.500000000000000000e+00 -3.125000000000000000e-01
-5.999999865889549255e-02 -5.400000214576721191e-01 9.359999656677246094e+00 2.337500000000000000e+01 -7.225000000000000000e+01 -1.218750000000000000e+01 -5.625000000000000000e-01 -1.500000000000000000e+00 -3.125000000000000000e-01
-1.999999955296516418e-02 -4.399999976158142090e-01 9.489999771118164062e+00 2.256250000000000000e+01 -7.268750000000000000e+01 -1.118750000000000000e+01 3.125000000000000000e-01 -1.500000000000000000e+00 -6.250000000000000000e-01
-5.999999865889549255e-02 -3.600000143051147461e-01 9.460000038146972656e+00 2.256250000000000000e+01 -7.268750000000000000e+01 -1.118750000000000000e+01 6.250000000000000000e-01 -1.812500000000000000e+00 -9.375000000000000000e-01
-7.999999821186065674e-02 -2.800000011920928955e-01 9.380000114440917969e+00 2.256250000000000000e+01 -7.268750000000000000e+01 -1.118750000000000000e+01 -3.750000000000000000e-01 -1.750000000000000000e+00 -8.125000000000000000e-01
-2.999999932944774628e-02 -3.199999928474426270e-01 9.329999923706054688e+00 2.256250000000000000e+01 -7.268750000000000000e+01 -1.118750000000000000e+01 -3.750000000000000000e-01 -1.000000000000000000e+00 -1.000000000000000000e+00
-9.999999776482582092e-03 -2.700000107288360596e-01 9.390000343322753906e+00 2.256250000000000000e+01 -7.268750000000000000e+01 -1.118750000000000000e+01 -3.750000000000000000e-01 -1.000000000000000000e+00 -1.000000000000000000e+00
-2.999999932944774628e-02 -1.899999976158142090e-01 9.399999618530273438e+00 2.300000000000000000e+01 -7.187500000000000000e+01 -1.206250000000000000e+01 6.250000000000000000e-02 -3.750000000000000000e-01 -8.125000000000000000e-01
