-7.000000029802322388e-02 9.999999776482582092e-03 9.369999885559082031e+00 3.575000000000000000e+01 -7.168750000000000000e+01 -3.187500000000000000e+00 2.437500000000000000e+00 1.062500000000000000e+00 6.250000000000000000e-02
-7.000000029802322388e-02 -2.999999932944774628e-02 9.300000190734863281e+00 3.575000000000000000e+01 -7.168750000000000000e+01 -3.187500000000000000e+00 2.687500000000000000e+00 1.312500000000000000e+00 1.875000000000000000e-01
-7.000000029802322388e-02 2.999999932944774628e-02 9.270000457763671875e+00 3.575000000000000000e+01 -7.168750000000000000e+01 -3.187500000000000000e+00 3.937500000000000000e+00 1.500000000000000000e+00 1.875000000000000000e-01
-1.099999994039535522e-01 9.999999776482582092e-03 9.210000038146972656e+00 3.575000000000000000e+01 -7.168750000000000000e+01 -3.187500000000000000e+00 7.062500000000000000e+00 1.500000000000000000e+00 5.625000000000000000e-01
-9.000000357627868652e-02 2.999999932944774628e-02 9.239999771118164062e+00 3.575000000000000000e+01 -7.137500000000000000e+01 -2.375000000000000000e+00 1.443750000000000000e+01 1.937500000000000000e+00 1.250000000000000000e+00
-1.500000059604644775e-01 -2.199999988079071045e-01 9.300000190734863281e+00 3.575000000000000000e+01 -7.137500000000000000e+01 -2.375000000000000000e+00 2.843750000000000000e+01 1.937500000000000000e+00 2.625000000000000000e+00
-3.600000143051147461e-01 -6.100000143051147461e-01 9.449999809265136719e+00 3.575000000000000000e+01 -7.137500000000000000e+01 -2.375000000000000000e+00 5.243750000000000000e+01 1.187500000000000000e+00 3.187500000000000000e+00
-4.900000095367431641e-01 -5.899999737739562988e-01 1.026000022888183594e+01 3.575000000000000000e+01 -7.137500000000000000e+01 -2.375000000000000000e+00 8.193750000000000000e+01 1.875000000000000000e+00 2.750000000000000000e+00
-5.600000023841857910e-01 -3.799999952316284180e-01 1.050000000000000000e+01 3.575000000000000000e+01 -7.137500000000000000e+01 -2.375000000000000000e+00 1.113125000000000000e+02 1.062500000000000000e+00 2.500000000000000000e-01
-7.900000214576721191e-01 1.899999976158142090e-01 1.096000003814697266e+01 3.518750000000000000e+01 -7.206250000000000000e+01 -3.187500000000000000e+00 1.428125000000000000e+02 -1.937500000000000000e+00 -6.875000000000000000e-01
-7.900000214576721191e-01 3.300000131130218506e-01 1.160999965667724609e+01 3.518750000000000000e+01 -7.206250000000000000e+01 -3.187500000000000000e+00 1.774375000000000000e+02 -5.187500000000000000e+00 2.937500000000000000e+00
-3.799999952316284180e-01 2.300000041723251343e-01 1.219999980926513672e+01 3.518750000000000000e+01 -7.206250000000000000e+01 -3.187500000000000000e+00 2.107500000000000000e+02 -1.156250000000000000e+01 6.500000000000000000e+00
-3.000000119209289551e-01 -9.999999776482582092e-03 1.215999984741210938e+01 3.518750000000000000e+01 -7.206250000000000000e+01 -3.187500000000000000e+00 2.452500000000000000e+02 -2.275000000000000000e+01 6.500000000000000000e+00
-2.399999946355819702e-01 -2.099999934434890747e-01 1.205000019073486328e+01 3.518750000000000000e+01 -7.206250000000000000e+01 -3.187500000000000000e+00 2.793125000000000000e+02 -3.537500000000000000e+01 6.687500000000000000e+00
-2.800000011920928955e-01 0.000000000000000000e+00 1.172000026702880859e+01 3.550000000000000000e+01 -7.250000000000000000e+01 2.875000000000000000e+00 3.059375000000000000e+02 -4.800000000000000000e+01 2.875000000000000000e+00
-2.899999916553497314e-01 8.399999737739562988e-01 9.739999771118164062e+00 3.550000000000000000e+01 -7.250000000000000000e+01 2.875000000000000000e+00 3.195625000000000000e+02 -5.900000000000000000e+01 -2.437500000000000000e+00
1.099999994039535522e-01 1.179999947547912598e+00 8.890000343322753906e+00 3.550000000000000000e+01 -7.250000000000000000e+01 2.875000000000000000e+00 3.231250000000000000e+02 -6.675000000000000000e+01 -1.381250000000000000e+01
1.400000005960464478e-01 1.399999976158142090e+00 8.319999694824218750e+00 3.550000000000000000e+01 -7.250000000000000000e+01 2.875000000000000000e+00 3.171250000000000000e+02 -7.068750000000000000e+01 -2.650000000000000000e+01
5.699999928474426270e-01 2.849999904632568359e+00 7.699999809265136719e+00 3.550000000000000000e+01 -7.250000000000000000e+01 2.875000000000000000e+00 3.024375000000000000e+02 -7.387500000000000000e+01 -4.156250000000000000e+01
7.200000286102294922e-01 3.529999971389770508e+00 6.789999961853027344e+00 3.956250000000000000e+01 -7.287500000000000000e+01 1.737500000000000000e+01 2.763125000000000000e+02 -7.500000000000000000e+01 -5.218750000000000000e+01
8.100000023841857910e-01 4.860000133514404297e+00 6.079999923706054688e+00 3.956250000000000000e+01 -7.287500000000000000e+01 1.737500000000000000e+01 2.495000000000000000e+02 -7.275000000000000000e+01 -5.781250000000000000e+01
9.100000262260437012e-01 5.480000019073486328e+00 5.639999866485595703e+00 3.956250000000000000e+01 -7.287500000000000000e+01 1.737500000000000000e+01 2.218125000000000000e+02 -6.643750000000000000e+01 -6.000000000000000000e+01
8.600000143051147461e-01 6.199999809265136719e+00 4.360000133514404297e+00 3.956250000000000000e+01 -7.287500000000000000e+01 1.737500000000000000e+01 1.893750000000000000e+02 -6.000000000000000000e+01 -6.156250000000000000e+01
9.499999880790710449e-01 6.489999771118164062e+00 4.070000171661376953e+00 3.956250000000000000e+01 -7.287500000000000000e+01 1.737500000000000000e+01 1.565000000000000000e+02 -4.925000000000000000e+01 -6.187500000000000000e+01
6.100000143051147461e-01 6.690000057220458984e+00 3.329999923706054688e+00 5.025000000000000000e+01 -6.456250000000000000e+01 3.318750000000000000e+01 1.223125000000000000e+02 -3.631250000000000000e+01 -5.856250000000000000e+01
9.399999976158142090e-01 7.110000133514404297e+00 3.450000047683715820e+00 5.025000000000000000e+01 -6.456250000000000000e+01 3.318750000000000000e+01 8.962500000000000000e+01 -2.287500000000000000e+01 -5.525000000000000000e+01
5.500000119209289551e-01 7.780000209808349609e+00 3.539999961853027344e+00 5.025000000000000000e+01 -6.456250000000000000e+01 3.318750000000000000e+01 6.106250000000000000e+01 -1.456250000000000000e+01 -4.975000000000000000e+01
1.429999947547912598e+00 9.369999885559082031e+00 3.960000038146972656e+00 5.025000000000000000e+01 -6.456250000000000000e+01 3.318750000000000000e+01 3.725000000000000000e+01 -5.437500000000000000e+00 -4.275000000000000000e+01
8.600000143051147461e-01 9.489999771118164062e+00 4.659999847412109375e+00 5.025000000000000000e+01 -6.456250000000000000e+01 3.318750000000000000e+01 2.006250000000000000e+01 -6.250000000000000000e-01 -3.212500000000000000e+01
3.400000035762786865e-01 8.149999618530273438e+00 5.320000171661376953e+00 5.850000000000000000e+01 -5.275000000000000000e+01 3.800000000000000000e+01 2.125000000000000000e+00 4.312500000000000000e+00 -1.906250000000000000e+01
2.399999946355819702e-01 7.670000076293945312e+00 5.679999828338623047e+00 5.850000000000000000e+01 -5.275000000000000000e+01 3.800000000000000000e+01 -1.500000000000000000e+01 9.437500000000000000e+00 -8.812500000000000000e+00
2.000000029802322388e-01 7.369999885559082031e+00 5.940000057220458984e+00 5.850000000000000000e+01 -5.275000000000000000e+01 3.800000000000000000e+01 -3.050000000000000000e+01 1.162500000000000000e+01 -2.625000000000000000e+00
7.999999821186065674e-02 7.409999847412109375e+00 6.239999771118164062e+00 5.850000000000000000e+01 -5.275000000000000000e+01 3.800000000000000000e+01 -4.287500000000000000e+01 1.337500000000000000e+01 1.250000000000000000e+00
5.999999865889549255e-02 7.179999828338623047e+00 6.820000171661376953e+00 5.850000000000000000e+01 -5.275000000000000000e+01 3.800000000000000000e+01 -5.106250000000000000e+01 1.487500000000000000e+01 5.437500000000000000e+00
1.899999976158142090e-01 6.730000019073486328e+00 7.099999904632568359e+00 5.918750000000000000e+01 -4.918750000000000000e+01 3.775000000000000000e+01 -5.481250000000000000e+01 1.543750000000000000e+01 9.937500000000000000e+00
2.300000041723251343e-01 6.389999866485595703e+00 7.269999980926513672e+00 5.918750000000000000e+01 -4.918750000000000000e+01 3.775000000000000000e+01 -5.581250000000000000e+01 1.500000000000000000e+01 1.206250000000000000e+01
2.599999904632568359e-01 6.219999790191650391e+00 7.139999866485595703e+00 5.918750000000000000e+01 -4.918750000000000000e+01 3.775000000000000000e+01 -5.700000000000000000e+01 1.356250000000000000e+01 1.306250000000000000e+01
3.400000035762786865e-01 6.199999809265136719e+00 6.559999942779541016e+00 5.918750000000000000e+01 -4.918750000000000000e+01 3.775000000000000000e+01 -5.875000000000000000e+01 1.268750000000000000e+01 1.381250000000000000e+01
4.900000095367431641e-01 6.199999809265136719e+00 6.309999942779541016e+00 5.918750000000000000e+01 -4.918750000000000000e+01 3.775000000000000000e+01 -6.225000000000000000e+01 1.418750000000000000e+01 1.568750000000000000e+01
6.200000047683715820e-01 6.159999847412109375e+00 6.309999942779541016e+00 5.700000000000000000e+01 -5.325000000000000000e+01 3.687500000000000000e+01 -6.862500000000000000e+01 1.737500000000000000e+01 1.825000000000000000e+01
7.599999904632568359e-01 6.210000038146972656e+00 5.800000190734863281e+00 5.700000000000000000e+01 -5.325000000000000000e+01 3.687500000000000000e+01 -8.018750000000000000e+01 2.150000000000000000e+01 2.100000000000000000e+01
7.099999785423278809e-01 6.239999771118164062e+00 5.469999790191650391e+00 5.700000000000000000e+01 -5.325000000000000000e+01 3.687500000000000000e+01 -9.831250000000000000e+01 2.706250000000000000e+01 2.543750000000000000e+01
5.400000214576721191e-01 6.070000171661376953e+00 5.250000000000000000e+00 5.700000000000000000e+01 -5.325000000000000000e+01 3.687500000000000000e+01 -1.236250000000000000e+02 3.643750000000000000e+01 3.143750000000000000e+01
4.199999868869781494e-01 5.650000095367431641e+00 5.000000000000000000e+00 5.700000000000000000e+01 -5.325000000000000000e+01 3.687500000000000000e+01 -1.565625000000000000e+02 4.987500000000000000e+01 3.700000000000000000e+01
9.499999880790710449e-01 6.559999942779541016e+00 5.039999961853027344e+00 5.368750000000000000e+01 -5.700000000000000000e+01 3.518750000000000000e+01 -1.975625000000000000e+02 6.456250000000000000e+01 3.906250000000000000e+01
6.499999761581420898e-01 6.780000209808349609e+00 5.250000000000000000e+00 5.368750000000000000e+01 -5.700000000000000000e+01 3.518750000000000000e+01 -2.428750000000000000e+02 7.893750000000000000e+01 4.293750000000000000e+01
3.700000047683715820e-01 6.219999790191650391e+00 6.219999790191650391e+00 5.368750000000000000e+01 -5.700000000000000000e+01 3.518750000000000000e+01 -2.798125000000000000e+02 9.275000000000000000e+01 5.256250000000000000e+01
2.700000107288360596e-01 5.079999923706054688e+00 7.329999923706054688e+00 5.368750000000000000e+01 -5.700000000000000000e+01 3.518750000000000000e+01 -3.123750000000000000e+02 1.019375000000000000e+02 6.381250000000000000e+01
-3.700000047683715820e-01 2.490000009536743164e+00 9.520000457763671875e+00 5.368750000000000000e+01 -5.700000000000000000e+01 3.518750000000000000e+01 -3.403750000000000000e+02 1.043750000000000000e+02 7.106250000000000000e+01
-8.100000023841857910e-01 9.399999976158142090e-01 1.114999961853027344e+01 4.737500000000000000e+01 -6.475000000000000000e+01 2.625000000000000000e+01 -3.620000000000000000e+02 9.737500000000000000e+01 7.031250000000000000e+01
-6.600000262260437012e-01 1.500000059604644775e-01 1.180000019073486328e+01 4.737500000000000000e+01 -6.475000000000000000e+01 2.625000000000000000e+01 -3.694375000000000000e+02 7.775000000000000000e+01 6.475000000000000000e+01
-1.179999947547912598e+00 -1.000000000000000000e+00 1.367000007629394531e+01 4.737500000000000000e+01 -6.475000000000000000e+01 2.625000000000000000e+01 -3.503750000000000000e+02 4.706250000000000000e+01 5.962500000000000000e+01
-1.600000023841857910e+00 -1.970000028610229492e+00 1.198999977111816406e+01 4.737500000000000000e+01 -6.475000000000000000e+01 2.625000000000000000e+01 -2.974375000000000000e+02 5.375000000000000000e+00 5.012500000000000000e+01
-2.029999971389770508e+00 -1.980000019073486328e+00 1.161999988555908203e+01 4.737500000000000000e+01 -6.475000000000000000e+01 2.625000000000000000e+01 -2.158125000000000000e+02 -1.687500000000000000e+01 3.893750000000000000e+01
-2.529999971389770508e+00 -2.109999895095825195e+00 1.082999992370605469e+01 3.700000000000000000e+01 -7.175000000000000000e+01 8.000000000000000000e+00 -1.338125000000000000e+02 -2.656250000000000000e+01 2.875000000000000000e+01
-1.610000014305114746e+00 -2.160000085830688477e+00 9.600000381469726562e+00 3.700000000000000000e+01 -7.175000000000000000e+01 8.000000000000000000e+00 -7.325000000000000000e+01 -2.593750000000000000e+01 1.806250000000000000e+01
-1.240000009536743164e+00 -2.349999904632568359e+00 9.100000381469726562e+00 3.700000000000000000e+01 -7.175000000000000000e+01 8.000000000000000000e+00 -3.031250000000000000e+01 -2.162500000000000000e+01 1.137500000000000000e+01
-8.799999952316284180e-01 -2.509999990463256836e+00 8.939999580383300781e+00 3.700000000000000000e+01 -7.175000000000000000e+01 8.000000000000000000e+00 -3.750000000000000000e-01 -1.700000000000000000e+01 4.500000000000000000e+00
-5.299999713897705078e-01 -1.809999942779541016e+00 9.029999732971191406e+00 3.700000000000000000e+01 -7.175000000000000000e+01 8.000000000000000000e+00 2.125000000000000000e+01 -1.575000000000000000e+01 -4.375000000000000000e+00
3.100000023841857910e-01 -5.000000074505805969e-02 9.090000152587890625e+00 3.325000000000000000e+01 -7.237500000000000000e+01 -5.625000000000000000e-01 3.437500000000000000e+01 -1.543750000000000000e+01 -9.312500000000000000e+00
6.000000238418579102e-01 5.799999833106994629e-01 9.140000343322753906e+00 3.325000000000000000e+01 -7.237500000000000000e+01 -5.625000000000000000e-01 3.837500000000000000e+01 -1.306250000000000000e+01 -1.062500000000000000e+01
7.300000190734863281e-01 1.059999942779541016e+00 9.159999847412109375e+00 3.325000000000000000e+01 -7.237500000000000000e+01 -5.625000000000000000e-01 3.506250000000000000e+01 -1.037500000000000000e+01 -9.687500000000000000e+00
8.000000119209289551e-01 1.710000038146972656e+00 9.229999542236328125e+00 3.325000000000000000e+01 -7.237500000000000000e+01 -5.625000000000000000e-01 2.650000000000000000e+01 -8.375000000000000000e+00 -8.125000000000000000e+00
5.899999737739562988e-01 1.710000038146972656e+00 9.199999809265136719e+00 3.325000000000000000e+01 -7.237500000000000000e+01 -5.625000000000000000e-01 1.650000000000000000e+01 -6.437500000000000000e+00 -5.750000000000000000e+00
4.199999868869781494e-01 1.519999980926513672e+00 9.189999580383300781e+00 3.400000000000000000e+01 -7.350000000000000000e+01 -1.187500000000000000e+00 6.875000000000000000e+00 -3.562500000000000000e+00 -3.187500000000000000e+00
2.099999934434890747e-01 1.240000009536743164e+00 9.199999809265136719e+00 3.400000000000000000e+01 -7.350000000000000000e+01 -1.187500000000000000e+00 -1.187500000000000000e+00 3.125000000000000000e-01 -1.000000000000000000e+00
3.999999910593032837e-02 6.700000166893005371e-01 9.279999732971191406e+00 3.400000000000000000e+01 -7.350000000000000000e+01 -1.187500000000000000e+00 -6.875000000000000000e+00 3.125000000000000000e+00 3.750000000000000000e-01
0.000000000000000000e+00 4.799999892711639404e-01 9.369999885559082031e+00 3.400000000000000000e+01 -7.350000000000000000e+01 -1.187500000000000000e+00 -9.500000000000000000e+00 5.250000000000000000e+00 1.062500000000000000e+00
-7.000000029802322388e-02 4.300000071525573730e-01 9.390000343322753906e+00 3.400000000000000000e+01 -7.350000000000000000e+01 -1.187500000000000000e+00 -8.437500000000000000e+00 7.250000000000000000e+00 1.000000000000000000e+00
-7.000000029802322388e-02 5.000000000000000000e-01 9.289999961853027344e+00 3.400000000000000000e+01 -7.325000000000000000e+01 5.000000000000000000e-01 -4.625000000000000000e+00 8.125000000000000000e+00 5.625000000000000000e-01
-2.500000000000000000e-01 3.400000035762786865e-01 9.489999771118164062e+00 3.400000000000000000e+01 -7.325000000000000000e+01 5.000000000000000000e-01 1.437500000000000000e+00 7.875000000000000000e+00 -1.875000000000000000e-01
-2.300000041723251343e-01 4.099999964237213135e-01 9.479999542236328125e+00 3.400000000000000000e+01 -7.325000000000000000e+01 5.000000000000000000e-01 6.500000000000000000e+00 7.562500000000000000e+00 -7.500000000000000000e-01
-2.199999988079071045e-01 4.900000095367431641e-01 9.479999542236328125e+00 3.400000000000000000e+01 -7.325000000000000000e+01 5.000000000000000000e-01 1.043750000000000000e+01 6.812500000000000000e+00 -1.437500000000000000e+00
-3.199999928474426270e-01 4.499999880790710449e-01 9.409999847412109375e+00 3.400000000000000000e+01 -7.325000000000000000e+01 5.000000000000000000e-01 1.350000000000000000e+01 5.687500000000000000e+00 -2.000000000000000000e+00
-3.300000131130218506e-01 5.400000214576721191e-01 9.380000114440917969e+00 3.400000000000000000e+01 -7.325000000000000000e+01 5.000000000000000000e-01 1.500000000000000000e+01 4.812500000000000000e+00 -2.562500000000000000e+00
-3.499999940395355225e-01 6.200000047683715820e-01 9.369999885559082031e+00 3.400000000000000000e+01 -7.325000000000000000e+01 5.000000000000000000e-01 1.356250000000000000e+01 4.000000000000000000e+00 -2.937500000000000000e+00
-3.899999856948852539e-01 8.199999928474426270e-01 9.289999961853027344e+00 3.400000000000000000e+01 -7.325000000000000000e+01 5.000000000000000000e-01 1.000000000000000000e+01 3.125000000000000000e+00 -2.937500000000000000e+00
-3.100000023841857910e-01 9.399999976158142090e-01 9.210000038146972656e+00 3.400000000000000000e+01 -7.325000000000000000e+01 5.000000000000000000e-01 4.437500000000000000e+00 2.125000000000000000e+00 -2.437500000000000000e+00
-3.400000035762786865e-01 9.700000286102294922e-01 9.270000457763671875e+00 3.400000000000000000e+01 -7.325000000000000000e+01 5.000000000000000000e-01 -1.125000000000000000e+00 1.187500000000000000e+00 -2.062500000000000000e+00
-3.499999940395355225e-01 1.009999990463256836e+00 9.369999885559082031e+00 3.437500000000000000e+01 -7.287500000000000000e+01 2.187500000000000000e+00 -5.937500000000000000e+00 6.250000000000000000e-01 -1.812500000000000000e+00
-3.300000131130218506e-01 9.700000286102294922e-01 9.479999542236328125e+00 3.437500000000000000e+01 -7.287500000000000000e+01 2.187500000000000000e+00 -9.812500000000000000e+00 -6.250000000000000000e-02 -1.187500000000000000e+00
-3.100000023841857910e-01 8.999999761581420898e-01 9.529999732971191406e+00 3.437500000000000000e+01 -7.287500000000000000e+01 2.187500000000000000e+00 -1.237500000000000000e+01 -8.125000000000000000e-01 -7.500000000000000000e-01
-3.000000119209289551e-01 7.799999713897705078e-01 9.470000267028808594e+00 3.437500000000000000e+01 -7.287500000000000000e+01 2.187500000000000000e+00 -1.262500000000000000e+01 -1.750000000000000000e+00 -1.250000000000000000e-01
-2.300000041723251343e-01 7.500000000000000000e-01 9.430000305175781250e+00 3.437500000000000000e+01 -7.287500000000000000e+01 2.187500000000000000e+00 -1.118750000000000000e+01 -2.125000000000000000e+00 -1.250000000000000000e-01
-1.700000017881393433e-01 7.200000286102294922e-01 9.289999961853027344e+00 3.368750000000000000e+01 -7.356250000000000000e+01 8.750000000000000000e-01 -9.500000000000000000e+00 -2.312500000000000000e+00 6.250000000000000000e-02
-1.299999952316284180e-01 6.600000262260437012e-01 9.279999732971191406e+00 3.368750000000000000e+01 -7.356250000000000000e+01 8.750000000000000000e-01 -8.000000000000000000e+00 -2.812500000000000000e+00 1.875000000000000000e-01
-1.500000059604644775e-01 7.200000286102294922e-01 9.270000457763671875e+00 3.368750000000000000e+01 -7.356250000000000000e+01 8.750000000000000000e-01 -6.687500000000000000e+00 -2.875000000000000000e+00 3.125000000000000000e-01
-1.199999973177909851e-01 7.500000000000000000e-01 9.310000419616699219e+00 3.368750000000000000e+01 -7.356250000000000000e+01 8.750000000000000000e-01 -6.750000000000000000e+00 -2.937500000000000000e+00 0.000000000000000000e+00
-7.999999821186065674e-02 8.000000119209289551e-01 9.399999618530273438e+00 3.368750000000000000e+01 -7.356250000000000000e+01 8.750000000000000000e-01 -7.125000000000000000e+00 -2.687500000000000000e+00 2.500000000000000000e-01
-1.299999952316284180e-01 6.700000166893005371e-01 9.420000076293945312e+00 3.368750000000000000e+01 -7.325000000000000000e+01 5.000000000000000000e-01 -6.875000000000000000e+00 -2.437500000000000000e+00 4.375000000000000000e-01
-1.400000005960464478e-01 6.100000143051147461e-01 9.470000267028808594e+00 3.368750000000000000e+01 -7.325000000000000000e+01 5.000000000000000000e-01 -5.312500000000000000e+00 -2.437500000000000000e+00 5.000000000000000000e-01
-1.000000014901161194e-01 5.400000214576721191e-01 9.390000343322753906e+00 3.368750000000000000e+01 -7.325000000000000000e+01 5.000000000000000000e-01 -2.937500000000000000e+00 -2.250000000000000000e+00 6.250000000000000000e-01
-1.000000014901161194e-01 4.099999964237213135e-01 9.329999923706054688e+00 3.368750000000000000e+01 -7.325000000000000000e+01 5.000000000000000000e-01 -5.625000000000000000e-01 -1.875000000000000000e+00 5.625000000000000000e-01
-9.000000357627868652e-02 4.799999892711639404e-01 9.380000114440917969e+00 3.368750000000000000e+01 -7.325000000000000000e+01 5.000000000000000000e-01 1.687500000000000000e+00 -1.125000000000000000e+00 3.125000000000000000e-01
-5.999999865889549255e-02 5.600000023841857910e-01 9.350000381469726562e+00 3.475000000000000000e+01 -7.287500000000000000e+01 5.000000000000000000e-01 2.562500000000000000e+00 -4.375000000000000000e-01 4.375000000000000000e-01
-7.000000029802322388e-02 5.299999713897705078e-01 9.260000228881835938e+00 3.475000000000000000e+01 -7.287500000000000000e+01 5.000000000000000000e-01 2.437500000000000000e+00 2.500000000000000000e-01 5.000000000000000000e-01
-1.299999952316284180e-01 5.000000000000000000e-01 9.340000152587890625e+00 3.475000000000000000e+01 -7.287500000000000000e+01 5.000000000000000000e-01 3.187500000000000000e+00 6.250000000000000000e-01 6.250000000000000000e-01
-1.199999973177909851e-01 5.299999713897705078e-01 9.359999656677246094e+00 3.475000000000000000e+01 -7.287500000000000000e+01 5.000000000000000000e-01 4.187500000000000000e+00 1.187500000000000000e+00 5.000000000000000000e-01
-1.500000059604644775e-01 5.199999809265136719e-01 9.439999580383300781e+00 3.475000000000000000e+01 -7.287500000000000000e+01 5.000000000000000000e-01 5.250000000000000000e+00 1.750000000000000000e+00 2.500000000000000000e-01
-1.899999976158142090e-01 5.299999713897705078e-01 9.390000343322753906e+00 3.437500000000000000e+01 -7.206250000000000000e+01 1.375000000000000000e+00 5.875000000000000000e+00 2.062500000000000000e+00 4.375000000000000000e-01
