-3.199999928474426270e-01 3.300000131130218506e-01 9.529999732971191406e+00 9.000000000000000000e+00 -6.637500000000000000e+01 -1.450000000000000000e+01 -3.343750000000000000e+01 -1.512500000000000000e+01 3.062500000000000000e+00
-3.199999928474426270e-01 -9.999999776482582092e-03 9.970000267028808594e+00 9.000000000000000000e+00 -6.637500000000000000e+01 -1.450000000000000000e+01 -3.700000000000000000e+01 -1.756250000000000000e+01 4.562500000000000000e+00
-3.799999952316284180e-01 7.000000029802322388e-02 1.014999961853027344e+01 9.750000000000000000e+00 -6.706250000000000000e+01 -1.450000000000000000e+01 -3.462500000000000000e+01 -1.987500000000000000e+01 4.625000000000000000e+00
-2.399999946355819702e-01 -3.899999856948852539e-01 9.979999542236328125e+00 9.750000000000000000e+00 -6.706250000000000000e+01 -1.450000000000000000e+01 -2.862500000000000000e+01 -2.412500000000000000e+01 4.312500000000000000e+00
-3.300000131130218506e-01 -6.600000262260437012e-01 1.022999954223632812e+01 9.750000000000000000e+00 -6.706250000000000000e+01 -1.450000000000000000e+01 -2.125000000000000000e+01 -2.962500000000000000e+01 4.562500000000000000e+00
-2.700000107288360596e-01 -6.299999952316284180e-01 1.060000038146972656e+01 9.750000000000000000e+00 -6.706250000000000000e+01 -1.450000000000000000e+01 -7.687500000000000000e+00 -3.662500000000000000e+01 3.687500000000000000e+00
-2.199999988079071045e-01 -7.900000214576721191e-01 1.103999996185302734e+01 9.750000000000000000e+00 -6.706250000000000000e+01 -1.450000000000000000e+01 9.125000000000000000e+00 -4.762500000000000000e+01 2.937500000000000000e+00
-5.000000000000000000e-01 -6.499999761581420898e-01 1.226000022888183594e+01 9.000000000000000000e+00 -6.706250000000000000e+01 -1.606250000000000000e+01 2.493750000000000000e+01 -6.300000000000000000e+01 2.937500000000000000e+00
-5.799999833106994629e-01 -5.000000000000000000e-01 1.243000030517578125e+01 9.000000000000000000e+00 -6.706250000000000000e+01 -1.606250000000000000e+01 3.731250000000000000e+01 -8.425000000000000000e+01 3.250000000000000000e+00
-5.600000023841857910e-01 -4.499999880790710449e-01 1.235999965667724609e+01 9.000000000000000000e+00 -6.706250000000000000e+01 -1.606250000000000000e+01 4.556250000000000000e+01 -1.088750000000000000e+02 3.437500000000000000e+00
-8.100000023841857910e-01 2.000000029802322388e-01 1.113000011444091797e+01 9.000000000000000000e+00 -6.706250000000000000e+01 -1.606250000000000000e+01 5.118750000000000000e+01 -1.325000000000000000e+02 2.687500000000000000e+00
-5.600000023841857910e-01 5.799999833106994629e-01 1.078999996185302734e+01 9.000000000000000000e+00 -6.706250000000000000e+01 -1.606250000000000000e+01 5.918750000000000000e+01 -1.508125000000000000e+02 2.125000000000000000e+00
-2.199999988079071045e-01 2.599999904632568359e-01 1.105000019073486328e+01 9.375000000000000000e+00 -6.750000000000000000e+01 -1.487500000000000000e+01 6.493750000000000000e+01 -1.626875000000000000e+02 4.375000000000000000e+00
4.699999988079071045e-01 6.700000166893005371e-01 1.113000011444091797e+01 9.375000000000000000e+00 -6.750000000000000000e+01 -1.487500000000000000e+01 6.587500000000000000e+01 -1.682500000000000000e+02 6.687500000000000000e+00
1.629999995231628418e+00 1.009999990463256836e+00 1.107999992370605469e+01 9.375000000000000000e+00 -6.750000000000000000e+01 -1.487500000000000000e+01 5.906250000000000000e+01 -1.710625000000000000e+02 8.500000000000000000e+00
1.870000004768371582e+00 1.870000004768371582e+00 1.059000015258789062e+01 9.375000000000000000e+00 -6.750000000000000000e+01 -1.487500000000000000e+01 4.768750000000000000e+01 -1.758125000000000000e+02 9.375000000000000000e+00
2.220000028610229492e+00 2.490000009536743164e+00 1.031999969482421875e+01 9.375000000000000000e+00 -6.750000000000000000e+01 -1.487500000000000000e+01 3.293750000000000000e+01 -1.815000000000000000e+02 1.200000000000000000e+01
3.049999952316284180e+00 3.279999971389770508e+00 1.052999973297119141e+01 7.562500000000000000e+00 -7.268750000000000000e+01 -1.075000000000000000e+01 1.950000000000000000e+01 -1.851875000000000000e+02 1.937500000000000000e+01
3.710000038146972656e+00 4.070000171661376953e+00 9.159999847412109375e+00 7.562500000000000000e+00 -7.268750000000000000e+01 -1.075000000000000000e+01 2.687500000000000000e+00 -1.886250000000000000e+02 3.125000000000000000e+01
3.670000076293945312e+00 3.490000009536743164e+00 7.949999809265136719e+00 7.562500000000000000e+00 -7.268750000000000000e+01 -1.075000000000000000e+01 -1.418750000000000000e+01 -1.891250000000000000e+02 4.781250000000000000e+01
3.529999971389770508e+00 2.480000019073486328e+00 6.460000038146972656e+00 7.562500000000000000e+00 -7.268750000000000000e+01 -1.075000000000000000e+01 -2.487500000000000000e+01 -1.837500000000000000e+02 6.318750000000000000e+01
4.280000209808349609e+00 1.340000033378601074e+00 5.409999847412109375e+00 7.562500000000000000e+00 -7.268750000000000000e+01 -1.075000000000000000e+01 -2.887500000000000000e+01 -1.718750000000000000e+02 6.968750000000000000e+01
5.019999980926513672e+00 7.200000286102294922e-01 5.329999923706054688e+00 5.187500000000000000e+00 -7.856250000000000000e+01 -6.750000000000000000e+00 -2.806250000000000000e+01 -1.553125000000000000e+02 7.093750000000000000e+01
4.880000114440917969e+00 -3.300000131130218506e-01 5.269999980926513672e+00 5.187500000000000000e+00 -7.856250000000000000e+01 -6.750000000000000000e+00 -2.387500000000000000e+01 -1.332500000000000000e+02 7.106250000000000000e+01
4.869999885559082031e+00 -5.299999713897705078e-01 5.320000171661376953e+00 5.187500000000000000e+00 -7.856250000000000000e+01 -6.750000000000000000e+00 -2.425000000000000000e+01 -1.083125000000000000e+02 6.781250000000000000e+01
4.789999961853027344e+00 -1.379999995231628418e+00 5.670000076293945312e+00 5.187500000000000000e+00 -7.856250000000000000e+01 -6.750000000000000000e+00 -2.875000000000000000e+01 -9.062500000000000000e+01 6.231250000000000000e+01
4.610000133514404297e+00 -1.360000014305114746e+00 5.199999809265136719e+00 5.187500000000000000e+00 -7.856250000000000000e+01 -6.750000000000000000e+00 -3.018750000000000000e+01 -8.068750000000000000e+01 5.556250000000000000e+01
4.449999809265136719e+00 -1.399999976158142090e+00 5.090000152587890625e+00 -8.750000000000000000e-01 -8.268750000000000000e+01 -1.168750000000000000e+01 -2.543750000000000000e+01 -6.950000000000000000e+01 4.675000000000000000e+01
4.590000152587890625e+00 -1.600000023841857910e+00 5.139999866485595703e+00 -8.750000000000000000e-01 -8.268750000000000000e+01 -1.168750000000000000e+01 -1.575000000000000000e+01 -5.762500000000000000e+01 3.862500000000000000e+01
4.679999828338623047e+00 -1.809999942779541016e+00 5.469999790191650391e+00 -8.750000000000000000e-01 -8.268750000000000000e+01 -1.168750000000000000e+01 -6.312500000000000000e+00 -4.581250000000000000e+01 3.087500000000000000e+01
4.699999809265136719e+00 -1.840000033378601074e+00 5.500000000000000000e+00 -8.750000000000000000e-01 -8.268750000000000000e+01 -1.168750000000000000e+01 -2.312500000000000000e+00 -3.412500000000000000e+01 2.312500000000000000e+01
4.739999771118164062e+00 -1.840000033378601074e+00 5.389999866485595703e+00 -8.750000000000000000e-01 -8.268750000000000000e+01 -1.168750000000000000e+01 -1.812500000000000000e+00 -2.225000000000000000e+01 1.581250000000000000e+01
4.989999771118164062e+00 -1.850000023841857910e+00 5.329999923706054688e+00 -6.375000000000000000e+00 -8.368750000000000000e+01 -1.637500000000000000e+01 -4.375000000000000000e-01 -9.625000000000000000e+00 9.187500000000000000e+00
4.989999771118164062e+00 -1.590000033378601074e+00 5.480000019073486328e+00 -6.375000000000000000e+00 -8.368750000000000000e+01 -1.637500000000000000e+01 3.000000000000000000e+00 4.250000000000000000e+00 1.625000000000000000e+00
5.019999980926513672e+00 -1.320000052452087402e+00 5.369999885559082031e+00 -6.375000000000000000e+00 -8.368750000000000000e+01 -1.637500000000000000e+01 6.625000000000000000e+00 1.681250000000000000e+01 -5.937500000000000000e+00
5.070000171661376953e+00 -1.019999980926513672e+00 4.909999847412109375e+00 -6.375000000000000000e+00 -8.368750000000000000e+01 -1.637500000000000000e+01 9.687500000000000000e+00 2.881250000000000000e+01 -1.206250000000000000e+01
4.280000209808349609e+00 -8.299999833106994629e-01 4.280000209808349609e+00 -6.375000000000000000e+00 -8.368750000000000000e+01 -1.637500000000000000e+01 1.331250000000000000e+01 4.618750000000000000e+01 -1.737500000000000000e+01
4.159999847412109375e+00 -7.900000214576721191e-01 4.340000152587890625e+00 -7.875000000000000000e+00 -8.175000000000000000e+01 -1.800000000000000000e+01 1.762500000000000000e+01 6.756250000000000000e+01 -2.131250000000000000e+01
3.930000066757202148e+00 -6.999999880790710449e-01 4.250000000000000000e+00 -7.875000000000000000e+00 -8.175000000000000000e+01 -1.800000000000000000e+01 2.218750000000000000e+01 8.768750000000000000e+01 -2.581250000000000000e+01
3.839999914169311523e+00 -6.999999880790710449e-01 3.880000114440917969e+00 -7.875000000000000000e+00 -8.175000000000000000e+01 -1.800000000000000000e+01 2.562500000000000000e+01 1.080000000000000000e+02 -3.075000000000000000e+01
2.839999914169311523e+00 7.000000029802322388e-02 2.920000076293945312e+00 -7.875000000000000000e+00 -8.175000000000000000e+01 -1.800000000000000000e+01 2.768750000000000000e+01 1.299375000000000000e+02 -3.687500000000000000e+01
2.500000000000000000e+00 1.099999994039535522e-01 2.069999933242797852e+00 -7.875000000000000000e+00 -8.175000000000000000e+01 -1.800000000000000000e+01 2.931250000000000000e+01 1.527500000000000000e+02 -4.218750000000000000e+01
3.509999990463256836e+00 1.099999994039535522e-01 2.569999933242797852e+00 -4.250000000000000000e+00 -8.068750000000000000e+01 -1.556250000000000000e+01 2.875000000000000000e+01 1.794375000000000000e+02 -4.393750000000000000e+01
3.150000095367431641e+00 5.699999928474426270e-01 5.179999828338623047e+00 -4.250000000000000000e+00 -8.068750000000000000e+01 -1.556250000000000000e+01 2.100000000000000000e+01 2.158125000000000000e+02 -4.481250000000000000e+01
2.700000047683715820e+00 1.460000038146972656e+00 6.670000076293945312e+00 -4.250000000000000000e+00 -8.068750000000000000e+01 -1.556250000000000000e+01 2.812500000000000000e+00 2.523125000000000000e+02 -4.587500000000000000e+01
2.380000114440917969e+00 2.369999885559082031e+00 8.840000152587890625e+00 -4.250000000000000000e+00 -8.068750000000000000e+01 -1.556250000000000000e+01 -2.043750000000000000e+01 2.876875000000000000e+02 -4.081250000000000000e+01
2.140000104904174805e+00 2.980000019073486328e+00 1.131000041961669922e+01 -4.250000000000000000e+00 -8.068750000000000000e+01 -1.556250000000000000e+01 -4.706250000000000000e+01 3.175000000000000000e+02 -2.893750000000000000e+01
5.000000074505805969e-02 1.730000019073486328e+00 1.662000083923339844e+01 5.625000000000000000e-01 -7.587500000000000000e+01 -1.187500000000000000e+01 -7.237500000000000000e+01 3.253750000000000000e+02 -1.487500000000000000e+01
-8.999999761581420898e-01 6.600000262260437012e-01 1.947999954223632812e+01 5.625000000000000000e-01 -7.587500000000000000e+01 -1.187500000000000000e+01 -8.518750000000000000e+01 3.110625000000000000e+02 3.125000000000000000e-01
-1.279999971389770508e+00 -5.400000214576721191e-01 2.226000022888183594e+01 5.625000000000000000e-01 -7.587500000000000000e+01 -1.187500000000000000e+01 -8.543750000000000000e+01 2.661250000000000000e+02 5.437500000000000000e+00
-6.100000143051147461e-01 -8.199999928474426270e-01 2.101000022888183594e+01 5.625000000000000000e-01 -7.587500000000000000e+01 -1.187500000000000000e+01 -6.937500000000000000e+01 1.929375000000000000e+02 -6.875000000000000000e-01
-8.600000143051147461e-01 -1.320000052452087402e+00 1.188000011444091797e+01 5.625000000000000000e-01 -7.587500000000000000e+01 -1.187500000000000000e+01 -3.862500000000000000e+01 1.207500000000000000e+02 -1.006250000000000000e+01
-1.149999976158142090e+00 -1.279999971389770508e+00 9.890000343322753906e+00 5.687500000000000000e+00 -6.656250000000000000e+01 -1.800000000000000000e+01 -1.100000000000000000e+01 9.175000000000000000e+01 -1.743750000000000000e+01
-1.149999976158142090e+00 -1.289999961853027344e+00 9.479999542236328125e+00 5.687500000000000000e+00 -6.656250000000000000e+01 -1.800000000000000000e+01 2.000000000000000000e+00 8.818750000000000000e+01 -2.187500000000000000e+01
-7.699999809265136719e-01 -5.799999833106994629e-01 9.880000114440917969e+00 5.687500000000000000e+00 -6.656250000000000000e+01 -1.800000000000000000e+01 9.437500000000000000e+00 8.581250000000000000e+01 -2.368750000000000000e+01
-6.499999761581420898e-01 -3.400000035762786865e-01 9.800000190734863281e+00 5.687500000000000000e+00 -6.656250000000000000e+01 -1.800000000000000000e+01 1.518750000000000000e+01 7.768750000000000000e+01 -2.318750000000000000e+01
-5.000000000000000000e-01 1.000000014901161194e-01 9.880000114440917969e+00 5.687500000000000000e+00 -6.656250000000000000e+01 -1.800000000000000000e+01 1.943750000000000000e+01 6.725000000000000000e+01 -1.950000000000000000e+01
-5.899999737739562988e-01 1.099999994039535522e-01 9.680000305175781250e+00 7.875000000000000000e+00 -6.475000000000000000e+01 -1.800000000000000000e+01 2.181250000000000000e+01 5.693750000000000000e+01 -1.587500000000000000e+01
-7.599999904632568359e-01 1.500000059604644775e-01 9.329999923706054688e+00 7.875000000000000000e+00 -6.475000000000000000e+01 -1.800000000000000000e+01 2.262500000000000000e+01 4.587500000000000000e+01 -1.212500000000000000e+01
-8.500000238418579102e-01 9.999999776482582092e-03 9.199999809265136719e+00 7.875000000000000000e+00 -6.475000000000000000e+01 -1.800000000000000000e+01 2.212500000000000000e+01 3.593750000000000000e+01 -9.625000000000000000e+00
-9.700000286102294922e-01 -5.000000074505805969e-02 9.199999809265136719e+00 7.875000000000000000e+00 -6.475000000000000000e+01 -1.800000000000000000e+01 1.987500000000000000e+01 2.675000000000000000e+01 -7.812500000000000000e+00
-1.080000042915344238e+00 -7.999999821186065674e-02 9.289999961853027344e+00 7.875000000000000000e+00 -6.475000000000000000e+01 -1.800000000000000000e+01 1.743750000000000000e+01 2.012500000000000000e+01 -6.187500000000000000e+00
-1.679999947547912598e+00 7.000000029802322388e-02 9.470000267028808594e+00 8.875000000000000000e+00 -6.518750000000000000e+01 -1.756250000000000000e+01 1.593750000000000000e+01 1.375000000000000000e+01 -4.500000000000000000e+00
-1.529999971389770508e+00 1.599999964237213135e-01 9.569999694824218750e+00 8.875000000000000000e+00 -6.518750000000000000e+01 -1.756250000000000000e+01 1.462500000000000000e+01 6.625000000000000000e+00 -3.062500000000000000e+00
-1.470000028610229492e+00 2.399999946355819702e-01 9.590000152587890625e+00 8.875000000000000000e+00 -6.518750000000000000e+01 -1.756250000000000000e+01 1.125000000000000000e+01 1.062500000000000000e+00 -1.687500000000000000e+00
-1.330000042915344238e+00 3.000000119209289551e-01 9.750000000000000000e+00 8.875000000000000000e+00 -6.518750000000000000e+01 -1.756250000000000000e+01 6.687500000000000000e+00 -1.625000000000000000e+00 -1.000000000000000000e+00
-1.139999985694885254e+00 2.800000011920928955e-01 9.640000343322753906e+00 8.875000000000000000e+00 -6.518750000000000000e+01 -1.756250000000000000e+01 3.812500000000000000e+00 -3.375000000000000000e+00 -5.625000000000000000e-01
-1.139999985694885254e+00 2.800000011920928955e-01 9.640000343322753906e+00 9.250000000000000000e+00 -6.668750000000000000e+01 -1.637500000000000000e+01 6.875000000000000000e-01 -6.187500000000000000e+00 -6.875000000000000000e-01
-1.029999971389770508e+00 4.000000059604644775e-01 9.390000343322753906e+00 9.250000000000000000e+00 -6.668750000000000000e+01 -1.637500000000000000e+01 -3.062500000000000000e+00 -9.250000000000000000e+00 -8.750000000000000000e-01
-8.700000047683715820e-01 3.899999856948852539e-01 9.260000228881835938e+00 9.250000000000000000e+00 -6.668750000000000000e+01 -1.637500000000000000e+01 -8.187500000000000000e+00 -1.250000000000000000e+01 -3.125000000000000000e-01
-1.019999980926513672e+00 2.500000000000000000e-01 9.319999694824218750e+00 9.250000000000000000e+00 -6.668750000000000000e+01 -1.637500000000000000e+01 -1.281250000000000000e+01 -1.550000000000000000e+01 5.625000000000000000e-01
-7.300000190734863281e-01 2.300000041723251343e-01 9.180000305175781250e+00 9.250000000000000000e+00 -6.668750000000000000e+01 -1.637500000000000000e+01 -1.443750000000000000e+01 -1.837500000000000000e+01 1.125000000000000000e+00
-7.300000190734863281e-01 2.300000041723251343e-01 9.180000305175781250e+00 8.750000000000000000e+00 -6.668750000000000000e+01 -1.718750000000000000e+01 -1.700000000000000000e+01 -2.006250000000000000e+01 1.750000000000000000e+00
-6.299999952316284180e-01 7.000000029802322388e-02 9.449999809265136719e+00 8.750000000000000000e+00 -6.668750000000000000e+01 -1.718750000000000000e+01 -1.587500000000000000e+01 -1.812500000000000000e+01 1.937500000000000000e+00
-4.300000071525573730e-01 5.000000074505805969e-02 9.420000076293945312e+00 8.750000000000000000e+00 -6.668750000000000000e+01 -1.718750000000000000e+01 -1.462500000000000000e+01 -1.837500000000000000e+01 2.375000000000000000e+00
-3.600000143051147461e-01 9.999999776482582092e-03 9.520000457763671875e+00 8.750000000000000000e+00 -6.668750000000000000e+01 -1.718750000000000000e+01 -1.331250000000000000e+01 -1.768750000000000000e+01 2.812500000000000000e+00
-2.300000041723251343e-01 -7.999999821186065674e-02 9.369999885559082031e+00 8.750000000000000000e+00 -6.668750000000000000e+01 -1.718750000000000000e+01 -1.250000000000000000e+01 -1.525000000000000000e+01 3.500000000000000000e+00
-2.099999934434890747e-01 -1.299999952316284180e-01 9.310000419616699219e+00 9.562500000000000000e+00 -6.568750000000000000e+01 -1.675000000000000000e+01 -1.168750000000000000e+01 -1.306250000000000000e+01 4.062500000000000000e+00
-2.199999988079071045e-01 -2.099999934434890747e-01 9.289999961853027344e+00 9.562500000000000000e+00 -6.568750000000000000e+01 -1.675000000000000000e+01 -1.050000000000000000e+01 -1.112500000000000000e+01 3.875000000000000000e+00
-1.700000017881393433e-01 -2.000000029802322388e-01 9.270000457763671875e+00 9.562500000000000000e+00 -6.568750000000000000e+01 -1.675000000000000000e+01 -8.875000000000000000e+00 -9.187500000000000000e+00 3.187500000000000000e+00
-2.099999934434890747e-01 -1.899999976158142090e-01 9.340000152587890625e+00 9.562500000000000000e+00 -6.568750000000000000e+01 -1.675000000000000000e+01 -8.250000000000000000e+00 -7.312500000000000000e+00 2.562500000000000000e+00
-1.899999976158142090e-01 -1.800000071525573730e-01 9.390000343322753906e+00 9.562500000000000000e+00 -6.568750000000000000e+01 -1.675000000000000000e+01 -7.500000000000000000e+00 -5.312500000000000000e+00 2.062500000000000000e+00
-1.899999976158142090e-01 -1.800000071525573730e-01 9.449999809265136719e+00 9.187500000000000000e+00 -6.600000000000000000e+01 -1.718750000000000000e+01 -6.562500000000000000e+00 -3.312500000000000000e+00 1.812500000000000000e+00
-1.800000071525573730e-01 -2.500000000000000000e-01 9.449999809265136719e+00 9.187500000000000000e+00 -6.600000000000000000e+01 -1.718750000000000000e+01 -6.375000000000000000e+00 -1.812500000000000000e+00 2.062500000000000000e+00
-2.000000029802322388e-01 -3.600000143051147461e-01 9.329999923706054688e+00 9.187500000000000000e+00 -6.600000000000000000e+01 -1.718750000000000000e+01 -6.375000000000000000e+00 -1.000000000000000000e+00 2.375000000000000000e+00
-2.899999916553497314e-01 -4.199999868869781494e-01 9.390000343322753906e+00 9.187500000000000000e+00 -6.600000000000000000e+01 -1.718750000000000000e+01 -5.937500000000000000e+00 6.250000000000000000e-02 2.750000000000000000e+00
-3.300000131130218506e-01 -4.799999892711639404e-01 9.510000228881835938e+00 9.187500000000000000e+00 -6.600000000000000000e+01 -1.718750000000000000e+01 -5.312500000000000000e+00 1.062500000000000000e+00 2.625000000000000000e+00
-3.300000131130218506e-01 -4.900000095367431641e-01 9.489999771118164062e+00 8.500000000000000000e+00 -6.525000000000000000e+01 -1.800000000000000000e+01 -4.625000000000000000e+00 9.375000000000000000e-01 2.437500000000000000e+00
-4.199999868869781494e-01 -4.799999892711639404e-01 9.420000076293945312e+00 8.500000000000000000e+00 -6.525000000000000000e+01 -1.800000000000000000e+01 -3.875000000000000000e+00 1.125000000000000000e+00 2.062500000000000000e+00
-4.000000059604644775e-01 -4.600000083446502686e-01 9.510000228881835938e+00 8.500000000000000000e+00 -6.525000000000000000e+01 -1.800000000000000000e+01 -4.625000000000000000e+00 7.500000000000000000e-01 2.062500000000000000e+00
-4.399999976158142090e-01 -4.799999892711639404e-01 9.369999885559082031e+00 8.500000000000000000e+00 -6.525000000000000000e+01 -1.800000000000000000e+01 -5.812500000000000000e+00 -6.875000000000000000e-01 1.875000000000000000e+00
-8.799999952316284180e-01 -5.600000023841857910e-01 9.829999923706054688e+00 8.500000000000000000e+00 -6.525000000000000000e+01 -1.800000000000000000e+01 -6.875000000000000000e+00 -2.125000000000000000e+00 1.437500000000000000e+00
-1.299999952316284180e-01 -4.300000071525573730e-01 8.770000457763671875e+00 8.500000000000000000e+00 -6.487500000000000000e+01 -1.918750000000000000e+01 -7.625000000000000000e+00 -6.625000000000000000e+00 -1.250000000000000000e-01
-4.499999880790710449e-01 -5.600000023841857910e-01 9.500000000000000000e+00 8.500000000000000000e+00 -6.487500000000000000e+01 -1.918750000000000000e+01 -6.750000000000000000e+00 -7.562500000000000000e+00 -1.062500000000000000e+00
-3.899999856948852539e-01 -4.699999988079071045e-01 9.329999923706054688e+00 8.500000000000000000e+00 -6.487500000000000000e+01 -1.918750000000000000e+01 -5.625000000000000000e+00 -5.875000000000000000e+00 -1.062500000000000000e+00
-4.900000095367431641e-01 -3.700000047683715820e-01 9.329999923706054688e+00 8.500000000000000000e+00 -6.487500000000000000e+01 -1.918750000000000000e+01 -6.437500000000000000e+00 -5.375000000000000000e+00 -1.062500000000000000e+00
-4.600000083446502686e-01 -4.099999964237213135e-01 9.250000000000000000e+00 8.500000000000000000e+00 -6.487500000000000000e+01 -1.918750000000000000e+01 -5.375000000000000000e+00 -5.312500000000000000e+00 -1.062500000000000000e+00
-4.499999880790710449e-01 -3.700000047683715820e-01 9.399999618530273438e+00 7.750000000000000000e+00 -6.568750000000000000e+01 -1.918750000000000000e+01 -3.687500000000000000e+00 -4.625000000000000000e+00 -1.125000000000000000e+00
-3.600000143051147461e-01 -2.899999916553497314e-01 9.399999618530273438e+00 7.750000000000000000e+00 -6.568750000000000000e+01 -1.918750000000000000e+01 -4.000000000000000000e+00 -4.187500000000000000e+00 -1.062500000000000000e+00
-2.899999916553497314e-01 -2.899999916553497314e-01 9.399999618530273438e+00 7.750000000000000000e+00 -6.568750000000000000e+01 -1.918750000000000000e+01 -3.687500000000000000e+00 -3.125000000000000000e+00 -9.375000000000000000e-01
