-3.700000047683715820e-01 -1.440000057220458984e+00 9.649999618530273438e+00 3.100000000000000000e+01 -7.068750000000000000e+01 -1.800000000000000000e+01 7.437500000000000000e+01 5.250000000000000000e+00 8.125000000000000000e-01
-3.300000131130218506e-01 -1.230000019073486328e+00 9.770000457763671875e+00 3.100000000000000000e+01 -7.068750000000000000e+01 -1.800000000000000000e+01 8.806250000000000000e+01 3.250000000000000000e+00 -6.250000000000000000e-02
-3.600000143051147461e-01 -8.299999833106994629e-01 9.840000152587890625e+00 3.100000000000000000e+01 -7.068750000000000000e+01 -1.800000000000000000e+01 9.862500000000000000e+01 1.625000000000000000e+00 -6.250000000000000000e-01
-2.599999904632568359e-01 -5.600000023841857910e-01 9.840000152587890625e+00 3.100000000000000000e+01 -7.068750000000000000e+01 -1.800000000000000000e+01 9.862500000000000000e+01 1.625000000000000000e+00 -6.250000000000000000e-01
-3.499999940395355225e-01 -3.000000119209289551e-01 9.840000152587890625e+00 3.100000000000000000e+01 -7.175000000000000000e+01 -1.637500000000000000e+01 1.220625000000000000e+02 1.125000000000000000e+00 -2.312500000000000000e+00
-2.899999916553497314e-01 -3.100000023841857910e-01 9.949999809265136719e+00 3.100000000000000000e+01 -7.175000000000000000e+01 -1.637500000000000000e+01 1.346250000000000000e+02 4.375000000000000000e-01 -4.375000000000000000e+00
-2.700000107288360596e-01 -5.000000074505805969e-02 1.002999973297119141e+01 3.100000000000000000e+01 -7.175000000000000000e+01 -1.637500000000000000e+01 1.471875000000000000e+02 -1.687500000000000000e+00 -5.125000000000000000e+00
-3.400000035762786865e-01 3.799999952316284180e-01 1.055000019073486328e+01 3.100000000000000000e+01 -7.175000000000000000e+01 -1.637500000000000000e+01 1.581250000000000000e+02 -5.625000000000000000e+00 -4.937500000000000000e+00
-3.799999952316284180e-01 7.099999785423278809e-01 1.048999977111816406e+01 3.100000000000000000e+01 -7.175000000000000000e+01 -1.637500000000000000e+01 1.678125000000000000e+02 -1.037500000000000000e+01 -3.000000000000000000e+00
-4.300000071525573730e-01 7.300000190734863281e-01 1.022000026702880859e+01 3.175000000000000000e+01 -7.400000000000000000e+01 -1.150000000000000000e+01 1.770625000000000000e+02 -1.356250000000000000e+01 -6.875000000000000000e-01
-5.400000214576721191e-01 8.399999737739562988e-01 1.014000034332275391e+01 3.175000000000000000e+01 -7.400000000000000000e+01 -1.150000000000000000e+01 1.865000000000000000e+02 -1.506250000000000000e+01 1.812500000000000000e+00
-5.299999713897705078e-01 9.200000166893005371e-01 1.009000015258789062e+01 3.175000000000000000e+01 -7.400000000000000000e+01 -1.150000000000000000e+01 1.960625000000000000e+02 -1.806250000000000000e+01 2.187500000000000000e+00
-4.600000083446502686e-01 1.059999942779541016e+00 9.880000114440917969e+00 3.175000000000000000e+01 -7.400000000000000000e+01 -1.150000000000000000e+01 2.052500000000000000e+02 -2.056250000000000000e+01 -1.062500000000000000e+00
-3.000000119209289551e-01 1.360000014305114746e+00 9.680000305175781250e+00 3.175000000000000000e+01 -7.400000000000000000e+01 -1.150000000000000000e+01 2.112500000000000000e+02 -2.231250000000000000e+01 -6.750000000000000000e+00
-2.199999988079071045e-01 1.759999990463256836e+00 9.260000228881835938e+00 3.250000000000000000e+01 -7.475000000000000000e+01 -2.250000000000000000e+00 2.145000000000000000e+02 -2.300000000000000000e+01 -1.425000000000000000e+01
5.999999865889549255e-02 2.490000009536743164e+00 8.720000267028808594e+00 3.250000000000000000e+01 -7.475000000000000000e+01 -2.250000000000000000e+00 2.133125000000000000e+02 -2.337500000000000000e+01 -2.137500000000000000e+01
1.099999994039535522e-01 3.140000104904174805e+00 8.300000190734863281e+00 3.250000000000000000e+01 -7.475000000000000000e+01 -2.250000000000000000e+00 2.041250000000000000e+02 -2.437500000000000000e+01 -2.562500000000000000e+01
2.599999904632568359e-01 3.980000019073486328e+00 7.949999809265136719e+00 3.250000000000000000e+01 -7.475000000000000000e+01 -2.250000000000000000e+00 1.862500000000000000e+02 -2.237500000000000000e+01 -2.593750000000000000e+01
3.899999856948852539e-01 4.219999790191650391e+00 6.980000019073486328e+00 3.250000000000000000e+01 -7.475000000000000000e+01 -2.250000000000000000e+00 1.862500000000000000e+02 -2.237500000000000000e+01 -2.593750000000000000e+01
4.799999892711639404e-01 4.469999790191650391e+00 7.039999961853027344e+00 3.437500000000000000e+01 -7.506250000000000000e+01 8.562500000000000000e+00 1.653750000000000000e+02 -2.087500000000000000e+01 -2.625000000000000000e+01
2.500000000000000000e-01 4.920000076293945312e+00 6.650000095367431641e+00 3.437500000000000000e+01 -7.506250000000000000e+01 8.562500000000000000e+00 1.242500000000000000e+02 -1.975000000000000000e+01 -2.706250000000000000e+01
3.300000131130218506e-01 5.369999885559082031e+00 6.250000000000000000e+00 3.437500000000000000e+01 -7.506250000000000000e+01 8.562500000000000000e+00 1.035625000000000000e+02 -1.568750000000000000e+01 -2.487500000000000000e+01
3.000000119209289551e-01 6.199999809265136719e+00 6.199999809265136719e+00 3.437500000000000000e+01 -7.506250000000000000e+01 8.562500000000000000e+00 8.281250000000000000e+01 -9.062500000000000000e+00 -2.156250000000000000e+01
2.399999946355819702e-01 6.150000095367431641e+00 6.309999942779541016e+00 3.437500000000000000e+01 -7.506250000000000000e+01 8.562500000000000000e+00 8.281250000000000000e+01 -9.062500000000000000e+00 -2.156250000000000000e+01
2.000000029802322388e-01 6.409999847412109375e+00 6.550000190734863281e+00 3.837500000000000000e+01 -7.206250000000000000e+01 2.000000000000000000e+01 6.525000000000000000e+01 -2.062500000000000000e+00 -1.800000000000000000e+01
1.500000059604644775e-01 6.369999885559082031e+00 6.530000209808349609e+00 3.837500000000000000e+01 -7.206250000000000000e+01 2.000000000000000000e+01 2.843750000000000000e+01 5.250000000000000000e+00 -1.037500000000000000e+01
5.999999865889549255e-02 6.110000133514404297e+00 6.869999885559082031e+00 3.837500000000000000e+01 -7.206250000000000000e+01 2.000000000000000000e+01 1.100000000000000000e+01 5.687500000000000000e+00 -8.125000000000000000e+00
-5.999999865889549255e-02 5.980000019073486328e+00 6.900000095367431641e+00 3.837500000000000000e+01 -7.206250000000000000e+01 2.000000000000000000e+01 -9.375000000000000000e-01 7.000000000000000000e+00 -6.125000000000000000e+00
-1.700000017881393433e-01 5.750000000000000000e+00 7.110000133514404297e+00 3.837500000000000000e+01 -7.206250000000000000e+01 2.000000000000000000e+01 -9.375000000000000000e-01 7.000000000000000000e+00 -6.125000000000000000e+00
-3.300000131130218506e-01 5.800000190734863281e+00 7.550000190734863281e+00 4.175000000000000000e+01 -7.100000000000000000e+01 2.468750000000000000e+01 -8.750000000000000000e+00 7.875000000000000000e+00 -5.687500000000000000e+00
-4.000000059604644775e-01 5.949999809265136719e+00 7.760000228881835938e+00 4.175000000000000000e+01 -7.100000000000000000e+01 2.468750000000000000e+01 -1.787500000000000000e+01 5.625000000000000000e+00 -1.750000000000000000e+00
-4.099999964237213135e-01 5.769999980926513672e+00 8.060000419616699219e+00 4.175000000000000000e+01 -7.100000000000000000e+01 2.468750000000000000e+01 -1.662500000000000000e+01 2.687500000000000000e+00 1.187500000000000000e+00
-4.300000071525573730e-01 5.449999809265136719e+00 8.220000267028808594e+00 4.175000000000000000e+01 -7.100000000000000000e+01 2.468750000000000000e+01 -1.056250000000000000e+01 -3.125000000000000000e-01 2.125000000000000000e+00
-2.399999946355819702e-01 4.730000019073486328e+00 8.409999847412109375e+00 4.175000000000000000e+01 -7.100000000000000000e+01 2.468750000000000000e+01 -1.056250000000000000e+01 -3.125000000000000000e-01 2.125000000000000000e+00
-2.099999934434890747e-01 4.659999847412109375e+00 8.329999923706054688e+00 4.175000000000000000e+01 -7.087500000000000000e+01 2.456250000000000000e+01 -3.625000000000000000e+00 -2.437500000000000000e+00 9.375000000000000000e-01
-2.000000029802322388e-01 4.699999809265136719e+00 8.140000343322753906e+00 4.175000000000000000e+01 -7.087500000000000000e+01 2.456250000000000000e+01 3.250000000000000000e+00 -5.375000000000000000e+00 -1.875000000000000000e-01
-1.299999952316284180e-01 4.809999942779541016e+00 7.980000019073486328e+00 4.175000000000000000e+01 -7.087500000000000000e+01 2.456250000000000000e+01 3.250000000000000000e+00 -5.875000000000000000e+00 5.000000000000000000e-01
-3.999999910593032837e-02 5.250000000000000000e+00 7.710000038146972656e+00 4.175000000000000000e+01 -7.087500000000000000e+01 2.456250000000000000e+01 1.625000000000000000e+00 -5.500000000000000000e+00 2.000000000000000000e+00
0.000000000000000000e+00 5.280000209808349609e+00 7.739999771118164062e+00 4.175000000000000000e+01 -7.087500000000000000e+01 2.456250000000000000e+01 1.625000000000000000e+00 -5.500000000000000000e+00 2.000000000000000000e+00
5.000000074505805969e-02 5.130000114440917969e+00 7.659999847412109375e+00 4.137500000000000000e+01 -7.125000000000000000e+01 2.300000000000000000e+01 -1.625000000000000000e+00 -5.062500000000000000e+00 4.125000000000000000e+00
1.899999976158142090e-01 5.090000152587890625e+00 7.340000152587890625e+00 4.137500000000000000e+01 -7.125000000000000000e+01 2.300000000000000000e+01 -1.500000000000000000e+01 -2.875000000000000000e+00 5.937500000000000000e+00
2.399999946355819702e-01 5.099999904632568359e+00 7.130000114440917969e+00 4.137500000000000000e+01 -7.125000000000000000e+01 2.300000000000000000e+01 -2.618750000000000000e+01 -1.187500000000000000e+00 6.875000000000000000e+00
3.199999928474426270e-01 5.179999828338623047e+00 6.960000038146972656e+00 4.137500000000000000e+01 -7.125000000000000000e+01 2.300000000000000000e+01 -4.187500000000000000e+01 1.187500000000000000e+00 7.687500000000000000e+00
4.000000059604644775e-01 5.219999790191650391e+00 6.710000038146972656e+00 4.137500000000000000e+01 -7.125000000000000000e+01 2.300000000000000000e+01 -4.187500000000000000e+01 1.187500000000000000e+00 7.687500000000000000e+00
6.200000047683715820e-01 5.210000038146972656e+00 6.199999809265136719e+00 4.137500000000000000e+01 -7.050000000000000000e+01 2.375000000000000000e+01 -6.437500000000000000e+01 5.437500000000000000e+00 9.125000000000000000e+00
6.999999880790710449e-01 5.369999885559082031e+00 5.739999771118164062e+00 4.137500000000000000e+01 -7.050000000000000000e+01 2.375000000000000000e+01 -1.389375000000000000e+02 2.062500000000000000e+01 1.725000000000000000e+01
6.499999761581420898e-01 5.539999961853027344e+00 5.170000076293945312e+00 4.137500000000000000e+01 -7.050000000000000000e+01 2.375000000000000000e+01 -1.878750000000000000e+02 3.356250000000000000e+01 2.437500000000000000e+01
5.600000023841857910e-01 5.769999980926513672e+00 4.940000057220458984e+00 4.137500000000000000e+01 -7.050000000000000000e+01 2.375000000000000000e+01 -2.380000000000000000e+02 4.725000000000000000e+01 3.312500000000000000e+01
2.399999946355819702e-01 5.420000076293945312e+00 5.780000209808349609e+00 4.137500000000000000e+01 -7.050000000000000000e+01 2.375000000000000000e+01 -2.380000000000000000e+02 4.725000000000000000e+01 3.312500000000000000e+01
5.999999865889549255e-02 4.760000228881835938e+00 6.829999923706054688e+00 3.987500000000000000e+01 -7.150000000000000000e+01 1.887500000000000000e+01 -2.864375000000000000e+02 5.831250000000000000e+01 4.162500000000000000e+01
-2.199999988079071045e-01 3.960000038146972656e+00 7.599999904632568359e+00 3.987500000000000000e+01 -7.150000000000000000e+01 1.887500000000000000e+01 -3.746875000000000000e+02 6.506250000000000000e+01 5.075000000000000000e+01
-4.699999988079071045e-01 2.109999895095825195e+00 9.239999771118164062e+00 3.987500000000000000e+01 -7.150000000000000000e+01 1.887500000000000000e+01 -4.114375000000000000e+02 5.956250000000000000e+01 5.093750000000000000e+01
-3.400000035762786865e-01 1.419999957084655762e+00 1.142000007629394531e+01 3.987500000000000000e+01 -7.150000000000000000e+01 1.887500000000000000e+01 -4.320000000000000000e+02 4.393750000000000000e+01 4.537500000000000000e+01
-5.099999904632568359e-01 -9.300000071525573730e-01 1.567000007629394531e+01 3.987500000000000000e+01 -7.150000000000000000e+01 1.887500000000000000e+01 -4.320000000000000000e+02 4.393750000000000000e+01 4.537500000000000000e+01
-8.399999737739562988e-01 -1.350000023841857910e+00 1.401000022888183594e+01 3.356250000000000000e+01 -7.475000000000000000e+01 3.375000000000000000e+00 -3.936875000000000000e+02 6.812500000000000000e+00 3.050000000000000000e+01
-1.889999985694885254e+00 -1.309999942779541016e+00 1.240999984741210938e+01 3.356250000000000000e+01 -7.475000000000000000e+01 3.375000000000000000e+00 -2.564375000000000000e+02 -3.068750000000000000e+01 1.668750000000000000e+01
-1.470000028610229492e+00 -1.529999971389770508e+00 1.080000019073486328e+01 3.356250000000000000e+01 -7.475000000000000000e+01 3.375000000000000000e+00 -1.967500000000000000e+02 -2.800000000000000000e+01 1.237500000000000000e+01
-1.549999952316284180e+00 -2.210000038146972656e+00 9.239999771118164062e+00 3.356250000000000000e+01 -7.475000000000000000e+01 3.375000000000000000e+00 -1.386250000000000000e+02 -1.575000000000000000e+01 3.312500000000000000e+00
-2.019999980926513672e+00 -2.990000009536743164e+00 8.399999618530273438e+00 3.356250000000000000e+01 -7.475000000000000000e+01 3.375000000000000000e+00 -1.386250000000000000e+02 -1.575000000000000000e+01 3.312500000000000000e+00
-1.230000019073486328e+00 -3.150000095367431641e+00 8.159999847412109375e+00 3.100000000000000000e+01 -7.237500000000000000e+01 -1.625000000000000000e+01 -8.706250000000000000e+01 -7.562500000000000000e+00 -6.562500000000000000e+00
-7.200000286102294922e-01 -3.170000076293945312e+00 8.460000038146972656e+00 3.100000000000000000e+01 -7.237500000000000000e+01 -1.625000000000000000e+01 -1.793750000000000000e+01 -3.937500000000000000e+00 -1.212500000000000000e+01
-3.400000035762786865e-01 -3.039999961853027344e+00 8.710000038146972656e+00 3.100000000000000000e+01 -7.237500000000000000e+01 -1.625000000000000000e+01 8.062500000000000000e+00 -4.562500000000000000e+00 -1.262500000000000000e+01
1.700000017881393433e-01 -2.299999952316284180e+00 9.050000190734863281e+00 3.100000000000000000e+01 -7.237500000000000000e+01 -1.625000000000000000e+01 2.850000000000000000e+01 -5.625000000000000000e+00 -1.212500000000000000e+01
3.600000143051147461e-01 -1.730000019073486328e+00 9.140000343322753906e+00 3.100000000000000000e+01 -7.237500000000000000e+01 -1.625000000000000000e+01 2.850000000000000000e+01 -5.625000000000000000e+00 -1.212500000000000000e+01
4.600000083446502686e-01 -1.220000028610229492e+00 9.149999618530273438e+00 2.987500000000000000e+01 -6.975000000000000000e+01 -2.118750000000000000e+01 4.118750000000000000e+01 -5.687500000000000000e+00 -9.937500000000000000e+00
4.099999964237213135e-01 -8.600000143051147461e-01 9.159999847412109375e+00 2.987500000000000000e+01 -6.975000000000000000e+01 -2.118750000000000000e+01 4.618750000000000000e+01 -4.250000000000000000e+00 -5.375000000000000000e+00
2.599999904632568359e-01 -5.500000119209289551e-01 9.300000190734863281e+00 2.987500000000000000e+01 -6.975000000000000000e+01 -2.118750000000000000e+01 4.137500000000000000e+01 -3.437500000000000000e+00 -3.562500000000000000e+00
1.700000017881393433e-01 -5.500000119209289551e-01 9.430000305175781250e+00 2.987500000000000000e+01 -6.975000000000000000e+01 -2.118750000000000000e+01 3.431250000000000000e+01 -1.500000000000000000e+00 -1.937500000000000000e+00
9.000000357627868652e-02 -5.500000119209289551e-01 9.550000190734863281e+00 2.987500000000000000e+01 -6.975000000000000000e+01 -2.118750000000000000e+01 3.431250000000000000e+01 -1.500000000000000000e+00 -1.937500000000000000e+00
3.999999910593032837e-02 -6.200000047683715820e-01 9.659999847412109375e+00 2.975000000000000000e+01 -7.068750000000000000e+01 -2.125000000000000000e+01 2.531250000000000000e+01 1.250000000000000000e-01 -9.375000000000000000e-01
-1.199999973177909851e-01 -6.700000166893005371e-01 9.449999809265136719e+00 2.975000000000000000e+01 -7.068750000000000000e+01 -2.125000000000000000e+01 1.075000000000000000e+01 1.937500000000000000e+00 0.000000000000000000e+00
-1.400000005960464478e-01 -6.899999976158142090e-01 9.399999618530273438e+00 2.975000000000000000e+01 -7.068750000000000000e+01 -2.125000000000000000e+01 6.062500000000000000e+00 2.937500000000000000e+00 1.250000000000000000e-01
-1.899999976158142090e-01 -7.699999809265136719e-01 9.470000267028808594e+00 2.975000000000000000e+01 -7.068750000000000000e+01 -2.125000000000000000e+01 3.125000000000000000e+00 3.875000000000000000e+00 0.000000000000000000e+00
-2.199999988079071045e-01 -1.039999961853027344e+00 9.529999732971191406e+00 2.975000000000000000e+01 -7.068750000000000000e+01 -2.125000000000000000e+01 3.125000000000000000e+00 3.875000000000000000e+00 0.000000000000000000e+00
-2.000000029802322388e-01 -1.129999995231628418e+00 9.479999542236328125e+00 3.018750000000000000e+01 -7.125000000000000000e+01 -2.006250000000000000e+01 2.937500000000000000e+00 3.750000000000000000e+00 -2.500000000000000000e-01
-2.199999988079071045e-01 -1.210000038146972656e+00 9.449999809265136719e+00 3.018750000000000000e+01 -7.125000000000000000e+01 -2.006250000000000000e+01 5.062500000000000000e+00 2.437500000000000000e+00 -1.437500000000000000e+00
-2.000000029802322388e-01 -1.279999971389770508e+00 9.420000076293945312e+00 3.018750000000000000e+01 -7.125000000000000000e+01 -2.006250000000000000e+01 6.187500000000000000e+00 1.437500000000000000e+00 -2.187500000000000000e+00
-3.000000119209289551e-01 -1.159999966621398926e+00 9.260000228881835938e+00 3.018750000000000000e+01 -7.125000000000000000e+01 -2.006250000000000000e+01 6.812500000000000000e+00 5.000000000000000000e-01 -2.312500000000000000e+00
-3.000000119209289551e-01 -1.049999952316284180e+00 9.260000228881835938e+00 3.018750000000000000e+01 -7.125000000000000000e+01 -2.006250000000000000e+01 6.812500000000000000e+00 5.000000000000000000e-01 -2.312500000000000000e+00
-2.899999916553497314e-01 -1.029999971389770508e+00 9.319999694824218750e+00 3.168750000000000000e+01 -7.018750000000000000e+01 -1.975000000000000000e+01 7.187500000000000000e+00 -1.875000000000000000e-01 -2.437500000000000000e+00
-2.899999916553497314e-01 -1.029999971389770508e+00 9.350000381469726562e+00 3.168750000000000000e+01 -7.018750000000000000e+01 -1.975000000000000000e+01 7.687500000000000000e+00 -1.500000000000000000e+00 -3.625000000000000000e+00
-3.700000047683715820e-01 -8.399999737739562988e-01 9.399999618530273438e+00 3.168750000000000000e+01 -7.018750000000000000e+01 -1.975000000000000000e+01 8.437500000000000000e+00 -1.812500000000000000e+00 -3.812500000000000000e+00
-3.499999940395355225e-01 -8.100000023841857910e-01 9.439999580383300781e+00 3.168750000000000000e+01 -7.018750000000000000e+01 -1.975000000000000000e+01 8.875000000000000000e+00 -2.125000000000000000e+00 -4.062500000000000000e+00
-3.499999940395355225e-01 -8.100000023841857910e-01 9.470000267028808594e+00 3.168750000000000000e+01 -7.018750000000000000e+01 -1.975000000000000000e+01 8.875000000000000000e+00 -2.125000000000000000e+00 -4.062500000000000000e+00
-3.799999952316284180e-01 -3.300000131130218506e-01 9.359999656677246094e+00 3.087500000000000000e+01 -7.156250000000000000e+01 -1.856250000000000000e+01 9.687500000000000000e+00 -2.125000000000000000e+00 -4.500000000000000000e+00
-3.499999940395355225e-01 -7.999999821186065674e-02 9.199999809265136719e+00 3.087500000000000000e+01 -7.156250000000000000e+01 -1.856250000000000000e+01 6.625000000000000000e+00 -2.500000000000000000e+00 -3.437500000000000000e+00
-3.400000035762786865e-01 -2.300000041723251343e-01 9.159999847412109375e+00 3.087500000000000000e+01 -7.156250000000000000e+01 -1.856250000000000000e+01 4.875000000000000000e+00 -2.500000000000000000e+00 -2.437500000000000000e+00
-3.100000023841857910e-01 -2.599999904632568359e-01 9.390000343322753906e+00 3.087500000000000000e+01 -7.156250000000000000e+01 -1.856250000000000000e+01 3.875000000000000000e+00 -1.750000000000000000e+00 -2.125000000000000000e+00
-2.000000029802322388e-01 -2.500000000000000000e-01 9.630000114440917969e+00 3.087500000000000000e+01 -7.156250000000000000e+01 -1.856250000000000000e+01 3.875000000000000000e+00 -1.750000000000000000e+00 -2.125000000000000000e+00
-1.899999976158142090e-01 -1.599999964237213135e-01 9.579999923706054688e+00 3.056250000000000000e+01 -7.237500000000000000e+01 -1.856250000000000000e+01 3.125000000000000000e+00 -1.187500000000000000e+00 -1.875000000000000000e+00
-2.300000041723251343e-01 -1.999999955296516418e-02 9.460000038146972656e+00 3.056250000000000000e+01 -7.237500000000000000e+01 -1.856250000000000000e+01 -9.375000000000000000e-01 -1.000000000000000000e+00 -1.000000000000000000e+00
-2.099999934434890747e-01 0.000000000000000000e+00 9.289999961853027344e+00 3.056250000000000000e+01 -7.237500000000000000e+01 -1.856250000000000000e+01 -3.375000000000000000e+00 -5.625000000000000000e-01 -3.125000000000000000e-01
-1.400000005960464478e-01 -2.800000011920928955e-01 9.289999961853027344e+00 3.056250000000000000e+01 -7.237500000000000000e+01 -1.856250000000000000e+01 -4.062500000000000000e+00 7.500000000000000000e-01 0.000000000000000000e+00
-1.700000017881393433e-01 -3.600000143051147461e-01 9.439999580383300781e+00 3.056250000000000000e+01 -7.237500000000000000e+01 -1.856250000000000000e+01 -4.062500000000000000e+00 7.500000000000000000e-01 0.000000000000000000e+00
-1.700000017881393433e-01 -3.899999856948852539e-01 9.489999771118164062e+00 3.087500000000000000e+01 -7.118750000000000000e+01 -1.737500000000000000e+01 -4.000000000000000000e+00 1.250000000000000000e+00 2.500000000000000000e-01
-2.000000029802322388e-01 -4.099999964237213135e-01 9.420000076293945312e+00 3.087500000000000000e+01 -7.118750000000000000e+01 -1.737500000000000000e+01 -5.625000000000000000e+00 8.125000000000000000e-01 8.125000000000000000e-01
-2.199999988079071045e-01 -3.600000143051147461e-01 9.359999656677246094e+00 3.087500000000000000e+01 -7.118750000000000000e+01 -1.737500000000000000e+01 -7.500000000000000000e+00 4.375000000000000000e-01 1.000000000000000000e+00
-2.199999988079071045e-01 -4.399999976158142090e-01 9.319999694824218750e+00 3.087500000000000000e+01 -7.118750000000000000e+01 -1.737500000000000000e+01 -8.187500000000000000e+00 -5.000000000000000000e-01 1.000000000000000000e+00
-2.500000000000000000e-01 -6.700000166893005371e-01 9.329999923706054688e+00 3.087500000000000000e+01 -7.118750000000000000e+01 -1.737500000000000000e+01 -8.187500000000000000e+00 -5.000000000000000000e-01 1.000000000000000000e+00
-2.700000107288360596e-01 -6.299999952316284180e-01 9.390000343322753906e+00 3.056250000000000000e+01 -7.087500000000000000e+01 -1.775000000000000000e+01 -7.000000000000000000e+00 -9.375000000000000000e-01 9.375000000000000000e-01
