-2.800000011920928955e-01 -2.599999904632568359e-01 9.390000343322753906e+00 8.187500000000000000e+00 -6.750000000000000000e+01 -1.675000000000000000e+01 2.125000000000000000e+00 -1.250000000000000000e-01 5.000000000000000000e-01
-3.300000131130218506e-01 -2.899999916553497314e-01 9.430000305175781250e+00 8.187500000000000000e+00 -6.750000000000000000e+01 -1.675000000000000000e+01 2.250000000000000000e+00 -7.500000000000000000e-01 5.625000000000000000e-01
-3.199999928474426270e-01 -3.400000035762786865e-01 9.539999961853027344e+00 8.187500000000000000e+00 -6.750000000000000000e+01 -1.675000000000000000e+01 3.437500000000000000e+00 -1.812500000000000000e+00 6.875000000000000000e-01
-3.000000119209289551e-01 -4.900000095367431641e-01 9.810000419616699219e+00 6.375000000000000000e+00 -6.637500000000000000e+01 -1.756250000000000000e+01 5.187500000000000000e+00 -4.125000000000000000e+00 6.250000000000000000e-01
-3.600000143051147461e-01 -5.000000000000000000e-01 1.003999996185302734e+01 6.375000000000000000e+00 -6.637500000000000000e+01 -1.756250000000000000e+01 6.062500000000000000e+00 -8.125000000000000000e+00 5.625000000000000000e-01
-3.600000143051147461e-01 -4.000000059604644775e-01 1.018999958038330078e+01 6.375000000000000000e+00 -6.637500000000000000e+01 -1.756250000000000000e+01 5.937500000000000000e+00 -1.443750000000000000e+01 1.875000000000000000e-01
-3.499999940395355225e-01 -1.599999964237213135e-01 1.006999969482421875e+01 6.375000000000000000e+00 -6.637500000000000000e+01 -1.756250000000000000e+01 3.000000000000000000e+00 -2.281250000000000000e+01 6.875000000000000000e-01
-4.799999892711639404e-01 -7.999999821186065674e-02 1.000000000000000000e+01 6.375000000000000000e+00 -6.637500000000000000e+01 -1.756250000000000000e+01 -1.375000000000000000e+00 -3.218750000000000000e+01 1.625000000000000000e+00
-4.199999868869781494e-01 1.000000014901161194e-01 1.027000045776367188e+01 7.500000000000000000e+00 -6.675000000000000000e+01 -1.756250000000000000e+01 -4.875000000000000000e+00 -4.200000000000000000e+01 3.375000000000000000e+00
-5.199999809265136719e-01 1.299999952316284180e-01 1.059000015258789062e+01 7.500000000000000000e+00 -6.675000000000000000e+01 -1.756250000000000000e+01 -8.562500000000000000e+00 -5.381250000000000000e+01 5.937500000000000000e+00
-5.600000023841857910e-01 -3.300000131130218506e-01 1.085000038146972656e+01 7.500000000000000000e+00 -6.675000000000000000e+01 -1.756250000000000000e+01 -1.125000000000000000e+01 -6.825000000000000000e+01 7.750000000000000000e+00
-6.800000071525573730e-01 -4.799999892711639404e-01 1.218000030517578125e+01 7.500000000000000000e+00 -6.675000000000000000e+01 -1.756250000000000000e+01 -1.206250000000000000e+01 -8.500000000000000000e+01 6.562500000000000000e+00
-7.900000214576721191e-01 -3.899999856948852539e-01 1.271000003814697266e+01 7.500000000000000000e+00 -6.675000000000000000e+01 -1.756250000000000000e+01 -1.212500000000000000e+01 -1.067500000000000000e+02 5.312500000000000000e+00
-8.700000047683715820e-01 -3.899999856948852539e-01 1.269999980926513672e+01 5.687500000000000000e+00 -6.675000000000000000e+01 -1.756250000000000000e+01 -1.275000000000000000e+01 -1.295000000000000000e+02 4.312500000000000000e+00
-8.899999856948852539e-01 -5.299999713897705078e-01 1.221000003814697266e+01 5.687500000000000000e+00 -6.675000000000000000e+01 -1.756250000000000000e+01 -1.162500000000000000e+01 -1.446250000000000000e+02 1.562500000000000000e+00
-2.899999916553497314e-01 -6.200000047683715820e-01 1.142000007629394531e+01 5.687500000000000000e+00 -6.675000000000000000e+01 -1.756250000000000000e+01 -9.562500000000000000e+00 -1.535000000000000000e+02 -2.312500000000000000e+00
1.500000059604644775e-01 -4.099999964237213135e-01 1.132999992370605469e+01 5.687500000000000000e+00 -6.675000000000000000e+01 -1.756250000000000000e+01 -8.937500000000000000e+00 -1.590625000000000000e+02 -6.250000000000000000e+00
8.999999761581420898e-01 7.000000029802322388e-02 1.152999973297119141e+01 5.687500000000000000e+00 -6.675000000000000000e+01 -1.756250000000000000e+01 -7.937500000000000000e+00 -1.631875000000000000e+02 -7.500000000000000000e+00
1.700000047683715820e+00 7.599999904632568359e-01 1.085999965667724609e+01 4.500000000000000000e+00 -6.856250000000000000e+01 -1.718750000000000000e+01 -4.812500000000000000e+00 -1.663125000000000000e+02 -4.250000000000000000e+00
1.639999985694885254e+00 4.199999868869781494e-01 1.003999996185302734e+01 4.500000000000000000e+00 -6.856250000000000000e+01 -1.718750000000000000e+01 8.750000000000000000e-01 -1.680000000000000000e+02 2.250000000000000000e+00
1.919999957084655762e+00 -3.999999910593032837e-02 9.069999694824218750e+00 4.500000000000000000e+00 -6.856250000000000000e+01 -1.718750000000000000e+01 8.562500000000000000e+00 -1.679375000000000000e+02 7.187500000000000000e+00
2.569999933242797852e+00 -1.800000071525573730e-01 8.199999809265136719e+00 4.500000000000000000e+00 -6.856250000000000000e+01 -1.718750000000000000e+01 1.450000000000000000e+01 -1.640000000000000000e+02 8.875000000000000000e+00
2.799999952316284180e+00 -5.699999928474426270e-01 6.219999790191650391e+00 4.500000000000000000e+00 -6.856250000000000000e+01 -1.718750000000000000e+01 2.100000000000000000e+01 -1.535000000000000000e+02 8.937500000000000000e+00
3.069999933242797852e+00 -8.999999761581420898e-01 5.980000019073486328e+00 2.687500000000000000e+00 -7.375000000000000000e+01 -1.675000000000000000e+01 2.531250000000000000e+01 -1.366875000000000000e+02 1.025000000000000000e+01
3.789999961853027344e+00 -1.350000023841857910e+00 6.079999923706054688e+00 2.687500000000000000e+00 -7.375000000000000000e+01 -1.675000000000000000e+01 2.050000000000000000e+01 -1.185000000000000000e+02 9.250000000000000000e+00
3.950000047683715820e+00 -1.070000052452087402e+00 6.269999980926513672e+00 2.687500000000000000e+00 -7.375000000000000000e+01 -1.675000000000000000e+01 5.062500000000000000e+00 -1.020000000000000000e+02 7.562500000000000000e+00
3.930000066757202148e+00 -7.799999713897705078e-01 5.849999904632568359e+00 2.687500000000000000e+00 -7.375000000000000000e+01 -1.675000000000000000e+01 -1.325000000000000000e+01 -9.075000000000000000e+01 7.250000000000000000e+00
4.019999980926513672e+00 -6.299999952316284180e-01 5.400000095367431641e+00 2.687500000000000000e+00 -7.375000000000000000e+01 -1.675000000000000000e+01 -2.268750000000000000e+01 -7.843750000000000000e+01 6.562500000000000000e+00
4.139999866485595703e+00 -5.899999737739562988e-01 5.369999885559082031e+00 6.875000000000000000e-01 -7.818750000000000000e+01 -1.718750000000000000e+01 -2.031250000000000000e+01 -6.381250000000000000e+01 4.875000000000000000e+00
4.570000171661376953e+00 -4.000000059604644775e-01 6.250000000000000000e+00 6.875000000000000000e-01 -7.818750000000000000e+01 -1.718750000000000000e+01 -1.168750000000000000e+01 -4.950000000000000000e+01 2.375000000000000000e+00
4.650000095367431641e+00 -3.300000131130218506e-01 7.090000152587890625e+00 6.875000000000000000e-01 -7.818750000000000000e+01 -1.718750000000000000e+01 -3.187500000000000000e+00 -3.900000000000000000e+01 6.875000000000000000e-01
4.699999809265136719e+00 -1.899999976158142090e-01 7.670000076293945312e+00 6.875000000000000000e-01 -7.818750000000000000e+01 -1.718750000000000000e+01 2.375000000000000000e+00 -3.393750000000000000e+01 5.625000000000000000e-01
4.719999790191650391e+00 -7.000000029802322388e-02 8.039999961853027344e+00 6.875000000000000000e-01 -7.818750000000000000e+01 -1.718750000000000000e+01 4.187500000000000000e+00 -3.037500000000000000e+01 2.562500000000000000e+00
4.659999847412109375e+00 -1.700000017881393433e-01 8.279999732971191406e+00 -3.750000000000000000e-01 -8.187500000000000000e+01 -1.800000000000000000e+01 2.625000000000000000e+00 -2.868750000000000000e+01 5.562500000000000000e+00
4.630000114440917969e+00 -3.899999856948852539e-01 8.069999694824218750e+00 -3.750000000000000000e-01 -8.187500000000000000e+01 -1.800000000000000000e+01 -2.500000000000000000e-01 -2.775000000000000000e+01 8.187500000000000000e+00
4.460000038146972656e+00 -6.600000262260437012e-01 8.000000000000000000e+00 -3.750000000000000000e-01 -8.187500000000000000e+01 -1.800000000000000000e+01 -2.375000000000000000e+00 -2.693750000000000000e+01 8.937500000000000000e+00
4.289999961853027344e+00 -6.999999880790710449e-01 7.570000171661376953e+00 -3.750000000000000000e-01 -8.187500000000000000e+01 -1.800000000000000000e+01 -3.312500000000000000e+00 -2.450000000000000000e+01 8.812500000000000000e+00
4.230000019073486328e+00 -6.899999976158142090e-01 7.449999809265136719e+00 -3.750000000000000000e-01 -8.187500000000000000e+01 -1.800000000000000000e+01 -3.625000000000000000e+00 -2.056250000000000000e+01 8.312500000000000000e+00
4.170000076293945312e+00 -6.700000166893005371e-01 7.380000114440917969e+00 -1.187500000000000000e+00 -8.287500000000000000e+01 -1.825000000000000000e+01 -2.937500000000000000e+00 -1.593750000000000000e+01 7.687500000000000000e+00
4.190000057220458984e+00 -6.700000166893005371e-01 7.300000190734863281e+00 -1.187500000000000000e+00 -8.287500000000000000e+01 -1.825000000000000000e+01 -1.687500000000000000e+00 -1.162500000000000000e+01 7.375000000000000000e+00
4.030000209808349609e+00 -6.899999976158142090e-01 7.269999980926513672e+00 -1.187500000000000000e+00 -8.287500000000000000e+01 -1.825000000000000000e+01 -1.875000000000000000e-01 -7.312500000000000000e+00 7.062500000000000000e+00
4.030000209808349609e+00 -8.199999928474426270e-01 7.340000152587890625e+00 -1.187500000000000000e+00 -8.287500000000000000e+01 -1.825000000000000000e+01 3.125000000000000000e-01 -2.500000000000000000e+00 6.562500000000000000e+00
4.079999923706054688e+00 -8.899999856948852539e-01 7.539999961853027344e+00 -1.187500000000000000e+00 -8.287500000000000000e+01 -1.825000000000000000e+01 0.000000000000000000e+00 2.250000000000000000e+00 5.437500000000000000e+00
3.990000009536743164e+00 -7.900000214576721191e-01 7.650000095367431641e+00 -3.000000000000000000e+00 -8.218750000000000000e+01 -1.787500000000000000e+01 -1.437500000000000000e+00 5.562500000000000000e+00 4.062500000000000000e+00
3.880000114440917969e+00 -7.900000214576721191e-01 6.940000057220458984e+00 -3.000000000000000000e+00 -8.218750000000000000e+01 -1.787500000000000000e+01 -3.250000000000000000e+00 9.750000000000000000e+00 3.125000000000000000e+00
3.990000009536743164e+00 -8.000000119209289551e-01 6.409999847412109375e+00 -3.000000000000000000e+00 -8.218750000000000000e+01 -1.787500000000000000e+01 -2.125000000000000000e+00 1.750000000000000000e+01 1.312500000000000000e+00
3.960000038146972656e+00 -8.799999952316284180e-01 5.949999809265136719e+00 -3.000000000000000000e+00 -8.218750000000000000e+01 -1.787500000000000000e+01 1.562500000000000000e+00 2.893750000000000000e+01 -1.125000000000000000e+00
3.700000047683715820e+00 -6.800000071525573730e-01 5.500000000000000000e+00 -3.000000000000000000e+00 -8.218750000000000000e+01 -1.787500000000000000e+01 7.250000000000000000e+00 4.218750000000000000e+01 -4.437500000000000000e+00
3.579999923706054688e+00 -5.400000214576721191e-01 5.179999828338623047e+00 -3.750000000000000000e+00 -8.287500000000000000e+01 -1.868750000000000000e+01 1.200000000000000000e+01 5.568750000000000000e+01 -7.437500000000000000e+00
3.319999933242797852e+00 -3.700000047683715820e-01 4.570000171661376953e+00 -3.750000000000000000e+00 -8.287500000000000000e+01 -1.868750000000000000e+01 1.568750000000000000e+01 7.093750000000000000e+01 -9.312500000000000000e+00
3.039999961853027344e+00 -2.599999904632568359e-01 3.710000038146972656e+00 -3.750000000000000000e+00 -8.287500000000000000e+01 -1.868750000000000000e+01 2.237500000000000000e+01 9.037500000000000000e+01 -1.087500000000000000e+01
2.240000009536743164e+00 -7.500000000000000000e-01 1.600000023841857910e+00 -3.750000000000000000e+00 -8.287500000000000000e+01 -1.868750000000000000e+01 3.068750000000000000e+01 1.161875000000000000e+02 -1.268750000000000000e+01
2.910000085830688477e+00 -7.500000000000000000e-01 1.919999957084655762e+00 -3.750000000000000000e+00 -8.287500000000000000e+01 -1.868750000000000000e+01 3.818750000000000000e+01 1.510000000000000000e+02 -1.675000000000000000e+01
3.759999990463256836e+00 -8.199999928474426270e-01 3.700000047683715820e+00 -2.562500000000000000e+00 -8.137500000000000000e+01 -1.750000000000000000e+01 2.956250000000000000e+01 1.963750000000000000e+02 -1.918750000000000000e+01
3.140000104904174805e+00 -5.600000023841857910e-01 5.530000209808349609e+00 -2.562500000000000000e+00 -8.137500000000000000e+01 -1.750000000000000000e+01 4.187500000000000000e+00 2.334375000000000000e+02 -2.143750000000000000e+01
2.230000019073486328e+00 1.070000052452087402e+00 1.023999977111816406e+01 -2.562500000000000000e+00 -8.137500000000000000e+01 -1.750000000000000000e+01 -2.387500000000000000e+01 2.585625000000000000e+02 -1.937500000000000000e+01
2.380000114440917969e+00 2.119999885559082031e+00 1.363000011444091797e+01 -2.562500000000000000e+00 -8.137500000000000000e+01 -1.750000000000000000e+01 -5.081250000000000000e+01 2.663125000000000000e+02 -1.075000000000000000e+01
1.289999961853027344e+00 2.220000028610229492e+00 1.692000007629394531e+01 -2.562500000000000000e+00 -8.137500000000000000e+01 -1.750000000000000000e+01 -6.925000000000000000e+01 2.491875000000000000e+02 1.312500000000000000e+00
4.600000083446502686e-01 -2.800000011920928955e-01 1.962999916076660156e+01 3.750000000000000000e-01 -7.518750000000000000e+01 -1.506250000000000000e+01 -6.881250000000000000e+01 2.028750000000000000e+02 1.400000000000000000e+01
5.099999904632568359e-01 -1.409999966621398926e+00 1.845000076293945312e+01 3.750000000000000000e-01 -7.518750000000000000e+01 -1.506250000000000000e+01 -4.406250000000000000e+01 1.418125000000000000e+02 1.725000000000000000e+01
6.700000166893005371e-01 -1.769999980926513672e+00 1.523999977111816406e+01 3.750000000000000000e-01 -7.518750000000000000e+01 -1.506250000000000000e+01 -1.850000000000000000e+01 9.043750000000000000e+01 1.100000000000000000e+01
5.099999904632568359e-01 -2.029999971389770508e+00 1.155000019073486328e+01 3.750000000000000000e-01 -7.518750000000000000e+01 -1.506250000000000000e+01 -3.187500000000000000e+00 6.268750000000000000e+01 4.312500000000000000e+00
-2.999999932944774628e-02 -1.909999966621398926e+00 7.360000133514404297e+00 3.750000000000000000e-01 -7.518750000000000000e+01 -1.506250000000000000e+01 7.187500000000000000e+00 5.775000000000000000e+01 -8.125000000000000000e-01
-5.000000074505805969e-02 -1.509999990463256836e+00 7.780000209808349609e+00 4.375000000000000000e+00 -6.850000000000000000e+01 -1.956250000000000000e+01 1.425000000000000000e+01 6.368750000000000000e+01 -5.187500000000000000e+00
-9.000000357627868652e-02 -1.110000014305114746e+00 8.960000038146972656e+00 4.375000000000000000e+00 -6.850000000000000000e+01 -1.956250000000000000e+01 1.706250000000000000e+01 6.737500000000000000e+01 -7.250000000000000000e+00
-1.000000014901161194e-01 -6.999999880790710449e-01 1.034000015258789062e+01 4.375000000000000000e+00 -6.850000000000000000e+01 -1.956250000000000000e+01 1.925000000000000000e+01 6.193750000000000000e+01 -6.250000000000000000e+00
-3.400000035762786865e-01 -7.500000000000000000e-01 1.098999977111816406e+01 4.375000000000000000e+00 -6.850000000000000000e+01 -1.956250000000000000e+01 2.231250000000000000e+01 5.062500000000000000e+01 -4.562500000000000000e+00
-3.700000047683715820e-01 -7.599999904632568359e-01 1.078999996185302734e+01 4.375000000000000000e+00 -6.850000000000000000e+01 -1.956250000000000000e+01 2.562500000000000000e+01 3.968750000000000000e+01 -4.312500000000000000e+00
-4.199999868869781494e-01 -7.699999809265136719e-01 1.043000030517578125e+01 5.875000000000000000e+00 -6.550000000000000000e+01 -1.987500000000000000e+01 2.612500000000000000e+01 3.062500000000000000e+01 -4.750000000000000000e+00
-4.000000059604644775e-01 -4.399999976158142090e-01 9.600000381469726562e+00 5.875000000000000000e+00 -6.550000000000000000e+01 -1.987500000000000000e+01 2.362500000000000000e+01 2.518750000000000000e+01 -5.312500000000000000e+00
-4.300000071525573730e-01 -2.300000041723251343e-01 9.399999618530273438e+00 5.875000000000000000e+00 -6.550000000000000000e+01 -1.987500000000000000e+01 1.968750000000000000e+01 2.231250000000000000e+01 -5.437500000000000000e+00
-2.599999904632568359e-01 -1.500000059604644775e-01 9.350000381469726562e+00 5.875000000000000000e+00 -6.550000000000000000e+01 -1.987500000000000000e+01 1.612500000000000000e+01 2.075000000000000000e+01 -5.875000000000000000e+00
-2.199999988079071045e-01 -7.999999821186065674e-02 9.369999885559082031e+00 5.875000000000000000e+00 -6.550000000000000000e+01 -1.987500000000000000e+01 1.231250000000000000e+01 1.893750000000000000e+01 -5.500000000000000000e+00
-1.400000005960464478e-01 -2.999999932944774628e-02 9.439999580383300781e+00 5.750000000000000000e+00 -6.700000000000000000e+01 -1.787500000000000000e+01 8.625000000000000000e+00 1.725000000000000000e+01 -5.375000000000000000e+00
-1.800000071525573730e-01 -7.999999821186065674e-02 9.550000190734863281e+00 5.750000000000000000e+00 -6.700000000000000000e+01 -1.787500000000000000e+01 5.000000000000000000e+00 1.537500000000000000e+01 -4.500000000000000000e+00
-2.099999934434890747e-01 -7.000000029802322388e-02 9.619999885559082031e+00 5.750000000000000000e+00 -6.700000000000000000e+01 -1.787500000000000000e+01 1.500000000000000000e+00 1.362500000000000000e+01 -4.125000000000000000e+00
-2.099999934434890747e-01 -9.000000357627868652e-02 9.689999580383300781e+00 5.750000000000000000e+00 -6.700000000000000000e+01 -1.787500000000000000e+01 -1.625000000000000000e+00 1.175000000000000000e+01 -3.687500000000000000e+00
-1.800000071525573730e-01 -1.400000005960464478e-01 9.520000457763671875e+00 5.750000000000000000e+00 -6.700000000000000000e+01 -1.787500000000000000e+01 -3.937500000000000000e+00 9.937500000000000000e+00 -3.187500000000000000e+00
-1.500000059604644775e-01 -1.700000017881393433e-01 9.430000305175781250e+00 5.500000000000000000e+00 -6.668750000000000000e+01 -1.706250000000000000e+01 -4.812500000000000000e+00 8.812500000000000000e+00 -2.812500000000000000e+00
-1.700000017881393433e-01 -2.000000029802322388e-01 9.300000190734863281e+00 5.500000000000000000e+00 -6.668750000000000000e+01 -1.706250000000000000e+01 -4.437500000000000000e+00 7.875000000000000000e+00 -2.875000000000000000e+00
-1.700000017881393433e-01 -1.800000071525573730e-01 9.260000228881835938e+00 5.500000000000000000e+00 -6.668750000000000000e+01 -1.706250000000000000e+01 -3.437500000000000000e+00 7.187500000000000000e+00 -2.562500000000000000e+00
-2.199999988079071045e-01 -1.000000014901161194e-01 9.359999656677246094e+00 5.500000000000000000e+00 -6.668750000000000000e+01 -1.706250000000000000e+01 -1.625000000000000000e+00 6.875000000000000000e+00 -2.437500000000000000e+00
-2.099999934434890747e-01 -5.000000074505805969e-02 9.510000228881835938e+00 5.500000000000000000e+00 -6.668750000000000000e+01 -1.706250000000000000e+01 1.875000000000000000e-01 7.062500000000000000e+00 -1.812500000000000000e+00
-2.099999934434890747e-01 -1.099999994039535522e-01 9.579999923706054688e+00 6.187500000000000000e+00 -6.668750000000000000e+01 -1.706250000000000000e+01 1.187500000000000000e+00 7.187500000000000000e+00 -1.375000000000000000e+00
-2.199999988079071045e-01 -9.000000357627868652e-02 9.539999961853027344e+00 6.187500000000000000e+00 -6.668750000000000000e+01 -1.706250000000000000e+01 1.937500000000000000e+00 6.625000000000000000e+00 -6.875000000000000000e-01
-1.700000017881393433e-01 -1.299999952316284180e-01 9.409999847412109375e+00 6.187500000000000000e+00 -6.668750000000000000e+01 -1.706250000000000000e+01 2.250000000000000000e+00 6.187500000000000000e+00 -3.125000000000000000e-01
-1.700000017881393433e-01 -1.099999994039535522e-01 9.390000343322753906e+00 6.187500000000000000e+00 -6.668750000000000000e+01 -1.706250000000000000e+01 2.000000000000000000e+00 5.875000000000000000e+00 -2.500000000000000000e-01
-1.599999964237213135e-01 -1.199999973177909851e-01 9.340000152587890625e+00 6.187500000000000000e+00 -6.668750000000000000e+01 -1.706250000000000000e+01 1.687500000000000000e+00 5.437500000000000000e+00 6.250000000000000000e-02
-2.199999988079071045e-01 -1.800000071525573730e-01 9.380000114440917969e+00 6.875000000000000000e+00 -6.675000000000000000e+01 -1.750000000000000000e+01 1.187500000000000000e+00 5.000000000000000000e+00 1.250000000000000000e-01
-2.599999904632568359e-01 -1.700000017881393433e-01 9.479999542236328125e+00 6.875000000000000000e+00 -6.675000000000000000e+01 -1.750000000000000000e+01 6.250000000000000000e-01 4.250000000000000000e+00 5.625000000000000000e-01
-3.199999928474426270e-01 -2.000000029802322388e-01 9.500000000000000000e+00 6.875000000000000000e+00 -6.675000000000000000e+01 -1.750000000000000000e+01 -6.875000000000000000e-01 3.625000000000000000e+00 6.250000000000000000e-01
-3.300000131130218506e-01 -2.199999988079071045e-01 9.479999542236328125e+00 6.875000000000000000e+00 -6.675000000000000000e+01 -1.750000000000000000e+01 -2.125000000000000000e+00 2.750000000000000000e+00 5.625000000000000000e-01
-3.199999928474426270e-01 -2.199999988079071045e-01 9.420000076293945312e+00 6.875000000000000000e+00 -6.675000000000000000e+01 -1.750000000000000000e+01 -3.687500000000000000e+00 1.875000000000000000e+00 5.000000000000000000e-01
-3.300000131130218506e-01 -2.800000011920928955e-01 9.409999847412109375e+00 7.562500000000000000e+00 -6.637500000000000000e+01 -1.668750000000000000e+01 -4.875000000000000000e+00 8.125000000000000000e-01 6.875000000000000000e-01
-3.300000131130218506e-01 -3.400000035762786865e-01 9.449999809265136719e+00 7.562500000000000000e+00 -6.637500000000000000e+01 -1.668750000000000000e+01 -5.750000000000000000e+00 -6.250000000000000000e-02 6.875000000000000000e-01
-3.300000131130218506e-01 -4.699999988079071045e-01 9.319999694824218750e+00 7.562500000000000000e+00 -6.637500000000000000e+01 -1.668750000000000000e+01 -6.187500000000000000e+00 -1.562500000000000000e+00 6.875000000000000000e-01
-3.300000131130218506e-01 -5.400000214576721191e-01 9.350000381469726562e+00 7.562500000000000000e+00 -6.637500000000000000e+01 -1.668750000000000000e+01 -6.687500000000000000e+00 -2.625000000000000000e+00 6.250000000000000000e-01
-3.100000023841857910e-01 -5.400000214576721191e-01 9.380000114440917969e+00 7.562500000000000000e+00 -6.637500000000000000e+01 -1.668750000000000000e+01 -6.125000000000000000e+00 -3.500000000000000000e+00 5.625000000000000000e-01
-3.100000023841857910e-01 -5.400000214576721191e-01 9.380000114440917969e+00 6.500000000000000000e+00 -6.706250000000000000e+01 -1.750000000000000000e+01 -5.187500000000000000e+00 -3.750000000000000000e+00 5.000000000000000000e-01
-2.899999916553497314e-01 -5.500000119209289551e-01 9.479999542236328125e+00 6.500000000000000000e+00 -6.706250000000000000e+01 -1.750000000000000000e+01 -4.625000000000000000e+00 -4.062500000000000000e+00 4.375000000000000000e-01
