-4.399999976158142090e-01 7.599999904632568359e-01 1.027000045776367188e+01 5.562500000000000000e+00 -6.700000000000000000e+01 -1.625000000000000000e+01 2.201875000000000000e+02 -2.600000000000000000e+01 -2.750000000000000000e+00
-2.800000011920928955e-01 1.350000023841857910e+00 9.869999885559082031e+00 5.562500000000000000e+00 -6.700000000000000000e+01 -1.625000000000000000e+01 2.331250000000000000e+02 -3.006250000000000000e+01 -5.250000000000000000e+00
-2.199999988079071045e-01 2.119999885559082031e+00 9.539999961853027344e+00 6.000000000000000000e+00 -6.818750000000000000e+01 -9.875000000000000000e+00 2.391875000000000000e+02 -3.187500000000000000e+01 -7.312500000000000000e+00
2.399999946355819702e-01 2.990000009536743164e+00 8.560000419616699219e+00 6.000000000000000000e+00 -6.818750000000000000e+01 -9.875000000000000000e+00 2.410000000000000000e+02 -3.356250000000000000e+01 -8.937500000000000000e+00
3.300000131130218506e-01 3.319999933242797852e+00 8.079999923706054688e+00 6.000000000000000000e+00 -6.818750000000000000e+01 -9.875000000000000000e+00 2.378750000000000000e+02 -3.275000000000000000e+01 -1.050000000000000000e+01
3.400000035762786865e-01 3.599999904632568359e+00 7.650000095367431641e+00 6.000000000000000000e+00 -6.818750000000000000e+01 -9.875000000000000000e+00 2.285000000000000000e+02 -3.043750000000000000e+01 -1.293750000000000000e+01
7.500000000000000000e-01 4.380000114440917969e+00 6.630000114440917969e+00 6.000000000000000000e+00 -6.818750000000000000e+01 -9.875000000000000000e+00 2.136875000000000000e+02 -2.750000000000000000e+01 -1.643750000000000000e+01
8.500000238418579102e-01 4.650000095367431641e+00 6.190000057220458984e+00 5.562500000000000000e+00 -7.075000000000000000e+01 4.187500000000000000e+00 1.930000000000000000e+02 -2.293750000000000000e+01 -1.931250000000000000e+01
9.800000190734863281e-01 5.150000095367431641e+00 5.949999809265136719e+00 5.562500000000000000e+00 -7.075000000000000000e+01 4.187500000000000000e+00 1.683125000000000000e+02 -1.575000000000000000e+01 -2.106250000000000000e+01
8.399999737739562988e-01 5.699999809265136719e+00 6.510000228881835938e+00 5.562500000000000000e+00 -7.075000000000000000e+01 4.187500000000000000e+00 1.420625000000000000e+02 -7.500000000000000000e+00 -2.325000000000000000e+01
8.299999833106994629e-01 5.659999847412109375e+00 6.360000133514404297e+00 5.562500000000000000e+00 -7.075000000000000000e+01 4.187500000000000000e+00 1.205000000000000000e+02 -1.500000000000000000e+00 -2.206250000000000000e+01
7.799999713897705078e-01 5.820000171661376953e+00 6.250000000000000000e+00 5.562500000000000000e+00 -7.075000000000000000e+01 4.187500000000000000e+00 9.862500000000000000e+01 -3.750000000000000000e-01 -1.931250000000000000e+01
6.100000143051147461e-01 5.889999866485595703e+00 6.460000038146972656e+00 6.687500000000000000e+00 -6.775000000000000000e+01 1.618750000000000000e+01 7.518750000000000000e+01 3.312500000000000000e+00 -1.743750000000000000e+01
4.399999976158142090e-01 5.929999828338623047e+00 6.619999885559082031e+00 6.687500000000000000e+00 -6.775000000000000000e+01 1.618750000000000000e+01 5.356250000000000000e+01 7.937500000000000000e+00 -1.618750000000000000e+01
2.199999988079071045e-01 6.099999904632568359e+00 7.039999961853027344e+00 6.687500000000000000e+00 -6.775000000000000000e+01 1.618750000000000000e+01 3.500000000000000000e+01 1.100000000000000000e+01 -1.475000000000000000e+01
1.500000059604644775e-01 5.989999771118164062e+00 7.199999809265136719e+00 6.687500000000000000e+00 -6.775000000000000000e+01 1.618750000000000000e+01 1.850000000000000000e+01 1.312500000000000000e+01 -1.262500000000000000e+01
1.999999955296516418e-02 5.829999923706054688e+00 7.400000095367431641e+00 6.687500000000000000e+00 -6.775000000000000000e+01 1.618750000000000000e+01 4.687500000000000000e+00 1.387500000000000000e+01 -1.012500000000000000e+01
-1.599999964237213135e-01 5.590000152587890625e+00 7.769999980926513672e+00 7.750000000000000000e+00 -6.675000000000000000e+01 1.937500000000000000e+01 -4.312500000000000000e+00 1.356250000000000000e+01 -8.000000000000000000e+00
-2.199999988079071045e-01 5.380000114440917969e+00 7.909999847412109375e+00 7.750000000000000000e+00 -6.675000000000000000e+01 1.937500000000000000e+01 -8.812500000000000000e+00 1.256250000000000000e+01 -6.625000000000000000e+00
-3.100000023841857910e-01 5.380000114440917969e+00 7.960000038146972656e+00 7.750000000000000000e+00 -6.675000000000000000e+01 1.937500000000000000e+01 -1.018750000000000000e+01 1.050000000000000000e+01 -5.750000000000000000e+00
-3.499999940395355225e-01 5.230000019073486328e+00 8.079999923706054688e+00 7.750000000000000000e+00 -6.675000000000000000e+01 1.937500000000000000e+01 -8.375000000000000000e+00 8.125000000000000000e+00 -5.125000000000000000e+00
-2.700000107288360596e-01 5.059999942779541016e+00 8.020000457763671875e+00 7.750000000000000000e+00 -6.675000000000000000e+01 1.937500000000000000e+01 -5.062500000000000000e+00 6.187500000000000000e+00 -4.687500000000000000e+00
-2.300000041723251343e-01 5.099999904632568359e+00 7.869999885559082031e+00 8.062500000000000000e+00 -6.600000000000000000e+01 2.018750000000000000e+01 -1.000000000000000000e+00 4.250000000000000000e+00 -4.375000000000000000e+00
-1.400000005960464478e-01 5.239999771118164062e+00 7.650000095367431641e+00 8.062500000000000000e+00 -6.600000000000000000e+01 2.018750000000000000e+01 1.875000000000000000e+00 3.062500000000000000e+00 -4.562500000000000000e+00
-9.000000357627868652e-02 5.320000171661376953e+00 7.469999790191650391e+00 8.062500000000000000e+00 -6.600000000000000000e+01 2.018750000000000000e+01 1.812500000000000000e+00 2.750000000000000000e+00 -4.312500000000000000e+00
1.500000059604644775e-01 5.449999809265136719e+00 7.010000228881835938e+00 8.062500000000000000e+00 -6.600000000000000000e+01 2.018750000000000000e+01 -2.125000000000000000e+00 3.312500000000000000e+00 -4.125000000000000000e+00
2.500000000000000000e-01 5.400000095367431641e+00 6.809999942779541016e+00 8.062500000000000000e+00 -6.600000000000000000e+01 2.018750000000000000e+01 -1.112500000000000000e+01 4.375000000000000000e+00 -3.875000000000000000e+00
3.199999928474426270e-01 5.340000152587890625e+00 6.619999885559082031e+00 7.750000000000000000e+00 -6.600000000000000000e+01 1.968750000000000000e+01 -2.512500000000000000e+01 6.437500000000000000e+00 -3.937500000000000000e+00
3.700000047683715820e-01 5.500000000000000000e+00 6.309999942779541016e+00 7.750000000000000000e+00 -6.600000000000000000e+01 1.968750000000000000e+01 -4.506250000000000000e+01 8.437500000000000000e+00 -4.562500000000000000e+00
4.000000059604644775e-01 5.750000000000000000e+00 6.199999809265136719e+00 7.750000000000000000e+00 -6.600000000000000000e+01 1.968750000000000000e+01 -7.118750000000000000e+01 1.112500000000000000e+01 -5.812500000000000000e+00
3.799999952316284180e-01 6.110000133514404297e+00 6.150000095367431641e+00 7.750000000000000000e+00 -6.600000000000000000e+01 1.968750000000000000e+01 -1.026875000000000000e+02 1.462500000000000000e+01 -5.937500000000000000e+00
2.700000107288360596e-01 6.400000095367431641e+00 6.230000019073486328e+00 7.750000000000000000e+00 -6.600000000000000000e+01 1.968750000000000000e+01 -1.378125000000000000e+02 1.925000000000000000e+01 -4.250000000000000000e+00
1.599999964237213135e-01 5.730000019073486328e+00 7.030000209808349609e+00 8.500000000000000000e+00 -6.618750000000000000e+01 1.656250000000000000e+01 -1.735625000000000000e+02 2.493750000000000000e+01 6.875000000000000000e-01
-9.999999776482582092e-03 4.949999809265136719e+00 7.590000152587890625e+00 8.500000000000000000e+00 -6.618750000000000000e+01 1.656250000000000000e+01 -2.073125000000000000e+02 3.106250000000000000e+01 7.062500000000000000e+00
-1.500000059604644775e-01 4.099999904632568359e+00 8.100000381469726562e+00 8.500000000000000000e+00 -6.618750000000000000e+01 1.656250000000000000e+01 -2.396250000000000000e+02 3.462500000000000000e+01 1.212500000000000000e+01
-2.599999904632568359e-01 3.220000028610229492e+00 8.739999771118164062e+00 8.500000000000000000e+00 -6.618750000000000000e+01 1.656250000000000000e+01 -2.693125000000000000e+02 3.587500000000000000e+01 1.437500000000000000e+01
-5.699999928474426270e-01 1.860000014305114746e+00 9.970000267028808594e+00 8.500000000000000000e+00 -6.618750000000000000e+01 1.656250000000000000e+01 -2.954375000000000000e+02 3.362500000000000000e+01 1.350000000000000000e+01
-6.700000166893005371e-01 1.480000019073486328e+00 1.047999954223632812e+01 7.375000000000000000e+00 -6.875000000000000000e+01 8.062500000000000000e+00 -3.141875000000000000e+02 2.706250000000000000e+01 9.125000000000000000e+00
-6.200000047683715820e-01 9.300000071525573730e-01 1.117000007629394531e+01 7.375000000000000000e+00 -6.875000000000000000e+01 8.062500000000000000e+00 -3.216250000000000000e+02 1.975000000000000000e+01 3.625000000000000000e+00
-1.419999957084655762e+00 6.899999976158142090e-01 1.203999996185302734e+01 7.375000000000000000e+00 -6.875000000000000000e+01 8.062500000000000000e+00 -3.103125000000000000e+02 1.043750000000000000e+01 -1.125000000000000000e+00
-1.240000009536743164e+00 7.400000095367431641e-01 1.143999958038330078e+01 7.375000000000000000e+00 -6.875000000000000000e+01 8.062500000000000000e+00 -2.721250000000000000e+02 -5.687500000000000000e+00 -6.875000000000000000e+00
-1.149999976158142090e+00 7.400000095367431641e-01 1.047999954223632812e+01 7.375000000000000000e+00 -6.875000000000000000e+01 8.062500000000000000e+00 -2.278750000000000000e+02 -1.743750000000000000e+01 -1.275000000000000000e+01
-1.240000009536743164e+00 3.499999940395355225e-01 9.750000000000000000e+00 7.375000000000000000e+00 -6.756250000000000000e+01 -9.875000000000000000e+00 -1.900625000000000000e+02 -1.906250000000000000e+01 -1.437500000000000000e+01
-8.600000143051147461e-01 -1.149999976158142090e+00 8.930000305175781250e+00 7.375000000000000000e+00 -6.756250000000000000e+01 -9.875000000000000000e+00 -1.622500000000000000e+02 -1.637500000000000000e+01 -1.225000000000000000e+01
-5.500000119209289551e-01 -1.809999942779541016e+00 8.750000000000000000e+00 7.375000000000000000e+00 -6.756250000000000000e+01 -9.875000000000000000e+00 -1.381250000000000000e+02 -1.200000000000000000e+01 -9.812500000000000000e+00
-4.199999868869781494e-01 -2.240000009536743164e+00 8.869999885559082031e+00 7.375000000000000000e+00 -6.756250000000000000e+01 -9.875000000000000000e+00 -1.121875000000000000e+02 -7.250000000000000000e+00 -1.043750000000000000e+01
-2.000000029802322388e-01 -2.390000104904174805e+00 8.960000038146972656e+00 7.375000000000000000e+00 -6.756250000000000000e+01 -9.875000000000000000e+00 -8.537500000000000000e+01 -4.000000000000000000e+00 -1.318750000000000000e+01
9.999999776482582092e-03 -1.899999976158142090e+00 9.050000190734863281e+00 8.062500000000000000e+00 -6.587500000000000000e+01 -1.956250000000000000e+01 -6.062500000000000000e+01 -3.875000000000000000e+00 -1.462500000000000000e+01
7.999999821186065674e-02 -1.750000000000000000e+00 9.100000381469726562e+00 8.062500000000000000e+00 -6.587500000000000000e+01 -1.956250000000000000e+01 -4.137500000000000000e+01 -4.625000000000000000e+00 -1.362500000000000000e+01
1.099999994039535522e-01 -1.590000033378601074e+00 9.100000381469726562e+00 8.062500000000000000e+00 -6.587500000000000000e+01 -1.956250000000000000e+01 -2.643750000000000000e+01 -5.250000000000000000e+00 -1.006250000000000000e+01
9.999999776482582092e-03 -1.330000042915344238e+00 9.189999580383300781e+00 8.062500000000000000e+00 -6.587500000000000000e+01 -1.956250000000000000e+01 -1.337500000000000000e+01 -5.750000000000000000e+00 -6.312500000000000000e+00
-7.999999821186065674e-02 -1.350000023841857910e+00 9.229999542236328125e+00 8.062500000000000000e+00 -6.587500000000000000e+01 -1.956250000000000000e+01 -7.500000000000000000e-01 -6.125000000000000000e+00 -2.687500000000000000e+00
-1.299999952316284180e-01 -1.269999980926513672e+00 9.270000457763671875e+00 8.500000000000000000e+00 -6.468750000000000000e+01 -2.400000000000000000e+01 1.131250000000000000e+01 -5.500000000000000000e+00 -1.000000000000000000e+00
-1.700000017881393433e-01 -1.129999995231628418e+00 9.409999847412109375e+00 8.500000000000000000e+00 -6.468750000000000000e+01 -2.400000000000000000e+01 2.293750000000000000e+01 -4.562500000000000000e+00 -1.500000000000000000e+00
-1.500000059604644775e-01 -7.099999785423278809e-01 9.470000267028808594e+00 8.500000000000000000e+00 -6.468750000000000000e+01 -2.400000000000000000e+01 3.043750000000000000e+01 -3.937500000000000000e+00 -2.187500000000000000e+00
-9.000000357627868652e-02 -6.600000262260437012e-01 9.529999732971191406e+00 8.500000000000000000e+00 -6.468750000000000000e+01 -2.400000000000000000e+01 3.400000000000000000e+01 -3.437500000000000000e+00 -2.312500000000000000e+00
-7.999999821186065674e-02 -5.699999928474426270e-01 9.529999732971191406e+00 8.500000000000000000e+00 -6.468750000000000000e+01 -2.400000000000000000e+01 3.400000000000000000e+01 -2.250000000000000000e+00 -2.062500000000000000e+00
-2.999999932944774628e-02 -4.799999892711639404e-01 9.510000228881835938e+00 8.875000000000000000e+00 -6.437500000000000000e+01 -2.318750000000000000e+01 3.193750000000000000e+01 -1.375000000000000000e+00 -1.500000000000000000e+00
0.000000000000000000e+00 -2.599999904632568359e-01 9.439999580383300781e+00 8.875000000000000000e+00 -6.437500000000000000e+01 -2.318750000000000000e+01 2.856250000000000000e+01 -6.875000000000000000e-01 -9.375000000000000000e-01
-3.999999910593032837e-02 -2.300000041723251343e-01 9.399999618530273438e+00 8.875000000000000000e+00 -6.437500000000000000e+01 -2.318750000000000000e+01 2.400000000000000000e+01 -1.250000000000000000e-01 -5.625000000000000000e-01
-5.999999865889549255e-02 -2.399999946355819702e-01 9.369999885559082031e+00 8.875000000000000000e+00 -6.437500000000000000e+01 -2.318750000000000000e+01 1.887500000000000000e+01 3.125000000000000000e-01 0.000000000000000000e+00
-9.000000357627868652e-02 -3.199999928474426270e-01 9.399999618530273438e+00 8.875000000000000000e+00 -6.437500000000000000e+01 -2.318750000000000000e+01 1.368750000000000000e+01 1.875000000000000000e-01 4.375000000000000000e-01
-1.199999973177909851e-01 -4.399999976158142090e-01 9.460000038146972656e+00 8.500000000000000000e+00 -6.537500000000000000e+01 -2.075000000000000000e+01 8.562500000000000000e+00 3.125000000000000000e-01 1.062500000000000000e+00
-1.599999964237213135e-01 -4.799999892711639404e-01 9.460000038146972656e+00 8.500000000000000000e+00 -6.537500000000000000e+01 -2.075000000000000000e+01 4.125000000000000000e+00 0.000000000000000000e+00 1.312500000000000000e+00
-2.099999934434890747e-01 -5.400000214576721191e-01 9.439999580383300781e+00 8.500000000000000000e+00 -6.537500000000000000e+01 -2.075000000000000000e+01 1.375000000000000000e+00 0.000000000000000000e+00 7.500000000000000000e-01
-2.700000107288360596e-01 -5.600000023841857910e-01 9.390000343322753906e+00 8.500000000000000000e+00 -6.537500000000000000e+01 -2.075000000000000000e+01 2.500000000000000000e-01 -1.875000000000000000e-01 2.500000000000000000e-01
-3.100000023841857910e-01 -5.799999833106994629e-01 9.390000343322753906e+00 8.500000000000000000e+00 -6.537500000000000000e+01 -2.075000000000000000e+01 1.875000000000000000e-01 -5.625000000000000000e-01 0.000000000000000000e+00
-3.100000023841857910e-01 -6.100000143051147461e-01 9.380000114440917969e+00 8.875000000000000000e+00 -6.500000000000000000e+01 -2.037500000000000000e+01 1.375000000000000000e+00 -3.750000000000000000e-01 -6.250000000000000000e-02
-2.800000011920928955e-01 -5.799999833106994629e-01 9.399999618530273438e+00 8.875000000000000000e+00 -6.500000000000000000e+01 -2.037500000000000000e+01 3.625000000000000000e+00 -3.125000000000000000e-01 -4.375000000000000000e-01
-2.599999904632568359e-01 -4.499999880790710449e-01 9.390000343322753906e+00 8.875000000000000000e+00 -6.500000000000000000e+01 -2.037500000000000000e+01 6.062500000000000000e+00 -1.875000000000000000e-01 -8.750000000000000000e-01
-2.099999934434890747e-01 -3.700000047683715820e-01 9.359999656677246094e+00 8.875000000000000000e+00 -6.500000000000000000e+01 -2.037500000000000000e+01 8.562500000000000000e+00 6.250000000000000000e-02 -8.750000000000000000e-01
-2.199999988079071045e-01 -3.100000023841857910e-01 9.350000381469726562e+00 8.875000000000000000e+00 -6.500000000000000000e+01 -2.037500000000000000e+01 1.068750000000000000e+01 -1.875000000000000000e-01 -6.250000000000000000e-01
-2.199999988079071045e-01 -1.299999952316284180e-01 9.369999885559082031e+00 8.500000000000000000e+00 -6.575000000000000000e+01 -2.118750000000000000e+01 1.225000000000000000e+01 -6.250000000000000000e-02 -8.125000000000000000e-01
-2.099999934434890747e-01 -5.000000074505805969e-02 9.359999656677246094e+00 8.500000000000000000e+00 -6.575000000000000000e+01 -2.118750000000000000e+01 1.312500000000000000e+01 -3.750000000000000000e-01 -8.125000000000000000e-01
-2.399999946355819702e-01 -5.000000074505805969e-02 9.350000381469726562e+00 8.500000000000000000e+00 -6.575000000000000000e+01 -2.118750000000000000e+01 1.337500000000000000e+01 -5.625000000000000000e-01 -5.625000000000000000e-01
-2.899999916553497314e-01 7.000000029802322388e-02 9.399999618530273438e+00 8.500000000000000000e+00 -6.575000000000000000e+01 -2.118750000000000000e+01 1.306250000000000000e+01 -5.625000000000000000e-01 -1.875000000000000000e-01
-3.000000119209289551e-01 2.199999988079071045e-01 9.439999580383300781e+00 8.500000000000000000e+00 -6.575000000000000000e+01 -2.118750000000000000e+01 1.275000000000000000e+01 -5.625000000000000000e-01 -2.500000000000000000e-01
-2.700000107288360596e-01 2.199999988079071045e-01 9.460000038146972656e+00 8.062500000000000000e+00 -6.606250000000000000e+01 -1.837500000000000000e+01 1.212500000000000000e+01 -8.750000000000000000e-01 0.000000000000000000e+00
-2.500000000000000000e-01 2.599999904632568359e-01 9.489999771118164062e+00 8.062500000000000000e+00 -6.606250000000000000e+01 -1.837500000000000000e+01 1.056250000000000000e+01 -6.250000000000000000e-01 4.375000000000000000e-01
-2.399999946355819702e-01 2.599999904632568359e-01 9.439999580383300781e+00 8.062500000000000000e+00 -6.606250000000000000e+01 -1.837500000000000000e+01 9.187500000000000000e+00 -5.625000000000000000e-01 7.500000000000000000e-01
-2.099999934434890747e-01 2.399999946355819702e-01 9.430000305175781250e+00 8.062500000000000000e+00 -6.606250000000000000e+01 -1.837500000000000000e+01 7.500000000000000000e+00 -2.500000000000000000e-01 7.500000000000000000e-01
-1.800000071525573730e-01 2.500000000000000000e-01 9.439999580383300781e+00 8.062500000000000000e+00 -6.606250000000000000e+01 -1.837500000000000000e+01 5.187500000000000000e+00 -1.875000000000000000e-01 1.125000000000000000e+00
-2.199999988079071045e-01 2.099999934434890747e-01 9.390000343322753906e+00 8.500000000000000000e+00 -6.600000000000000000e+01 -1.837500000000000000e+01 2.875000000000000000e+00 0.000000000000000000e+00 1.375000000000000000e+00
-1.700000017881393433e-01 1.000000014901161194e-01 9.390000343322753906e+00 8.500000000000000000e+00 -6.600000000000000000e+01 -1.837500000000000000e+01 6.250000000000000000e-01 -3.125000000000000000e-01 1.625000000000000000e+00
-1.899999976158142090e-01 1.000000014901161194e-01 9.359999656677246094e+00 8.500000000000000000e+00 -6.600000000000000000e+01 -1.837500000000000000e+01 -1.375000000000000000e+00 -6.875000000000000000e-01 1.250000000000000000e+00
-1.700000017881393433e-01 1.999999955296516418e-02 9.380000114440917969e+00 8.500000000000000000e+00 -6.600000000000000000e+01 -1.837500000000000000e+01 -2.937500000000000000e+00 -9.375000000000000000e-01 1.187500000000000000e+00
-1.599999964237213135e-01 -2.999999932944774628e-02 9.340000152587890625e+00 8.500000000000000000e+00 -6.600000000000000000e+01 -1.837500000000000000e+01 -4.500000000000000000e+00 -7.500000000000000000e-01 1.375000000000000000e+00
-2.000000029802322388e-01 -1.199999973177909851e-01 9.449999809265136719e+00 9.250000000000000000e+00 -6.525000000000000000e+01 -1.800000000000000000e+01 -5.375000000000000000e+00 -5.625000000000000000e-01 1.312500000000000000e+00
-2.000000029802322388e-01 -1.599999964237213135e-01 9.399999618530273438e+00 9.250000000000000000e+00 -6.525000000000000000e+01 -1.800000000000000000e+01 -5.375000000000000000e+00 -4.375000000000000000e-01 1.375000000000000000e+00
-1.800000071525573730e-01 -1.899999976158142090e-01 9.409999847412109375e+00 9.250000000000000000e+00 -6.525000000000000000e+01 -1.800000000000000000e+01 -5.000000000000000000e+00 -3.125000000000000000e-01 1.500000000000000000e+00
-1.599999964237213135e-01 -2.599999904632568359e-01 9.399999618530273438e+00 9.250000000000000000e+00 -6.525000000000000000e+01 -1.800000000000000000e+01 -4.000000000000000000e+00 -6.250000000000000000e-02 1.187500000000000000e+00
-1.500000059604644775e-01 -2.099999934434890747e-01 9.409999847412109375e+00 9.250000000000000000e+00 -6.525000000000000000e+01 -1.800000000000000000e+01 -3.000000000000000000e+00 -6.250000000000000000e-02 1.062500000000000000e+00
-1.199999973177909851e-01 -2.300000041723251343e-01 9.399999618530273438e+00 8.875000000000000000e+00 -6.525000000000000000e+01 -1.756250000000000000e+01 -2.062500000000000000e+00 0.000000000000000000e+00 1.062500000000000000e+00
-1.199999973177909851e-01 -2.399999946355819702e-01 9.380000114440917969e+00 8.875000000000000000e+00 -6.525000000000000000e+01 -1.756250000000000000e+01 -1.562500000000000000e+00 -1.250000000000000000e-01 8.750000000000000000e-01
-1.500000059604644775e-01 -2.099999934434890747e-01 9.350000381469726562e+00 8.875000000000000000e+00 -6.525000000000000000e+01 -1.756250000000000000e+01 -1.812500000000000000e+00 -6.250000000000000000e-02 7.500000000000000000e-01
-1.400000005960464478e-01 -1.899999976158142090e-01 9.399999618530273438e+00 8.875000000000000000e+00 -6.525000000000000000e+01 -1.756250000000000000e+01 -2.125000000000000000e+00 -1.250000000000000000e-01 6.250000000000000000e-01
-1.599999964237213135e-01 -2.300000041723251343e-01 9.390000343322753906e+00 8.875000000000000000e+00 -6.525000000000000000e+01 -1.756250000000000000e+01 -2.937500000000000000e+00 -3.125000000000000000e-01 5.625000000000000000e-01
-1.800000071525573730e-01 -2.300000041723251343e-01 9.439999580383300781e+00 8.062500000000000000e+00 -6.568750000000000000e+01 -1.968750000000000000e+01 -3.437500000000000000e+00 -4.375000000000000000e-01 3.750000000000000000e-01
-1.500000059604644775e-01 -2.300000041723251343e-01 9.449999809265136719e+00 8.062500000000000000e+00 -6.568750000000000000e+01 -1.968750000000000000e+01 -3.750000000000000000e+00 -6.250000000000000000e-02 1.250000000000000000e-01
-1.500000059604644775e-01 -3.100000023841857910e-01 9.409999847412109375e+00 8.062500000000000000e+00 -6.568750000000000000e+01 -1.968750000000000000e+01 -3.750000000000000000e+00 6.250000000000000000e-02 -1.250000000000000000e-01
