-5.999999865889549255e-02 -1.299999952316284180e-01 9.409999847412109375e+00 5.250000000000000000e+00 -6.537500000000000000e+01 -1.925000000000000000e+01 5.000000000000000000e-01 -5.000000000000000000e-01 -6.250000000000000000e-02
-1.000000014901161194e-01 -5.000000074505805969e-02 9.380000114440917969e+00 5.250000000000000000e+00 -6.537500000000000000e+01 -1.925000000000000000e+01 -1.875000000000000000e-01 -6.250000000000000000e-01 -1.875000000000000000e-01
-1.000000014901161194e-01 -9.000000357627868652e-02 9.310000419616699219e+00 5.250000000000000000e+00 -6.537500000000000000e+01 -1.925000000000000000e+01 -8.750000000000000000e-01 -6.875000000000000000e-01 -6.250000000000000000e-02
-1.199999973177909851e-01 -1.099999994039535522e-01 9.380000114440917969e+00 5.250000000000000000e+00 -6.537500000000000000e+01 -1.925000000000000000e+01 -8.750000000000000000e-01 -6.875000000000000000e-01 -2.500000000000000000e-01
-9.000000357627868652e-02 -9.000000357627868652e-02 9.430000305175781250e+00 5.250000000000000000e+00 -6.537500000000000000e+01 -1.925000000000000000e+01 -1.125000000000000000e+00 -1.187500000000000000e+00 -1.250000000000000000e-01
-1.099999994039535522e-01 -5.000000074505805969e-02 9.479999542236328125e+00 5.250000000000000000e+00 -6.618750000000000000e+01 -2.050000000000000000e+01 -1.562500000000000000e+00 -1.437500000000000000e+00 1.875000000000000000e-01
-1.000000014901161194e-01 -1.000000014901161194e-01 9.449999809265136719e+00 5.250000000000000000e+00 -6.618750000000000000e+01 -2.050000000000000000e+01 -1.625000000000000000e+00 -1.875000000000000000e+00 1.875000000000000000e-01
-5.999999865889549255e-02 -1.299999952316284180e-01 9.449999809265136719e+00 5.250000000000000000e+00 -6.618750000000000000e+01 -2.050000000000000000e+01 -1.375000000000000000e+00 -2.062500000000000000e+00 0.000000000000000000e+00
-7.000000029802322388e-02 -1.099999994039535522e-01 9.449999809265136719e+00 5.250000000000000000e+00 -6.618750000000000000e+01 -2.050000000000000000e+01 -1.187500000000000000e+00 -2.562500000000000000e+00 -6.250000000000000000e-02
-1.000000014901161194e-01 -7.000000029802322388e-02 9.460000038146972656e+00 5.250000000000000000e+00 -6.618750000000000000e+01 -2.050000000000000000e+01 -1.187500000000000000e+00 -2.562500000000000000e+00 -6.250000000000000000e-02
-1.000000014901161194e-01 -7.999999821186065674e-02 9.529999732971191406e+00 4.875000000000000000e+00 -6.650000000000000000e+01 -1.968750000000000000e+01 -9.375000000000000000e-01 -3.562500000000000000e+00 6.250000000000000000e-02
-7.999999821186065674e-02 -3.999999910593032837e-02 9.560000419616699219e+00 4.875000000000000000e+00 -6.650000000000000000e+01 -1.968750000000000000e+01 0.000000000000000000e+00 -7.812500000000000000e+00 8.750000000000000000e-01
-5.999999865889549255e-02 -9.999999776482582092e-03 9.680000305175781250e+00 4.875000000000000000e+00 -6.650000000000000000e+01 -1.968750000000000000e+01 2.187500000000000000e+00 -1.100000000000000000e+01 1.562500000000000000e+00
-1.000000014901161194e-01 -2.300000041723251343e-01 9.869999885559082031e+00 4.875000000000000000e+00 -6.650000000000000000e+01 -1.968750000000000000e+01 5.312500000000000000e+00 -1.556250000000000000e+01 1.625000000000000000e+00
-1.500000059604644775e-01 -3.199999928474426270e-01 1.006999969482421875e+01 4.875000000000000000e+00 -6.650000000000000000e+01 -1.968750000000000000e+01 5.312500000000000000e+00 -1.556250000000000000e+01 1.625000000000000000e+00
-1.599999964237213135e-01 -5.000000000000000000e-01 1.038000011444091797e+01 4.875000000000000000e+00 -6.687500000000000000e+01 -1.968750000000000000e+01 8.187500000000000000e+00 -2.300000000000000000e+01 1.562500000000000000e+00
-1.700000017881393433e-01 -9.000000357627868652e-02 1.067000007629394531e+01 4.875000000000000000e+00 -6.687500000000000000e+01 -1.968750000000000000e+01 6.625000000000000000e+00 -4.737500000000000000e+01 1.500000000000000000e+00
-1.400000005960464478e-01 2.500000000000000000e-01 1.057999992370605469e+01 4.875000000000000000e+00 -6.687500000000000000e+01 -1.968750000000000000e+01 2.437500000000000000e+00 -6.075000000000000000e+01 4.812500000000000000e+00
-1.999999955296516418e-02 8.399999737739562988e-01 1.059000015258789062e+01 4.875000000000000000e+00 -6.687500000000000000e+01 -1.968750000000000000e+01 -1.187500000000000000e+00 -7.281250000000000000e+01 1.275000000000000000e+01
-2.599999904632568359e-01 1.039999961853027344e+00 1.125000000000000000e+01 4.875000000000000000e+00 -6.687500000000000000e+01 -1.968750000000000000e+01 -1.187500000000000000e+00 -7.281250000000000000e+01 1.275000000000000000e+01
-8.100000023841857910e-01 7.300000190734863281e-01 1.210000038146972656e+01 6.000000000000000000e+00 -6.575000000000000000e+01 -1.806250000000000000e+01 -2.000000000000000000e+00 -8.768750000000000000e+01 2.187500000000000000e+01
-7.200000286102294922e-01 2.199999988079071045e-01 1.240999984741210938e+01 6.000000000000000000e+00 -6.575000000000000000e+01 -1.806250000000000000e+01 -2.437500000000000000e+00 -1.324375000000000000e+02 2.862500000000000000e+01
-8.700000047683715820e-01 -4.699999988079071045e-01 1.306000041961669922e+01 6.000000000000000000e+00 -6.575000000000000000e+01 -1.806250000000000000e+01 -4.187500000000000000e+00 -1.571875000000000000e+02 2.437500000000000000e+01
-6.399999856948852539e-01 -8.899999856948852539e-01 1.301000022888183594e+01 6.000000000000000000e+00 -6.575000000000000000e+01 -1.806250000000000000e+01 -7.812500000000000000e+00 -1.780625000000000000e+02 1.787500000000000000e+01
-4.000000059604644775e-01 -4.600000083446502686e-01 1.196000003814697266e+01 6.000000000000000000e+00 -6.575000000000000000e+01 -1.806250000000000000e+01 -7.812500000000000000e+00 -1.780625000000000000e+02 1.787500000000000000e+01
-5.000000000000000000e-01 1.000000014901161194e-01 1.056000041961669922e+01 3.250000000000000000e+00 -6.837500000000000000e+01 -1.850000000000000000e+01 -1.056250000000000000e+01 -1.891875000000000000e+02 1.306250000000000000e+01
1.899999976158142090e-01 7.099999785423278809e-01 9.109999656677246094e+00 3.250000000000000000e+00 -6.837500000000000000e+01 -1.850000000000000000e+01 -5.000000000000000000e+00 -1.783750000000000000e+02 1.462500000000000000e+01
2.519999980926513672e+00 1.179999947547912598e+00 9.159999847412109375e+00 3.250000000000000000e+00 -6.837500000000000000e+01 -1.850000000000000000e+01 -6.687500000000000000e+00 -1.682500000000000000e+02 1.843750000000000000e+01
2.680000066757202148e+00 1.009999990463256836e+00 9.529999732971191406e+00 3.250000000000000000e+00 -6.837500000000000000e+01 -1.850000000000000000e+01 -1.631250000000000000e+01 -1.611250000000000000e+02 2.362500000000000000e+01
3.319999933242797852e+00 9.100000262260437012e-01 9.560000419616699219e+00 3.250000000000000000e+00 -6.837500000000000000e+01 -1.850000000000000000e+01 -1.631250000000000000e+01 -1.611250000000000000e+02 2.362500000000000000e+01
4.159999847412109375e+00 1.139999985694885254e+00 9.760000228881835938e+00 -7.500000000000000000e-01 -7.056250000000000000e+01 -1.768750000000000000e+01 -2.162500000000000000e+01 -1.570000000000000000e+02 3.031250000000000000e+01
3.950000047683715820e+00 6.800000071525573730e-01 9.000000000000000000e+00 -7.500000000000000000e-01 -7.056250000000000000e+01 -1.768750000000000000e+01 -1.693750000000000000e+01 -1.511875000000000000e+02 3.950000000000000000e+01
3.640000104904174805e+00 1.800000071525573730e-01 7.760000228881835938e+00 -7.500000000000000000e-01 -7.056250000000000000e+01 -1.768750000000000000e+01 -1.118750000000000000e+01 -1.435000000000000000e+02 3.756250000000000000e+01
3.559999942779541016e+00 -4.900000095367431641e-01 6.869999885559082031e+00 -7.500000000000000000e-01 -7.056250000000000000e+01 -1.768750000000000000e+01 -1.231250000000000000e+01 -1.343125000000000000e+02 3.412500000000000000e+01
3.940000057220458984e+00 -1.539999961853027344e+00 6.039999961853027344e+00 -7.500000000000000000e-01 -7.056250000000000000e+01 -1.768750000000000000e+01 -1.231250000000000000e+01 -1.343125000000000000e+02 3.412500000000000000e+01
3.990000009536743164e+00 -1.830000042915344238e+00 5.139999866485595703e+00 -3.375000000000000000e+00 -7.500000000000000000e+01 -1.806250000000000000e+01 -2.156250000000000000e+01 -1.239375000000000000e+02 2.956250000000000000e+01
4.119999885559082031e+00 -2.029999971389770508e+00 4.260000228881835938e+00 -3.375000000000000000e+00 -7.500000000000000000e+01 -1.806250000000000000e+01 -2.393750000000000000e+01 -9.243750000000000000e+01 1.612500000000000000e+01
4.380000114440917969e+00 -1.899999976158142090e+00 3.960000038146972656e+00 -3.375000000000000000e+00 -7.500000000000000000e+01 -1.806250000000000000e+01 -1.893750000000000000e+01 -7.306250000000000000e+01 1.056250000000000000e+01
4.719999790191650391e+00 -1.860000014305114746e+00 4.500000000000000000e+00 -3.375000000000000000e+00 -7.500000000000000000e+01 -1.806250000000000000e+01 -1.500000000000000000e+01 -5.587500000000000000e+01 5.750000000000000000e+00
4.769999980926513672e+00 -1.750000000000000000e+00 5.269999980926513672e+00 -3.375000000000000000e+00 -7.500000000000000000e+01 -1.806250000000000000e+01 -1.500000000000000000e+01 -5.587500000000000000e+01 5.750000000000000000e+00
5.139999866485595703e+00 -1.539999961853027344e+00 5.840000152587890625e+00 -9.062500000000000000e+00 -7.675000000000000000e+01 -2.037500000000000000e+01 -1.318750000000000000e+01 -4.237500000000000000e+01 2.562500000000000000e+00
5.199999809265136719e+00 -1.169999957084655762e+00 6.480000019073486328e+00 -9.062500000000000000e+00 -7.675000000000000000e+01 -2.037500000000000000e+01 -2.000000000000000000e+00 -2.387500000000000000e+01 -2.375000000000000000e+00
5.119999885559082031e+00 -1.139999985694885254e+00 6.739999771118164062e+00 -9.062500000000000000e+00 -7.675000000000000000e+01 -2.037500000000000000e+01 6.125000000000000000e+00 -1.700000000000000000e+01 -5.062500000000000000e+00
5.230000019073486328e+00 -8.899999856948852539e-01 7.059999942779541016e+00 -9.062500000000000000e+00 -7.675000000000000000e+01 -2.037500000000000000e+01 1.075000000000000000e+01 -1.131250000000000000e+01 -7.062500000000000000e+00
5.039999961853027344e+00 -1.039999961853027344e+00 7.199999809265136719e+00 -9.062500000000000000e+00 -7.675000000000000000e+01 -2.037500000000000000e+01 1.075000000000000000e+01 -1.131250000000000000e+01 -7.062500000000000000e+00
5.019999980926513672e+00 -1.110000014305114746e+00 6.739999771118164062e+00 -1.075000000000000000e+01 -7.787500000000000000e+01 -2.187500000000000000e+01 1.300000000000000000e+01 -5.250000000000000000e+00 -8.750000000000000000e+00
4.920000076293945312e+00 -9.599999785423278809e-01 6.329999923706054688e+00 -1.075000000000000000e+01 -7.787500000000000000e+01 -2.187500000000000000e+01 1.656250000000000000e+01 1.381250000000000000e+01 -1.231250000000000000e+01
4.750000000000000000e+00 -8.700000047683715820e-01 6.050000190734863281e+00 -1.075000000000000000e+01 -7.787500000000000000e+01 -2.187500000000000000e+01 1.918750000000000000e+01 2.575000000000000000e+01 -1.356250000000000000e+01
4.469999790191650391e+00 -7.400000095367431641e-01 5.530000209808349609e+00 -1.075000000000000000e+01 -7.787500000000000000e+01 -2.187500000000000000e+01 2.250000000000000000e+01 3.868750000000000000e+01 -1.475000000000000000e+01
4.239999771118164062e+00 -8.199999928474426270e-01 5.489999771118164062e+00 -1.075000000000000000e+01 -7.787500000000000000e+01 -2.187500000000000000e+01 2.250000000000000000e+01 3.868750000000000000e+01 -1.475000000000000000e+01
4.170000076293945312e+00 -8.100000023841857910e-01 5.460000038146972656e+00 -1.100000000000000000e+01 -7.825000000000000000e+01 -2.025000000000000000e+01 2.487500000000000000e+01 5.056250000000000000e+01 -1.656250000000000000e+01
4.079999923706054688e+00 -7.900000214576721191e-01 5.070000171661376953e+00 -1.100000000000000000e+01 -7.825000000000000000e+01 -2.025000000000000000e+01 2.912500000000000000e+01 7.937500000000000000e+01 -2.225000000000000000e+01
3.549999952316284180e+00 -5.500000119209289551e-01 4.590000152587890625e+00 -1.100000000000000000e+01 -7.825000000000000000e+01 -2.025000000000000000e+01 3.368750000000000000e+01 9.762500000000000000e+01 -2.568750000000000000e+01
3.420000076293945312e+00 -3.400000035762786865e-01 4.730000019073486328e+00 -1.100000000000000000e+01 -7.825000000000000000e+01 -2.025000000000000000e+01 3.618750000000000000e+01 1.156875000000000000e+02 -2.812500000000000000e+01
3.230000019073486328e+00 -5.799999833106994629e-01 4.380000114440917969e+00 -1.100000000000000000e+01 -7.825000000000000000e+01 -2.025000000000000000e+01 3.618750000000000000e+01 1.156875000000000000e+02 -2.812500000000000000e+01
3.089999914169311523e+00 -2.800000011920928955e-01 4.179999828338623047e+00 -8.187500000000000000e+00 -7.975000000000000000e+01 -1.868750000000000000e+01 3.831250000000000000e+01 1.383125000000000000e+02 -3.112500000000000000e+01
3.940000057220458984e+00 1.700000017881393433e-01 5.590000152587890625e+00 -8.187500000000000000e+00 -7.975000000000000000e+01 -1.868750000000000000e+01 1.200000000000000000e+01 1.876250000000000000e+02 -2.768750000000000000e+01
3.220000028610229492e+00 3.499999940395355225e-01 6.530000209808349609e+00 -8.187500000000000000e+00 -7.975000000000000000e+01 -1.868750000000000000e+01 -1.187500000000000000e+00 2.023750000000000000e+02 -2.337500000000000000e+01
2.920000076293945312e+00 7.799999713897705078e-01 7.699999809265136719e+00 -8.187500000000000000e+00 -7.975000000000000000e+01 -1.868750000000000000e+01 -1.256250000000000000e+01 2.126250000000000000e+02 -1.537500000000000000e+01
2.660000085830688477e+00 1.480000019073486328e+00 1.019999980926513672e+01 -8.187500000000000000e+00 -7.975000000000000000e+01 -1.868750000000000000e+01 -1.256250000000000000e+01 2.126250000000000000e+02 -1.537500000000000000e+01
2.750000000000000000e+00 1.649999976158142090e+00 1.164999961853027344e+01 -4.500000000000000000e+00 -7.600000000000000000e+01 -1.625000000000000000e+01 -2.593750000000000000e+01 2.179375000000000000e+02 -4.812500000000000000e+00
2.230000019073486328e+00 1.330000042915344238e+00 1.306999969482421875e+01 -4.500000000000000000e+00 -7.600000000000000000e+01 -1.625000000000000000e+01 -4.662500000000000000e+01 1.927500000000000000e+02 1.012500000000000000e+01
1.450000047683715820e+00 9.300000071525573730e-01 1.389999961853027344e+01 -4.500000000000000000e+00 -7.600000000000000000e+01 -1.625000000000000000e+01 -4.487500000000000000e+01 1.669375000000000000e+02 1.325000000000000000e+01
1.399999976158142090e+00 -9.000000357627868652e-02 1.381000041961669922e+01 -4.500000000000000000e+00 -7.600000000000000000e+01 -1.625000000000000000e+01 -3.750000000000000000e+01 1.418750000000000000e+02 1.212500000000000000e+01
9.800000190734863281e-01 -5.000000000000000000e-01 1.268999958038330078e+01 -4.500000000000000000e+00 -7.600000000000000000e+01 -1.625000000000000000e+01 -3.750000000000000000e+01 1.418750000000000000e+02 1.212500000000000000e+01
9.300000071525573730e-01 -9.399999976158142090e-01 1.127000045776367188e+01 -5.000000000000000000e-01 -7.087500000000000000e+01 -1.750000000000000000e+01 -2.762500000000000000e+01 1.233125000000000000e+02 8.812500000000000000e+00
6.000000238418579102e-01 -1.029999971389770508e+00 1.022000026702880859e+01 -5.000000000000000000e-01 -7.087500000000000000e+01 -1.750000000000000000e+01 -5.687500000000000000e+00 1.097500000000000000e+02 -5.000000000000000000e-01
2.099999934434890747e-01 -1.259999990463256836e+00 9.739999771118164062e+00 -5.000000000000000000e-01 -7.087500000000000000e+01 -1.750000000000000000e+01 -3.125000000000000000e-01 1.059375000000000000e+02 -4.250000000000000000e+00
1.999999955296516418e-02 -1.070000052452087402e+00 1.040999984741210938e+01 -5.000000000000000000e-01 -7.087500000000000000e+01 -1.750000000000000000e+01 3.000000000000000000e+00 9.643750000000000000e+01 -5.500000000000000000e+00
0.000000000000000000e+00 -7.500000000000000000e-01 1.138000011444091797e+01 -5.000000000000000000e-01 -7.087500000000000000e+01 -1.750000000000000000e+01 3.000000000000000000e+00 9.643750000000000000e+01 -5.500000000000000000e+00
-3.300000131130218506e-01 -6.000000238418579102e-01 1.193999958038330078e+01 1.062500000000000000e+00 -6.675000000000000000e+01 -2.025000000000000000e+01 7.125000000000000000e+00 8.093750000000000000e+01 -4.937500000000000000e+00
-4.699999988079071045e-01 -7.099999785423278809e-01 1.119999980926513672e+01 1.062500000000000000e+00 -6.675000000000000000e+01 -2.025000000000000000e+01 1.662500000000000000e+01 5.268750000000000000e+01 -3.625000000000000000e+00
-4.799999892711639404e-01 -7.200000286102294922e-01 1.056000041961669922e+01 1.062500000000000000e+00 -6.675000000000000000e+01 -2.025000000000000000e+01 2.031250000000000000e+01 4.506250000000000000e+01 -4.125000000000000000e+00
-5.099999904632568359e-01 -6.700000166893005371e-01 1.003999996185302734e+01 1.062500000000000000e+00 -6.675000000000000000e+01 -2.025000000000000000e+01 2.281250000000000000e+01 3.975000000000000000e+01 -4.500000000000000000e+00
-6.800000071525573730e-01 -2.500000000000000000e-01 9.550000190734863281e+00 1.062500000000000000e+00 -6.675000000000000000e+01 -2.025000000000000000e+01 2.281250000000000000e+01 3.975000000000000000e+01 -4.500000000000000000e+00
-6.700000166893005371e-01 -1.099999994039535522e-01 9.529999732971191406e+00 2.875000000000000000e+00 -6.568750000000000000e+01 -2.068750000000000000e+01 2.375000000000000000e+01 3.506250000000000000e+01 -4.187500000000000000e+00
-6.999999880790710449e-01 -1.999999955296516418e-02 9.560000419616699219e+00 2.875000000000000000e+00 -6.568750000000000000e+01 -2.068750000000000000e+01 1.900000000000000000e+01 2.512500000000000000e+01 -2.062500000000000000e+00
-6.600000262260437012e-01 0.000000000000000000e+00 9.600000381469726562e+00 2.875000000000000000e+00 -6.568750000000000000e+01 -2.068750000000000000e+01 1.550000000000000000e+01 1.981250000000000000e+01 -1.000000000000000000e+00
-6.299999952316284180e-01 -1.000000014901161194e-01 9.630000114440917969e+00 2.875000000000000000e+00 -6.568750000000000000e+01 -2.068750000000000000e+01 1.212500000000000000e+01 1.525000000000000000e+01 -8.125000000000000000e-01
-6.499999761581420898e-01 -3.999999910593032837e-02 9.619999885559082031e+00 2.875000000000000000e+00 -6.568750000000000000e+01 -2.068750000000000000e+01 1.212500000000000000e+01 1.525000000000000000e+01 -8.125000000000000000e-01
-6.299999952316284180e-01 1.000000014901161194e-01 9.659999847412109375e+00 3.687500000000000000e+00 -6.487500000000000000e+01 -2.025000000000000000e+01 9.625000000000000000e+00 1.056250000000000000e+01 -1.375000000000000000e+00
-6.200000047683715820e-01 1.099999994039535522e-01 9.630000114440917969e+00 3.687500000000000000e+00 -6.487500000000000000e+01 -2.025000000000000000e+01 6.500000000000000000e+00 6.625000000000000000e+00 -1.500000000000000000e+00
-5.899999737739562988e-01 1.099999994039535522e-01 9.640000343322753906e+00 3.687500000000000000e+00 -6.487500000000000000e+01 -2.025000000000000000e+01 -3.125000000000000000e-01 3.750000000000000000e-01 -1.750000000000000000e+00
-5.299999713897705078e-01 1.500000059604644775e-01 9.590000152587890625e+00 3.687500000000000000e+00 -6.487500000000000000e+01 -2.025000000000000000e+01 -3.687500000000000000e+00 -1.875000000000000000e+00 -1.437500000000000000e+00
-4.799999892711639404e-01 1.500000059604644775e-01 9.550000190734863281e+00 3.687500000000000000e+00 -6.487500000000000000e+01 -2.025000000000000000e+01 -3.687500000000000000e+00 -1.875000000000000000e+00 -1.437500000000000000e+00
-4.199999868869781494e-01 1.599999964237213135e-01 9.460000038146972656e+00 4.000000000000000000e+00 -6.487500000000000000e+01 -1.906250000000000000e+01 -6.625000000000000000e+00 -4.625000000000000000e+00 -1.125000000000000000e+00
-4.000000059604644775e-01 1.500000059604644775e-01 9.340000152587890625e+00 4.000000000000000000e+00 -6.487500000000000000e+01 -1.906250000000000000e+01 -1.206250000000000000e+01 -1.025000000000000000e+01 -3.750000000000000000e-01
-4.099999964237213135e-01 1.899999976158142090e-01 9.229999542236328125e+00 4.000000000000000000e+00 -6.487500000000000000e+01 -1.906250000000000000e+01 -1.312500000000000000e+01 -1.125000000000000000e+01 -1.250000000000000000e-01
-3.600000143051147461e-01 7.000000029802322388e-02 9.270000457763671875e+00 4.000000000000000000e+00 -6.487500000000000000e+01 -1.906250000000000000e+01 -1.281250000000000000e+01 -1.156250000000000000e+01 6.250000000000000000e-02
-3.199999928474426270e-01 1.999999955296516418e-02 9.310000419616699219e+00 4.000000000000000000e+00 -6.487500000000000000e+01 -1.906250000000000000e+01 -1.281250000000000000e+01 -1.156250000000000000e+01 6.250000000000000000e-02
-2.800000011920928955e-01 -2.999999932944774628e-02 9.399999618530273438e+00 3.562500000000000000e+00 -6.575000000000000000e+01 -1.906250000000000000e+01 -1.156250000000000000e+01 -1.050000000000000000e+01 3.750000000000000000e-01
-2.099999934434890747e-01 -7.999999821186065674e-02 9.470000267028808594e+00 3.562500000000000000e+00 -6.575000000000000000e+01 -1.906250000000000000e+01 -9.750000000000000000e+00 -8.875000000000000000e+00 3.125000000000000000e-01
-5.999999865889549255e-02 -1.400000005960464478e-01 9.359999656677246094e+00 3.562500000000000000e+00 -6.575000000000000000e+01 -1.906250000000000000e+01 -8.187500000000000000e+00 -7.062500000000000000e+00 4.375000000000000000e-01
2.999999932944774628e-02 -1.700000017881393433e-01 9.350000381469726562e+00 3.562500000000000000e+00 -6.575000000000000000e+01 -1.906250000000000000e+01 -6.812500000000000000e+00 -4.937500000000000000e+00 6.250000000000000000e-01
3.999999910593032837e-02 -1.700000017881393433e-01 9.319999694824218750e+00 3.562500000000000000e+00 -6.575000000000000000e+01 -1.906250000000000000e+01 -5.750000000000000000e+00 -3.312500000000000000e+00 5.000000000000000000e-01
5.000000074505805969e-02 -1.099999994039535522e-01 9.289999961853027344e+00 3.562500000000000000e+00 -6.537500000000000000e+01 -1.950000000000000000e+01 -4.937500000000000000e+00 -2.062500000000000000e+00 4.375000000000000000e-01
9.999999776482582092e-03 -1.599999964237213135e-01 9.250000000000000000e+00 3.562500000000000000e+00 -6.537500000000000000e+01 -1.950000000000000000e+01 -5.250000000000000000e+00 -1.250000000000000000e+00 7.500000000000000000e-01
0.000000000000000000e+00 -2.000000029802322388e-01 9.260000228881835938e+00 3.562500000000000000e+00 -6.537500000000000000e+01 -1.950000000000000000e+01 -5.625000000000000000e+00 -5.000000000000000000e-01 1.062500000000000000e+00
-2.999999932944774628e-02 -2.599999904632568359e-01 9.350000381469726562e+00 3.562500000000000000e+00 -6.537500000000000000e+01 -1.950000000000000000e+01 -5.187500000000000000e+00 1.875000000000000000e-01 1.125000000000000000e+00
-9.000000357627868652e-02 -3.499999940395355225e-01 9.420000076293945312e+00 3.562500000000000000e+00 -6.537500000000000000e+01 -1.950000000000000000e+01 -4.000000000000000000e+00 1.125000000000000000e+00 1.250000000000000000e+00
