-1.500000059604644775e-01 -2.800000011920928955e-01 9.439999580383300781e+00 3.425000000000000000e+01 -7.137500000000000000e+01 -8.750000000000000000e+00 0.000000000000000000e+00 -1.500000000000000000e+00 -1.875000000000000000e-01
-1.599999964237213135e-01 -4.499999880790710449e-01 9.670000076293945312e+00 3.425000000000000000e+01 -7.137500000000000000e+01 -8.750000000000000000e+00 3.125000000000000000e-01 -1.437500000000000000e+00 -1.250000000000000000e-01
-1.599999964237213135e-01 -4.600000083446502686e-01 9.789999961853027344e+00 3.468750000000000000e+01 -7.137500000000000000e+01 -7.500000000000000000e+00 1.000000000000000000e+00 -2.250000000000000000e+00 -3.750000000000000000e-01
-1.800000071525573730e-01 -3.499999940395355225e-01 9.840000152587890625e+00 3.468750000000000000e+01 -7.137500000000000000e+01 -7.500000000000000000e+00 3.375000000000000000e+00 -3.437500000000000000e+00 -1.125000000000000000e+00
-1.500000059604644775e-01 -2.399999946355819702e-01 9.750000000000000000e+00 3.468750000000000000e+01 -7.137500000000000000e+01 -7.500000000000000000e+00 4.250000000000000000e+00 -6.000000000000000000e+00 -1.875000000000000000e+00
-2.000000029802322388e-01 -1.899999976158142090e-01 9.670000076293945312e+00 3.468750000000000000e+01 -7.137500000000000000e+01 -7.500000000000000000e+00 2.937500000000000000e+00 -9.875000000000000000e+00 -3.000000000000000000e+00
-2.599999904632568359e-01 -2.700000107288360596e-01 9.899999618530273438e+00 3.468750000000000000e+01 -7.137500000000000000e+01 -7.500000000000000000e+00 1.250000000000000000e-01 -1.418750000000000000e+01 -3.562500000000000000e+00
-2.000000029802322388e-01 -6.299999952316284180e-01 1.006999969482421875e+01 3.575000000000000000e+01 -7.175000000000000000e+01 -6.687500000000000000e+00 -2.000000000000000000e+00 -1.906250000000000000e+01 -3.812500000000000000e+00
-3.499999940395355225e-01 -8.000000119209289551e-01 1.068999958038330078e+01 3.575000000000000000e+01 -7.175000000000000000e+01 -6.687500000000000000e+00 -2.250000000000000000e+00 -2.581250000000000000e+01 -5.125000000000000000e+00
-3.499999940395355225e-01 -7.400000095367431641e-01 1.168000030517578125e+01 3.575000000000000000e+01 -7.175000000000000000e+01 -6.687500000000000000e+00 -2.250000000000000000e+00 -3.712500000000000000e+01 -9.312500000000000000e+00
-2.700000107288360596e-01 7.000000029802322388e-02 1.197000026702880859e+01 3.575000000000000000e+01 -7.175000000000000000e+01 -6.687500000000000000e+00 -5.250000000000000000e+00 -5.406250000000000000e+01 -1.462500000000000000e+01
-3.499999940395355225e-01 9.300000071525573730e-01 1.198999977111816406e+01 3.575000000000000000e+01 -7.175000000000000000e+01 -6.687500000000000000e+00 -1.106250000000000000e+01 -7.687500000000000000e+01 -1.568750000000000000e+01
-2.000000029802322388e-01 1.440000057220458984e+00 1.280000019073486328e+01 3.500000000000000000e+01 -7.218750000000000000e+01 -7.500000000000000000e+00 -1.443750000000000000e+01 -9.981250000000000000e+01 -8.125000000000000000e+00
-1.099999994039535522e-01 8.600000143051147461e-01 1.318000030517578125e+01 3.500000000000000000e+01 -7.218750000000000000e+01 -7.500000000000000000e+00 -1.075000000000000000e+01 -1.208125000000000000e+02 7.500000000000000000e+00
-4.900000095367431641e-01 -7.999999821186065674e-02 1.263000011444091797e+01 3.500000000000000000e+01 -7.218750000000000000e+01 -7.500000000000000000e+00 -3.562500000000000000e+00 -1.456250000000000000e+02 2.500000000000000000e+01
-4.900000095367431641e-01 -6.499999761581420898e-01 1.168000030517578125e+01 3.500000000000000000e+01 -7.218750000000000000e+01 -7.500000000000000000e+00 5.562500000000000000e+00 -1.715625000000000000e+02 3.662500000000000000e+01
-1.000000014901161194e-01 -7.500000000000000000e-01 9.140000343322753906e+00 3.500000000000000000e+01 -7.218750000000000000e+01 -7.500000000000000000e+00 1.612500000000000000e+01 -1.895625000000000000e+02 3.968750000000000000e+01
1.099999994039535522e-01 -8.799999952316284180e-01 7.949999809265136719e+00 3.575000000000000000e+01 -7.318750000000000000e+01 -9.562500000000000000e+00 2.100000000000000000e+01 -1.955000000000000000e+02 3.818750000000000000e+01
1.080000042915344238e+00 -8.199999928474426270e-01 7.739999771118164062e+00 3.575000000000000000e+01 -7.318750000000000000e+01 -9.562500000000000000e+00 2.168750000000000000e+01 -1.894375000000000000e+02 3.406250000000000000e+01
1.620000004768371582e+00 -6.700000166893005371e-01 8.000000000000000000e+00 3.575000000000000000e+01 -7.318750000000000000e+01 -9.562500000000000000e+00 2.031250000000000000e+01 -1.728750000000000000e+02 2.818750000000000000e+01
3.009999990463256836e+00 1.999999955296516418e-02 8.350000381469726562e+00 3.575000000000000000e+01 -7.318750000000000000e+01 -9.562500000000000000e+00 1.562500000000000000e+01 -1.603125000000000000e+02 2.225000000000000000e+01
3.650000095367431641e+00 4.600000083446502686e-01 8.460000038146972656e+00 3.575000000000000000e+01 -7.318750000000000000e+01 -9.562500000000000000e+00 8.562500000000000000e+00 -1.481875000000000000e+02 1.862500000000000000e+01
4.150000095367431641e+00 8.999999761581420898e-01 8.289999961853027344e+00 3.575000000000000000e+01 -7.768750000000000000e+01 -1.156250000000000000e+01 -6.875000000000000000e-01 -1.345625000000000000e+02 1.712500000000000000e+01
4.599999904632568359e+00 7.500000000000000000e-01 7.630000114440917969e+00 3.575000000000000000e+01 -7.768750000000000000e+01 -1.156250000000000000e+01 -9.250000000000000000e+00 -1.216250000000000000e+02 1.781250000000000000e+01
4.750000000000000000e+00 3.400000035762786865e-01 7.369999885559082031e+00 3.575000000000000000e+01 -7.768750000000000000e+01 -1.156250000000000000e+01 -1.300000000000000000e+01 -1.090625000000000000e+02 2.131250000000000000e+01
4.849999904632568359e+00 2.199999988079071045e-01 7.230000019073486328e+00 3.575000000000000000e+01 -7.768750000000000000e+01 -1.156250000000000000e+01 -1.337500000000000000e+01 -9.631250000000000000e+01 2.381250000000000000e+01
5.090000152587890625e+00 -1.199999973177909851e-01 7.269999980926513672e+00 3.575000000000000000e+01 -7.768750000000000000e+01 -1.156250000000000000e+01 -1.206250000000000000e+01 -8.500000000000000000e+01 2.475000000000000000e+01
4.630000114440917969e+00 -7.099999785423278809e-01 7.019999980926513672e+00 3.375000000000000000e+01 -7.950000000000000000e+01 -1.675000000000000000e+01 -1.418750000000000000e+01 -7.818750000000000000e+01 2.462500000000000000e+01
4.539999961853027344e+00 -8.700000047683715820e-01 6.590000152587890625e+00 3.375000000000000000e+01 -7.950000000000000000e+01 -1.675000000000000000e+01 -1.768750000000000000e+01 -7.275000000000000000e+01 2.250000000000000000e+01
4.269999980926513672e+00 -9.800000190734863281e-01 6.340000152587890625e+00 3.375000000000000000e+01 -7.950000000000000000e+01 -1.675000000000000000e+01 -1.868750000000000000e+01 -6.587500000000000000e+01 1.993750000000000000e+01
4.250000000000000000e+00 -1.159999966621398926e+00 6.429999828338623047e+00 3.375000000000000000e+01 -7.950000000000000000e+01 -1.675000000000000000e+01 -1.537500000000000000e+01 -5.812500000000000000e+01 1.687500000000000000e+01
4.179999828338623047e+00 -1.289999961853027344e+00 6.849999904632568359e+00 3.375000000000000000e+01 -7.950000000000000000e+01 -1.675000000000000000e+01 -1.156250000000000000e+01 -5.006250000000000000e+01 1.362500000000000000e+01
4.170000076293945312e+00 -1.340000033378601074e+00 6.809999942779541016e+00 3.150000000000000000e+01 -8.218750000000000000e+01 -2.068750000000000000e+01 -8.937500000000000000e+00 -4.406250000000000000e+01 1.131250000000000000e+01
4.079999923706054688e+00 -1.419999957084655762e+00 6.719999790191650391e+00 3.150000000000000000e+01 -8.218750000000000000e+01 -2.068750000000000000e+01 -7.875000000000000000e+00 -3.762500000000000000e+01 9.375000000000000000e+00
3.960000038146972656e+00 -1.580000042915344238e+00 6.349999904632568359e+00 3.150000000000000000e+01 -8.218750000000000000e+01 -2.068750000000000000e+01 -7.312500000000000000e+00 -3.012500000000000000e+01 7.312500000000000000e+00
3.859999895095825195e+00 -1.620000004768371582e+00 6.010000228881835938e+00 3.150000000000000000e+01 -8.218750000000000000e+01 -2.068750000000000000e+01 -7.562500000000000000e+00 -2.143750000000000000e+01 4.500000000000000000e+00
3.759999990463256836e+00 -1.740000009536743164e+00 5.659999847412109375e+00 3.150000000000000000e+01 -8.218750000000000000e+01 -2.068750000000000000e+01 -8.625000000000000000e+00 -1.156250000000000000e+01 1.937500000000000000e+00
3.680000066757202148e+00 -1.690000057220458984e+00 5.599999904632568359e+00 2.806250000000000000e+01 -8.087500000000000000e+01 -2.368750000000000000e+01 -8.125000000000000000e+00 3.125000000000000000e-01 -1.625000000000000000e+00
3.730000019073486328e+00 -1.250000000000000000e+00 6.190000057220458984e+00 2.806250000000000000e+01 -8.087500000000000000e+01 -2.368750000000000000e+01 -5.687500000000000000e+00 1.287500000000000000e+01 -6.500000000000000000e+00
3.720000028610229492e+00 -1.080000042915344238e+00 6.670000076293945312e+00 2.806250000000000000e+01 -8.087500000000000000e+01 -2.368750000000000000e+01 -3.125000000000000000e+00 2.431250000000000000e+01 -1.068750000000000000e+01
3.759999990463256836e+00 -7.799999713897705078e-01 7.500000000000000000e+00 2.806250000000000000e+01 -8.087500000000000000e+01 -2.368750000000000000e+01 -7.500000000000000000e-01 3.281250000000000000e+01 -1.331250000000000000e+01
3.829999923706054688e+00 -4.900000095367431641e-01 8.159999847412109375e+00 2.806250000000000000e+01 -8.087500000000000000e+01 -2.368750000000000000e+01 1.062500000000000000e+00 3.725000000000000000e+01 -1.456250000000000000e+01
3.720000028610229492e+00 -1.199999973177909851e-01 8.470000267028808594e+00 2.887500000000000000e+01 -8.206250000000000000e+01 -2.325000000000000000e+01 1.312500000000000000e+00 3.818750000000000000e+01 -1.300000000000000000e+01
3.720000028610229492e+00 -2.399999946355819702e-01 8.300000190734863281e+00 2.887500000000000000e+01 -8.206250000000000000e+01 -2.325000000000000000e+01 2.750000000000000000e+00 3.768750000000000000e+01 -1.081250000000000000e+01
3.670000076293945312e+00 -3.700000047683715820e-01 7.980000019073486328e+00 2.887500000000000000e+01 -8.206250000000000000e+01 -2.325000000000000000e+01 5.500000000000000000e+00 3.856250000000000000e+01 -9.187500000000000000e+00
3.420000076293945312e+00 -7.099999785423278809e-01 6.829999923706054688e+00 2.887500000000000000e+01 -8.206250000000000000e+01 -2.325000000000000000e+01 8.187500000000000000e+00 4.312500000000000000e+01 -9.687500000000000000e+00
3.279999971389770508e+00 -7.599999904632568359e-01 5.840000152587890625e+00 2.887500000000000000e+01 -8.206250000000000000e+01 -2.325000000000000000e+01 1.093750000000000000e+01 5.112500000000000000e+01 -1.118750000000000000e+01
3.009999990463256836e+00 -7.699999809265136719e-01 4.820000171661376953e+00 3.106250000000000000e+01 -8.237500000000000000e+01 -2.068750000000000000e+01 1.512500000000000000e+01 6.456250000000000000e+01 -1.412500000000000000e+01
2.829999923706054688e+00 -7.699999809265136719e-01 3.930000066757202148e+00 3.106250000000000000e+01 -8.237500000000000000e+01 -2.068750000000000000e+01 2.081250000000000000e+01 8.337500000000000000e+01 -1.787500000000000000e+01
2.789999961853027344e+00 -7.900000214576721191e-01 3.819999933242797852e+00 3.106250000000000000e+01 -8.237500000000000000e+01 -2.068750000000000000e+01 2.637500000000000000e+01 1.095625000000000000e+02 -2.087500000000000000e+01
2.700000047683715820e+00 -6.700000166893005371e-01 4.309999942779541016e+00 3.106250000000000000e+01 -8.237500000000000000e+01 -2.068750000000000000e+01 2.825000000000000000e+01 1.406250000000000000e+02 -2.350000000000000000e+01
2.910000085830688477e+00 -5.400000214576721191e-01 5.199999809265136719e+00 3.106250000000000000e+01 -8.237500000000000000e+01 -2.068750000000000000e+01 2.356250000000000000e+01 1.701250000000000000e+02 -2.562500000000000000e+01
2.970000028610229492e+00 -2.199999988079071045e-01 6.699999809265136719e+00 3.300000000000000000e+01 -8.206250000000000000e+01 -1.737500000000000000e+01 1.200000000000000000e+01 1.959375000000000000e+02 -2.575000000000000000e+01
2.640000104904174805e+00 1.919999957084655762e+00 1.160999965667724609e+01 3.300000000000000000e+01 -8.206250000000000000e+01 -1.737500000000000000e+01 -4.750000000000000000e+00 2.192500000000000000e+02 -2.593750000000000000e+01
2.269999980926513672e+00 2.269999980926513672e+00 1.431999969482421875e+01 3.300000000000000000e+01 -8.206250000000000000e+01 -1.737500000000000000e+01 -2.556250000000000000e+01 2.305625000000000000e+02 -2.112500000000000000e+01
2.000000000000000000e+00 1.840000033378601074e+00 1.605999946594238281e+01 3.300000000000000000e+01 -8.206250000000000000e+01 -1.737500000000000000e+01 -3.687500000000000000e+01 2.189375000000000000e+02 -8.250000000000000000e+00
7.300000190734863281e-01 2.999999932944774628e-02 1.468999958038330078e+01 3.300000000000000000e+01 -8.206250000000000000e+01 -1.737500000000000000e+01 -4.081250000000000000e+01 1.928750000000000000e+02 2.875000000000000000e+00
5.600000023841857910e-01 -1.240000009536743164e+00 1.327999973297119141e+01 3.437500000000000000e+01 -7.568750000000000000e+01 -1.006250000000000000e+01 -3.775000000000000000e+01 1.604375000000000000e+02 9.125000000000000000e+00
4.600000083446502686e-01 -2.099999904632568359e+00 1.238000011444091797e+01 3.437500000000000000e+01 -7.568750000000000000e+01 -1.006250000000000000e+01 -2.687500000000000000e+01 1.333125000000000000e+02 5.875000000000000000e+00
1.700000017881393433e-01 -2.009999990463256836e+00 1.172000026702880859e+01 3.437500000000000000e+01 -7.568750000000000000e+01 -1.006250000000000000e+01 -1.175000000000000000e+01 1.170000000000000000e+02 -3.750000000000000000e+00
7.999999821186065674e-02 -9.399999976158142090e-01 1.093000030517578125e+01 3.437500000000000000e+01 -7.568750000000000000e+01 -1.006250000000000000e+01 6.187500000000000000e+00 1.053125000000000000e+02 -1.262500000000000000e+01
-9.999999776482582092e-03 -6.700000166893005371e-01 1.059000015258789062e+01 3.437500000000000000e+01 -7.568750000000000000e+01 -1.006250000000000000e+01 2.043750000000000000e+01 9.675000000000000000e+01 -1.631250000000000000e+01
-2.300000041723251343e-01 -7.200000286102294922e-01 1.022999954223632812e+01 3.325000000000000000e+01 -7.125000000000000000e+01 -1.050000000000000000e+01 2.806250000000000000e+01 8.993750000000000000e+01 -1.518750000000000000e+01
-2.199999988079071045e-01 -6.499999761581420898e-01 1.018999958038330078e+01 3.325000000000000000e+01 -7.125000000000000000e+01 -1.050000000000000000e+01 3.300000000000000000e+01 8.437500000000000000e+01 -9.562500000000000000e+00
-4.099999964237213135e-01 -4.900000095367431641e-01 9.880000114440917969e+00 3.325000000000000000e+01 -7.125000000000000000e+01 -1.050000000000000000e+01 3.843750000000000000e+01 7.743750000000000000e+01 -1.162500000000000000e+01
-4.399999976158142090e-01 -3.600000143051147461e-01 9.729999542236328125e+00 3.325000000000000000e+01 -7.125000000000000000e+01 -1.050000000000000000e+01 4.250000000000000000e+01 6.950000000000000000e+01 -1.118750000000000000e+01
-5.600000023841857910e-01 -3.300000131130218506e-01 9.510000228881835938e+00 3.325000000000000000e+01 -7.125000000000000000e+01 -1.050000000000000000e+01 4.393750000000000000e+01 6.343750000000000000e+01 -1.281250000000000000e+01
-6.800000071525573730e-01 -1.000000014901161194e-01 9.510000228881835938e+00 3.406250000000000000e+01 -7.125000000000000000e+01 -8.375000000000000000e+00 4.393750000000000000e+01 5.862500000000000000e+01 -1.425000000000000000e+01
-6.600000262260437012e-01 7.000000029802322388e-02 9.649999618530273438e+00 3.406250000000000000e+01 -7.125000000000000000e+01 -8.375000000000000000e+00 4.206250000000000000e+01 5.500000000000000000e+01 -1.400000000000000000e+01
-6.800000071525573730e-01 1.400000005960464478e-01 9.800000190734863281e+00 3.406250000000000000e+01 -7.125000000000000000e+01 -8.375000000000000000e+00 3.768750000000000000e+01 5.162500000000000000e+01 -1.262500000000000000e+01
-8.100000023841857910e-01 1.500000059604644775e-01 9.729999542236328125e+00 3.406250000000000000e+01 -7.125000000000000000e+01 -8.375000000000000000e+00 3.275000000000000000e+01 4.868750000000000000e+01 -1.125000000000000000e+01
-9.599999785423278809e-01 1.700000017881393433e-01 9.569999694824218750e+00 3.406250000000000000e+01 -7.125000000000000000e+01 -8.375000000000000000e+00 2.818750000000000000e+01 4.506250000000000000e+01 -1.025000000000000000e+01
-1.100000023841857910e+00 2.800000011920928955e-01 9.520000457763671875e+00 3.506250000000000000e+01 -7.168750000000000000e+01 -4.687500000000000000e+00 2.556250000000000000e+01 4.025000000000000000e+01 -1.031250000000000000e+01
-1.129999995231628418e+00 3.700000047683715820e-01 9.489999771118164062e+00 3.506250000000000000e+01 -7.168750000000000000e+01 -4.687500000000000000e+00 2.262500000000000000e+01 3.537500000000000000e+01 -1.093750000000000000e+01
-1.169999957084655762e+00 3.600000143051147461e-01 9.359999656677246094e+00 3.506250000000000000e+01 -7.168750000000000000e+01 -4.687500000000000000e+00 1.968750000000000000e+01 3.018750000000000000e+01 -1.062500000000000000e+01
-1.299999952316284180e+00 4.600000083446502686e-01 9.210000038146972656e+00 3.506250000000000000e+01 -7.168750000000000000e+01 -4.687500000000000000e+00 1.668750000000000000e+01 2.493750000000000000e+01 -9.937500000000000000e+00
-1.289999961853027344e+00 5.099999904632568359e-01 9.239999771118164062e+00 3.506250000000000000e+01 -7.168750000000000000e+01 -4.687500000000000000e+00 1.343750000000000000e+01 1.931250000000000000e+01 -8.562500000000000000e+00
-1.279999971389770508e+00 4.699999988079071045e-01 9.279999732971191406e+00 3.575000000000000000e+01 -7.125000000000000000e+01 -3.000000000000000000e+00 9.250000000000000000e+00 1.331250000000000000e+01 -6.625000000000000000e+00
-1.299999952316284180e+00 5.500000119209289551e-01 9.289999961853027344e+00 3.575000000000000000e+01 -7.125000000000000000e+01 -3.000000000000000000e+00 5.437500000000000000e+00 6.625000000000000000e+00 -4.812500000000000000e+00
-1.299999952316284180e+00 5.199999809265136719e-01 9.239999771118164062e+00 3.575000000000000000e+01 -7.125000000000000000e+01 -3.000000000000000000e+00 2.187500000000000000e+00 -3.750000000000000000e-01 -2.750000000000000000e+00
-1.169999957084655762e+00 3.899999856948852539e-01 9.310000419616699219e+00 3.575000000000000000e+01 -7.125000000000000000e+01 -3.000000000000000000e+00 -1.562500000000000000e+00 -6.500000000000000000e+00 -8.125000000000000000e-01
-1.159999966621398926e+00 3.300000131130218506e-01 9.319999694824218750e+00 3.575000000000000000e+01 -7.125000000000000000e+01 -3.000000000000000000e+00 -3.937500000000000000e+00 -1.193750000000000000e+01 3.125000000000000000e-01
-1.100000023841857910e+00 3.300000131130218506e-01 9.300000190734863281e+00 3.568750000000000000e+01 -7.156250000000000000e+01 -2.500000000000000000e+00 -4.500000000000000000e+00 -1.568750000000000000e+01 1.312500000000000000e+00
-1.049999952316284180e+00 3.400000035762786865e-01 9.329999923706054688e+00 3.568750000000000000e+01 -7.156250000000000000e+01 -2.500000000000000000e+00 -5.062500000000000000e+00 -1.931250000000000000e+01 2.375000000000000000e+00
-1.039999961853027344e+00 3.300000131130218506e-01 9.399999618530273438e+00 3.568750000000000000e+01 -7.156250000000000000e+01 -2.500000000000000000e+00 -5.375000000000000000e+00 -2.193750000000000000e+01 3.062500000000000000e+00
-8.700000047683715820e-01 3.199999928474426270e-01 9.470000267028808594e+00 3.568750000000000000e+01 -7.156250000000000000e+01 -2.500000000000000000e+00 -5.250000000000000000e+00 -2.287500000000000000e+01 3.250000000000000000e+00
-8.100000023841857910e-01 3.199999928474426270e-01 9.529999732971191406e+00 3.568750000000000000e+01 -7.156250000000000000e+01 -2.500000000000000000e+00 -5.437500000000000000e+00 -2.368750000000000000e+01 3.562500000000000000e+00
-7.200000286102294922e-01 3.499999940395355225e-01 9.520000457763671875e+00 3.556250000000000000e+01 -7.225000000000000000e+01 -2.000000000000000000e+00 -5.312500000000000000e+00 -2.400000000000000000e+01 3.250000000000000000e+00
-6.600000262260437012e-01 3.100000023841857910e-01 9.489999771118164062e+00 3.556250000000000000e+01 -7.225000000000000000e+01 -2.000000000000000000e+00 -5.625000000000000000e+00 -2.325000000000000000e+01 3.312500000000000000e+00
-5.600000023841857910e-01 2.099999934434890747e-01 9.390000343322753906e+00 3.556250000000000000e+01 -7.225000000000000000e+01 -2.000000000000000000e+00 -6.250000000000000000e+00 -2.168750000000000000e+01 3.562500000000000000e+00
-4.499999880790710449e-01 1.800000071525573730e-01 9.430000305175781250e+00 3.556250000000000000e+01 -7.225000000000000000e+01 -2.000000000000000000e+00 -6.687500000000000000e+00 -1.993750000000000000e+01 4.125000000000000000e+00
-4.099999964237213135e-01 1.700000017881393433e-01 9.409999847412109375e+00 3.556250000000000000e+01 -7.225000000000000000e+01 -2.000000000000000000e+00 -7.000000000000000000e+00 -1.825000000000000000e+01 3.875000000000000000e+00
-3.300000131130218506e-01 1.500000059604644775e-01 9.460000038146972656e+00 3.475000000000000000e+01 -7.118750000000000000e+01 -3.062500000000000000e+00 -7.562500000000000000e+00 -1.687500000000000000e+01 3.625000000000000000e+00
-2.899999916553497314e-01 7.999999821186065674e-02 9.369999885559082031e+00 3.475000000000000000e+01 -7.118750000000000000e+01 -3.062500000000000000e+00 -8.187500000000000000e+00 -1.531250000000000000e+01 3.375000000000000000e+00
-2.899999916553497314e-01 5.000000074505805969e-02 9.319999694824218750e+00 3.475000000000000000e+01 -7.118750000000000000e+01 -3.062500000000000000e+00 -8.625000000000000000e+00 -1.468750000000000000e+01 2.250000000000000000e+00
-2.599999904632568359e-01 2.999999932944774628e-02 9.380000114440917969e+00 3.475000000000000000e+01 -7.118750000000000000e+01 -3.062500000000000000e+00 -8.687500000000000000e+00 -1.331250000000000000e+01 1.687500000000000000e+00
-2.899999916553497314e-01 -1.999999955296516418e-02 9.369999885559082031e+00 3.475000000000000000e+01 -7.118750000000000000e+01 -3.062500000000000000e+00 -8.750000000000000000e+00 -1.137500000000000000e+01 1.125000000000000000e+00
-3.199999928474426270e-01 -7.000000029802322388e-02 9.409999847412109375e+00 3.475000000000000000e+01 -7.118750000000000000e+01 -4.250000000000000000e+00 -8.062500000000000000e+00 -9.437500000000000000e+00 7.500000000000000000e-01
-2.800000011920928955e-01 -1.199999973177909851e-01 9.430000305175781250e+00 3.475000000000000000e+01 -7.118750000000000000e+01 -4.250000000000000000e+00 -7.250000000000000000e+00 -7.937500000000000000e+00 3.125000000000000000e-01
-2.800000011920928955e-01 -1.000000014901161194e-01 9.420000076293945312e+00 3.475000000000000000e+01 -7.118750000000000000e+01 -4.250000000000000000e+00 -5.437500000000000000e+00 -5.750000000000000000e+00 2.500000000000000000e-01
