-7.999999821186065674e-02 -6.299999952316284180e-01 9.399999618530273438e+00 3.337500000000000000e+01 -7.106250000000000000e+01 -1.287500000000000000e+01 6.250000000000000000e-01 -1.437500000000000000e+00 3.750000000000000000e-01
-9.000000357627868652e-02 -6.399999856948852539e-01 9.420000076293945312e+00 3.337500000000000000e+01 -7.106250000000000000e+01 -1.287500000000000000e+01 -1.875000000000000000e-01 -1.625000000000000000e+00 3.125000000000000000e-01
-7.000000029802322388e-02 -6.200000047683715820e-01 9.439999580383300781e+00 3.268750000000000000e+01 -7.106250000000000000e+01 -1.206250000000000000e+01 -1.500000000000000000e+00 -2.312500000000000000e+00 5.000000000000000000e-01
-5.000000074505805969e-02 -6.600000262260437012e-01 9.430000305175781250e+00 3.268750000000000000e+01 -7.106250000000000000e+01 -1.206250000000000000e+01 -2.937500000000000000e+00 -3.000000000000000000e+00 6.250000000000000000e-01
-3.999999910593032837e-02 -6.700000166893005371e-01 9.439999580383300781e+00 3.268750000000000000e+01 -7.106250000000000000e+01 -1.206250000000000000e+01 -4.125000000000000000e+00 -3.937500000000000000e+00 9.375000000000000000e-01
-1.999999955296516418e-02 -7.300000190734863281e-01 9.520000457763671875e+00 3.268750000000000000e+01 -7.106250000000000000e+01 -1.206250000000000000e+01 -4.750000000000000000e+00 -4.812500000000000000e+00 9.375000000000000000e-01
-5.000000074505805969e-02 -7.200000286102294922e-01 9.609999656677246094e+00 3.268750000000000000e+01 -7.106250000000000000e+01 -1.206250000000000000e+01 -4.625000000000000000e+00 -6.062500000000000000e+00 9.375000000000000000e-01
-7.999999821186065674e-02 -7.200000286102294922e-01 9.659999847412109375e+00 3.300000000000000000e+01 -7.106250000000000000e+01 -1.250000000000000000e+01 -4.875000000000000000e+00 -7.687500000000000000e+00 6.250000000000000000e-01
-7.999999821186065674e-02 -7.200000286102294922e-01 9.750000000000000000e+00 3.300000000000000000e+01 -7.106250000000000000e+01 -1.250000000000000000e+01 -6.125000000000000000e+00 -9.812500000000000000e+00 1.250000000000000000e-01
-1.099999994039535522e-01 -7.599999904632568359e-01 9.939999580383300781e+00 3.300000000000000000e+01 -7.106250000000000000e+01 -1.250000000000000000e+01 -8.375000000000000000e+00 -1.300000000000000000e+01 -1.875000000000000000e-01
-1.099999994039535522e-01 -6.399999856948852539e-01 9.970000267028808594e+00 3.300000000000000000e+01 -7.106250000000000000e+01 -1.250000000000000000e+01 -1.256250000000000000e+01 -1.768750000000000000e+01 -1.125000000000000000e+00
-9.000000357627868652e-02 -4.399999976158142090e-01 1.003999996185302734e+01 3.300000000000000000e+01 -7.106250000000000000e+01 -1.250000000000000000e+01 -1.981250000000000000e+01 -2.318750000000000000e+01 -2.062500000000000000e+00
-7.000000029802322388e-02 -4.499999880790710449e-01 1.026000022888183594e+01 3.375000000000000000e+01 -7.106250000000000000e+01 -1.287500000000000000e+01 -3.006250000000000000e+01 -2.950000000000000000e+01 -2.125000000000000000e+00
-2.199999988079071045e-01 -6.600000262260437012e-01 1.068000030517578125e+01 3.375000000000000000e+01 -7.106250000000000000e+01 -1.287500000000000000e+01 -4.143750000000000000e+01 -3.787500000000000000e+01 -2.312500000000000000e+00
-2.000000029802322388e-01 -5.299999713897705078e-01 1.094999980926513672e+01 3.375000000000000000e+01 -7.106250000000000000e+01 -1.287500000000000000e+01 -5.131250000000000000e+01 -4.856250000000000000e+01 -3.437500000000000000e+00
-2.800000011920928955e-01 -3.799999952316284180e-01 1.085999965667724609e+01 3.375000000000000000e+01 -7.106250000000000000e+01 -1.287500000000000000e+01 -6.106250000000000000e+01 -6.212500000000000000e+01 -3.250000000000000000e+00
-2.700000107288360596e-01 -5.099999904632568359e-01 1.009000015258789062e+01 3.375000000000000000e+01 -7.106250000000000000e+01 -1.287500000000000000e+01 -7.012500000000000000e+01 -7.450000000000000000e+01 -6.250000000000000000e-01
-1.199999973177909851e-01 -9.499999880790710449e-01 1.014999961853027344e+01 3.300000000000000000e+01 -7.025000000000000000e+01 -1.406250000000000000e+01 -7.250000000000000000e+01 -8.350000000000000000e+01 3.312500000000000000e+00
0.000000000000000000e+00 -1.409999966621398926e+00 1.039999961853027344e+01 3.300000000000000000e+01 -7.025000000000000000e+01 -1.406250000000000000e+01 -6.543750000000000000e+01 -9.162500000000000000e+01 6.687500000000000000e+00
3.999999910593032837e-02 -1.809999942779541016e+00 1.051000022888183594e+01 3.300000000000000000e+01 -7.025000000000000000e+01 -1.406250000000000000e+01 -5.468750000000000000e+01 -1.008750000000000000e+02 6.875000000000000000e+00
4.699999988079071045e-01 -1.779999971389770508e+00 1.056000041961669922e+01 3.300000000000000000e+01 -7.025000000000000000e+01 -1.406250000000000000e+01 -4.450000000000000000e+01 -1.103125000000000000e+02 5.125000000000000000e+00
8.600000143051147461e-01 -1.480000019073486328e+00 1.043999958038330078e+01 3.300000000000000000e+01 -7.025000000000000000e+01 -1.406250000000000000e+01 -3.712500000000000000e+01 -1.191250000000000000e+02 4.250000000000000000e+00
1.009999990463256836e+00 -1.379999995231628418e+00 1.032999992370605469e+01 3.300000000000000000e+01 -7.168750000000000000e+01 -1.775000000000000000e+01 -3.418750000000000000e+01 -1.244375000000000000e+02 5.687500000000000000e+00
1.110000014305114746e+00 -1.559999942779541016e+00 1.028999996185302734e+01 3.300000000000000000e+01 -7.168750000000000000e+01 -1.775000000000000000e+01 -3.225000000000000000e+01 -1.275000000000000000e+02 7.750000000000000000e+00
1.769999980926513672e+00 -1.980000019073486328e+00 1.061999988555908203e+01 3.300000000000000000e+01 -7.168750000000000000e+01 -1.775000000000000000e+01 -2.693750000000000000e+01 -1.308750000000000000e+02 8.500000000000000000e+00
2.299999952316284180e+00 -1.700000047683715820e+00 1.085999965667724609e+01 3.300000000000000000e+01 -7.168750000000000000e+01 -1.775000000000000000e+01 -2.250000000000000000e+01 -1.352500000000000000e+02 7.437500000000000000e+00
2.619999885559082031e+00 -1.320000052452087402e+00 1.097999954223632812e+01 3.300000000000000000e+01 -7.168750000000000000e+01 -1.775000000000000000e+01 -2.050000000000000000e+01 -1.405625000000000000e+02 7.125000000000000000e+00
3.059999942779541016e+00 -8.500000238418579102e-01 1.042000007629394531e+01 3.106250000000000000e+01 -7.168750000000000000e+01 -2.256250000000000000e+01 -1.968750000000000000e+01 -1.455000000000000000e+02 9.625000000000000000e+00
2.980000019073486328e+00 -1.240000009536743164e+00 9.850000381469726562e+00 3.106250000000000000e+01 -7.168750000000000000e+01 -2.256250000000000000e+01 -1.756250000000000000e+01 -1.507500000000000000e+02 1.531250000000000000e+01
3.029999971389770508e+00 -1.929999947547912598e+00 9.399999618530273438e+00 3.106250000000000000e+01 -7.168750000000000000e+01 -2.256250000000000000e+01 -1.425000000000000000e+01 -1.508125000000000000e+02 1.993750000000000000e+01
3.559999942779541016e+00 -2.259999990463256836e+00 9.100000381469726562e+00 3.106250000000000000e+01 -7.168750000000000000e+01 -2.256250000000000000e+01 -1.606250000000000000e+01 -1.535625000000000000e+02 1.831250000000000000e+01
4.440000057220458984e+00 -2.180000066757202148e+00 9.590000152587890625e+00 3.106250000000000000e+01 -7.168750000000000000e+01 -2.256250000000000000e+01 -1.056250000000000000e+01 -1.506250000000000000e+02 1.625000000000000000e+01
4.389999866485595703e+00 -2.119999885559082031e+00 9.140000343322753906e+00 2.837500000000000000e+01 -7.237500000000000000e+01 -2.775000000000000000e+01 -6.375000000000000000e+00 -1.445000000000000000e+02 1.687500000000000000e+01
4.460000038146972656e+00 -1.860000014305114746e+00 8.350000381469726562e+00 2.837500000000000000e+01 -7.237500000000000000e+01 -2.775000000000000000e+01 -8.562500000000000000e+00 -1.471875000000000000e+02 1.600000000000000000e+01
4.369999885559082031e+00 -1.929999947547912598e+00 7.280000209808349609e+00 2.837500000000000000e+01 -7.237500000000000000e+01 -2.775000000000000000e+01 -1.212500000000000000e+01 -1.488750000000000000e+02 1.737500000000000000e+01
4.510000228881835938e+00 -2.609999895095825195e+00 5.690000057220458984e+00 2.837500000000000000e+01 -7.237500000000000000e+01 -2.775000000000000000e+01 -1.112500000000000000e+01 -1.438125000000000000e+02 1.837500000000000000e+01
4.280000209808349609e+00 -2.990000009536743164e+00 5.269999980926513672e+00 2.837500000000000000e+01 -7.237500000000000000e+01 -2.775000000000000000e+01 -6.125000000000000000e+00 -1.353750000000000000e+02 1.487500000000000000e+01
3.960000038146972656e+00 -3.150000095367431641e+00 5.030000209808349609e+00 2.250000000000000000e+01 -7.456250000000000000e+01 -3.218750000000000000e+01 0.000000000000000000e+00 -1.243750000000000000e+02 9.562500000000000000e+00
4.349999904632568359e+00 -2.890000104904174805e+00 5.010000228881835938e+00 2.250000000000000000e+01 -7.456250000000000000e+01 -3.218750000000000000e+01 2.500000000000000000e+00 -1.078750000000000000e+02 4.937500000000000000e+00
4.429999828338623047e+00 -2.680000066757202148e+00 4.860000133514404297e+00 2.250000000000000000e+01 -7.456250000000000000e+01 -3.218750000000000000e+01 1.562500000000000000e+00 -9.418750000000000000e+01 0.000000000000000000e+00
4.369999885559082031e+00 -2.519999980926513672e+00 4.579999923706054688e+00 2.250000000000000000e+01 -7.456250000000000000e+01 -3.218750000000000000e+01 2.500000000000000000e-01 -8.300000000000000000e+01 -2.125000000000000000e+00
4.369999885559082031e+00 -2.440000057220458984e+00 4.289999961853027344e+00 2.250000000000000000e+01 -7.456250000000000000e+01 -3.218750000000000000e+01 -2.500000000000000000e-01 -7.043750000000000000e+01 -2.000000000000000000e+00
4.570000171661376953e+00 -2.559999942779541016e+00 4.340000152587890625e+00 1.606250000000000000e+01 -7.275000000000000000e+01 -3.706250000000000000e+01 3.125000000000000000e-01 -5.606250000000000000e+01 -2.562500000000000000e+00
4.679999828338623047e+00 -2.599999904632568359e+00 4.570000171661376953e+00 1.606250000000000000e+01 -7.275000000000000000e+01 -3.706250000000000000e+01 1.187500000000000000e+00 -4.175000000000000000e+01 -3.250000000000000000e+00
4.809999942779541016e+00 -2.470000028610229492e+00 4.880000114440917969e+00 1.606250000000000000e+01 -7.275000000000000000e+01 -3.706250000000000000e+01 2.687500000000000000e+00 -2.968750000000000000e+01 -5.312500000000000000e+00
4.860000133514404297e+00 -2.339999914169311523e+00 4.980000019073486328e+00 1.606250000000000000e+01 -7.275000000000000000e+01 -3.706250000000000000e+01 5.875000000000000000e+00 -1.893750000000000000e+01 -7.250000000000000000e+00
4.840000152587890625e+00 -2.069999933242797852e+00 4.550000190734863281e+00 1.606250000000000000e+01 -7.275000000000000000e+01 -3.706250000000000000e+01 1.000000000000000000e+01 -7.312500000000000000e+00 -9.000000000000000000e+00
4.780000209808349609e+00 -2.019999980926513672e+00 4.309999942779541016e+00 1.300000000000000000e+01 -7.200000000000000000e+01 -3.818750000000000000e+01 1.581250000000000000e+01 6.187500000000000000e+00 -1.043750000000000000e+01
4.690000057220458984e+00 -1.919999957084655762e+00 4.360000133514404297e+00 1.300000000000000000e+01 -7.200000000000000000e+01 -3.818750000000000000e+01 2.231250000000000000e+01 2.100000000000000000e+01 -1.237500000000000000e+01
4.610000133514404297e+00 -1.929999947547912598e+00 4.590000152587890625e+00 1.300000000000000000e+01 -7.200000000000000000e+01 -3.818750000000000000e+01 2.631250000000000000e+01 3.656250000000000000e+01 -1.375000000000000000e+01
4.530000209808349609e+00 -1.769999980926513672e+00 4.579999923706054688e+00 1.300000000000000000e+01 -7.200000000000000000e+01 -3.818750000000000000e+01 2.581250000000000000e+01 5.168750000000000000e+01 -1.412500000000000000e+01
4.469999790191650391e+00 -1.690000057220458984e+00 4.320000171661376953e+00 1.300000000000000000e+01 -7.200000000000000000e+01 -3.818750000000000000e+01 2.256250000000000000e+01 6.637500000000000000e+01 -1.331250000000000000e+01
4.210000038146972656e+00 -1.600000023841857910e+00 3.740000009536743164e+00 1.306250000000000000e+01 -7.350000000000000000e+01 -3.775000000000000000e+01 1.943750000000000000e+01 8.243750000000000000e+01 -1.237500000000000000e+01
3.480000019073486328e+00 -1.669999957084655762e+00 2.380000114440917969e+00 1.306250000000000000e+01 -7.350000000000000000e+01 -3.775000000000000000e+01 2.125000000000000000e+01 1.022500000000000000e+02 -1.225000000000000000e+01
3.049999952316284180e+00 -2.079999923706054688e+00 2.410000085830688477e+00 1.306250000000000000e+01 -7.350000000000000000e+01 -3.775000000000000000e+01 2.906250000000000000e+01 1.262500000000000000e+02 -1.425000000000000000e+01
2.630000114440917969e+00 -2.289999961853027344e+00 3.079999923706054688e+00 1.306250000000000000e+01 -7.350000000000000000e+01 -3.775000000000000000e+01 4.143750000000000000e+01 1.525000000000000000e+02 -1.918750000000000000e+01
2.430000066757202148e+00 -2.170000076293945312e+00 3.569999933242797852e+00 1.306250000000000000e+01 -7.350000000000000000e+01 -3.775000000000000000e+01 5.068750000000000000e+01 1.778750000000000000e+02 -2.637500000000000000e+01
1.659999966621398926e+00 -1.789999961853027344e+00 3.049999952316284180e+00 1.825000000000000000e+01 -7.606250000000000000e+01 -3.456250000000000000e+01 5.087500000000000000e+01 1.998750000000000000e+02 -3.193750000000000000e+01
9.800000190734863281e-01 -1.720000028610229492e+00 2.259999990463256836e+00 1.825000000000000000e+01 -7.606250000000000000e+01 -3.456250000000000000e+01 4.693750000000000000e+01 2.236250000000000000e+02 -3.443750000000000000e+01
3.480000019073486328e+00 -1.460000038146972656e+00 4.070000171661376953e+00 1.825000000000000000e+01 -7.606250000000000000e+01 -3.456250000000000000e+01 4.100000000000000000e+01 2.593125000000000000e+02 -3.600000000000000000e+01
3.210000038146972656e+00 -5.000000074505805969e-02 1.056999969482421875e+01 1.825000000000000000e+01 -7.606250000000000000e+01 -3.456250000000000000e+01 1.768750000000000000e+01 3.148750000000000000e+02 -3.562500000000000000e+01
2.490000009536743164e+00 1.590000033378601074e+00 1.640999984741210938e+01 1.825000000000000000e+01 -7.606250000000000000e+01 -3.456250000000000000e+01 -2.443750000000000000e+01 3.504375000000000000e+02 -3.500000000000000000e+01
-1.800000071525573730e-01 2.470000028610229492e+00 2.132999992370605469e+01 2.687500000000000000e+01 -7.756250000000000000e+01 -2.437500000000000000e+01 -5.581250000000000000e+01 3.490625000000000000e+02 -2.256250000000000000e+01
-1.299999952316284180e+00 1.070000052452087402e+00 2.856999969482421875e+01 2.687500000000000000e+01 -7.756250000000000000e+01 -2.437500000000000000e+01 -6.068750000000000000e+01 2.826875000000000000e+02 -2.062500000000000000e+00
6.800000071525573730e-01 -1.919999957084655762e+00 2.257999992370605469e+01 2.687500000000000000e+01 -7.756250000000000000e+01 -2.437500000000000000e+01 -1.518750000000000000e+01 1.621875000000000000e+02 8.562500000000000000e+00
1.149999976158142090e+00 -2.589999914169311523e+00 1.381000041961669922e+01 2.687500000000000000e+01 -7.756250000000000000e+01 -2.437500000000000000e+01 1.956250000000000000e+01 6.012500000000000000e+01 2.125000000000000000e+00
1.409999966621398926e+00 -2.900000095367431641e+00 7.679999828338623047e+00 2.687500000000000000e+01 -7.756250000000000000e+01 -2.437500000000000000e+01 3.075000000000000000e+01 2.587500000000000000e+01 -9.375000000000000000e-01
9.399999976158142090e-01 -2.809999942779541016e+00 4.260000228881835938e+00 3.200000000000000000e+01 -6.825000000000000000e+01 -1.837500000000000000e+01 3.175000000000000000e+01 3.862500000000000000e+01 -4.125000000000000000e+00
3.400000035762786865e-01 -2.200000047683715820e+00 4.760000228881835938e+00 3.200000000000000000e+01 -6.825000000000000000e+01 -1.837500000000000000e+01 3.456250000000000000e+01 6.918750000000000000e+01 -8.437500000000000000e+00
5.000000074505805969e-02 -1.419999957084655762e+00 7.550000190734863281e+00 3.200000000000000000e+01 -6.825000000000000000e+01 -1.837500000000000000e+01 3.893750000000000000e+01 9.525000000000000000e+01 -1.218750000000000000e+01
-1.999999955296516418e-02 -6.399999856948852539e-01 1.085999965667724609e+01 3.200000000000000000e+01 -6.825000000000000000e+01 -1.837500000000000000e+01 4.275000000000000000e+01 1.015625000000000000e+02 -1.243750000000000000e+01
-7.999999821186065674e-02 -6.299999952316284180e-01 1.230000019073486328e+01 3.200000000000000000e+01 -6.825000000000000000e+01 -1.837500000000000000e+01 4.237500000000000000e+01 8.643750000000000000e+01 -8.562500000000000000e+00
-1.500000059604644775e-01 -1.039999961853027344e+00 1.142000007629394531e+01 3.250000000000000000e+01 -6.950000000000000000e+01 -1.668750000000000000e+01 4.112500000000000000e+01 6.562500000000000000e+01 -4.437500000000000000e+00
-2.199999988079071045e-01 -1.210000038146972656e+00 1.051000022888183594e+01 3.250000000000000000e+01 -6.950000000000000000e+01 -1.668750000000000000e+01 4.218750000000000000e+01 5.056250000000000000e+01 -3.187500000000000000e+00
-3.400000035762786865e-01 -1.179999947547912598e+00 9.800000190734863281e+00 3.250000000000000000e+01 -6.950000000000000000e+01 -1.668750000000000000e+01 4.012500000000000000e+01 4.075000000000000000e+01 -3.625000000000000000e+00
-5.400000214576721191e-01 -8.500000238418579102e-01 8.979999542236328125e+00 3.250000000000000000e+01 -6.950000000000000000e+01 -1.668750000000000000e+01 3.468750000000000000e+01 3.381250000000000000e+01 -3.937500000000000000e+00
-6.200000047683715820e-01 -6.499999761581420898e-01 9.000000000000000000e+00 3.250000000000000000e+01 -6.950000000000000000e+01 -1.668750000000000000e+01 2.912500000000000000e+01 2.918750000000000000e+01 -3.812500000000000000e+00
-6.000000238418579102e-01 -4.499999880790710449e-01 9.199999809265136719e+00 3.468750000000000000e+01 -7.056250000000000000e+01 -1.506250000000000000e+01 2.456250000000000000e+01 2.618750000000000000e+01 -3.500000000000000000e+00
-6.000000238418579102e-01 -3.799999952316284180e-01 9.449999809265136719e+00 3.468750000000000000e+01 -7.056250000000000000e+01 -1.506250000000000000e+01 2.112500000000000000e+01 2.243750000000000000e+01 -2.625000000000000000e+00
-5.299999713897705078e-01 -3.799999952316284180e-01 9.689999580383300781e+00 3.468750000000000000e+01 -7.056250000000000000e+01 -1.506250000000000000e+01 1.868750000000000000e+01 1.812500000000000000e+01 -2.125000000000000000e+00
-5.099999904632568359e-01 -3.300000131130218506e-01 9.680000305175781250e+00 3.468750000000000000e+01 -7.056250000000000000e+01 -1.506250000000000000e+01 1.581250000000000000e+01 1.343750000000000000e+01 -2.062500000000000000e+00
-6.000000238418579102e-01 -4.000000059604644775e-01 9.659999847412109375e+00 3.468750000000000000e+01 -7.056250000000000000e+01 -1.506250000000000000e+01 1.168750000000000000e+01 8.812500000000000000e+00 -1.875000000000000000e+00
-5.500000119209289551e-01 -5.000000000000000000e-01 9.579999923706054688e+00 3.387500000000000000e+01 -7.125000000000000000e+01 -1.187500000000000000e+01 7.437500000000000000e+00 4.750000000000000000e+00 -2.000000000000000000e+00
-5.299999713897705078e-01 -4.499999880790710449e-01 9.439999580383300781e+00 3.387500000000000000e+01 -7.125000000000000000e+01 -1.187500000000000000e+01 3.437500000000000000e+00 1.500000000000000000e+00 -1.625000000000000000e+00
-5.199999809265136719e-01 -4.900000095367431641e-01 9.319999694824218750e+00 3.387500000000000000e+01 -7.125000000000000000e+01 -1.187500000000000000e+01 6.250000000000000000e-01 -1.125000000000000000e+00 -1.500000000000000000e+00
-4.900000095367431641e-01 -4.799999892711639404e-01 9.319999694824218750e+00 3.387500000000000000e+01 -7.125000000000000000e+01 -1.187500000000000000e+01 -1.375000000000000000e+00 -3.250000000000000000e+00 -8.125000000000000000e-01
-3.899999856948852539e-01 -3.000000119209289551e-01 9.350000381469726562e+00 3.387500000000000000e+01 -7.125000000000000000e+01 -1.187500000000000000e+01 -2.875000000000000000e+00 -5.250000000000000000e+00 -3.750000000000000000e-01
-3.499999940395355225e-01 -3.799999952316284180e-01 9.409999847412109375e+00 3.456250000000000000e+01 -7.018750000000000000e+01 -1.218750000000000000e+01 -4.625000000000000000e+00 -7.312500000000000000e+00 1.250000000000000000e-01
-3.100000023841857910e-01 -4.799999892711639404e-01 9.460000038146972656e+00 3.456250000000000000e+01 -7.018750000000000000e+01 -1.218750000000000000e+01 -6.250000000000000000e+00 -8.375000000000000000e+00 6.875000000000000000e-01
-2.899999916553497314e-01 -5.099999904632568359e-01 9.460000038146972656e+00 3.456250000000000000e+01 -7.018750000000000000e+01 -1.218750000000000000e+01 -6.500000000000000000e+00 -9.062500000000000000e+00 1.125000000000000000e+00
-2.099999934434890747e-01 -5.600000023841857910e-01 9.350000381469726562e+00 3.456250000000000000e+01 -7.018750000000000000e+01 -1.218750000000000000e+01 -5.750000000000000000e+00 -8.875000000000000000e+00 1.062500000000000000e+00
-1.599999964237213135e-01 -6.499999761581420898e-01 9.359999656677246094e+00 3.456250000000000000e+01 -7.018750000000000000e+01 -1.218750000000000000e+01 -4.125000000000000000e+00 -8.125000000000000000e+00 1.500000000000000000e+00
-1.199999973177909851e-01 -6.700000166893005371e-01 9.420000076293945312e+00 3.487500000000000000e+01 -7.100000000000000000e+01 -1.056250000000000000e+01 -2.625000000000000000e+00 -6.625000000000000000e+00 1.562500000000000000e+00
-5.000000074505805969e-02 -6.700000166893005371e-01 9.380000114440917969e+00 3.487500000000000000e+01 -7.100000000000000000e+01 -1.056250000000000000e+01 -1.750000000000000000e+00 -5.125000000000000000e+00 1.500000000000000000e+00
-9.999999776482582092e-03 -6.000000238418579102e-01 9.329999923706054688e+00 3.487500000000000000e+01 -7.100000000000000000e+01 -1.056250000000000000e+01 -1.375000000000000000e+00 -3.875000000000000000e+00 1.250000000000000000e+00
0.000000000000000000e+00 -5.799999833106994629e-01 9.369999885559082031e+00 3.487500000000000000e+01 -7.100000000000000000e+01 -1.056250000000000000e+01 -1.875000000000000000e+00 -3.125000000000000000e+00 1.000000000000000000e+00
2.999999932944774628e-02 -6.499999761581420898e-01 9.369999885559082031e+00 3.487500000000000000e+01 -7.100000000000000000e+01 -1.056250000000000000e+01 -3.500000000000000000e+00 -2.500000000000000000e+00 8.750000000000000000e-01
3.999999910593032837e-02 -7.599999904632568359e-01 9.449999809265136719e+00 3.450000000000000000e+01 -7.056250000000000000e+01 -1.137500000000000000e+01 -5.062500000000000000e+00 -1.875000000000000000e+00 1.062500000000000000e+00
0.000000000000000000e+00 -7.900000214576721191e-01 9.430000305175781250e+00 3.450000000000000000e+01 -7.056250000000000000e+01 -1.137500000000000000e+01 -5.375000000000000000e+00 -1.437500000000000000e+00 1.062500000000000000e+00
-5.999999865889549255e-02 -7.500000000000000000e-01 9.340000152587890625e+00 3.450000000000000000e+01 -7.056250000000000000e+01 -1.137500000000000000e+01 -4.750000000000000000e+00 -1.437500000000000000e+00 7.500000000000000000e-01
