-4.000000059604644775e-01 -5.999999865889549255e-02 9.380000114440917969e+00 3.318750000000000000e+01 -7.168750000000000000e+01 -3.875000000000000000e+00 -1.375000000000000000e+00 1.250000000000000000e-01 2.500000000000000000e-01
-4.000000059604644775e-01 -5.000000074505805969e-02 9.420000076293945312e+00 3.318750000000000000e+01 -7.168750000000000000e+01 -3.875000000000000000e+00 -1.375000000000000000e+00 0.000000000000000000e+00 2.500000000000000000e-01
-3.799999952316284180e-01 -9.999999776482582092e-03 9.390000343322753906e+00 3.318750000000000000e+01 -7.168750000000000000e+01 -3.875000000000000000e+00 -1.812500000000000000e+00 6.250000000000000000e-02 2.500000000000000000e-01
-4.199999868869781494e-01 0.000000000000000000e+00 9.420000076293945312e+00 3.418750000000000000e+01 -7.018750000000000000e+01 -3.000000000000000000e+00 -2.500000000000000000e+00 6.250000000000000000e-02 1.250000000000000000e-01
-4.099999964237213135e-01 -1.999999955296516418e-02 9.439999580383300781e+00 3.418750000000000000e+01 -7.018750000000000000e+01 -3.000000000000000000e+00 -3.125000000000000000e+00 -3.750000000000000000e-01 2.500000000000000000e-01
-4.099999964237213135e-01 -3.999999910593032837e-02 9.409999847412109375e+00 3.418750000000000000e+01 -7.018750000000000000e+01 -3.000000000000000000e+00 -3.750000000000000000e+00 -8.750000000000000000e-01 3.125000000000000000e-01
-4.000000059604644775e-01 -5.999999865889549255e-02 9.420000076293945312e+00 3.418750000000000000e+01 -7.018750000000000000e+01 -3.000000000000000000e+00 -4.312500000000000000e+00 -1.375000000000000000e+00 3.750000000000000000e-01
-4.000000059604644775e-01 -5.000000074505805969e-02 9.439999580383300781e+00 3.418750000000000000e+01 -7.018750000000000000e+01 -3.000000000000000000e+00 -4.312500000000000000e+00 -1.375000000000000000e+00 3.750000000000000000e-01
-4.399999976158142090e-01 -1.199999973177909851e-01 9.460000038146972656e+00 3.387500000000000000e+01 -7.125000000000000000e+01 -3.000000000000000000e+00 -4.937500000000000000e+00 -2.187500000000000000e+00 3.750000000000000000e-01
-4.300000071525573730e-01 -9.000000357627868652e-02 9.529999732971191406e+00 3.387500000000000000e+01 -7.125000000000000000e+01 -3.000000000000000000e+00 -4.625000000000000000e+00 -4.875000000000000000e+00 6.875000000000000000e-01
-3.700000047683715820e-01 -2.300000041723251343e-01 9.619999885559082031e+00 3.387500000000000000e+01 -7.125000000000000000e+01 -3.000000000000000000e+00 -3.062500000000000000e+00 -6.437500000000000000e+00 6.250000000000000000e-01
-3.300000131130218506e-01 -2.500000000000000000e-01 9.659999847412109375e+00 3.387500000000000000e+01 -7.125000000000000000e+01 -3.000000000000000000e+00 -1.937500000000000000e+00 -8.875000000000000000e+00 0.000000000000000000e+00
-4.499999880790710449e-01 -2.199999988079071045e-01 9.710000038146972656e+00 3.387500000000000000e+01 -7.125000000000000000e+01 -3.000000000000000000e+00 -1.937500000000000000e+00 -8.875000000000000000e+00 0.000000000000000000e+00
-3.199999928474426270e-01 -9.999999776482582092e-03 9.779999732971191406e+00 3.387500000000000000e+01 -7.018750000000000000e+01 -2.500000000000000000e+00 -3.125000000000000000e+00 -1.268750000000000000e+01 -1.250000000000000000e-01
-1.800000071525573730e-01 7.999999821186065674e-02 9.869999885559082031e+00 3.387500000000000000e+01 -7.018750000000000000e+01 -2.500000000000000000e+00 -1.662500000000000000e+01 -2.381250000000000000e+01 -6.250000000000000000e-01
7.000000029802322388e-02 -7.000000029802322388e-02 9.880000114440917969e+00 3.387500000000000000e+01 -7.018750000000000000e+01 -2.500000000000000000e+00 -2.600000000000000000e+01 -3.075000000000000000e+01 -1.125000000000000000e+00
-2.599999904632568359e-01 -2.999999932944774628e-02 1.001000022888183594e+01 3.387500000000000000e+01 -7.018750000000000000e+01 -2.500000000000000000e+00 -3.400000000000000000e+01 -3.900000000000000000e+01 1.562500000000000000e+00
-2.899999916553497314e-01 -7.999999821186065674e-02 1.057999992370605469e+01 3.387500000000000000e+01 -7.018750000000000000e+01 -2.500000000000000000e+00 -3.400000000000000000e+01 -3.900000000000000000e+01 1.562500000000000000e+00
-4.799999892711639404e-01 -3.999999910593032837e-02 1.113000011444091797e+01 3.387500000000000000e+01 -7.050000000000000000e+01 -3.875000000000000000e+00 -4.837500000000000000e+01 -6.618750000000000000e+01 5.062500000000000000e+00
-3.300000131130218506e-01 -1.800000071525573730e-01 1.194999980926513672e+01 3.387500000000000000e+01 -7.050000000000000000e+01 -3.875000000000000000e+00 -5.656250000000000000e+01 -8.706250000000000000e+01 6.437500000000000000e+00
-3.999999910593032837e-02 -3.000000119209289551e-01 1.225000000000000000e+01 3.387500000000000000e+01 -7.050000000000000000e+01 -3.875000000000000000e+00 -6.050000000000000000e+01 -1.105625000000000000e+02 9.937500000000000000e+00
-2.000000029802322388e-01 -3.700000047683715820e-01 1.272000026702880859e+01 3.387500000000000000e+01 -7.050000000000000000e+01 -3.875000000000000000e+00 -5.681250000000000000e+01 -1.376250000000000000e+02 1.593750000000000000e+01
-1.700000017881393433e-01 -6.800000071525573730e-01 1.255000019073486328e+01 3.387500000000000000e+01 -7.050000000000000000e+01 -3.875000000000000000e+00 -5.681250000000000000e+01 -1.376250000000000000e+02 1.593750000000000000e+01
-5.500000119209289551e-01 -9.900000095367431641e-01 1.201000022888183594e+01 3.418750000000000000e+01 -7.087500000000000000e+01 -4.687500000000000000e+00 -4.000000000000000000e+01 -1.849375000000000000e+02 2.056250000000000000e+01
-1.029999971389770508e+00 -1.299999952316284180e+00 1.073999977111816406e+01 3.418750000000000000e+01 -7.087500000000000000e+01 -4.687500000000000000e+00 -3.212500000000000000e+01 -1.971250000000000000e+02 1.725000000000000000e+01
-1.019999980926513672e+00 -1.299999952316284180e+00 1.005000019073486328e+01 3.418750000000000000e+01 -7.087500000000000000e+01 -4.687500000000000000e+00 -2.568750000000000000e+01 -2.008750000000000000e+02 1.262500000000000000e+01
-4.600000083446502686e-01 -1.240000009536743164e+00 9.460000038146972656e+00 3.418750000000000000e+01 -7.087500000000000000e+01 -4.687500000000000000e+00 -1.825000000000000000e+01 -1.987500000000000000e+02 8.375000000000000000e+00
2.199999988079071045e-01 -9.700000286102294922e-01 9.039999961853027344e+00 3.418750000000000000e+01 -7.087500000000000000e+01 -4.687500000000000000e+00 -1.825000000000000000e+01 -1.987500000000000000e+02 8.375000000000000000e+00
1.610000014305114746e+00 -6.100000143051147461e-01 8.949999809265136719e+00 3.237500000000000000e+01 -7.350000000000000000e+01 -9.875000000000000000e+00 -1.281250000000000000e+01 -1.927500000000000000e+02 5.750000000000000000e+00
2.359999895095825195e+00 -7.200000286102294922e-01 9.170000076293945312e+00 3.237500000000000000e+01 -7.350000000000000000e+01 -9.875000000000000000e+00 -5.937500000000000000e+00 -1.767500000000000000e+02 4.375000000000000000e+00
3.309999942779541016e+00 -3.600000143051147461e-01 9.979999542236328125e+00 3.237500000000000000e+01 -7.350000000000000000e+01 -9.875000000000000000e+00 -1.462500000000000000e+01 -1.645625000000000000e+02 5.000000000000000000e+00
4.190000057220458984e+00 2.099999934434890747e-01 1.043000030517578125e+01 3.237500000000000000e+01 -7.350000000000000000e+01 -9.875000000000000000e+00 -3.062500000000000000e+01 -1.524375000000000000e+02 9.625000000000000000e+00
5.019999980926513672e+00 9.100000262260437012e-01 1.006999969482421875e+01 3.237500000000000000e+01 -7.350000000000000000e+01 -9.875000000000000000e+00 -3.062500000000000000e+01 -1.524375000000000000e+02 9.625000000000000000e+00
5.420000076293945312e+00 8.700000047683715820e-01 9.939999580383300781e+00 3.225000000000000000e+01 -7.637500000000000000e+01 -1.425000000000000000e+01 -4.068750000000000000e+01 -1.415625000000000000e+02 1.687500000000000000e+01
5.190000057220458984e+00 7.799999713897705078e-01 9.680000305175781250e+00 3.225000000000000000e+01 -7.637500000000000000e+01 -1.425000000000000000e+01 -3.218750000000000000e+01 -1.343125000000000000e+02 3.437500000000000000e+01
5.590000152587890625e+00 -7.400000095367431641e-01 8.560000419616699219e+00 3.225000000000000000e+01 -7.637500000000000000e+01 -1.425000000000000000e+01 -2.068750000000000000e+01 -1.367500000000000000e+02 3.506250000000000000e+01
5.639999866485595703e+00 -1.370000004768371582e+00 7.820000171661376953e+00 3.225000000000000000e+01 -7.637500000000000000e+01 -1.425000000000000000e+01 -7.750000000000000000e+00 -1.431875000000000000e+02 2.350000000000000000e+01
4.909999847412109375e+00 -1.779999971389770508e+00 6.900000095367431641e+00 3.225000000000000000e+01 -7.637500000000000000e+01 -1.425000000000000000e+01 -7.750000000000000000e+00 -1.431875000000000000e+02 2.350000000000000000e+01
3.930000066757202148e+00 -2.289999961853027344e+00 5.619999885559082031e+00 2.937500000000000000e+01 -7.625000000000000000e+01 -2.268750000000000000e+01 6.062500000000000000e+00 -1.458125000000000000e+02 1.550000000000000000e+01
4.309999942779541016e+00 -2.339999914169311523e+00 3.930000066757202148e+00 2.937500000000000000e+01 -7.625000000000000000e+01 -2.268750000000000000e+01 4.687500000000000000e+00 -1.141875000000000000e+02 1.181250000000000000e+01
4.070000171661376953e+00 -2.759999990463256836e+00 3.190000057220458984e+00 2.937500000000000000e+01 -7.625000000000000000e+01 -2.268750000000000000e+01 1.375000000000000000e+00 -8.962500000000000000e+01 8.125000000000000000e+00
3.970000028610229492e+00 -2.730000019073486328e+00 2.759999990463256836e+00 2.937500000000000000e+01 -7.625000000000000000e+01 -2.268750000000000000e+01 -8.750000000000000000e-01 -6.437500000000000000e+01 4.562500000000000000e+00
4.150000095367431641e+00 -2.599999904632568359e+00 2.950000047683715820e+00 2.937500000000000000e+01 -7.625000000000000000e+01 -2.268750000000000000e+01 -8.750000000000000000e-01 -6.437500000000000000e+01 4.562500000000000000e+00
4.070000171661376953e+00 -2.519999980926513672e+00 4.090000152587890625e+00 1.900000000000000000e+01 -7.506250000000000000e+01 -2.950000000000000000e+01 -3.375000000000000000e+00 -4.837500000000000000e+01 1.125000000000000000e+00
4.179999828338623047e+00 -2.269999980926513672e+00 4.469999790191650391e+00 1.900000000000000000e+01 -7.506250000000000000e+01 -2.950000000000000000e+01 -1.250000000000000000e-01 -2.750000000000000000e+01 -4.937500000000000000e+00
4.179999828338623047e+00 -2.039999961853027344e+00 4.610000133514404297e+00 1.900000000000000000e+01 -7.506250000000000000e+01 -2.950000000000000000e+01 5.625000000000000000e-01 -1.593750000000000000e+01 -5.875000000000000000e+00
4.409999847412109375e+00 -1.889999985694885254e+00 4.579999923706054688e+00 1.900000000000000000e+01 -7.506250000000000000e+01 -2.950000000000000000e+01 3.000000000000000000e+00 -1.687500000000000000e+00 -9.062500000000000000e+00
4.639999866485595703e+00 -1.960000038146972656e+00 4.420000076293945312e+00 1.900000000000000000e+01 -7.506250000000000000e+01 -2.950000000000000000e+01 3.000000000000000000e+00 -1.687500000000000000e+00 -9.062500000000000000e+00
4.469999790191650391e+00 -1.899999976158142090e+00 4.210000038146972656e+00 1.518750000000000000e+01 -7.625000000000000000e+01 -3.156250000000000000e+01 9.062500000000000000e+00 1.331250000000000000e+01 -1.368750000000000000e+01
4.239999771118164062e+00 -1.799999952316284180e+00 4.150000095367431641e+00 1.518750000000000000e+01 -7.625000000000000000e+01 -3.156250000000000000e+01 2.481250000000000000e+01 4.487500000000000000e+01 -2.037500000000000000e+01
4.369999885559082031e+00 -1.659999966621398926e+00 4.409999847412109375e+00 1.518750000000000000e+01 -7.625000000000000000e+01 -3.156250000000000000e+01 2.887500000000000000e+01 6.168750000000000000e+01 -2.300000000000000000e+01
4.409999847412109375e+00 -1.519999980926513672e+00 4.550000190734863281e+00 1.518750000000000000e+01 -7.625000000000000000e+01 -3.156250000000000000e+01 2.906250000000000000e+01 7.868750000000000000e+01 -2.381250000000000000e+01
4.300000190734863281e+00 -1.320000052452087402e+00 4.510000228881835938e+00 1.518750000000000000e+01 -7.625000000000000000e+01 -3.156250000000000000e+01 2.906250000000000000e+01 7.868750000000000000e+01 -2.381250000000000000e+01
3.849999904632568359e+00 -1.159999966621398926e+00 3.940000057220458984e+00 1.656250000000000000e+01 -7.600000000000000000e+01 -3.050000000000000000e+01 2.687500000000000000e+01 9.975000000000000000e+01 -2.393750000000000000e+01
2.710000038146972656e+00 -1.509999990463256836e+00 1.690000057220458984e+00 1.656250000000000000e+01 -7.600000000000000000e+01 -3.050000000000000000e+01 3.106250000000000000e+01 1.640625000000000000e+02 -2.643750000000000000e+01
2.250000000000000000e+00 -2.000000000000000000e+00 5.299999713897705078e-01 1.656250000000000000e+01 -7.600000000000000000e+01 -3.050000000000000000e+01 4.056250000000000000e+01 2.056250000000000000e+02 -3.387500000000000000e+01
1.529999971389770508e+00 -2.250000000000000000e+00 -7.999999821186065674e-02 1.656250000000000000e+01 -7.600000000000000000e+01 -3.050000000000000000e+01 5.512500000000000000e+01 2.508125000000000000e+02 -4.475000000000000000e+01
1.500000059604644775e-01 -1.929999947547912598e+00 -2.199999988079071045e-01 1.656250000000000000e+01 -7.600000000000000000e+01 -3.050000000000000000e+01 5.512500000000000000e+01 2.508125000000000000e+02 -4.475000000000000000e+01
3.099999904632568359e+00 -1.129999995231628418e+00 2.180000066757202148e+00 2.556250000000000000e+01 -7.900000000000000000e+01 -2.606250000000000000e+01 6.637500000000000000e+01 2.951250000000000000e+02 -5.768750000000000000e+01
5.300000190734863281e+00 -2.999999932944774628e-02 8.020000457763671875e+00 2.556250000000000000e+01 -7.900000000000000000e+01 -2.606250000000000000e+01 -1.256250000000000000e+01 3.919375000000000000e+02 -6.256250000000000000e+01
2.940000057220458984e+00 2.259999990463256836e+00 1.231000041961669922e+01 2.556250000000000000e+01 -7.900000000000000000e+01 -2.606250000000000000e+01 -1.066875000000000000e+02 3.972500000000000000e+02 -4.456250000000000000e+01
-5.500000119209289551e-01 5.360000133514404297e+00 2.263999938964843750e+01 2.556250000000000000e+01 -7.900000000000000000e+01 -2.606250000000000000e+01 -1.231875000000000000e+02 3.423125000000000000e+02 -1.075000000000000000e+01
-2.210000038146972656e+00 1.720000028610229492e+00 3.386999893188476562e+01 2.556250000000000000e+01 -7.900000000000000000e+01 -2.606250000000000000e+01 -1.231875000000000000e+02 3.423125000000000000e+02 -1.075000000000000000e+01
-1.590000033378601074e+00 -1.580000042915344238e+00 3.408000183105468750e+01 3.406250000000000000e+01 -7.668750000000000000e+01 -1.018750000000000000e+01 -5.687500000000000000e+01 2.031250000000000000e+02 1.025000000000000000e+01
-2.399999946355819702e-01 -2.740000009536743164e+00 2.270999908447265625e+01 3.406250000000000000e+01 -7.668750000000000000e+01 -1.018750000000000000e+01 4.937500000000000000e+01 3.950000000000000000e+01 -8.625000000000000000e+00
1.309999942779541016e+00 -2.480000019073486328e+00 6.599999904632568359e+00 3.406250000000000000e+01 -7.668750000000000000e+01 -1.018750000000000000e+01 6.381250000000000000e+01 5.981250000000000000e+01 -1.543750000000000000e+01
8.899999856948852539e-01 -2.269999980926513672e+00 5.010000228881835938e+00 3.406250000000000000e+01 -7.668750000000000000e+01 -1.018750000000000000e+01 6.825000000000000000e+01 9.025000000000000000e+01 -2.206250000000000000e+01
5.400000214576721191e-01 -1.480000019073486328e+00 5.000000000000000000e+00 3.406250000000000000e+01 -7.668750000000000000e+01 -1.018750000000000000e+01 6.825000000000000000e+01 9.025000000000000000e+01 -2.206250000000000000e+01
1.299999952316284180e-01 1.099999994039535522e-01 9.220000267028808594e+00 3.475000000000000000e+01 -6.937500000000000000e+01 -7.687500000000000000e+00 6.687500000000000000e+01 1.057500000000000000e+02 -2.393750000000000000e+01
-1.299999952316284180e-01 2.899999916553497314e-01 1.048999977111816406e+01 3.475000000000000000e+01 -6.937500000000000000e+01 -7.687500000000000000e+00 5.275000000000000000e+01 8.693750000000000000e+01 -9.812500000000000000e+00
-1.500000059604644775e-01 -2.999999932944774628e-02 1.114999961853027344e+01 3.475000000000000000e+01 -6.937500000000000000e+01 -7.687500000000000000e+00 5.218750000000000000e+01 7.025000000000000000e+01 -6.875000000000000000e+00
-3.199999928474426270e-01 -9.000000357627868652e-02 1.130000019073486328e+01 3.475000000000000000e+01 -6.937500000000000000e+01 -7.687500000000000000e+00 5.237500000000000000e+01 5.643750000000000000e+01 -5.125000000000000000e+00
-9.499999880790710449e-01 -4.499999880790710449e-01 1.039999961853027344e+01 3.475000000000000000e+01 -6.937500000000000000e+01 -7.687500000000000000e+00 5.237500000000000000e+01 5.643750000000000000e+01 -5.125000000000000000e+00
-4.099999964237213135e-01 -9.999999776482582092e-03 1.000000000000000000e+01 3.575000000000000000e+01 -7.037500000000000000e+01 -3.750000000000000000e+00 5.100000000000000000e+01 4.581250000000000000e+01 -2.125000000000000000e+00
-5.799999833106994629e-01 9.999999776482582092e-03 9.500000000000000000e+00 3.575000000000000000e+01 -7.037500000000000000e+01 -3.750000000000000000e+00 4.050000000000000000e+01 3.837500000000000000e+01 -6.812500000000000000e+00
-8.700000047683715820e-01 9.000000357627868652e-02 9.090000152587890625e+00 3.575000000000000000e+01 -7.037500000000000000e+01 -3.750000000000000000e+00 3.300000000000000000e+01 3.693750000000000000e+01 -7.312500000000000000e+00
-9.599999785423278809e-01 2.899999916553497314e-01 9.229999542236328125e+00 3.575000000000000000e+01 -7.037500000000000000e+01 -3.750000000000000000e+00 2.593750000000000000e+01 3.312500000000000000e+01 -5.750000000000000000e+00
-1.080000042915344238e+00 2.500000000000000000e-01 9.279999732971191406e+00 3.575000000000000000e+01 -7.037500000000000000e+01 -3.750000000000000000e+00 2.593750000000000000e+01 3.312500000000000000e+01 -5.750000000000000000e+00
-1.149999976158142090e+00 2.399999946355819702e-01 9.390000343322753906e+00 3.650000000000000000e+01 -7.125000000000000000e+01 3.750000000000000000e-01 2.231250000000000000e+01 2.681250000000000000e+01 -4.625000000000000000e+00
-1.340000033378601074e+00 3.499999940395355225e-01 9.449999809265136719e+00 3.650000000000000000e+01 -7.125000000000000000e+01 3.750000000000000000e-01 2.300000000000000000e+01 1.443750000000000000e+01 -3.812500000000000000e+00
-1.230000019073486328e+00 3.600000143051147461e-01 9.560000419616699219e+00 3.650000000000000000e+01 -7.125000000000000000e+01 3.750000000000000000e-01 2.381250000000000000e+01 9.500000000000000000e+00 -4.437500000000000000e+00
-1.259999990463256836e+00 5.500000119209289551e-01 9.609999656677246094e+00 3.650000000000000000e+01 -7.125000000000000000e+01 3.750000000000000000e-01 2.162500000000000000e+01 5.187500000000000000e+00 -4.062500000000000000e+00
-1.240000009536743164e+00 6.700000166893005371e-01 9.520000457763671875e+00 3.650000000000000000e+01 -7.125000000000000000e+01 3.750000000000000000e-01 2.162500000000000000e+01 5.187500000000000000e+00 -4.062500000000000000e+00
-1.039999961853027344e+00 6.899999976158142090e-01 9.289999961853027344e+00 3.725000000000000000e+01 -7.075000000000000000e+01 2.000000000000000000e+00 1.600000000000000000e+01 1.500000000000000000e+00 -2.250000000000000000e+00
-9.499999880790710449e-01 6.000000238418579102e-01 9.210000038146972656e+00 3.725000000000000000e+01 -7.075000000000000000e+01 2.000000000000000000e+00 2.562500000000000000e+00 -5.000000000000000000e+00 3.750000000000000000e-01
-8.600000143051147461e-01 6.299999952316284180e-01 9.159999847412109375e+00 3.725000000000000000e+01 -7.075000000000000000e+01 2.000000000000000000e+00 -1.750000000000000000e+00 -8.625000000000000000e+00 5.000000000000000000e-01
-8.500000238418579102e-01 7.099999785423278809e-01 9.149999618530273438e+00 3.725000000000000000e+01 -7.075000000000000000e+01 2.000000000000000000e+00 -4.562500000000000000e+00 -1.212500000000000000e+01 5.625000000000000000e-01
-7.900000214576721191e-01 7.300000190734863281e-01 9.340000152587890625e+00 3.725000000000000000e+01 -7.075000000000000000e+01 2.000000000000000000e+00 -4.562500000000000000e+00 -1.212500000000000000e+01 5.625000000000000000e-01
-7.200000286102294922e-01 6.899999976158142090e-01 9.430000305175781250e+00 3.756250000000000000e+01 -7.156250000000000000e+01 3.250000000000000000e+00 -6.625000000000000000e+00 -1.481250000000000000e+01 3.750000000000000000e-01
-6.899999976158142090e-01 7.400000095367431641e-01 9.529999732971191406e+00 3.756250000000000000e+01 -7.156250000000000000e+01 3.250000000000000000e+00 -1.200000000000000000e+01 -1.650000000000000000e+01 6.250000000000000000e-01
-7.099999785423278809e-01 5.400000214576721191e-01 9.430000305175781250e+00 3.756250000000000000e+01 -7.156250000000000000e+01 3.250000000000000000e+00 -1.431250000000000000e+01 -1.543750000000000000e+01 1.625000000000000000e+00
-6.299999952316284180e-01 3.600000143051147461e-01 9.420000076293945312e+00 3.756250000000000000e+01 -7.156250000000000000e+01 3.250000000000000000e+00 -1.418750000000000000e+01 -1.406250000000000000e+01 1.937500000000000000e+00
-5.600000023841857910e-01 3.499999940395355225e-01 9.399999618530273438e+00 3.756250000000000000e+01 -7.156250000000000000e+01 3.250000000000000000e+00 -1.418750000000000000e+01 -1.406250000000000000e+01 1.937500000000000000e+00
-5.500000119209289551e-01 3.300000131130218506e-01 9.369999885559082031e+00 3.650000000000000000e+01 -7.118750000000000000e+01 2.562500000000000000e+00 -1.231250000000000000e+01 -1.193750000000000000e+01 1.937500000000000000e+00
-4.099999964237213135e-01 2.399999946355819702e-01 9.350000381469726562e+00 3.650000000000000000e+01 -7.118750000000000000e+01 2.562500000000000000e+00 -9.187500000000000000e+00 -8.562500000000000000e+00 1.312500000000000000e+00
-3.700000047683715820e-01 2.899999916553497314e-01 9.350000381469726562e+00 3.650000000000000000e+01 -7.118750000000000000e+01 2.562500000000000000e+00 -9.312500000000000000e+00 -7.312500000000000000e+00 1.437500000000000000e+00
-3.700000047683715820e-01 3.000000119209289551e-01 9.420000076293945312e+00 3.650000000000000000e+01 -7.118750000000000000e+01 2.562500000000000000e+00 -9.875000000000000000e+00 -6.000000000000000000e+00 1.812500000000000000e+00
-3.100000023841857910e-01 1.599999964237213135e-01 9.479999542236328125e+00 3.650000000000000000e+01 -7.118750000000000000e+01 2.562500000000000000e+00 -9.875000000000000000e+00 -6.000000000000000000e+00 1.812500000000000000e+00
-3.700000047683715820e-01 5.999999865889549255e-02 9.430000305175781250e+00 3.718750000000000000e+01 -7.075000000000000000e+01 1.250000000000000000e+00 -9.125000000000000000e+00 -4.875000000000000000e+00 1.562500000000000000e+00
-3.400000035762786865e-01 0.000000000000000000e+00 9.399999618530273438e+00 3.718750000000000000e+01 -7.075000000000000000e+01 1.250000000000000000e+00 -6.312500000000000000e+00 -2.500000000000000000e+00 1.000000000000000000e+00
