-2.000000029802322388e-01 -7.599999904632568359e-01 9.430000305175781250e+00 9.062500000000000000e+00 -6.500000000000000000e+01 -2.168750000000000000e+01 8.750000000000000000e-01 -4.375000000000000000e-01 1.250000000000000000e-01
-1.500000059604644775e-01 -7.200000286102294922e-01 9.319999694824218750e+00 9.062500000000000000e+00 -6.500000000000000000e+01 -2.168750000000000000e+01 8.750000000000000000e-01 -5.625000000000000000e-01 -1.250000000000000000e-01
-1.899999976158142090e-01 -7.500000000000000000e-01 9.329999923706054688e+00 9.062500000000000000e+00 -6.500000000000000000e+01 -2.168750000000000000e+01 6.250000000000000000e-01 -5.000000000000000000e-01 0.000000000000000000e+00
-1.599999964237213135e-01 -7.400000095367431641e-01 9.340000152587890625e+00 9.062500000000000000e+00 -6.500000000000000000e+01 -2.168750000000000000e+01 6.875000000000000000e-01 -6.250000000000000000e-02 -1.250000000000000000e-01
-1.500000059604644775e-01 -7.300000190734863281e-01 9.399999618530273438e+00 9.062500000000000000e+00 -6.500000000000000000e+01 -2.168750000000000000e+01 8.125000000000000000e-01 4.375000000000000000e-01 -1.875000000000000000e-01
-1.299999952316284180e-01 -7.099999785423278809e-01 9.390000343322753906e+00 9.062500000000000000e+00 -6.500000000000000000e+01 -2.125000000000000000e+01 8.125000000000000000e-01 5.000000000000000000e-01 -1.250000000000000000e-01
-1.199999973177909851e-01 -6.800000071525573730e-01 9.369999885559082031e+00 9.062500000000000000e+00 -6.500000000000000000e+01 -2.125000000000000000e+01 8.125000000000000000e-01 7.500000000000000000e-01 0.000000000000000000e+00
-1.400000005960464478e-01 -7.200000286102294922e-01 9.310000419616699219e+00 9.062500000000000000e+00 -6.500000000000000000e+01 -2.125000000000000000e+01 1.062500000000000000e+00 1.312500000000000000e+00 1.250000000000000000e-01
-1.700000017881393433e-01 -7.400000095367431641e-01 9.380000114440917969e+00 9.062500000000000000e+00 -6.500000000000000000e+01 -2.125000000000000000e+01 2.062500000000000000e+00 1.750000000000000000e+00 0.000000000000000000e+00
-1.400000005960464478e-01 -7.099999785423278809e-01 9.350000381469726562e+00 9.062500000000000000e+00 -6.500000000000000000e+01 -2.125000000000000000e+01 3.000000000000000000e+00 1.687500000000000000e+00 2.500000000000000000e-01
-1.099999994039535522e-01 -6.899999976158142090e-01 9.289999961853027344e+00 8.250000000000000000e+00 -6.500000000000000000e+01 -2.125000000000000000e+01 4.312500000000000000e+00 2.000000000000000000e+00 3.750000000000000000e-01
-1.700000017881393433e-01 -6.600000262260437012e-01 9.380000114440917969e+00 8.250000000000000000e+00 -6.500000000000000000e+01 -2.125000000000000000e+01 7.875000000000000000e+00 1.812500000000000000e+00 9.375000000000000000e-01
-1.899999976158142090e-01 -6.999999880790710449e-01 9.420000076293945312e+00 8.250000000000000000e+00 -6.500000000000000000e+01 -2.125000000000000000e+01 1.350000000000000000e+01 1.125000000000000000e+00 1.562500000000000000e+00
-2.199999988079071045e-01 -6.100000143051147461e-01 9.500000000000000000e+00 8.250000000000000000e+00 -6.500000000000000000e+01 -2.125000000000000000e+01 2.318750000000000000e+01 8.125000000000000000e-01 2.437500000000000000e+00
-3.100000023841857910e-01 -6.600000262260437012e-01 9.579999923706054688e+00 8.250000000000000000e+00 -6.500000000000000000e+01 -2.125000000000000000e+01 4.043750000000000000e+01 6.250000000000000000e-02 3.937500000000000000e+00
-4.600000083446502686e-01 -8.299999833106994629e-01 9.649999618530273438e+00 8.687500000000000000e+00 -6.500000000000000000e+01 -1.925000000000000000e+01 6.712500000000000000e+01 -1.750000000000000000e+00 5.625000000000000000e+00
-6.700000166893005371e-01 -1.210000038146972656e+00 1.009000015258789062e+01 8.687500000000000000e+00 -6.500000000000000000e+01 -1.925000000000000000e+01 9.893750000000000000e+01 -4.812500000000000000e+00 6.437500000000000000e+00
-9.499999880790710449e-01 -1.240000009536743164e+00 1.050000000000000000e+01 8.687500000000000000e+00 -6.500000000000000000e+01 -1.925000000000000000e+01 1.336250000000000000e+02 -7.625000000000000000e+00 6.875000000000000000e+00
-1.059999942779541016e+00 -1.480000019073486328e+00 1.125000000000000000e+01 8.687500000000000000e+00 -6.500000000000000000e+01 -1.925000000000000000e+01 1.741250000000000000e+02 -1.343750000000000000e+01 8.937500000000000000e+00
-1.070000052452087402e+00 -1.289999961853027344e+00 1.200000000000000000e+01 8.687500000000000000e+00 -6.500000000000000000e+01 -1.925000000000000000e+01 2.188750000000000000e+02 -2.106250000000000000e+01 1.256250000000000000e+01
-8.899999856948852539e-01 -1.679999947547912598e+00 1.243000030517578125e+01 8.250000000000000000e+00 -6.650000000000000000e+01 -1.756250000000000000e+01 2.642500000000000000e+02 -2.881250000000000000e+01 1.650000000000000000e+01
-7.200000286102294922e-01 -2.019999980926513672e+00 1.264999961853027344e+01 8.250000000000000000e+00 -6.650000000000000000e+01 -1.756250000000000000e+01 3.057500000000000000e+02 -4.056250000000000000e+01 1.356250000000000000e+01
-1.899999976158142090e-01 -1.899999976158142090e+00 1.238000011444091797e+01 8.250000000000000000e+00 -6.650000000000000000e+01 -1.756250000000000000e+01 3.396250000000000000e+02 -5.206250000000000000e+01 4.687500000000000000e+00
1.000000014901161194e-01 -6.100000143051147461e-01 1.028999996185302734e+01 8.250000000000000000e+00 -6.650000000000000000e+01 -1.756250000000000000e+01 3.638125000000000000e+02 -5.968750000000000000e+01 -7.375000000000000000e+00
2.700000107288360596e-01 5.999999865889549255e-02 8.739999771118164062e+00 8.250000000000000000e+00 -6.650000000000000000e+01 -1.756250000000000000e+01 3.751250000000000000e+02 -6.206250000000000000e+01 -2.187500000000000000e+01
4.900000095367431641e-01 9.300000071525573730e-01 7.269999980926513672e+00 8.687500000000000000e+00 -6.787500000000000000e+01 -7.875000000000000000e+00 3.667500000000000000e+02 -6.000000000000000000e+01 -4.043750000000000000e+01
4.399999976158142090e-01 1.960000038146972656e+00 6.559999942779541016e+00 8.687500000000000000e+00 -6.787500000000000000e+01 -7.875000000000000000e+00 3.442500000000000000e+02 -5.187500000000000000e+01 -5.268750000000000000e+01
1.549999952316284180e+00 3.690000057220458984e+00 5.219999790191650391e+00 8.687500000000000000e+00 -6.787500000000000000e+01 -7.875000000000000000e+00 3.105000000000000000e+02 -4.356250000000000000e+01 -6.631250000000000000e+01
1.379999995231628418e+00 4.920000076293945312e+00 3.710000038146972656e+00 8.687500000000000000e+00 -6.787500000000000000e+01 -7.875000000000000000e+00 2.693750000000000000e+02 -3.356250000000000000e+01 -7.212500000000000000e+01
1.580000042915344238e+00 6.590000152587890625e+00 3.920000076293945312e+00 8.687500000000000000e+00 -6.787500000000000000e+01 -7.875000000000000000e+00 2.300625000000000000e+02 -2.037500000000000000e+01 -7.331250000000000000e+01
1.440000057220458984e+00 8.520000457763671875e+00 3.579999923706054688e+00 1.018750000000000000e+01 -7.125000000000000000e+01 1.537500000000000000e+01 1.845000000000000000e+02 -8.937500000000000000e+00 -6.587500000000000000e+01
1.350000023841857910e+00 9.270000457763671875e+00 3.349999904632568359e+00 1.018750000000000000e+01 -7.125000000000000000e+01 1.537500000000000000e+01 1.353750000000000000e+02 3.312500000000000000e+00 -5.425000000000000000e+01
1.289999961853027344e+00 9.439999580383300781e+00 3.349999904632568359e+00 1.018750000000000000e+01 -7.125000000000000000e+01 1.537500000000000000e+01 9.243750000000000000e+01 1.868750000000000000e+01 -4.112500000000000000e+01
8.600000143051147461e-01 8.710000038146972656e+00 3.910000085830688477e+00 1.018750000000000000e+01 -7.125000000000000000e+01 1.537500000000000000e+01 5.550000000000000000e+01 3.062500000000000000e+01 -3.043750000000000000e+01
2.500000000000000000e-01 7.829999923706054688e+00 5.030000209808349609e+00 1.018750000000000000e+01 -7.125000000000000000e+01 1.537500000000000000e+01 1.875000000000000000e+01 3.656250000000000000e+01 -2.337500000000000000e+01
-1.099999994039535522e-01 7.659999847412109375e+00 5.820000171661376953e+00 1.387500000000000000e+01 -6.487500000000000000e+01 3.018750000000000000e+01 -1.193750000000000000e+01 4.050000000000000000e+01 -1.843750000000000000e+01
-4.000000059604644775e-01 7.300000190734863281e+00 6.730000019073486328e+00 1.387500000000000000e+01 -6.487500000000000000e+01 3.018750000000000000e+01 -1.193750000000000000e+01 4.050000000000000000e+01 -1.843750000000000000e+01
-5.400000214576721191e-01 6.650000095367431641e+00 7.480000019073486328e+00 1.387500000000000000e+01 -6.487500000000000000e+01 3.018750000000000000e+01 -4.275000000000000000e+01 3.843750000000000000e+01 -1.162500000000000000e+01
-8.500000238418579102e-01 5.769999980926513672e+00 8.109999656677246094e+00 1.387500000000000000e+01 -6.487500000000000000e+01 3.018750000000000000e+01 -4.575000000000000000e+01 3.387500000000000000e+01 -1.181250000000000000e+01
-9.700000286102294922e-01 5.610000133514404297e+00 8.100000381469726562e+00 1.387500000000000000e+01 -6.487500000000000000e+01 3.018750000000000000e+01 -4.356250000000000000e+01 2.881250000000000000e+01 -1.275000000000000000e+01
-1.029999971389770508e+00 5.590000152587890625e+00 8.020000457763671875e+00 1.387500000000000000e+01 -6.250000000000000000e+01 3.050000000000000000e+01 -3.887500000000000000e+01 2.431250000000000000e+01 -1.287500000000000000e+01
-1.049999952316284180e+00 5.300000190734863281e+00 7.869999885559082031e+00 1.387500000000000000e+01 -6.250000000000000000e+01 3.050000000000000000e+01 -3.887500000000000000e+01 2.431250000000000000e+01 -1.287500000000000000e+01
-9.700000286102294922e-01 5.309999942779541016e+00 7.659999847412109375e+00 1.387500000000000000e+01 -6.250000000000000000e+01 3.050000000000000000e+01 -3.300000000000000000e+01 2.000000000000000000e+01 -1.031250000000000000e+01
-9.200000166893005371e-01 5.360000133514404297e+00 7.760000228881835938e+00 1.387500000000000000e+01 -6.250000000000000000e+01 3.050000000000000000e+01 -2.643750000000000000e+01 1.331250000000000000e+01 -2.187500000000000000e+00
-8.399999737739562988e-01 5.260000228881835938e+00 7.659999847412109375e+00 1.387500000000000000e+01 -6.250000000000000000e+01 3.050000000000000000e+01 -2.231250000000000000e+01 9.062500000000000000e+00 1.312500000000000000e+00
-7.699999809265136719e-01 5.280000209808349609e+00 7.559999942779541016e+00 1.318750000000000000e+01 -6.368750000000000000e+01 2.637500000000000000e+01 -1.837500000000000000e+01 5.125000000000000000e+00 3.437500000000000000e+00
-6.700000166893005371e-01 5.289999961853027344e+00 7.510000228881835938e+00 1.318750000000000000e+01 -6.368750000000000000e+01 2.637500000000000000e+01 -1.837500000000000000e+01 5.125000000000000000e+00 3.437500000000000000e+00
-5.199999809265136719e-01 5.449999809265136719e+00 7.510000228881835938e+00 1.318750000000000000e+01 -6.368750000000000000e+01 2.637500000000000000e+01 -1.912500000000000000e+01 6.875000000000000000e-01 6.312500000000000000e+00
-4.399999976158142090e-01 5.760000228881835938e+00 7.500000000000000000e+00 1.318750000000000000e+01 -6.368750000000000000e+01 2.637500000000000000e+01 -2.487500000000000000e+01 -1.875000000000000000e-01 8.000000000000000000e+00
-1.800000071525573730e-01 5.909999847412109375e+00 7.280000209808349609e+00 1.318750000000000000e+01 -6.368750000000000000e+01 2.637500000000000000e+01 -3.275000000000000000e+01 -7.500000000000000000e-01 9.812500000000000000e+00
-5.000000074505805969e-02 5.849999904632568359e+00 7.070000171661376953e+00 1.250000000000000000e+01 -6.468750000000000000e+01 2.525000000000000000e+01 -4.325000000000000000e+01 -9.375000000000000000e-01 1.056250000000000000e+01
1.999999955296516418e-02 5.800000190734863281e+00 6.849999904632568359e+00 1.250000000000000000e+01 -6.468750000000000000e+01 2.525000000000000000e+01 -4.325000000000000000e+01 -9.375000000000000000e-01 1.056250000000000000e+01
2.399999946355819702e-01 5.590000152587890625e+00 6.440000057220458984e+00 1.250000000000000000e+01 -6.468750000000000000e+01 2.525000000000000000e+01 -5.906250000000000000e+01 1.250000000000000000e-01 1.118750000000000000e+01
3.000000119209289551e-01 5.690000057220458984e+00 6.349999904632568359e+00 1.250000000000000000e+01 -6.468750000000000000e+01 2.525000000000000000e+01 -1.120625000000000000e+02 6.500000000000000000e+00 1.350000000000000000e+01
3.700000047683715820e-01 5.840000152587890625e+00 6.280000209808349609e+00 1.250000000000000000e+01 -6.468750000000000000e+01 2.525000000000000000e+01 -1.508125000000000000e+02 1.156250000000000000e+01 1.787500000000000000e+01
2.399999946355819702e-01 6.130000114440917969e+00 6.199999809265136719e+00 1.250000000000000000e+01 -6.575000000000000000e+01 2.318750000000000000e+01 -1.963750000000000000e+02 1.793750000000000000e+01 2.487500000000000000e+01
3.999999910593032837e-02 5.849999904632568359e+00 6.429999828338623047e+00 1.250000000000000000e+01 -6.575000000000000000e+01 2.318750000000000000e+01 -1.963750000000000000e+02 1.793750000000000000e+01 2.487500000000000000e+01
0.000000000000000000e+00 5.369999885559082031e+00 6.579999923706054688e+00 1.250000000000000000e+01 -6.575000000000000000e+01 2.318750000000000000e+01 -2.401875000000000000e+02 2.425000000000000000e+01 3.431250000000000000e+01
-2.099999934434890747e-01 4.409999847412109375e+00 7.289999961853027344e+00 1.250000000000000000e+01 -6.575000000000000000e+01 2.318750000000000000e+01 -2.770625000000000000e+02 2.893750000000000000e+01 4.112500000000000000e+01
-4.099999964237213135e-01 3.400000095367431641e+00 7.860000133514404297e+00 1.250000000000000000e+01 -6.575000000000000000e+01 2.318750000000000000e+01 -3.031875000000000000e+02 2.725000000000000000e+01 4.150000000000000000e+01
-6.499999761581420898e-01 1.820000052452087402e+00 9.399999618530273438e+00 1.125000000000000000e+01 -6.875000000000000000e+01 1.350000000000000000e+01 -3.323125000000000000e+02 1.793750000000000000e+01 3.618750000000000000e+01
-8.799999952316284180e-01 1.269999980926513672e+00 9.949999809265136719e+00 1.125000000000000000e+01 -6.875000000000000000e+01 1.350000000000000000e+01 -3.323125000000000000e+02 1.793750000000000000e+01 3.618750000000000000e+01
-1.009999990463256836e+00 8.999999761581420898e-01 1.059000015258789062e+01 1.125000000000000000e+01 -6.875000000000000000e+01 1.350000000000000000e+01 -3.417500000000000000e+02 1.187500000000000000e+01 3.356250000000000000e+01
-1.440000057220458984e+00 -8.000000119209289551e-01 1.311999988555908203e+01 1.125000000000000000e+01 -6.875000000000000000e+01 1.350000000000000000e+01 -3.441250000000000000e+02 6.500000000000000000e+00 3.056250000000000000e+01
-2.450000047683715820e+00 -1.240000009536743164e+00 1.197000026702880859e+01 1.125000000000000000e+01 -6.875000000000000000e+01 1.350000000000000000e+01 -3.203125000000000000e+02 -5.000000000000000000e-01 2.656250000000000000e+01
-1.450000047683715820e+00 -1.740000009536743164e+00 1.123999977111816406e+01 9.750000000000000000e+00 -7.018750000000000000e+01 -4.562500000000000000e+00 -1.918750000000000000e+02 -3.112500000000000000e+01 2.162500000000000000e+01
-8.500000238418579102e-01 -2.150000095367431641e+00 1.023999977111816406e+01 9.750000000000000000e+00 -7.018750000000000000e+01 -4.562500000000000000e+00 -1.918750000000000000e+02 -3.112500000000000000e+01 2.162500000000000000e+01
-1.299999952316284180e+00 -2.490000009536743164e+00 9.640000343322753906e+00 9.750000000000000000e+00 -7.018750000000000000e+01 -4.562500000000000000e+00 -1.253125000000000000e+02 -2.706250000000000000e+01 1.262500000000000000e+01
-9.499999880790710449e-01 -2.549999952316284180e+00 9.229999542236328125e+00 9.750000000000000000e+00 -7.018750000000000000e+01 -4.562500000000000000e+00 -6.818750000000000000e+01 -2.081250000000000000e+01 6.812500000000000000e+00
-5.600000023841857910e-01 -2.670000076293945312e+00 9.000000000000000000e+00 9.750000000000000000e+00 -7.018750000000000000e+01 -4.562500000000000000e+00 -2.543750000000000000e+01 -1.825000000000000000e+01 4.812500000000000000e+00
1.099999994039535522e-01 -1.820000052452087402e+00 9.060000419616699219e+00 8.250000000000000000e+00 -6.618750000000000000e+01 -1.837500000000000000e+01 2.143750000000000000e+01 -1.575000000000000000e+01 -1.375000000000000000e+00
5.299999713897705078e-01 -1.090000033378601074e+00 9.159999847412109375e+00 8.250000000000000000e+00 -6.618750000000000000e+01 -1.837500000000000000e+01 2.143750000000000000e+01 -1.575000000000000000e+01 -1.375000000000000000e+00
8.000000119209289551e-01 -4.499999880790710449e-01 9.210000038146972656e+00 8.250000000000000000e+00 -6.618750000000000000e+01 -1.837500000000000000e+01 3.481250000000000000e+01 -1.456250000000000000e+01 -4.187500000000000000e+00
9.300000071525573730e-01 0.000000000000000000e+00 9.250000000000000000e+00 8.250000000000000000e+00 -6.618750000000000000e+01 -1.837500000000000000e+01 4.112500000000000000e+01 -1.306250000000000000e+01 -4.875000000000000000e+00
9.100000262260437012e-01 7.699999809265136719e-01 9.090000152587890625e+00 8.250000000000000000e+00 -6.618750000000000000e+01 -1.837500000000000000e+01 4.068750000000000000e+01 -1.218750000000000000e+01 -4.250000000000000000e+00
7.200000286102294922e-01 8.799999952316284180e-01 9.039999961853027344e+00 8.000000000000000000e+00 -6.575000000000000000e+01 -1.875000000000000000e+01 2.712500000000000000e+01 -7.312500000000000000e+00 -3.125000000000000000e+00
6.000000238418579102e-01 7.500000000000000000e-01 9.050000190734863281e+00 8.000000000000000000e+00 -6.575000000000000000e+01 -1.875000000000000000e+01 2.712500000000000000e+01 -7.312500000000000000e+00 -3.125000000000000000e+00
4.499999880790710449e-01 7.400000095367431641e-01 9.140000343322753906e+00 8.000000000000000000e+00 -6.575000000000000000e+01 -1.875000000000000000e+01 1.775000000000000000e+01 -3.125000000000000000e+00 -2.437500000000000000e+00
1.800000071525573730e-01 4.600000083446502686e-01 9.430000305175781250e+00 8.000000000000000000e+00 -6.575000000000000000e+01 -1.875000000000000000e+01 7.875000000000000000e+00 1.562500000000000000e+00 -1.812500000000000000e+00
5.000000074505805969e-02 3.300000131130218506e-01 9.510000228881835938e+00 8.000000000000000000e+00 -6.575000000000000000e+01 -1.875000000000000000e+01 -1.750000000000000000e+00 5.875000000000000000e+00 -1.375000000000000000e+00
-9.999999776482582092e-03 1.099999994039535522e-01 9.510000228881835938e+00 8.187500000000000000e+00 -6.575000000000000000e+01 -1.675000000000000000e+01 -1.531250000000000000e+01 1.112500000000000000e+01 -5.625000000000000000e-01
-5.999999865889549255e-02 -7.999999821186065674e-02 9.529999732971191406e+00 8.187500000000000000e+00 -6.575000000000000000e+01 -1.675000000000000000e+01 -1.531250000000000000e+01 1.112500000000000000e+01 -5.625000000000000000e-01
-1.599999964237213135e-01 -2.899999916553497314e-01 9.479999542236328125e+00 8.187500000000000000e+00 -6.575000000000000000e+01 -1.675000000000000000e+01 -1.781250000000000000e+01 1.225000000000000000e+01 -1.062500000000000000e+00
-2.199999988079071045e-01 -2.899999916553497314e-01 9.500000000000000000e+00 8.187500000000000000e+00 -6.575000000000000000e+01 -1.675000000000000000e+01 -1.781250000000000000e+01 1.225000000000000000e+01 -1.062500000000000000e+00
-2.500000000000000000e-01 -4.000000059604644775e-01 9.470000267028808594e+00 8.187500000000000000e+00 -6.575000000000000000e+01 -1.675000000000000000e+01 -1.756250000000000000e+01 1.162500000000000000e+01 -1.437500000000000000e+00
-3.400000035762786865e-01 -3.799999952316284180e-01 9.439999580383300781e+00 7.875000000000000000e+00 -6.650000000000000000e+01 -1.725000000000000000e+01 -1.412500000000000000e+01 7.625000000000000000e+00 -2.437500000000000000e+00
-4.000000059604644775e-01 -4.199999868869781494e-01 9.390000343322753906e+00 7.875000000000000000e+00 -6.650000000000000000e+01 -1.725000000000000000e+01 -1.412500000000000000e+01 7.625000000000000000e+00 -2.437500000000000000e+00
-4.300000071525573730e-01 -5.600000023841857910e-01 9.399999618530273438e+00 7.875000000000000000e+00 -6.650000000000000000e+01 -1.725000000000000000e+01 -1.256250000000000000e+01 5.062500000000000000e+00 -2.187500000000000000e+00
-4.799999892711639404e-01 -5.600000023841857910e-01 9.479999542236328125e+00 7.875000000000000000e+00 -6.650000000000000000e+01 -1.725000000000000000e+01 -1.081250000000000000e+01 2.812500000000000000e+00 -2.187500000000000000e+00
-4.600000083446502686e-01 -4.600000083446502686e-01 9.439999580383300781e+00 7.875000000000000000e+00 -6.650000000000000000e+01 -1.725000000000000000e+01 -8.875000000000000000e+00 7.500000000000000000e-01 -2.562500000000000000e+00
-4.399999976158142090e-01 -5.000000000000000000e-01 9.359999656677246094e+00 7.875000000000000000e+00 -6.606250000000000000e+01 -1.725000000000000000e+01 -6.375000000000000000e+00 -2.437500000000000000e+00 -2.625000000000000000e+00
-4.499999880790710449e-01 -4.399999976158142090e-01 9.380000114440917969e+00 7.875000000000000000e+00 -6.606250000000000000e+01 -1.725000000000000000e+01 -6.375000000000000000e+00 -2.437500000000000000e+00 -2.625000000000000000e+00
-4.300000071525573730e-01 -3.300000131130218506e-01 9.390000343322753906e+00 7.875000000000000000e+00 -6.606250000000000000e+01 -1.725000000000000000e+01 -4.312500000000000000e+00 -2.875000000000000000e+00 -3.125000000000000000e+00
-3.300000131130218506e-01 -5.999999865889549255e-02 9.359999656677246094e+00 7.875000000000000000e+00 -6.606250000000000000e+01 -1.725000000000000000e+01 -1.875000000000000000e+00 -3.187500000000000000e+00 -3.562500000000000000e+00
-3.000000119209289551e-01 0.000000000000000000e+00 9.369999885559082031e+00 7.875000000000000000e+00 -6.606250000000000000e+01 -1.725000000000000000e+01 -8.125000000000000000e-01 -3.437500000000000000e+00 -3.750000000000000000e+00
-2.399999946355819702e-01 9.000000357627868652e-02 9.369999885559082031e+00 7.562500000000000000e+00 -6.606250000000000000e+01 -1.856250000000000000e+01 -1.875000000000000000e+00 -2.937500000000000000e+00 -2.750000000000000000e+00
-1.099999994039535522e-01 9.000000357627868652e-02 9.359999656677246094e+00 7.562500000000000000e+00 -6.606250000000000000e+01 -1.856250000000000000e+01 -1.875000000000000000e+00 -2.937500000000000000e+00 -2.750000000000000000e+00
-7.000000029802322388e-02 1.299999952316284180e-01 9.369999885559082031e+00 7.562500000000000000e+00 -6.606250000000000000e+01 -1.856250000000000000e+01 -2.875000000000000000e+00 -2.125000000000000000e+00 -2.187500000000000000e+00
-1.500000059604644775e-01 1.800000071525573730e-01 9.409999847412109375e+00 7.562500000000000000e+00 -6.606250000000000000e+01 -1.856250000000000000e+01 -3.375000000000000000e+00 -1.000000000000000000e+00 -2.000000000000000000e+00
-1.000000014901161194e-01 1.400000005960464478e-01 9.409999847412109375e+00 7.562500000000000000e+00 -6.606250000000000000e+01 -1.856250000000000000e+01 -3.687500000000000000e+00 -3.750000000000000000e-01 -1.437500000000000000e+00
