-1.800000071525573730e-01 -1.500000059604644775e-01 9.430000305175781250e+00 6.750000000000000000e+00 -6.675000000000000000e+01 -1.756250000000000000e+01 -3.125000000000000000e-01 1.250000000000000000e-01 0.000000000000000000e+00
-1.899999976158142090e-01 -1.099999994039535522e-01 9.380000114440917969e+00 6.750000000000000000e+00 -6.675000000000000000e+01 -1.756250000000000000e+01 -5.000000000000000000e-01 1.875000000000000000e-01 2.500000000000000000e-01
-2.099999934434890747e-01 -1.199999973177909851e-01 9.350000381469726562e+00 6.750000000000000000e+00 -6.675000000000000000e+01 -1.756250000000000000e+01 -5.625000000000000000e-01 6.250000000000000000e-02 6.250000000000000000e-02
-2.000000029802322388e-01 -1.299999952316284180e-01 9.390000343322753906e+00 6.750000000000000000e+00 -6.675000000000000000e+01 -1.756250000000000000e+01 -5.625000000000000000e-01 -6.250000000000000000e-02 3.750000000000000000e-01
-2.199999988079071045e-01 -1.000000014901161194e-01 9.439999580383300781e+00 6.750000000000000000e+00 -6.675000000000000000e+01 -1.756250000000000000e+01 -5.625000000000000000e-01 -6.250000000000000000e-02 3.750000000000000000e-01
-2.399999946355819702e-01 -1.299999952316284180e-01 9.409999847412109375e+00 7.500000000000000000e+00 -6.637500000000000000e+01 -1.800000000000000000e+01 -8.750000000000000000e-01 -3.750000000000000000e-01 3.125000000000000000e-01
-2.399999946355819702e-01 -1.500000059604644775e-01 9.399999618530273438e+00 7.500000000000000000e+00 -6.637500000000000000e+01 -1.800000000000000000e+01 -8.125000000000000000e-01 -1.875000000000000000e-01 2.500000000000000000e-01
-2.399999946355819702e-01 -1.099999994039535522e-01 9.439999580383300781e+00 7.500000000000000000e+00 -6.637500000000000000e+01 -1.800000000000000000e+01 -8.125000000000000000e-01 -5.000000000000000000e-01 3.125000000000000000e-01
-2.300000041723251343e-01 -1.500000059604644775e-01 9.449999809265136719e+00 7.500000000000000000e+00 -6.637500000000000000e+01 -1.800000000000000000e+01 -8.750000000000000000e-01 -5.000000000000000000e-01 2.500000000000000000e-01
-2.199999988079071045e-01 -1.400000005960464478e-01 9.489999771118164062e+00 7.500000000000000000e+00 -6.637500000000000000e+01 -1.800000000000000000e+01 -8.750000000000000000e-01 -5.000000000000000000e-01 2.500000000000000000e-01
-2.300000041723251343e-01 -1.500000059604644775e-01 9.489999771118164062e+00 6.750000000000000000e+00 -6.706250000000000000e+01 -1.718750000000000000e+01 -1.187500000000000000e+00 -2.125000000000000000e+00 5.625000000000000000e-01
-2.300000041723251343e-01 -2.899999916553497314e-01 9.710000038146972656e+00 6.750000000000000000e+00 -6.706250000000000000e+01 -1.718750000000000000e+01 -2.500000000000000000e-01 -3.687500000000000000e+00 5.625000000000000000e-01
-2.899999916553497314e-01 -4.499999880790710449e-01 9.789999961853027344e+00 6.750000000000000000e+00 -6.706250000000000000e+01 -1.718750000000000000e+01 7.500000000000000000e-01 -6.312500000000000000e+00 2.500000000000000000e-01
-2.099999934434890747e-01 -6.000000238418579102e-01 1.018999958038330078e+01 6.750000000000000000e+00 -6.706250000000000000e+01 -1.718750000000000000e+01 1.187500000000000000e+00 -1.256250000000000000e+01 -1.125000000000000000e+00
-3.000000119209289551e-01 -5.199999809265136719e-01 1.063000011444091797e+01 6.750000000000000000e+00 -6.706250000000000000e+01 -1.718750000000000000e+01 1.187500000000000000e+00 -1.256250000000000000e+01 -1.125000000000000000e+00
-8.199999928474426270e-01 1.500000059604644775e-01 1.215999984741210938e+01 6.375000000000000000e+00 -6.818750000000000000e+01 -1.718750000000000000e+01 -3.625000000000000000e+00 -2.406250000000000000e+01 -3.625000000000000000e+00
-4.499999880790710449e-01 1.389999985694885254e+00 1.278999996185302734e+01 6.375000000000000000e+00 -6.818750000000000000e+01 -1.718750000000000000e+01 -4.243750000000000000e+01 -7.450000000000000000e+01 -5.125000000000000000e+00
-5.999999865889549255e-02 2.799999952316284180e+00 1.255000019073486328e+01 6.375000000000000000e+00 -6.818750000000000000e+01 -1.718750000000000000e+01 -6.656250000000000000e+01 -1.021875000000000000e+02 9.687500000000000000e+00
2.300000041723251343e-01 2.960000038146972656e+00 1.297000026702880859e+01 6.375000000000000000e+00 -6.818750000000000000e+01 -1.718750000000000000e+01 -7.656250000000000000e+01 -1.288125000000000000e+02 3.475000000000000000e+01
-3.799999952316284180e-01 1.370000004768371582e+00 1.331000041961669922e+01 6.375000000000000000e+00 -6.818750000000000000e+01 -1.718750000000000000e+01 -7.656250000000000000e+01 -1.288125000000000000e+02 3.475000000000000000e+01
-1.210000038146972656e+00 -4.300000071525573730e-01 1.401000022888183594e+01 6.375000000000000000e+00 -6.818750000000000000e+01 -1.668750000000000000e+01 -6.812500000000000000e+01 -1.600625000000000000e+02 5.756250000000000000e+01
-1.700000047683715820e+00 -2.039999961853027344e+00 1.425000000000000000e+01 6.375000000000000000e+00 -6.818750000000000000e+01 -1.668750000000000000e+01 -2.018750000000000000e+01 -2.293125000000000000e+02 5.568750000000000000e+01
-2.289999961853027344e+00 -3.569999933242797852e+00 1.039999961853027344e+01 6.375000000000000000e+00 -6.818750000000000000e+01 -1.668750000000000000e+01 -2.018750000000000000e+01 -2.293125000000000000e+02 5.568750000000000000e+01
-1.289999961853027344e+00 -3.569999933242797852e+00 8.369999885559082031e+00 6.375000000000000000e+00 -6.818750000000000000e+01 -1.668750000000000000e+01 -5.812500000000000000e+00 -2.450000000000000000e+02 3.618750000000000000e+01
-3.999999910593032837e-02 -2.970000028610229492e+00 7.599999904632568359e+00 6.375000000000000000e+00 -6.818750000000000000e+01 -1.668750000000000000e+01 -4.187500000000000000e+00 -2.319375000000000000e+02 1.781250000000000000e+01
2.559999942779541016e+00 5.699999928474426270e-01 8.250000000000000000e+00 2.000000000000000000e+00 -6.900000000000000000e+01 -1.906250000000000000e+01 -8.437500000000000000e+00 -2.088125000000000000e+02 4.312500000000000000e+00
3.289999961853027344e+00 9.700000286102294922e-01 8.529999732971191406e+00 2.000000000000000000e+00 -6.900000000000000000e+01 -1.906250000000000000e+01 -1.737500000000000000e+01 -1.860000000000000000e+02 8.125000000000000000e-01
3.869999885559082031e+00 6.600000262260437012e-01 8.250000000000000000e+00 2.000000000000000000e+00 -6.900000000000000000e+01 -1.906250000000000000e+01 -2.556250000000000000e+01 -1.698125000000000000e+02 8.000000000000000000e+00
3.819999933242797852e+00 3.899999856948852539e-01 7.699999809265136719e+00 2.000000000000000000e+00 -6.900000000000000000e+01 -1.906250000000000000e+01 -2.881250000000000000e+01 -1.565625000000000000e+02 1.743750000000000000e+01
4.980000019073486328e+00 -9.100000262260437012e-01 6.570000171661376953e+00 2.000000000000000000e+00 -6.900000000000000000e+01 -1.906250000000000000e+01 -3.062500000000000000e+01 -1.421875000000000000e+02 2.575000000000000000e+01
4.360000133514404297e+00 -1.059999942779541016e+00 5.880000114440917969e+00 -3.062500000000000000e+00 -7.337500000000000000e+01 -1.987500000000000000e+01 -3.037500000000000000e+01 -1.305625000000000000e+02 2.943750000000000000e+01
4.320000171661376953e+00 -8.299999833106994629e-01 5.340000152587890625e+00 -3.062500000000000000e+00 -7.337500000000000000e+01 -1.987500000000000000e+01 -2.806250000000000000e+01 -1.179375000000000000e+02 2.775000000000000000e+01
4.809999942779541016e+00 -9.399999976158142090e-01 4.920000076293945312e+00 -3.062500000000000000e+00 -7.337500000000000000e+01 -1.987500000000000000e+01 -2.162500000000000000e+01 -1.044375000000000000e+02 2.500000000000000000e+01
4.579999923706054688e+00 -1.389999985694885254e+00 3.789999961853027344e+00 -3.062500000000000000e+00 -7.337500000000000000e+01 -1.987500000000000000e+01 -1.093750000000000000e+01 -9.100000000000000000e+01 2.137500000000000000e+01
4.519999980926513672e+00 -1.830000042915344238e+00 3.490000009536743164e+00 -3.062500000000000000e+00 -7.337500000000000000e+01 -1.987500000000000000e+01 3.125000000000000000e-01 -7.481250000000000000e+01 1.712500000000000000e+01
4.590000152587890625e+00 -2.240000009536743164e+00 3.470000028610229492e+00 -5.750000000000000000e+00 -7.668750000000000000e+01 -2.268750000000000000e+01 7.937500000000000000e+00 -5.493750000000000000e+01 1.362500000000000000e+01
4.800000190734863281e+00 -2.390000104904174805e+00 3.839999914169311523e+00 -5.750000000000000000e+00 -7.668750000000000000e+01 -2.268750000000000000e+01 9.375000000000000000e+00 -3.331250000000000000e+01 9.500000000000000000e+00
4.840000152587890625e+00 -1.970000028610229492e+00 5.440000057220458984e+00 -5.750000000000000000e+00 -7.668750000000000000e+01 -2.268750000000000000e+01 7.250000000000000000e+00 -1.362500000000000000e+01 5.562500000000000000e+00
4.750000000000000000e+00 -1.799999952316284180e+00 6.309999942779541016e+00 -5.750000000000000000e+00 -7.668750000000000000e+01 -2.268750000000000000e+01 2.625000000000000000e+00 2.437500000000000000e+00 3.812500000000000000e+00
4.780000209808349609e+00 -1.669999957084655762e+00 6.849999904632568359e+00 -5.750000000000000000e+00 -7.668750000000000000e+01 -2.268750000000000000e+01 -9.375000000000000000e-01 1.406250000000000000e+01 2.625000000000000000e+00
4.699999809265136719e+00 -1.710000038146972656e+00 7.409999847412109375e+00 -7.250000000000000000e+00 -7.668750000000000000e+01 -2.187500000000000000e+01 -1.250000000000000000e-01 2.125000000000000000e+01 1.437500000000000000e+00
4.599999904632568359e+00 -1.720000028610229492e+00 7.659999847412109375e+00 -7.250000000000000000e+00 -7.668750000000000000e+01 -2.187500000000000000e+01 4.000000000000000000e+00 2.631250000000000000e+01 -5.000000000000000000e-01
4.449999809265136719e+00 -1.690000057220458984e+00 7.840000152587890625e+00 -7.250000000000000000e+00 -7.668750000000000000e+01 -2.187500000000000000e+01 1.025000000000000000e+01 3.081250000000000000e+01 -4.125000000000000000e+00
4.309999942779541016e+00 -1.759999990463256836e+00 7.989999771118164062e+00 -7.250000000000000000e+00 -7.668750000000000000e+01 -2.187500000000000000e+01 1.700000000000000000e+01 3.368750000000000000e+01 -7.875000000000000000e+00
4.000000000000000000e+00 -1.679999947547912598e+00 7.800000190734863281e+00 -7.250000000000000000e+00 -7.668750000000000000e+01 -2.187500000000000000e+01 2.331250000000000000e+01 3.662500000000000000e+01 -1.125000000000000000e+01
3.700000047683715820e+00 -1.539999961853027344e+00 7.690000057220458984e+00 -7.875000000000000000e+00 -7.550000000000000000e+01 -2.300000000000000000e+01 2.862500000000000000e+01 4.018750000000000000e+01 -1.443750000000000000e+01
3.559999942779541016e+00 -1.350000023841857910e+00 7.369999885559082031e+00 -7.875000000000000000e+00 -7.550000000000000000e+01 -2.300000000000000000e+01 3.281250000000000000e+01 4.481250000000000000e+01 -1.662500000000000000e+01
3.299999952316284180e+00 -1.340000033378601074e+00 6.079999923706054688e+00 -7.875000000000000000e+00 -7.550000000000000000e+01 -2.300000000000000000e+01 3.531250000000000000e+01 5.093750000000000000e+01 -1.800000000000000000e+01
3.119999885559082031e+00 -1.299999952316284180e+00 5.250000000000000000e+00 -7.875000000000000000e+00 -7.550000000000000000e+01 -2.300000000000000000e+01 3.762500000000000000e+01 6.112500000000000000e+01 -1.931250000000000000e+01
2.930000066757202148e+00 -1.230000019073486328e+00 4.570000171661376953e+00 -7.875000000000000000e+00 -7.550000000000000000e+01 -2.300000000000000000e+01 3.993750000000000000e+01 7.631250000000000000e+01 -2.062500000000000000e+01
2.849999904632568359e+00 -8.899999856948852539e-01 3.910000085830688477e+00 -5.562500000000000000e+00 -7.587500000000000000e+01 -2.018750000000000000e+01 4.231250000000000000e+01 9.693750000000000000e+01 -2.406250000000000000e+01
2.809999942779541016e+00 -3.000000119209289551e-01 2.789999961853027344e+00 -5.562500000000000000e+00 -7.587500000000000000e+01 -2.018750000000000000e+01 4.300000000000000000e+01 1.233750000000000000e+02 -2.725000000000000000e+01
2.809999942779541016e+00 -7.999999821186065674e-02 2.500000000000000000e+00 -5.562500000000000000e+00 -7.587500000000000000e+01 -2.018750000000000000e+01 3.587500000000000000e+01 1.550000000000000000e+02 -2.800000000000000000e+01
2.400000095367431641e+00 -1.400000005960464478e-01 2.779999971389770508e+00 -5.562500000000000000e+00 -7.587500000000000000e+01 -2.018750000000000000e+01 2.168750000000000000e+01 1.938750000000000000e+02 -2.700000000000000000e+01
2.289999961853027344e+00 1.000000014901161194e-01 4.179999828338623047e+00 -5.562500000000000000e+00 -7.587500000000000000e+01 -2.018750000000000000e+01 4.187500000000000000e+00 2.392500000000000000e+02 -2.612500000000000000e+01
2.289999961853027344e+00 1.000000014901161194e-01 4.179999828338623047e+00 -2.562500000000000000e+00 -7.550000000000000000e+01 -1.756250000000000000e+01 -1.793750000000000000e+01 2.838125000000000000e+02 -2.650000000000000000e+01
-3.300000131130218506e-01 1.659999966621398926e+00 1.654999923706054688e+01 -2.562500000000000000e+00 -7.550000000000000000e+01 -1.756250000000000000e+01 -4.500000000000000000e+01 3.116250000000000000e+02 -2.218750000000000000e+01
-7.699999809265136719e-01 6.299999952316284180e-01 2.254999923706054688e+01 -2.562500000000000000e+00 -7.550000000000000000e+01 -1.756250000000000000e+01 -5.893750000000000000e+01 2.970625000000000000e+02 -9.875000000000000000e+00
3.199999928474426270e-01 -1.299999952316284180e+00 2.059000015258789062e+01 -2.562500000000000000e+00 -7.550000000000000000e+01 -1.756250000000000000e+01 -4.993750000000000000e+01 2.305625000000000000e+02 -5.625000000000000000e-01
3.600000143051147461e-01 -1.950000047683715820e+00 1.359000015258789062e+01 -2.562500000000000000e+00 -7.550000000000000000e+01 -1.756250000000000000e+01 -2.412500000000000000e+01 1.344375000000000000e+02 -1.250000000000000000e-01
-5.999999865889549255e-02 -2.130000114440917969e+00 9.340000152587890625e+00 3.250000000000000000e+00 -6.850000000000000000e+01 -1.925000000000000000e+01 1.437500000000000000e+00 7.331250000000000000e+01 -3.437500000000000000e+00
-5.400000214576721191e-01 -2.069999933242797852e+00 7.480000019073486328e+00 3.250000000000000000e+00 -6.850000000000000000e+01 -1.925000000000000000e+01 1.425000000000000000e+01 6.331250000000000000e+01 -7.875000000000000000e+00
-8.700000047683715820e-01 -1.190000057220458984e+00 9.329999923706054688e+00 3.250000000000000000e+00 -6.850000000000000000e+01 -1.925000000000000000e+01 1.750000000000000000e+01 7.412500000000000000e+01 -1.175000000000000000e+01
-7.200000286102294922e-01 -8.000000119209289551e-01 1.022999954223632812e+01 3.250000000000000000e+00 -6.850000000000000000e+01 -1.925000000000000000e+01 1.781250000000000000e+01 8.156250000000000000e+01 -1.337500000000000000e+01
-5.099999904632568359e-01 -7.099999785423278809e-01 1.047999954223632812e+01 3.250000000000000000e+00 -6.850000000000000000e+01 -1.925000000000000000e+01 1.993750000000000000e+01 7.725000000000000000e+01 -1.287500000000000000e+01
-5.400000214576721191e-01 -6.100000143051147461e-01 1.043999958038330078e+01 4.250000000000000000e+00 -6.668750000000000000e+01 -2.018750000000000000e+01 2.606250000000000000e+01 6.800000000000000000e+01 -1.200000000000000000e+01
-6.499999761581420898e-01 -4.499999880790710449e-01 9.760000228881835938e+00 4.250000000000000000e+00 -6.668750000000000000e+01 -2.018750000000000000e+01 3.143750000000000000e+01 5.787500000000000000e+01 -1.175000000000000000e+01
-7.099999785423278809e-01 -3.400000035762786865e-01 9.529999732971191406e+00 4.250000000000000000e+00 -6.668750000000000000e+01 -2.018750000000000000e+01 3.300000000000000000e+01 4.793750000000000000e+01 -1.118750000000000000e+01
-8.399999737739562988e-01 -3.499999940395355225e-01 9.470000267028808594e+00 4.250000000000000000e+00 -6.668750000000000000e+01 -2.018750000000000000e+01 3.075000000000000000e+01 4.043750000000000000e+01 -9.625000000000000000e+00
-9.300000071525573730e-01 -2.899999916553497314e-01 9.579999923706054688e+00 4.250000000000000000e+00 -6.668750000000000000e+01 -2.018750000000000000e+01 2.612500000000000000e+01 3.356250000000000000e+01 -7.687500000000000000e+00
-1.039999961853027344e+00 -3.300000131130218506e-01 9.550000190734863281e+00 5.500000000000000000e+00 -6.587500000000000000e+01 -1.925000000000000000e+01 2.206250000000000000e+01 2.731250000000000000e+01 -6.437500000000000000e+00
-1.110000014305114746e+00 -3.000000119209289551e-01 9.449999809265136719e+00 5.500000000000000000e+00 -6.587500000000000000e+01 -1.925000000000000000e+01 1.881250000000000000e+01 2.193750000000000000e+01 -5.312500000000000000e+00
-1.139999985694885254e+00 -2.700000107288360596e-01 9.390000343322753906e+00 5.500000000000000000e+00 -6.587500000000000000e+01 -1.925000000000000000e+01 1.693750000000000000e+01 1.662500000000000000e+01 -4.875000000000000000e+00
-1.190000057220458984e+00 -1.599999964237213135e-01 9.500000000000000000e+00 5.500000000000000000e+00 -6.587500000000000000e+01 -1.925000000000000000e+01 1.562500000000000000e+01 1.243750000000000000e+01 -4.812500000000000000e+00
-1.129999995231628418e+00 -1.400000005960464478e-01 9.579999923706054688e+00 5.500000000000000000e+00 -6.587500000000000000e+01 -1.925000000000000000e+01 1.368750000000000000e+01 9.125000000000000000e+00 -4.250000000000000000e+00
-1.090000033378601074e+00 -1.199999973177909851e-01 9.560000419616699219e+00 5.750000000000000000e+00 -6.587500000000000000e+01 -1.800000000000000000e+01 1.125000000000000000e+01 5.937500000000000000e+00 -3.500000000000000000e+00
-9.800000190734863281e-01 -5.000000074505805969e-02 9.569999694824218750e+00 5.750000000000000000e+00 -6.587500000000000000e+01 -1.800000000000000000e+01 9.062500000000000000e+00 3.250000000000000000e+00 -3.187500000000000000e+00
-8.299999833106994629e-01 1.999999955296516418e-02 9.430000305175781250e+00 5.750000000000000000e+00 -6.587500000000000000e+01 -1.800000000000000000e+01 6.250000000000000000e+00 6.875000000000000000e-01 -3.000000000000000000e+00
-8.100000023841857910e-01 3.999999910593032837e-02 9.380000114440917969e+00 5.750000000000000000e+00 -6.587500000000000000e+01 -1.800000000000000000e+01 2.812500000000000000e+00 -2.000000000000000000e+00 -2.375000000000000000e+00
-7.699999809265136719e-01 1.099999994039535522e-01 9.329999923706054688e+00 5.750000000000000000e+00 -6.587500000000000000e+01 -1.800000000000000000e+01 -3.125000000000000000e-01 -4.375000000000000000e+00 -2.062500000000000000e+00
-6.600000262260437012e-01 1.400000005960464478e-01 9.359999656677246094e+00 6.500000000000000000e+00 -6.625000000000000000e+01 -1.675000000000000000e+01 -2.937500000000000000e+00 -6.812500000000000000e+00 -1.625000000000000000e+00
-6.200000047683715820e-01 2.999999932944774628e-02 9.460000038146972656e+00 6.500000000000000000e+00 -6.625000000000000000e+01 -1.675000000000000000e+01 -5.812500000000000000e+00 -9.125000000000000000e+00 -3.125000000000000000e-01
-5.799999833106994629e-01 -9.999999776482582092e-03 9.500000000000000000e+00 6.500000000000000000e+00 -6.625000000000000000e+01 -1.675000000000000000e+01 -8.187500000000000000e+00 -1.081250000000000000e+01 6.250000000000000000e-02
-6.100000143051147461e-01 -2.999999932944774628e-02 9.449999809265136719e+00 6.500000000000000000e+00 -6.625000000000000000e+01 -1.675000000000000000e+01 -9.375000000000000000e+00 -1.193750000000000000e+01 5.625000000000000000e-01
-6.200000047683715820e-01 -5.999999865889549255e-02 9.270000457763671875e+00 6.500000000000000000e+00 -6.625000000000000000e+01 -1.675000000000000000e+01 -9.812500000000000000e+00 -1.287500000000000000e+01 7.500000000000000000e-01
-5.899999737739562988e-01 -7.999999821186065674e-02 9.319999694824218750e+00 7.250000000000000000e+00 -6.625000000000000000e+01 -1.750000000000000000e+01 -9.125000000000000000e+00 -1.287500000000000000e+01 1.250000000000000000e+00
-5.099999904632568359e-01 -1.199999973177909851e-01 9.409999847412109375e+00 7.250000000000000000e+00 -6.625000000000000000e+01 -1.750000000000000000e+01 -7.937500000000000000e+00 -1.206250000000000000e+01 1.437500000000000000e+00
-4.300000071525573730e-01 -1.800000071525573730e-01 9.439999580383300781e+00 7.250000000000000000e+00 -6.625000000000000000e+01 -1.750000000000000000e+01 -7.250000000000000000e+00 -1.075000000000000000e+01 1.625000000000000000e+00
-4.199999868869781494e-01 -2.399999946355819702e-01 9.420000076293945312e+00 7.250000000000000000e+00 -6.625000000000000000e+01 -1.750000000000000000e+01 -6.875000000000000000e+00 -9.562500000000000000e+00 2.000000000000000000e+00
-3.600000143051147461e-01 -2.199999988079071045e-01 9.340000152587890625e+00 7.250000000000000000e+00 -6.625000000000000000e+01 -1.750000000000000000e+01 -6.125000000000000000e+00 -8.687500000000000000e+00 1.875000000000000000e+00
-3.300000131130218506e-01 -2.899999916553497314e-01 9.289999961853027344e+00 6.500000000000000000e+00 -6.625000000000000000e+01 -1.868750000000000000e+01 -6.000000000000000000e+00 -7.625000000000000000e+00 1.812500000000000000e+00
-2.899999916553497314e-01 -3.600000143051147461e-01 9.350000381469726562e+00 6.500000000000000000e+00 -6.625000000000000000e+01 -1.868750000000000000e+01 -6.437500000000000000e+00 -5.937500000000000000e+00 2.187500000000000000e+00
-3.300000131130218506e-01 -4.000000059604644775e-01 9.380000114440917969e+00 6.500000000000000000e+00 -6.625000000000000000e+01 -1.868750000000000000e+01 -6.437500000000000000e+00 -5.000000000000000000e+00 2.000000000000000000e+00
-3.300000131130218506e-01 -4.199999868869781494e-01 9.390000343322753906e+00 6.500000000000000000e+00 -6.625000000000000000e+01 -1.868750000000000000e+01 -6.625000000000000000e+00 -4.187500000000000000e+00 2.062500000000000000e+00
-3.100000023841857910e-01 -5.099999904632568359e-01 9.390000343322753906e+00 6.500000000000000000e+00 -6.625000000000000000e+01 -1.868750000000000000e+01 -7.875000000000000000e+00 -3.750000000000000000e+00 2.000000000000000000e+00
-2.899999916553497314e-01 -6.399999856948852539e-01 9.380000114440917969e+00 6.750000000000000000e+00 -6.587500000000000000e+01 -1.706250000000000000e+01 -8.937500000000000000e+00 -3.750000000000000000e+00 2.062500000000000000e+00
-3.100000023841857910e-01 -6.600000262260437012e-01 9.359999656677246094e+00 6.750000000000000000e+00 -6.587500000000000000e+01 -1.706250000000000000e+01 -9.687500000000000000e+00 -3.437500000000000000e+00 2.125000000000000000e+00
-3.499999940395355225e-01 -6.600000262260437012e-01 9.390000343322753906e+00 6.750000000000000000e+00 -6.587500000000000000e+01 -1.706250000000000000e+01 -9.500000000000000000e+00 -2.812500000000000000e+00 1.875000000000000000e+00
-3.700000047683715820e-01 -6.899999976158142090e-01 9.390000343322753906e+00 6.750000000000000000e+00 -6.587500000000000000e+01 -1.706250000000000000e+01 -9.187500000000000000e+00 -2.687500000000000000e+00 1.750000000000000000e+00
-4.300000071525573730e-01 -7.300000190734863281e-01 9.399999618530273438e+00 6.750000000000000000e+00 -6.587500000000000000e+01 -1.706250000000000000e+01 -8.875000000000000000e+00 -2.750000000000000000e+00 1.250000000000000000e+00
