-5.400000214576721191e-01 7.200000286102294922e-01 1.096000003814697266e+01 2.500000000000000000e+01 -7.487500000000000000e+01 -1.075000000000000000e+01 1.588750000000000000e+02 -1.081250000000000000e+01 6.625000000000000000e+00
-5.899999737739562988e-01 6.200000047683715820e-01 1.125000000000000000e+01 2.500000000000000000e+01 -7.487500000000000000e+01 -1.075000000000000000e+01 1.880625000000000000e+02 -1.481250000000000000e+01 1.281250000000000000e+01
-6.000000238418579102e-01 6.700000166893005371e-01 1.131000041961669922e+01 2.387500000000000000e+01 -7.487500000000000000e+01 -6.250000000000000000e+00 2.172500000000000000e+02 -1.981250000000000000e+01 1.825000000000000000e+01
-5.500000119209289551e-01 6.399999856948852539e-01 1.126000022888183594e+01 2.387500000000000000e+01 -7.487500000000000000e+01 -6.250000000000000000e+00 2.438125000000000000e+02 -2.687500000000000000e+01 2.081250000000000000e+01
-4.799999892711639404e-01 1.360000014305114746e+00 1.075000000000000000e+01 2.387500000000000000e+01 -7.487500000000000000e+01 -6.250000000000000000e+00 2.657500000000000000e+02 -3.368750000000000000e+01 2.056250000000000000e+01
-3.199999928474426270e-01 1.759999990463256836e+00 1.027999973297119141e+01 2.387500000000000000e+01 -7.487500000000000000e+01 -6.250000000000000000e+00 2.799375000000000000e+02 -3.862500000000000000e+01 2.012500000000000000e+01
-5.999999865889549255e-02 1.899999976158142090e+00 9.640000343322753906e+00 2.387500000000000000e+01 -7.487500000000000000e+01 -6.250000000000000000e+00 2.863750000000000000e+02 -4.281250000000000000e+01 1.756250000000000000e+01
3.199999928474426270e-01 1.950000047683715820e+00 9.050000190734863281e+00 2.500000000000000000e+01 -7.556250000000000000e+01 3.750000000000000000e+00 2.859375000000000000e+02 -4.518750000000000000e+01 9.375000000000000000e+00
8.299999833106994629e-01 2.589999914169311523e+00 7.929999828338623047e+00 2.500000000000000000e+01 -7.556250000000000000e+01 3.750000000000000000e+00 2.766250000000000000e+02 -4.800000000000000000e+01 -4.625000000000000000e+00
1.200000047683715820e+00 3.359999895095825195e+00 7.030000209808349609e+00 2.500000000000000000e+01 -7.556250000000000000e+01 3.750000000000000000e+00 2.563125000000000000e+02 -4.981250000000000000e+01 -1.768750000000000000e+01
1.610000014305114746e+00 4.340000152587890625e+00 5.989999771118164062e+00 2.500000000000000000e+01 -7.556250000000000000e+01 3.750000000000000000e+00 2.270625000000000000e+02 -4.806250000000000000e+01 -2.493750000000000000e+01
1.580000042915344238e+00 6.000000000000000000e+00 4.019999980926513672e+00 2.500000000000000000e+01 -7.556250000000000000e+01 3.750000000000000000e+00 1.908750000000000000e+02 -4.368750000000000000e+01 -2.762500000000000000e+01
1.620000004768371582e+00 6.710000038146972656e+00 3.480000019073486328e+00 2.650000000000000000e+01 -7.506250000000000000e+01 2.125000000000000000e+01 1.516250000000000000e+02 -3.418750000000000000e+01 -2.818750000000000000e+01
1.639999985694885254e+00 7.059999942779541016e+00 3.470000028610229492e+00 2.650000000000000000e+01 -7.506250000000000000e+01 2.125000000000000000e+01 1.132500000000000000e+02 -1.862500000000000000e+01 -2.581250000000000000e+01
1.679999947547912598e+00 7.239999771118164062e+00 3.920000076293945312e+00 2.650000000000000000e+01 -7.506250000000000000e+01 2.125000000000000000e+01 7.543750000000000000e+01 -3.875000000000000000e+00 -2.237500000000000000e+01
1.429999947547912598e+00 7.760000228881835938e+00 4.869999885559082031e+00 2.650000000000000000e+01 -7.506250000000000000e+01 2.125000000000000000e+01 3.843750000000000000e+01 8.437500000000000000e+00 -1.812500000000000000e+01
1.100000023841857910e+00 7.530000209808349609e+00 5.380000114440917969e+00 2.650000000000000000e+01 -7.506250000000000000e+01 2.125000000000000000e+01 6.437500000000000000e+00 1.881250000000000000e+01 -1.162500000000000000e+01
8.600000143051147461e-01 7.039999961853027344e+00 6.019999980926513672e+00 3.025000000000000000e+01 -6.950000000000000000e+01 3.406250000000000000e+01 -1.843750000000000000e+01 2.612500000000000000e+01 -5.000000000000000000e+00
5.500000119209289551e-01 6.590000152587890625e+00 6.750000000000000000e+00 3.025000000000000000e+01 -6.950000000000000000e+01 3.406250000000000000e+01 -3.512500000000000000e+01 2.950000000000000000e+01 -1.125000000000000000e+00
1.700000017881393433e-01 5.579999923706054688e+00 8.229999542236328125e+00 3.025000000000000000e+01 -6.950000000000000000e+01 3.406250000000000000e+01 -4.337500000000000000e+01 2.862500000000000000e+01 -1.250000000000000000e-01
0.000000000000000000e+00 5.079999923706054688e+00 8.630000114440917969e+00 3.025000000000000000e+01 -6.950000000000000000e+01 3.406250000000000000e+01 -4.431250000000000000e+01 2.406250000000000000e+01 -1.187500000000000000e+00
-5.000000074505805969e-02 4.730000019073486328e+00 8.770000457763671875e+00 3.025000000000000000e+01 -6.950000000000000000e+01 3.406250000000000000e+01 -3.943750000000000000e+01 1.818750000000000000e+01 -3.687500000000000000e+00
-2.000000029802322388e-01 5.130000114440917969e+00 8.479999542236328125e+00 3.056250000000000000e+01 -6.850000000000000000e+01 3.400000000000000000e+01 -3.206250000000000000e+01 1.256250000000000000e+01 -5.812500000000000000e+00
-9.000000357627868652e-02 5.210000038146972656e+00 8.329999923706054688e+00 3.056250000000000000e+01 -6.850000000000000000e+01 3.400000000000000000e+01 -2.425000000000000000e+01 7.625000000000000000e+00 -5.437500000000000000e+00
-7.000000029802322388e-02 5.269999980926513672e+00 8.220000267028808594e+00 3.056250000000000000e+01 -6.850000000000000000e+01 3.400000000000000000e+01 -1.575000000000000000e+01 4.500000000000000000e+00 -3.125000000000000000e+00
2.999999932944774628e-02 5.190000057220458984e+00 8.119999885559082031e+00 3.056250000000000000e+01 -6.850000000000000000e+01 3.400000000000000000e+01 -7.875000000000000000e+00 1.812500000000000000e+00 -8.750000000000000000e-01
3.100000023841857910e-01 5.199999809265136719e+00 7.769999980926513672e+00 3.056250000000000000e+01 -6.850000000000000000e+01 3.400000000000000000e+01 -2.750000000000000000e+00 -7.500000000000000000e-01 0.000000000000000000e+00
4.300000071525573730e-01 5.269999980926513672e+00 7.440000057220458984e+00 2.918750000000000000e+01 -7.000000000000000000e+01 2.987500000000000000e+01 -2.437500000000000000e+00 -2.125000000000000000e+00 4.375000000000000000e-01
5.799999833106994629e-01 5.300000190734863281e+00 7.059999942779541016e+00 2.918750000000000000e+01 -7.000000000000000000e+01 2.987500000000000000e+01 -8.375000000000000000e+00 -2.687500000000000000e+00 1.062500000000000000e+00
7.200000286102294922e-01 5.349999904632568359e+00 6.619999885559082031e+00 2.918750000000000000e+01 -7.000000000000000000e+01 2.987500000000000000e+01 -2.150000000000000000e+01 -6.875000000000000000e-01 1.437500000000000000e+00
1.070000052452087402e+00 5.269999980926513672e+00 5.800000190734863281e+00 2.918750000000000000e+01 -7.000000000000000000e+01 2.987500000000000000e+01 -4.306250000000000000e+01 3.375000000000000000e+00 1.750000000000000000e+00
1.210000038146972656e+00 5.550000190734863281e+00 5.360000133514404297e+00 2.918750000000000000e+01 -7.000000000000000000e+01 2.987500000000000000e+01 -7.443750000000000000e+01 9.687500000000000000e+00 1.625000000000000000e+00
1.240000009536743164e+00 6.090000152587890625e+00 4.989999771118164062e+00 2.906250000000000000e+01 -6.950000000000000000e+01 3.037500000000000000e+01 -1.149375000000000000e+02 1.862500000000000000e+01 2.312500000000000000e+00
1.129999995231628418e+00 7.039999961853027344e+00 5.260000228881835938e+00 2.906250000000000000e+01 -6.950000000000000000e+01 3.037500000000000000e+01 -1.620000000000000000e+02 3.162500000000000000e+01 7.687500000000000000e+00
1.059999942779541016e+00 6.840000152587890625e+00 5.619999885559082031e+00 2.906250000000000000e+01 -6.950000000000000000e+01 3.037500000000000000e+01 -2.138750000000000000e+02 4.662500000000000000e+01 1.756250000000000000e+01
1.029999971389770508e+00 6.300000190734863281e+00 6.500000000000000000e+00 2.906250000000000000e+01 -6.950000000000000000e+01 3.037500000000000000e+01 -2.668125000000000000e+02 5.856250000000000000e+01 2.706250000000000000e+01
6.100000143051147461e-01 5.420000076293945312e+00 6.800000190734863281e+00 2.906250000000000000e+01 -6.950000000000000000e+01 3.037500000000000000e+01 -3.195625000000000000e+02 6.637500000000000000e+01 3.443750000000000000e+01
-5.999999865889549255e-02 3.650000095367431641e+00 8.020000457763671875e+00 2.756250000000000000e+01 -7.168750000000000000e+01 2.387500000000000000e+01 -3.679375000000000000e+02 6.943750000000000000e+01 3.718750000000000000e+01
-1.500000059604644775e-01 2.410000085830688477e+00 9.100000381469726562e+00 2.756250000000000000e+01 -7.168750000000000000e+01 2.387500000000000000e+01 -4.125000000000000000e+02 6.531250000000000000e+01 3.656250000000000000e+01
-2.099999934434890747e-01 1.409999966621398926e+00 1.098999977111816406e+01 2.756250000000000000e+01 -7.168750000000000000e+01 2.387500000000000000e+01 -4.443125000000000000e+02 5.181250000000000000e+01 3.093750000000000000e+01
-8.500000238418579102e-01 3.999999910593032837e-02 1.503999996185302734e+01 2.756250000000000000e+01 -7.168750000000000000e+01 2.387500000000000000e+01 -4.358750000000000000e+02 2.956250000000000000e+01 2.718750000000000000e+01
-1.669999957084655762e+00 -1.840000033378601074e+00 1.384000015258789062e+01 2.756250000000000000e+01 -7.168750000000000000e+01 2.387500000000000000e+01 -3.756250000000000000e+02 -1.000000000000000000e+00 2.456250000000000000e+01
-1.809999942779541016e+00 -1.169999957084655762e+00 1.242000007629394531e+01 2.318750000000000000e+01 -7.537500000000000000e+01 3.187500000000000000e+00 -2.947500000000000000e+02 -1.931250000000000000e+01 1.718750000000000000e+01
-1.649999976158142090e+00 -8.100000023841857910e-01 1.064999961853027344e+01 2.318750000000000000e+01 -7.537500000000000000e+01 3.187500000000000000e+00 -2.236250000000000000e+02 -2.118750000000000000e+01 9.125000000000000000e+00
-1.620000004768371582e+00 -2.650000095367431641e+00 8.119999885559082031e+00 2.318750000000000000e+01 -7.537500000000000000e+01 3.187500000000000000e+00 -1.706875000000000000e+02 -1.537500000000000000e+01 3.250000000000000000e+00
-1.529999971389770508e+00 -3.799999952316284180e+00 7.840000152587890625e+00 2.318750000000000000e+01 -7.537500000000000000e+01 3.187500000000000000e+00 -1.221875000000000000e+02 -5.625000000000000000e+00 -8.750000000000000000e-01
-1.100000023841857910e+00 -4.360000133514404297e+00 7.880000114440917969e+00 2.318750000000000000e+01 -7.537500000000000000e+01 3.187500000000000000e+00 -7.781250000000000000e+01 4.375000000000000000e-01 -5.625000000000000000e+00
-5.799999833106994629e-01 -4.590000152587890625e+00 8.319999694824218750e+00 2.087500000000000000e+01 -7.287500000000000000e+01 -1.500000000000000000e+01 -4.062500000000000000e+01 3.812500000000000000e+00 -1.237500000000000000e+01
1.500000059604644775e-01 -3.210000038146972656e+00 9.119999885559082031e+00 2.087500000000000000e+01 -7.287500000000000000e+01 -1.500000000000000000e+01 -1.168750000000000000e+01 3.187500000000000000e+00 -1.762500000000000000e+01
4.799999892711639404e-01 -2.480000019073486328e+00 9.180000305175781250e+00 2.087500000000000000e+01 -7.287500000000000000e+01 -1.500000000000000000e+01 8.375000000000000000e+00 -1.000000000000000000e+00 -1.931250000000000000e+01
5.899999737739562988e-01 -1.700000047683715820e+00 9.119999885559082031e+00 2.087500000000000000e+01 -7.287500000000000000e+01 -1.500000000000000000e+01 1.881250000000000000e+01 -4.750000000000000000e+00 -1.637500000000000000e+01
5.500000119209289551e-01 -1.009999990463256836e+00 9.050000190734863281e+00 2.087500000000000000e+01 -7.287500000000000000e+01 -1.500000000000000000e+01 2.081250000000000000e+01 -6.000000000000000000e+00 -1.012500000000000000e+01
3.600000143051147461e-01 -1.029999971389770508e+00 9.170000076293945312e+00 2.168750000000000000e+01 -7.068750000000000000e+01 -1.987500000000000000e+01 1.918750000000000000e+01 -5.687500000000000000e+00 -4.312500000000000000e+00
3.199999928474426270e-01 -1.090000033378601074e+00 9.279999732971191406e+00 2.168750000000000000e+01 -7.068750000000000000e+01 -1.987500000000000000e+01 2.018750000000000000e+01 -5.500000000000000000e+00 -1.812500000000000000e+00
1.899999976158142090e-01 -1.070000052452087402e+00 9.420000076293945312e+00 2.168750000000000000e+01 -7.068750000000000000e+01 -1.987500000000000000e+01 2.237500000000000000e+01 -5.312500000000000000e+00 -1.187500000000000000e+00
7.999999821186065674e-02 -9.399999976158142090e-01 9.529999732971191406e+00 2.168750000000000000e+01 -7.068750000000000000e+01 -1.987500000000000000e+01 2.250000000000000000e+01 -4.375000000000000000e+00 -8.750000000000000000e-01
0.000000000000000000e+00 -9.100000262260437012e-01 9.470000267028808594e+00 2.168750000000000000e+01 -7.068750000000000000e+01 -1.987500000000000000e+01 2.050000000000000000e+01 -3.125000000000000000e+00 -2.500000000000000000e-01
9.999999776482582092e-03 -8.999999761581420898e-01 9.489999771118164062e+00 2.168750000000000000e+01 -7.100000000000000000e+01 -1.918750000000000000e+01 1.800000000000000000e+01 -1.562500000000000000e+00 3.125000000000000000e-01
2.999999932944774628e-02 -9.200000166893005371e-01 9.529999732971191406e+00 2.168750000000000000e+01 -7.100000000000000000e+01 -1.918750000000000000e+01 1.581250000000000000e+01 -6.250000000000000000e-02 8.750000000000000000e-01
1.099999994039535522e-01 -8.899999856948852539e-01 9.619999885559082031e+00 2.168750000000000000e+01 -7.100000000000000000e+01 -1.918750000000000000e+01 1.350000000000000000e+01 1.687500000000000000e+00 4.375000000000000000e-01
1.500000059604644775e-01 -8.399999737739562988e-01 9.479999542236328125e+00 2.168750000000000000e+01 -7.100000000000000000e+01 -1.918750000000000000e+01 1.068750000000000000e+01 2.312500000000000000e+00 6.250000000000000000e-02
1.500000059604644775e-01 -8.600000143051147461e-01 9.310000419616699219e+00 2.168750000000000000e+01 -7.100000000000000000e+01 -1.918750000000000000e+01 7.500000000000000000e+00 2.375000000000000000e+00 -6.250000000000000000e-02
1.099999994039535522e-01 -1.039999961853027344e+00 9.289999961853027344e+00 2.200000000000000000e+01 -7.018750000000000000e+01 -1.887500000000000000e+01 5.187500000000000000e+00 2.562500000000000000e+00 -3.125000000000000000e-01
1.000000014901161194e-01 -1.169999957084655762e+00 9.380000114440917969e+00 2.200000000000000000e+01 -7.018750000000000000e+01 -1.887500000000000000e+01 3.750000000000000000e+00 2.312500000000000000e+00 -8.125000000000000000e-01
1.999999955296516418e-02 -1.049999952316284180e+00 9.329999923706054688e+00 2.200000000000000000e+01 -7.018750000000000000e+01 -1.887500000000000000e+01 2.812500000000000000e+00 1.312500000000000000e+00 -1.375000000000000000e+00
-5.000000074505805969e-02 -1.029999971389770508e+00 9.279999732971191406e+00 2.200000000000000000e+01 -7.018750000000000000e+01 -1.887500000000000000e+01 2.812500000000000000e+00 4.375000000000000000e-01 -1.875000000000000000e+00
-7.999999821186065674e-02 -1.159999966621398926e+00 9.409999847412109375e+00 2.200000000000000000e+01 -7.018750000000000000e+01 -1.887500000000000000e+01 3.687500000000000000e+00 -5.000000000000000000e-01 -2.062500000000000000e+00
-1.299999952316284180e-01 -1.129999995231628418e+00 9.470000267028808594e+00 2.168750000000000000e+01 -7.168750000000000000e+01 -1.775000000000000000e+01 5.187500000000000000e+00 -3.125000000000000000e-01 -2.312500000000000000e+00
-2.199999988079071045e-01 -9.800000190734863281e-01 9.409999847412109375e+00 2.168750000000000000e+01 -7.168750000000000000e+01 -1.775000000000000000e+01 7.687500000000000000e+00 -1.000000000000000000e+00 -2.875000000000000000e+00
-2.500000000000000000e-01 -8.500000238418579102e-01 9.340000152587890625e+00 2.168750000000000000e+01 -7.168750000000000000e+01 -1.775000000000000000e+01 9.437500000000000000e+00 -2.062500000000000000e+00 -3.187500000000000000e+00
-2.000000029802322388e-01 -7.400000095367431641e-01 9.420000076293945312e+00 2.168750000000000000e+01 -7.168750000000000000e+01 -1.775000000000000000e+01 1.012500000000000000e+01 -2.312500000000000000e+00 -2.625000000000000000e+00
-1.299999952316284180e-01 -6.800000071525573730e-01 9.449999809265136719e+00 2.168750000000000000e+01 -7.168750000000000000e+01 -1.775000000000000000e+01 1.056250000000000000e+01 -1.875000000000000000e+00 -2.500000000000000000e+00
-1.800000071525573730e-01 -6.000000238418579102e-01 9.329999923706054688e+00 2.237500000000000000e+01 -7.168750000000000000e+01 -1.737500000000000000e+01 1.218750000000000000e+01 -2.062500000000000000e+00 -2.500000000000000000e+00
-1.800000071525573730e-01 -5.299999713897705078e-01 9.300000190734863281e+00 2.237500000000000000e+01 -7.168750000000000000e+01 -1.737500000000000000e+01 1.431250000000000000e+01 -2.125000000000000000e+00 -3.125000000000000000e+00
-1.000000014901161194e-01 -3.100000023841857910e-01 9.319999694824218750e+00 2.237500000000000000e+01 -7.168750000000000000e+01 -1.737500000000000000e+01 1.506250000000000000e+01 -1.625000000000000000e+00 -3.062500000000000000e+00
-3.999999910593032837e-02 -2.199999988079071045e-01 9.369999885559082031e+00 2.237500000000000000e+01 -7.168750000000000000e+01 -1.737500000000000000e+01 1.481250000000000000e+01 -8.750000000000000000e-01 -2.625000000000000000e+00
-9.999999776482582092e-03 -1.400000005960464478e-01 9.409999847412109375e+00 2.237500000000000000e+01 -7.168750000000000000e+01 -1.737500000000000000e+01 1.325000000000000000e+01 -2.500000000000000000e-01 -2.250000000000000000e+00
-9.999999776482582092e-03 -2.999999932944774628e-02 9.409999847412109375e+00 2.237500000000000000e+01 -7.237500000000000000e+01 -1.618750000000000000e+01 1.100000000000000000e+01 6.250000000000000000e-02 -1.687500000000000000e+00
0.000000000000000000e+00 0.000000000000000000e+00 9.390000343322753906e+00 2.237500000000000000e+01 -7.237500000000000000e+01 -1.618750000000000000e+01 8.000000000000000000e+00 -1.250000000000000000e-01 -5.625000000000000000e-01
1.999999955296516418e-02 -3.999999910593032837e-02 9.350000381469726562e+00 2.237500000000000000e+01 -7.237500000000000000e+01 -1.618750000000000000e+01 3.875000000000000000e+00 1.250000000000000000e-01 5.000000000000000000e-01
0.000000000000000000e+00 -1.599999964237213135e-01 9.390000343322753906e+00 2.237500000000000000e+01 -7.237500000000000000e+01 -1.618750000000000000e+01 6.875000000000000000e-01 6.250000000000000000e-02 1.250000000000000000e+00
0.000000000000000000e+00 -2.800000011920928955e-01 9.430000305175781250e+00 2.237500000000000000e+01 -7.237500000000000000e+01 -1.618750000000000000e+01 -1.312500000000000000e+00 -6.250000000000000000e-02 1.312500000000000000e+00
-9.999999776482582092e-03 -4.000000059604644775e-01 9.409999847412109375e+00 2.237500000000000000e+01 -7.318750000000000000e+01 -1.575000000000000000e+01 -2.562500000000000000e+00 -4.375000000000000000e-01 1.375000000000000000e+00
0.000000000000000000e+00 -5.199999809265136719e-01 9.390000343322753906e+00 2.237500000000000000e+01 -7.318750000000000000e+01 -1.575000000000000000e+01 -3.875000000000000000e+00 -6.875000000000000000e-01 1.500000000000000000e+00
0.000000000000000000e+00 -5.299999713897705078e-01 9.390000343322753906e+00 2.237500000000000000e+01 -7.318750000000000000e+01 -1.575000000000000000e+01 -4.687500000000000000e+00 -5.000000000000000000e-01 1.437500000000000000e+00
-9.999999776482582092e-03 -6.399999856948852539e-01 9.460000038146972656e+00 2.237500000000000000e+01 -7.318750000000000000e+01 -1.575000000000000000e+01 -4.500000000000000000e+00 -6.250000000000000000e-01 1.437500000000000000e+00
0.000000000000000000e+00 -6.700000166893005371e-01 9.489999771118164062e+00 2.237500000000000000e+01 -7.318750000000000000e+01 -1.575000000000000000e+01 -3.812500000000000000e+00 -8.125000000000000000e-01 1.250000000000000000e+00
-9.999999776482582092e-03 -6.600000262260437012e-01 9.420000076293945312e+00 2.200000000000000000e+01 -7.200000000000000000e+01 -1.575000000000000000e+01 -3.625000000000000000e+00 -7.500000000000000000e-01 1.125000000000000000e+00
0.000000000000000000e+00 -7.300000190734863281e-01 9.300000190734863281e+00 2.200000000000000000e+01 -7.200000000000000000e+01 -1.575000000000000000e+01 -3.187500000000000000e+00 -6.875000000000000000e-01 1.000000000000000000e+00
2.999999932944774628e-02 -7.200000286102294922e-01 9.319999694824218750e+00 2.200000000000000000e+01 -7.200000000000000000e+01 -1.575000000000000000e+01 -2.500000000000000000e+00 -5.000000000000000000e-01 1.062500000000000000e+00
2.999999932944774628e-02 -7.400000095367431641e-01 9.310000419616699219e+00 2.200000000000000000e+01 -7.200000000000000000e+01 -1.575000000000000000e+01 -2.125000000000000000e+00 -3.750000000000000000e-01 7.500000000000000000e-01
2.999999932944774628e-02 -7.400000095367431641e-01 9.369999885559082031e+00 2.200000000000000000e+01 -7.200000000000000000e+01 -1.575000000000000000e+01 -1.750000000000000000e+00 2.500000000000000000e-01 8.125000000000000000e-01
2.999999932944774628e-02 -7.300000190734863281e-01 9.350000381469726562e+00 2.237500000000000000e+01 -7.318750000000000000e+01 -1.618750000000000000e+01 -1.625000000000000000e+00 6.250000000000000000e-02 6.875000000000000000e-01
1.999999955296516418e-02 -7.200000286102294922e-01 9.399999618530273438e+00 2.237500000000000000e+01 -7.318750000000000000e+01 -1.618750000000000000e+01 -1.687500000000000000e+00 1.250000000000000000e-01 5.625000000000000000e-01
-9.999999776482582092e-03 -7.099999785423278809e-01 9.359999656677246094e+00 2.237500000000000000e+01 -7.318750000000000000e+01 -1.618750000000000000e+01 -2.437500000000000000e+00 2.500000000000000000e-01 5.000000000000000000e-01
-9.999999776482582092e-03 -6.899999976158142090e-01 9.420000076293945312e+00 2.237500000000000000e+01 -7.318750000000000000e+01 -1.618750000000000000e+01 -3.187500000000000000e+00 5.625000000000000000e-01 5.625000000000000000e-01
1.999999955296516418e-02 -7.699999809265136719e-01 9.439999580383300781e+00 2.237500000000000000e+01 -7.318750000000000000e+01 -1.618750000000000000e+01 -3.812500000000000000e+00 5.625000000000000000e-01 5.625000000000000000e-01
5.999999865889549255e-02 -8.199999928474426270e-01 9.420000076293945312e+00 2.275000000000000000e+01 -7.237500000000000000e+01 -1.618750000000000000e+01 -4.062500000000000000e+00 6.250000000000000000e-01 5.625000000000000000e-01
5.000000074505805969e-02 -7.799999713897705078e-01 9.369999885559082031e+00 2.275000000000000000e+01 -7.237500000000000000e+01 -1.618750000000000000e+01 -3.937500000000000000e+00 4.375000000000000000e-01 3.125000000000000000e-01
3.999999910593032837e-02 -7.599999904632568359e-01 9.359999656677246094e+00 2.275000000000000000e+01 -7.237500000000000000e+01 -1.618750000000000000e+01 -3.750000000000000000e+00 3.125000000000000000e-01 0.000000000000000000e+00
