-2.000000029802322388e-01 3.799999952316284180e-01 9.420000076293945312e+00 1.025000000000000000e+01 -6.750000000000000000e+01 -1.500000000000000000e+01 -1.250000000000000000e+00 -1.875000000000000000e-01 4.375000000000000000e-01
-1.899999976158142090e-01 3.199999928474426270e-01 9.380000114440917969e+00 1.025000000000000000e+01 -6.750000000000000000e+01 -1.500000000000000000e+01 -1.625000000000000000e+00 -3.750000000000000000e-01 5.625000000000000000e-01
-2.000000029802322388e-01 3.199999928474426270e-01 9.390000343322753906e+00 1.025000000000000000e+01 -6.750000000000000000e+01 -1.500000000000000000e+01 -1.312500000000000000e+00 -3.750000000000000000e-01 3.125000000000000000e-01
-2.099999934434890747e-01 3.000000119209289551e-01 9.350000381469726562e+00 1.025000000000000000e+01 -6.750000000000000000e+01 -1.500000000000000000e+01 -9.375000000000000000e-01 -4.375000000000000000e-01 1.250000000000000000e-01
-1.899999976158142090e-01 3.300000131130218506e-01 9.409999847412109375e+00 1.025000000000000000e+01 -6.750000000000000000e+01 -1.500000000000000000e+01 -5.625000000000000000e-01 -5.000000000000000000e-01 6.250000000000000000e-02
-1.899999976158142090e-01 3.700000047683715820e-01 9.479999542236328125e+00 9.875000000000000000e+00 -6.706250000000000000e+01 -1.500000000000000000e+01 -9.375000000000000000e-01 -1.062500000000000000e+00 2.500000000000000000e-01
-2.000000029802322388e-01 3.600000143051147461e-01 9.479999542236328125e+00 9.875000000000000000e+00 -6.706250000000000000e+01 -1.500000000000000000e+01 -1.562500000000000000e+00 -2.187500000000000000e+00 3.750000000000000000e-01
-2.199999988079071045e-01 2.800000011920928955e-01 9.739999771118164062e+00 9.875000000000000000e+00 -6.706250000000000000e+01 -1.500000000000000000e+01 -2.125000000000000000e+00 -4.812500000000000000e+00 2.500000000000000000e-01
-1.599999964237213135e-01 5.500000119209289551e-01 9.649999618530273438e+00 9.875000000000000000e+00 -6.706250000000000000e+01 -1.500000000000000000e+01 -1.875000000000000000e+00 -8.625000000000000000e+00 8.125000000000000000e-01
-2.500000000000000000e-01 3.799999952316284180e-01 1.025000000000000000e+01 9.875000000000000000e+00 -6.706250000000000000e+01 -1.500000000000000000e+01 6.875000000000000000e-01 -1.256250000000000000e+01 1.937500000000000000e+00
-2.599999904632568359e-01 6.000000238418579102e-01 1.031999969482421875e+01 9.875000000000000000e+00 -6.706250000000000000e+01 -1.500000000000000000e+01 8.062500000000000000e+00 -2.118750000000000000e+01 3.500000000000000000e+00
-3.100000023841857910e-01 5.400000214576721191e-01 1.021000003814697266e+01 9.500000000000000000e+00 -6.750000000000000000e+01 -1.537500000000000000e+01 1.687500000000000000e+01 -3.062500000000000000e+01 6.375000000000000000e+00
-6.200000047683715820e-01 2.999999932944774628e-02 1.014999961853027344e+01 9.500000000000000000e+00 -6.750000000000000000e+01 -1.537500000000000000e+01 2.475000000000000000e+01 -4.025000000000000000e+01 9.375000000000000000e+00
-4.699999988079071045e-01 -5.000000074505805969e-02 1.034000015258789062e+01 9.500000000000000000e+00 -6.750000000000000000e+01 -1.537500000000000000e+01 2.993750000000000000e+01 -5.025000000000000000e+01 1.243750000000000000e+01
-7.400000095367431641e-01 -8.799999952316284180e-01 1.106000041961669922e+01 9.500000000000000000e+00 -6.750000000000000000e+01 -1.537500000000000000e+01 3.656250000000000000e+01 -6.231250000000000000e+01 1.156250000000000000e+01
-5.699999928474426270e-01 -5.000000000000000000e-01 1.189999961853027344e+01 9.500000000000000000e+00 -6.750000000000000000e+01 -1.537500000000000000e+01 4.550000000000000000e+01 -7.937500000000000000e+01 7.000000000000000000e+00
-4.099999964237213135e-01 1.379999995231628418e+00 1.268999958038330078e+01 9.875000000000000000e+00 -6.706250000000000000e+01 -1.456250000000000000e+01 5.312500000000000000e+01 -1.006250000000000000e+02 6.687500000000000000e+00
-3.899999856948852539e-01 1.559999942779541016e+00 1.239000034332275391e+01 9.875000000000000000e+00 -6.706250000000000000e+01 -1.456250000000000000e+01 5.725000000000000000e+01 -1.226875000000000000e+02 1.100000000000000000e+01
-6.800000071525573730e-01 1.549999952316284180e+00 1.146000003814697266e+01 9.875000000000000000e+00 -6.706250000000000000e+01 -1.456250000000000000e+01 5.581250000000000000e+01 -1.423125000000000000e+02 1.731250000000000000e+01
-5.699999928474426270e-01 8.799999952316284180e-01 9.930000305175781250e+00 9.875000000000000000e+00 -6.706250000000000000e+01 -1.456250000000000000e+01 4.725000000000000000e+01 -1.568125000000000000e+02 2.287500000000000000e+01
-2.099999934434890747e-01 5.299999713897705078e-01 9.689999580383300781e+00 9.875000000000000000e+00 -6.706250000000000000e+01 -1.456250000000000000e+01 3.600000000000000000e+01 -1.657500000000000000e+02 2.506250000000000000e+01
6.899999976158142090e-01 8.399999737739562988e-01 9.710000038146972656e+00 8.750000000000000000e+00 -6.968750000000000000e+01 -1.018750000000000000e+01 2.287500000000000000e+01 -1.660625000000000000e+02 2.375000000000000000e+01
1.169999957084655762e+00 1.129999995231628418e+00 9.819999694824218750e+00 8.750000000000000000e+00 -6.968750000000000000e+01 -1.018750000000000000e+01 6.125000000000000000e+00 -1.656875000000000000e+02 2.293750000000000000e+01
1.690000057220458984e+00 2.190000057220458984e+00 9.279999732971191406e+00 8.750000000000000000e+00 -6.968750000000000000e+01 -1.018750000000000000e+01 -1.156250000000000000e+01 -1.661875000000000000e+02 2.400000000000000000e+01
1.809999942779541016e+00 2.990000009536743164e+00 8.500000000000000000e+00 8.750000000000000000e+00 -6.968750000000000000e+01 -1.018750000000000000e+01 -2.925000000000000000e+01 -1.638750000000000000e+02 2.862500000000000000e+01
2.299999952316284180e+00 3.480000019073486328e+00 8.260000228881835938e+00 8.750000000000000000e+00 -6.968750000000000000e+01 -1.018750000000000000e+01 -4.543750000000000000e+01 -1.561250000000000000e+02 3.756250000000000000e+01
3.059999942779541016e+00 3.950000047683715820e+00 8.609999656677246094e+00 6.187500000000000000e+00 -7.337500000000000000e+01 -8.062500000000000000e+00 -5.856250000000000000e+01 -1.473750000000000000e+02 4.831250000000000000e+01
3.630000114440917969e+00 3.859999895095825195e+00 8.960000038146972656e+00 6.187500000000000000e+00 -7.337500000000000000e+01 -8.062500000000000000e+00 -7.250000000000000000e+01 -1.410000000000000000e+02 6.431250000000000000e+01
3.799999952316284180e+00 3.230000019073486328e+00 9.060000419616699219e+00 6.187500000000000000e+00 -7.337500000000000000e+01 -8.062500000000000000e+00 -8.262500000000000000e+01 -1.416250000000000000e+02 7.731250000000000000e+01
4.440000057220458984e+00 1.970000028610229492e+00 8.569999694824218750e+00 6.187500000000000000e+00 -7.337500000000000000e+01 -8.062500000000000000e+00 -8.168750000000000000e+01 -1.420625000000000000e+02 8.343750000000000000e+01
4.199999809265136719e+00 -5.400000214576721191e-01 7.179999828338623047e+00 6.187500000000000000e+00 -7.337500000000000000e+01 -8.062500000000000000e+00 -6.731250000000000000e+01 -1.340625000000000000e+02 8.162500000000000000e+01
3.289999961853027344e+00 -5.400000214576721191e-01 6.730000019073486328e+00 3.062500000000000000e+00 -7.706250000000000000e+01 -9.687500000000000000e+00 -4.843750000000000000e+01 -1.249375000000000000e+02 7.200000000000000000e+01
3.930000066757202148e+00 -4.300000071525573730e-01 6.960000038146972656e+00 3.062500000000000000e+00 -7.706250000000000000e+01 -9.687500000000000000e+00 -3.325000000000000000e+01 -1.187500000000000000e+02 6.431250000000000000e+01
4.610000133514404297e+00 -2.899999916553497314e-01 7.320000171661376953e+00 3.062500000000000000e+00 -7.706250000000000000e+01 -9.687500000000000000e+00 -2.962500000000000000e+01 -1.125000000000000000e+02 6.356250000000000000e+01
4.920000076293945312e+00 -1.279999971389770508e+00 6.969999790191650391e+00 3.062500000000000000e+00 -7.706250000000000000e+01 -9.687500000000000000e+00 -3.693750000000000000e+01 -1.070625000000000000e+02 6.475000000000000000e+01
4.739999771118164062e+00 -1.129999995231628418e+00 6.219999790191650391e+00 3.062500000000000000e+00 -7.706250000000000000e+01 -9.687500000000000000e+00 -4.493750000000000000e+01 -9.712500000000000000e+01 6.393750000000000000e+01
5.039999961853027344e+00 -1.879999995231628418e+00 5.639999866485595703e+00 -2.750000000000000000e+00 -7.850000000000000000e+01 -1.618750000000000000e+01 -4.581250000000000000e+01 -8.268750000000000000e+01 5.956250000000000000e+01
4.869999885559082031e+00 -2.009999990463256836e+00 5.210000038146972656e+00 -2.750000000000000000e+00 -7.850000000000000000e+01 -1.618750000000000000e+01 -3.787500000000000000e+01 -6.475000000000000000e+01 5.037500000000000000e+01
4.739999771118164062e+00 -2.529999971389770508e+00 5.929999828338623047e+00 -2.750000000000000000e+00 -7.850000000000000000e+01 -1.618750000000000000e+01 -2.856250000000000000e+01 -5.231250000000000000e+01 3.850000000000000000e+01
5.079999923706054688e+00 -2.759999990463256836e+00 6.340000152587890625e+00 -2.750000000000000000e+00 -7.850000000000000000e+01 -1.618750000000000000e+01 -2.112500000000000000e+01 -4.356250000000000000e+01 2.750000000000000000e+01
5.199999809265136719e+00 -2.660000085830688477e+00 6.699999809265136719e+00 -2.750000000000000000e+00 -7.850000000000000000e+01 -1.618750000000000000e+01 -1.550000000000000000e+01 -3.612500000000000000e+01 1.762500000000000000e+01
5.210000038146972656e+00 -2.460000038146972656e+00 6.150000095367431641e+00 -9.062500000000000000e+00 -7.956250000000000000e+01 -2.056250000000000000e+01 -1.131250000000000000e+01 -2.925000000000000000e+01 1.000000000000000000e+01
5.199999809265136719e+00 -2.430000066757202148e+00 5.789999961853027344e+00 -9.062500000000000000e+00 -7.956250000000000000e+01 -2.056250000000000000e+01 -5.000000000000000000e+00 -1.993750000000000000e+01 2.125000000000000000e+00
5.269999980926513672e+00 -2.289999961853027344e+00 5.420000076293945312e+00 -9.062500000000000000e+00 -7.956250000000000000e+01 -2.056250000000000000e+01 1.937500000000000000e+00 -8.250000000000000000e+00 -5.562500000000000000e+00
5.320000171661376953e+00 -2.190000057220458984e+00 5.360000133514404297e+00 -9.062500000000000000e+00 -7.956250000000000000e+01 -2.056250000000000000e+01 8.187500000000000000e+00 5.062500000000000000e+00 -1.293750000000000000e+01
5.199999809265136719e+00 -1.639999985694885254e+00 5.639999866485595703e+00 -9.062500000000000000e+00 -7.956250000000000000e+01 -2.056250000000000000e+01 1.400000000000000000e+01 1.725000000000000000e+01 -1.906250000000000000e+01
5.150000095367431641e+00 -1.409999966621398926e+00 6.079999923706054688e+00 -1.118750000000000000e+01 -7.775000000000000000e+01 -2.075000000000000000e+01 1.875000000000000000e+01 2.662500000000000000e+01 -2.306250000000000000e+01
5.139999866485595703e+00 -1.100000023841857910e+00 6.159999847412109375e+00 -1.118750000000000000e+01 -7.775000000000000000e+01 -2.075000000000000000e+01 2.281250000000000000e+01 3.456250000000000000e+01 -2.500000000000000000e+01
5.119999885559082031e+00 -1.120000004768371582e+00 5.769999980926513672e+00 -1.118750000000000000e+01 -7.775000000000000000e+01 -2.075000000000000000e+01 2.631250000000000000e+01 4.562500000000000000e+01 -2.662500000000000000e+01
4.539999961853027344e+00 -1.139999985694885254e+00 4.590000152587890625e+00 -1.118750000000000000e+01 -7.775000000000000000e+01 -2.075000000000000000e+01 3.143750000000000000e+01 6.012500000000000000e+01 -3.081250000000000000e+01
4.179999828338623047e+00 -1.429999947547912598e+00 3.839999914169311523e+00 -1.118750000000000000e+01 -7.775000000000000000e+01 -2.075000000000000000e+01 3.793750000000000000e+01 8.006250000000000000e+01 -3.712500000000000000e+01
3.779999971389770508e+00 -1.590000033378601074e+00 3.180000066757202148e+00 -9.562500000000000000e+00 -7.775000000000000000e+01 -2.156250000000000000e+01 4.456250000000000000e+01 1.048125000000000000e+02 -4.625000000000000000e+01
2.940000057220458984e+00 -1.190000057220458984e+00 1.730000019073486328e+00 -9.562500000000000000e+00 -7.775000000000000000e+01 -2.156250000000000000e+01 4.887500000000000000e+01 1.335625000000000000e+02 -5.600000000000000000e+01
3.210000038146972656e+00 -9.900000095367431641e-01 1.240000009536743164e+00 -9.562500000000000000e+00 -7.775000000000000000e+01 -2.156250000000000000e+01 4.981250000000000000e+01 1.661875000000000000e+02 -6.337500000000000000e+01
4.079999923706054688e+00 -5.299999713897705078e-01 1.980000019073486328e+00 -9.562500000000000000e+00 -7.775000000000000000e+01 -2.156250000000000000e+01 4.318750000000000000e+01 2.073750000000000000e+02 -6.725000000000000000e+01
3.799999952316284180e+00 9.000000357627868652e-02 3.190000057220458984e+00 -9.562500000000000000e+00 -7.775000000000000000e+01 -2.156250000000000000e+01 2.718750000000000000e+01 2.480625000000000000e+02 -6.743750000000000000e+01
2.470000028610229492e+00 1.350000023841857910e+00 5.590000152587890625e+00 -5.250000000000000000e+00 -7.850000000000000000e+01 -1.787500000000000000e+01 7.375000000000000000e+00 2.825625000000000000e+02 -6.100000000000000000e+01
2.880000114440917969e+00 1.929999947547912598e+00 7.190000057220458984e+00 -5.250000000000000000e+00 -7.850000000000000000e+01 -1.787500000000000000e+01 -6.312500000000000000e+00 3.108125000000000000e+02 -5.025000000000000000e+01
2.470000028610229492e+00 3.160000085830688477e+00 9.939999580383300781e+00 -5.250000000000000000e+00 -7.850000000000000000e+01 -1.787500000000000000e+01 -2.318750000000000000e+01 3.320625000000000000e+02 -3.675000000000000000e+01
8.000000119209289551e-01 3.859999895095825195e+00 1.310000038146972656e+01 -5.250000000000000000e+00 -7.850000000000000000e+01 -1.787500000000000000e+01 -3.737500000000000000e+01 3.238125000000000000e+02 -1.506250000000000000e+01
-6.899999976158142090e-01 2.180000066757202148e+00 2.069000053405761719e+01 -5.250000000000000000e+00 -7.850000000000000000e+01 -1.787500000000000000e+01 -3.737500000000000000e+01 3.238125000000000000e+02 -1.506250000000000000e+01
-1.070000052452087402e+00 6.100000143051147461e-01 2.179999923706054688e+01 2.875000000000000000e+00 -7.406250000000000000e+01 -1.468750000000000000e+01 -5.062500000000000000e+01 2.018125000000000000e+02 8.875000000000000000e+00
-4.600000083446502686e-01 -5.899999737739562988e-01 1.978000068664550781e+01 2.875000000000000000e+00 -7.406250000000000000e+01 -1.468750000000000000e+01 -3.656250000000000000e+01 1.281875000000000000e+02 4.875000000000000000e+00
-2.700000107288360596e-01 -1.309999942779541016e+00 1.180000019073486328e+01 2.875000000000000000e+00 -7.406250000000000000e+01 -1.468750000000000000e+01 -1.718750000000000000e+01 8.718750000000000000e+01 -3.437500000000000000e+00
-6.700000166893005371e-01 -1.389999985694885254e+00 9.420000076293945312e+00 2.875000000000000000e+00 -7.406250000000000000e+01 -1.468750000000000000e+01 -8.750000000000000000e-01 7.625000000000000000e+01 -1.012500000000000000e+01
-1.000000000000000000e+00 -1.080000042915344238e+00 8.640000343322753906e+00 2.875000000000000000e+00 -7.406250000000000000e+01 -1.468750000000000000e+01 -8.750000000000000000e-01 7.625000000000000000e+01 -1.012500000000000000e+01
-9.700000286102294922e-01 -6.800000071525573730e-01 9.109999656677246094e+00 5.375000000000000000e+00 -6.587500000000000000e+01 -1.787500000000000000e+01 7.000000000000000000e+00 7.775000000000000000e+01 -1.412500000000000000e+01
-9.100000262260437012e-01 -1.899999976158142090e-01 1.042000007629394531e+01 5.375000000000000000e+00 -6.587500000000000000e+01 -1.787500000000000000e+01 8.437500000000000000e+00 7.243750000000000000e+01 -1.193750000000000000e+01
-7.300000190734863281e-01 -1.299999952316284180e-01 1.052000045776367188e+01 5.375000000000000000e+00 -6.587500000000000000e+01 -1.787500000000000000e+01 1.318750000000000000e+01 6.150000000000000000e+01 -1.006250000000000000e+01
-6.600000262260437012e-01 -7.000000029802322388e-02 1.052000045776367188e+01 5.375000000000000000e+00 -6.587500000000000000e+01 -1.787500000000000000e+01 1.893750000000000000e+01 4.968750000000000000e+01 -8.125000000000000000e+00
-5.799999833106994629e-01 -1.299999952316284180e-01 1.018000030517578125e+01 5.375000000000000000e+00 -6.587500000000000000e+01 -1.787500000000000000e+01 1.893750000000000000e+01 4.968750000000000000e+01 -8.125000000000000000e+00
-5.699999928474426270e-01 0.000000000000000000e+00 9.640000343322753906e+00 8.375000000000000000e+00 -6.587500000000000000e+01 -1.825000000000000000e+01 2.512500000000000000e+01 3.050000000000000000e+01 -5.437500000000000000e+00
-7.699999809265136719e-01 1.999999955296516418e-02 9.420000076293945312e+00 8.375000000000000000e+00 -6.587500000000000000e+01 -1.825000000000000000e+01 2.325000000000000000e+01 2.356250000000000000e+01 -3.187500000000000000e+00
-7.200000286102294922e-01 1.599999964237213135e-01 9.329999923706054688e+00 8.375000000000000000e+00 -6.587500000000000000e+01 -1.825000000000000000e+01 1.968750000000000000e+01 1.812500000000000000e+01 -1.937500000000000000e+00
-8.199999928474426270e-01 2.099999934434890747e-01 9.390000343322753906e+00 8.375000000000000000e+00 -6.587500000000000000e+01 -1.825000000000000000e+01 1.693750000000000000e+01 1.275000000000000000e+01 -1.437500000000000000e+00
-8.299999833106994629e-01 1.899999976158142090e-01 9.420000076293945312e+00 8.375000000000000000e+00 -6.587500000000000000e+01 -1.825000000000000000e+01 1.693750000000000000e+01 1.275000000000000000e+01 -1.437500000000000000e+00
-7.200000286102294922e-01 2.099999934434890747e-01 9.449999809265136719e+00 8.562500000000000000e+00 -6.625000000000000000e+01 -1.625000000000000000e+01 1.225000000000000000e+01 5.250000000000000000e+00 -6.875000000000000000e-01
-6.700000166893005371e-01 2.500000000000000000e-01 9.569999694824218750e+00 8.562500000000000000e+00 -6.625000000000000000e+01 -1.625000000000000000e+01 1.012500000000000000e+01 3.500000000000000000e+00 -1.000000000000000000e+00
-7.099999785423278809e-01 3.700000047683715820e-01 9.520000457763671875e+00 8.562500000000000000e+00 -6.625000000000000000e+01 -1.625000000000000000e+01 7.125000000000000000e+00 1.812500000000000000e+00 -1.250000000000000000e+00
-6.999999880790710449e-01 4.300000071525573730e-01 9.529999732971191406e+00 8.562500000000000000e+00 -6.625000000000000000e+01 -1.625000000000000000e+01 3.062500000000000000e+00 1.875000000000000000e-01 -8.125000000000000000e-01
-6.999999880790710449e-01 4.699999988079071045e-01 9.470000267028808594e+00 9.500000000000000000e+00 -6.600000000000000000e+01 -1.706250000000000000e+01 -8.125000000000000000e-01 -1.250000000000000000e+00 -6.875000000000000000e-01
-6.800000071525573730e-01 4.199999868869781494e-01 9.390000343322753906e+00 9.500000000000000000e+00 -6.600000000000000000e+01 -1.706250000000000000e+01 -4.000000000000000000e+00 -2.500000000000000000e+00 -5.000000000000000000e-01
-5.600000023841857910e-01 3.600000143051147461e-01 9.319999694824218750e+00 9.500000000000000000e+00 -6.600000000000000000e+01 -1.706250000000000000e+01 -5.437500000000000000e+00 -3.000000000000000000e+00 -3.125000000000000000e-01
-4.699999988079071045e-01 3.600000143051147461e-01 9.329999923706054688e+00 9.500000000000000000e+00 -6.600000000000000000e+01 -1.706250000000000000e+01 -6.062500000000000000e+00 -3.187500000000000000e+00 -1.250000000000000000e-01
-5.099999904632568359e-01 2.899999916553497314e-01 9.329999923706054688e+00 9.500000000000000000e+00 -6.600000000000000000e+01 -1.706250000000000000e+01 -7.250000000000000000e+00 -3.875000000000000000e+00 -3.125000000000000000e-01
-2.899999916553497314e-01 3.100000023841857910e-01 9.520000457763671875e+00 9.500000000000000000e+00 -6.600000000000000000e+01 -1.706250000000000000e+01 -7.250000000000000000e+00 -3.875000000000000000e+00 -3.125000000000000000e-01
-2.800000011920928955e-01 2.700000107288360596e-01 9.529999732971191406e+00 8.000000000000000000e+00 -6.668750000000000000e+01 -1.668750000000000000e+01 -8.000000000000000000e+00 -3.375000000000000000e+00 1.875000000000000000e-01
-2.700000107288360596e-01 2.099999934434890747e-01 9.449999809265136719e+00 8.000000000000000000e+00 -6.668750000000000000e+01 -1.668750000000000000e+01 -8.375000000000000000e+00 -3.000000000000000000e+00 1.062500000000000000e+00
-2.500000000000000000e-01 1.199999973177909851e-01 9.359999656677246094e+00 8.000000000000000000e+00 -6.668750000000000000e+01 -1.668750000000000000e+01 -8.250000000000000000e+00 -3.000000000000000000e+00 1.250000000000000000e+00
-3.300000131130218506e-01 9.999999776482582092e-03 9.279999732971191406e+00 8.000000000000000000e+00 -6.668750000000000000e+01 -1.668750000000000000e+01 -7.312500000000000000e+00 -2.875000000000000000e+00 1.375000000000000000e+00
-3.700000047683715820e-01 -3.999999910593032837e-02 9.300000190734863281e+00 8.000000000000000000e+00 -6.668750000000000000e+01 -1.668750000000000000e+01 -7.312500000000000000e+00 -2.875000000000000000e+00 1.375000000000000000e+00
-3.300000131130218506e-01 -1.099999994039535522e-01 9.340000152587890625e+00 8.250000000000000000e+00 -6.600000000000000000e+01 -1.750000000000000000e+01 -5.125000000000000000e+00 -2.437500000000000000e+00 1.250000000000000000e+00
-2.899999916553497314e-01 -5.999999865889549255e-02 9.409999847412109375e+00 8.250000000000000000e+00 -6.600000000000000000e+01 -1.750000000000000000e+01 -1.687500000000000000e+00 -8.125000000000000000e-01 7.500000000000000000e-01
-3.000000119209289551e-01 -2.999999932944774628e-02 9.479999542236328125e+00 8.250000000000000000e+00 -6.600000000000000000e+01 -1.750000000000000000e+01 -7.500000000000000000e-01 1.875000000000000000e-01 9.375000000000000000e-01
-3.300000131130218506e-01 -3.999999910593032837e-02 9.539999961853027344e+00 8.250000000000000000e+00 -6.600000000000000000e+01 -1.750000000000000000e+01 -3.125000000000000000e-01 8.750000000000000000e-01 1.000000000000000000e+00
-3.600000143051147461e-01 -9.000000357627868652e-02 9.510000228881835938e+00 8.250000000000000000e+00 -6.600000000000000000e+01 -1.750000000000000000e+01 -5.625000000000000000e-01 5.625000000000000000e-01 1.062500000000000000e+00
-3.400000035762786865e-01 -7.000000029802322388e-02 9.329999923706054688e+00 8.250000000000000000e+00 -6.600000000000000000e+01 -1.787500000000000000e+01 -7.500000000000000000e-01 -3.125000000000000000e-01 1.187500000000000000e+00
-3.400000035762786865e-01 -1.199999973177909851e-01 9.279999732971191406e+00 8.250000000000000000e+00 -6.600000000000000000e+01 -1.787500000000000000e+01 -8.125000000000000000e-01 -5.625000000000000000e-01 9.375000000000000000e-01
-3.400000035762786865e-01 -7.999999821186065674e-02 9.390000343322753906e+00 8.250000000000000000e+00 -6.600000000000000000e+01 -1.787500000000000000e+01 -8.750000000000000000e-01 -8.125000000000000000e-01 7.500000000000000000e-01
-3.799999952316284180e-01 -1.999999955296516418e-02 9.460000038146972656e+00 8.250000000000000000e+00 -6.600000000000000000e+01 -1.787500000000000000e+01 -2.250000000000000000e+00 -1.687500000000000000e+00 7.500000000000000000e-01
