-3.000000119209289551e-01 -4.000000059604644775e-01 9.350000381469726562e+00 7.250000000000000000e+00 -6.656250000000000000e+01 -1.800000000000000000e+01 2.381250000000000000e+01 1.875000000000000000e-01 1.125000000000000000e+00
-3.000000119209289551e-01 -3.999999910593032837e-02 9.470000267028808594e+00 7.250000000000000000e+00 -6.656250000000000000e+01 -1.800000000000000000e+01 3.512500000000000000e+01 -6.250000000000000000e-01 1.875000000000000000e+00
-3.600000143051147461e-01 1.099999994039535522e-01 9.489999771118164062e+00 7.250000000000000000e+00 -6.656250000000000000e+01 -1.800000000000000000e+01 5.125000000000000000e+01 -1.750000000000000000e+00 4.500000000000000000e+00
-3.700000047683715820e-01 -2.300000041723251343e-01 9.279999732971191406e+00 7.250000000000000000e+00 -6.656250000000000000e+01 -1.800000000000000000e+01 7.400000000000000000e+01 -2.812500000000000000e+00 6.187500000000000000e+00
-7.099999785423278809e-01 -7.599999904632568359e-01 9.539999961853027344e+00 7.250000000000000000e+00 -6.656250000000000000e+01 -1.800000000000000000e+01 9.950000000000000000e+01 -4.625000000000000000e+00 6.312500000000000000e+00
-7.599999904632568359e-01 -9.200000166893005371e-01 1.011999988555908203e+01 7.250000000000000000e+00 -6.656250000000000000e+01 -1.800000000000000000e+01 1.238750000000000000e+02 -6.062500000000000000e+00 5.812500000000000000e+00
-8.899999856948852539e-01 -8.199999928474426270e-01 1.046000003814697266e+01 7.250000000000000000e+00 -6.656250000000000000e+01 -1.556250000000000000e+01 1.503125000000000000e+02 -8.875000000000000000e+00 7.312500000000000000e+00
-9.599999785423278809e-01 -3.100000023841857910e-01 1.084000015258789062e+01 7.250000000000000000e+00 -6.656250000000000000e+01 -1.556250000000000000e+01 1.757500000000000000e+02 -1.337500000000000000e+01 1.168750000000000000e+01
-8.000000119209289551e-01 0.000000000000000000e+00 1.093999958038330078e+01 7.250000000000000000e+00 -6.656250000000000000e+01 -1.556250000000000000e+01 2.000000000000000000e+02 -1.631250000000000000e+01 1.768750000000000000e+01
-4.499999880790710449e-01 2.500000000000000000e-01 1.097000026702880859e+01 7.250000000000000000e+00 -6.656250000000000000e+01 -1.556250000000000000e+01 2.239375000000000000e+02 -1.993750000000000000e+01 2.106250000000000000e+01
-3.100000023841857910e-01 2.899999916553497314e-01 1.093000030517578125e+01 7.250000000000000000e+00 -6.656250000000000000e+01 -1.556250000000000000e+01 2.473750000000000000e+02 -2.562500000000000000e+01 2.043750000000000000e+01
-2.099999934434890747e-01 1.099999994039535522e-01 1.081000041961669922e+01 8.000000000000000000e+00 -6.700000000000000000e+01 -1.025000000000000000e+01 2.705000000000000000e+02 -3.162500000000000000e+01 1.656250000000000000e+01
-2.300000041723251343e-01 5.999999865889549255e-02 1.017000007629394531e+01 8.000000000000000000e+00 -6.700000000000000000e+01 -1.025000000000000000e+01 2.906875000000000000e+02 -3.768750000000000000e+01 9.750000000000000000e+00
-1.700000017881393433e-01 7.599999904632568359e-01 9.739999771118164062e+00 8.000000000000000000e+00 -6.700000000000000000e+01 -1.025000000000000000e+01 3.023125000000000000e+02 -4.218750000000000000e+01 2.125000000000000000e+00
-2.500000000000000000e-01 1.759999990463256836e+00 9.279999732971191406e+00 8.000000000000000000e+00 -6.700000000000000000e+01 -1.025000000000000000e+01 3.005625000000000000e+02 -4.543750000000000000e+01 -3.500000000000000000e+00
-1.099999994039535522e-01 2.369999885559082031e+00 8.460000038146972656e+00 8.000000000000000000e+00 -6.700000000000000000e+01 -1.025000000000000000e+01 2.868125000000000000e+02 -4.506250000000000000e+01 -7.125000000000000000e+00
3.000000119209289551e-01 3.880000114440917969e+00 7.119999885559082031e+00 5.875000000000000000e+00 -7.000000000000000000e+01 2.187500000000000000e+00 2.647500000000000000e+02 -4.206250000000000000e+01 -1.162500000000000000e+01
6.800000071525573730e-01 4.340000152587890625e+00 6.480000019073486328e+00 5.875000000000000000e+00 -7.000000000000000000e+01 2.187500000000000000e+00 2.376875000000000000e+02 -3.762500000000000000e+01 -1.793750000000000000e+01
8.799999952316284180e-01 4.650000095367431641e+00 5.920000076293945312e+00 5.875000000000000000e+00 -7.000000000000000000e+01 2.187500000000000000e+00 2.070000000000000000e+02 -3.125000000000000000e+01 -2.737500000000000000e+01
1.450000047683715820e+00 5.989999771118164062e+00 5.489999771118164062e+00 5.875000000000000000e+00 -7.000000000000000000e+01 2.187500000000000000e+00 1.722500000000000000e+02 -2.581250000000000000e+01 -3.481250000000000000e+01
1.470000028610229492e+00 6.900000095367431641e+00 4.949999809265136719e+00 5.875000000000000000e+00 -7.000000000000000000e+01 2.187500000000000000e+00 1.340000000000000000e+02 -2.087500000000000000e+01 -3.731250000000000000e+01
1.279999971389770508e+00 7.659999847412109375e+00 4.380000114440917969e+00 8.000000000000000000e+00 -6.725000000000000000e+01 2.025000000000000000e+01 9.487500000000000000e+01 -1.268750000000000000e+01 -3.412500000000000000e+01
1.149999976158142090e+00 8.239999771118164062e+00 4.039999961853027344e+00 8.000000000000000000e+00 -6.725000000000000000e+01 2.025000000000000000e+01 5.737500000000000000e+01 -1.250000000000000000e+00 -2.743750000000000000e+01
6.999999880790710449e-01 8.800000190734863281e+00 4.230000019073486328e+00 8.000000000000000000e+00 -6.725000000000000000e+01 2.025000000000000000e+01 2.418750000000000000e+01 1.031250000000000000e+01 -1.812500000000000000e+01
4.900000095367431641e-01 7.969999790191650391e+00 5.269999980926513672e+00 8.000000000000000000e+00 -6.725000000000000000e+01 2.025000000000000000e+01 -4.125000000000000000e+00 1.750000000000000000e+01 -1.150000000000000000e+01
4.099999964237213135e-01 7.139999866485595703e+00 5.929999828338623047e+00 8.000000000000000000e+00 -6.725000000000000000e+01 2.025000000000000000e+01 -2.487500000000000000e+01 2.075000000000000000e+01 -9.750000000000000000e+00
3.100000023841857910e-01 6.639999866485595703e+00 6.570000171661376953e+00 1.025000000000000000e+01 -6.225000000000000000e+01 3.000000000000000000e+01 -3.693750000000000000e+01 2.106250000000000000e+01 -9.937500000000000000e+00
-5.999999865889549255e-02 6.650000095367431641e+00 7.579999923706054688e+00 1.025000000000000000e+01 -6.225000000000000000e+01 3.000000000000000000e+01 -4.243750000000000000e+01 1.868750000000000000e+01 -8.750000000000000000e+00
-1.599999964237213135e-01 6.340000152587890625e+00 7.679999828338623047e+00 1.025000000000000000e+01 -6.225000000000000000e+01 3.000000000000000000e+01 -4.237500000000000000e+01 1.625000000000000000e+01 -6.562500000000000000e+00
-3.300000131130218506e-01 5.889999866485595703e+00 7.769999980926513672e+00 1.025000000000000000e+01 -6.225000000000000000e+01 3.000000000000000000e+01 -3.918750000000000000e+01 1.356250000000000000e+01 -5.562500000000000000e+00
-4.000000059604644775e-01 5.539999961853027344e+00 7.670000076293945312e+00 1.025000000000000000e+01 -6.225000000000000000e+01 3.000000000000000000e+01 -3.512500000000000000e+01 1.162500000000000000e+01 -4.312500000000000000e+00
-3.700000047683715820e-01 5.469999790191650391e+00 7.630000114440917969e+00 9.750000000000000000e+00 -6.200000000000000000e+01 2.787500000000000000e+01 -3.131250000000000000e+01 1.000000000000000000e+01 -2.750000000000000000e+00
-3.300000131130218506e-01 5.369999885559082031e+00 7.619999885559082031e+00 9.750000000000000000e+00 -6.200000000000000000e+01 2.787500000000000000e+01 -2.943750000000000000e+01 8.250000000000000000e+00 -1.125000000000000000e+00
-2.700000107288360596e-01 5.309999942779541016e+00 7.460000038146972656e+00 9.750000000000000000e+00 -6.200000000000000000e+01 2.787500000000000000e+01 -2.868750000000000000e+01 7.250000000000000000e+00 6.250000000000000000e-02
-1.199999973177909851e-01 5.519999980926513672e+00 7.289999961853027344e+00 9.750000000000000000e+00 -6.200000000000000000e+01 2.787500000000000000e+01 -3.037500000000000000e+01 7.562500000000000000e+00 1.687500000000000000e+00
-9.999999776482582092e-03 5.500000000000000000e+00 7.239999771118164062e+00 9.750000000000000000e+00 -6.200000000000000000e+01 2.787500000000000000e+01 -3.518750000000000000e+01 8.625000000000000000e+00 2.687500000000000000e+00
9.000000357627868652e-02 5.389999866485595703e+00 7.110000133514404297e+00 8.250000000000000000e+00 -6.500000000000000000e+01 2.587500000000000000e+01 -4.387500000000000000e+01 1.062500000000000000e+01 2.750000000000000000e+00
1.899999976158142090e-01 5.250000000000000000e+00 6.929999828338623047e+00 8.250000000000000000e+00 -6.500000000000000000e+01 2.587500000000000000e+01 -5.843750000000000000e+01 1.406250000000000000e+01 1.312500000000000000e+00
3.600000143051147461e-01 5.440000057220458984e+00 6.480000019073486328e+00 8.250000000000000000e+00 -6.500000000000000000e+01 2.587500000000000000e+01 -8.118750000000000000e+01 1.856250000000000000e+01 6.250000000000000000e-02
4.399999976158142090e-01 5.750000000000000000e+00 6.329999923706054688e+00 8.250000000000000000e+00 -6.500000000000000000e+01 2.587500000000000000e+01 -1.106250000000000000e+02 2.506250000000000000e+01 -7.500000000000000000e-01
4.600000083446502686e-01 6.019999980926513672e+00 6.340000152587890625e+00 8.250000000000000000e+00 -6.500000000000000000e+01 2.587500000000000000e+01 -1.106250000000000000e+02 2.506250000000000000e+01 -7.500000000000000000e-01
4.499999880790710449e-01 6.230000019073486328e+00 6.409999847412109375e+00 9.750000000000000000e+00 -6.487500000000000000e+01 2.350000000000000000e+01 -1.794375000000000000e+02 3.825000000000000000e+01 3.687500000000000000e+00
3.100000023841857910e-01 6.010000228881835938e+00 6.980000019073486328e+00 9.750000000000000000e+00 -6.487500000000000000e+01 2.350000000000000000e+01 -2.121250000000000000e+02 4.293750000000000000e+01 7.187500000000000000e+00
2.099999934434890747e-01 5.429999828338623047e+00 7.360000133514404297e+00 9.750000000000000000e+00 -6.487500000000000000e+01 2.350000000000000000e+01 -2.396875000000000000e+02 4.462500000000000000e+01 8.875000000000000000e+00
0.000000000000000000e+00 4.679999828338623047e+00 7.849999904632568359e+00 9.750000000000000000e+00 -6.487500000000000000e+01 2.350000000000000000e+01 -2.611875000000000000e+02 4.237500000000000000e+01 8.875000000000000000e+00
-4.600000083446502686e-01 3.150000095367431641e+00 8.670000076293945312e+00 9.750000000000000000e+00 -6.487500000000000000e+01 2.350000000000000000e+01 -2.771875000000000000e+02 3.856250000000000000e+01 8.750000000000000000e+00
-7.799999713897705078e-01 2.420000076293945312e+00 8.960000038146972656e+00 8.687500000000000000e+00 -6.668750000000000000e+01 1.587500000000000000e+01 -2.874375000000000000e+02 3.450000000000000000e+01 9.812500000000000000e+00
-9.100000262260437012e-01 1.799999952316284180e+00 9.630000114440917969e+00 8.687500000000000000e+00 -6.668750000000000000e+01 1.587500000000000000e+01 -2.901875000000000000e+02 2.925000000000000000e+01 6.562500000000000000e+00
-1.070000052452087402e+00 1.559999942779541016e+00 1.011999988555908203e+01 8.687500000000000000e+00 -6.668750000000000000e+01 1.587500000000000000e+01 -2.802500000000000000e+02 2.375000000000000000e+01 6.000000000000000000e+00
-1.200000047683715820e+00 7.300000190734863281e-01 1.164999961853027344e+01 8.687500000000000000e+00 -6.668750000000000000e+01 1.587500000000000000e+01 -2.502500000000000000e+02 1.475000000000000000e+01 5.062500000000000000e+00
-1.190000057220458984e+00 1.000000014901161194e-01 1.168999958038330078e+01 8.687500000000000000e+00 -6.668750000000000000e+01 1.587500000000000000e+01 -1.979375000000000000e+02 1.437500000000000000e+00 1.625000000000000000e+00
-1.419999957084655762e+00 -5.699999928474426270e-01 1.118999958038330078e+01 7.875000000000000000e+00 -6.856250000000000000e+01 -1.062500000000000000e+00 -1.385625000000000000e+02 -9.187500000000000000e+00 -4.437500000000000000e+00
-1.350000023841857910e+00 -1.259999990463256836e+00 1.000000000000000000e+01 7.875000000000000000e+00 -6.856250000000000000e+01 -1.062500000000000000e+00 -9.200000000000000000e+01 -1.243750000000000000e+01 -7.687500000000000000e+00
-1.299999952316284180e+00 -1.610000014305114746e+00 9.619999885559082031e+00 7.875000000000000000e+00 -6.856250000000000000e+01 -1.062500000000000000e+00 -6.168750000000000000e+01 -1.318750000000000000e+01 -9.000000000000000000e+00
-1.210000038146972656e+00 -1.539999961853027344e+00 9.300000190734863281e+00 7.875000000000000000e+00 -6.856250000000000000e+01 -1.062500000000000000e+00 -4.437500000000000000e+01 -1.418750000000000000e+01 -7.375000000000000000e+00
-9.900000095367431641e-01 -9.800000190734863281e-01 9.090000152587890625e+00 7.875000000000000000e+00 -6.856250000000000000e+01 -1.062500000000000000e+00 -3.525000000000000000e+01 -1.475000000000000000e+01 -3.437500000000000000e+00
-4.099999964237213135e-01 -3.899999856948852539e-01 9.149999618530273438e+00 8.687500000000000000e+00 -6.818750000000000000e+01 -1.200000000000000000e+01 -2.606250000000000000e+01 -1.481250000000000000e+01 -1.437500000000000000e+00
-1.899999976158142090e-01 -2.700000107288360596e-01 9.250000000000000000e+00 8.687500000000000000e+00 -6.818750000000000000e+01 -1.200000000000000000e+01 -1.450000000000000000e+01 -1.437500000000000000e+01 -1.000000000000000000e+00
-9.000000357627868652e-02 0.000000000000000000e+00 9.359999656677246094e+00 8.687500000000000000e+00 -6.818750000000000000e+01 -1.200000000000000000e+01 -5.312500000000000000e+00 -1.387500000000000000e+01 -5.625000000000000000e-01
-7.000000029802322388e-02 3.400000035762786865e-01 9.390000343322753906e+00 8.687500000000000000e+00 -6.818750000000000000e+01 -1.200000000000000000e+01 3.125000000000000000e-01 -1.343750000000000000e+01 6.250000000000000000e-02
-1.099999994039535522e-01 2.399999946355819702e-01 9.380000114440917969e+00 8.687500000000000000e+00 -6.818750000000000000e+01 -1.200000000000000000e+01 3.187500000000000000e+00 -1.300000000000000000e+01 5.000000000000000000e-01
-1.199999973177909851e-01 3.199999928474426270e-01 9.420000076293945312e+00 8.250000000000000000e+00 -6.718750000000000000e+01 -1.400000000000000000e+01 3.250000000000000000e+00 -1.212500000000000000e+01 1.250000000000000000e-01
-1.700000017881393433e-01 5.400000214576721191e-01 9.460000038146972656e+00 8.250000000000000000e+00 -6.718750000000000000e+01 -1.400000000000000000e+01 1.562500000000000000e+00 -1.037500000000000000e+01 -6.250000000000000000e-02
-1.899999976158142090e-01 9.200000166893005371e-01 9.470000267028808594e+00 8.250000000000000000e+00 -6.718750000000000000e+01 -1.400000000000000000e+01 -1.750000000000000000e+00 -8.500000000000000000e+00 7.500000000000000000e-01
-1.500000059604644775e-01 8.100000023841857910e-01 9.479999542236328125e+00 8.250000000000000000e+00 -6.718750000000000000e+01 -1.400000000000000000e+01 -5.187500000000000000e+00 -6.062500000000000000e+00 1.000000000000000000e+00
-1.599999964237213135e-01 7.200000286102294922e-01 9.409999847412109375e+00 8.250000000000000000e+00 -6.718750000000000000e+01 -1.400000000000000000e+01 -5.187500000000000000e+00 -6.062500000000000000e+00 1.000000000000000000e+00
-1.899999976158142090e-01 6.000000238418579102e-01 9.350000381469726562e+00 7.562500000000000000e+00 -6.718750000000000000e+01 -1.400000000000000000e+01 -7.937500000000000000e+00 -4.187500000000000000e+00 9.375000000000000000e-01
-1.199999973177909851e-01 3.799999952316284180e-01 9.329999923706054688e+00 7.562500000000000000e+00 -6.718750000000000000e+01 -1.400000000000000000e+01 -1.106250000000000000e+01 -1.250000000000000000e-01 6.875000000000000000e-01
-1.199999973177909851e-01 3.700000047683715820e-01 9.369999885559082031e+00 7.562500000000000000e+00 -6.718750000000000000e+01 -1.400000000000000000e+01 -1.237500000000000000e+01 9.375000000000000000e-01 1.875000000000000000e-01
-1.500000059604644775e-01 3.300000131130218506e-01 9.399999618530273438e+00 7.562500000000000000e+00 -6.718750000000000000e+01 -1.400000000000000000e+01 -1.325000000000000000e+01 9.375000000000000000e-01 0.000000000000000000e+00
-1.700000017881393433e-01 2.099999934434890747e-01 9.390000343322753906e+00 7.562500000000000000e+00 -6.718750000000000000e+01 -1.400000000000000000e+01 -1.325000000000000000e+01 9.375000000000000000e-01 0.000000000000000000e+00
-2.800000011920928955e-01 1.899999976158142090e-01 9.380000114440917969e+00 7.875000000000000000e+00 -6.750000000000000000e+01 -1.356250000000000000e+01 -1.418750000000000000e+01 6.875000000000000000e-01 -5.000000000000000000e-01
-3.400000035762786865e-01 1.899999976158142090e-01 9.380000114440917969e+00 7.875000000000000000e+00 -6.750000000000000000e+01 -1.356250000000000000e+01 -1.456250000000000000e+01 1.875000000000000000e-01 -4.375000000000000000e-01
-3.799999952316284180e-01 1.400000005960464478e-01 9.390000343322753906e+00 7.875000000000000000e+00 -6.750000000000000000e+01 -1.356250000000000000e+01 -1.412500000000000000e+01 -5.000000000000000000e-01 -4.375000000000000000e-01
-4.399999976158142090e-01 5.000000074505805969e-02 9.470000267028808594e+00 7.875000000000000000e+00 -6.750000000000000000e+01 -1.356250000000000000e+01 -1.318750000000000000e+01 -1.437500000000000000e+00 -5.625000000000000000e-01
-4.499999880790710449e-01 -2.999999932944774628e-02 9.420000076293945312e+00 7.875000000000000000e+00 -6.750000000000000000e+01 -1.356250000000000000e+01 -1.318750000000000000e+01 -1.437500000000000000e+00 -5.625000000000000000e-01
-4.199999868869781494e-01 -3.999999910593032837e-02 9.390000343322753906e+00 7.562500000000000000e+00 -6.675000000000000000e+01 -1.356250000000000000e+01 -1.156250000000000000e+01 -2.312500000000000000e+00 -8.750000000000000000e-01
-4.499999880790710449e-01 -5.000000074505805969e-02 9.409999847412109375e+00 7.562500000000000000e+00 -6.675000000000000000e+01 -1.356250000000000000e+01 -7.812500000000000000e+00 -3.000000000000000000e+00 -1.375000000000000000e+00
-4.099999964237213135e-01 1.099999994039535522e-01 9.310000419616699219e+00 7.562500000000000000e+00 -6.675000000000000000e+01 -1.356250000000000000e+01 -6.812500000000000000e+00 -2.812500000000000000e+00 -1.250000000000000000e+00
-4.099999964237213135e-01 1.500000059604644775e-01 9.310000419616699219e+00 7.562500000000000000e+00 -6.675000000000000000e+01 -1.356250000000000000e+01 -6.500000000000000000e+00 -2.625000000000000000e+00 -1.125000000000000000e+00
-3.899999856948852539e-01 2.399999946355819702e-01 9.340000152587890625e+00 7.562500000000000000e+00 -6.675000000000000000e+01 -1.356250000000000000e+01 -6.500000000000000000e+00 -2.625000000000000000e+00 -1.125000000000000000e+00
-3.300000131130218506e-01 2.700000107288360596e-01 9.399999618530273438e+00 7.187500000000000000e+00 -6.637500000000000000e+01 -1.518750000000000000e+01 -7.375000000000000000e+00 -2.625000000000000000e+00 -5.625000000000000000e-01
-2.599999904632568359e-01 2.000000029802322388e-01 9.420000076293945312e+00 7.187500000000000000e+00 -6.637500000000000000e+01 -1.518750000000000000e+01 -9.812500000000000000e+00 -2.437500000000000000e+00 2.500000000000000000e-01
-2.599999904632568359e-01 2.000000029802322388e-01 9.380000114440917969e+00 7.187500000000000000e+00 -6.637500000000000000e+01 -1.518750000000000000e+01 -1.025000000000000000e+01 -3.125000000000000000e+00 1.250000000000000000e-01
-2.599999904632568359e-01 1.500000059604644775e-01 9.390000343322753906e+00 7.187500000000000000e+00 -6.637500000000000000e+01 -1.518750000000000000e+01 -1.062500000000000000e+01 -3.500000000000000000e+00 2.500000000000000000e-01
-2.099999934434890747e-01 1.000000014901161194e-01 9.399999618530273438e+00 7.187500000000000000e+00 -6.637500000000000000e+01 -1.518750000000000000e+01 -1.062500000000000000e+01 -3.500000000000000000e+00 2.500000000000000000e-01
-2.300000041723251343e-01 1.000000014901161194e-01 9.380000114440917969e+00 7.562500000000000000e+00 -6.668750000000000000e+01 -1.518750000000000000e+01 -1.118750000000000000e+01 -3.750000000000000000e+00 3.125000000000000000e-01
-2.300000041723251343e-01 -9.999999776482582092e-03 9.390000343322753906e+00 7.562500000000000000e+00 -6.668750000000000000e+01 -1.518750000000000000e+01 -1.050000000000000000e+01 -3.500000000000000000e+00 6.250000000000000000e-02
-2.500000000000000000e-01 -9.000000357627868652e-02 9.399999618530273438e+00 7.562500000000000000e+00 -6.668750000000000000e+01 -1.518750000000000000e+01 -9.312500000000000000e+00 -3.500000000000000000e+00 -3.125000000000000000e-01
-2.500000000000000000e-01 7.000000029802322388e-02 9.439999580383300781e+00 7.562500000000000000e+00 -6.668750000000000000e+01 -1.518750000000000000e+01 -9.250000000000000000e+00 -3.562500000000000000e+00 0.000000000000000000e+00
-2.199999988079071045e-01 1.999999955296516418e-02 9.409999847412109375e+00 7.562500000000000000e+00 -6.668750000000000000e+01 -1.518750000000000000e+01 -9.250000000000000000e+00 -3.562500000000000000e+00 0.000000000000000000e+00
-1.800000071525573730e-01 -1.199999973177909851e-01 9.390000343322753906e+00 7.187500000000000000e+00 -6.737500000000000000e+01 -1.637500000000000000e+01 -9.750000000000000000e+00 -3.125000000000000000e+00 8.750000000000000000e-01
-1.500000059604644775e-01 -2.500000000000000000e-01 9.420000076293945312e+00 7.187500000000000000e+00 -6.737500000000000000e+01 -1.637500000000000000e+01 -7.437500000000000000e+00 -1.562500000000000000e+00 9.375000000000000000e-01
-9.000000357627868652e-02 -2.500000000000000000e-01 9.369999885559082031e+00 7.187500000000000000e+00 -6.737500000000000000e+01 -1.637500000000000000e+01 -5.812500000000000000e+00 -1.125000000000000000e+00 5.625000000000000000e-01
-9.000000357627868652e-02 -2.599999904632568359e-01 9.300000190734863281e+00 7.187500000000000000e+00 -6.737500000000000000e+01 -1.637500000000000000e+01 -4.437500000000000000e+00 -7.500000000000000000e-01 2.500000000000000000e-01
-1.099999994039535522e-01 -2.800000011920928955e-01 9.329999923706054688e+00 7.187500000000000000e+00 -6.737500000000000000e+01 -1.637500000000000000e+01 -4.437500000000000000e+00 -7.500000000000000000e-01 2.500000000000000000e-01
-1.400000005960464478e-01 -3.199999928474426270e-01 9.300000190734863281e+00 7.562500000000000000e+00 -6.637500000000000000e+01 -1.675000000000000000e+01 -3.312500000000000000e+00 -1.250000000000000000e-01 0.000000000000000000e+00
-2.000000029802322388e-01 -2.000000029802322388e-01 9.359999656677246094e+00 7.562500000000000000e+00 -6.637500000000000000e+01 -1.675000000000000000e+01 -1.250000000000000000e-01 3.125000000000000000e-01 -6.875000000000000000e-01
-2.300000041723251343e-01 -1.299999952316284180e-01 9.409999847412109375e+00 7.562500000000000000e+00 -6.637500000000000000e+01 -1.675000000000000000e+01 -3.125000000000000000e-01 8.125000000000000000e-01 -3.125000000000000000e-01
-2.000000029802322388e-01 -2.199999988079071045e-01 9.470000267028808594e+00 7.562500000000000000e+00 -6.637500000000000000e+01 -1.675000000000000000e+01 6.250000000000000000e-02 1.187500000000000000e+00 -3.750000000000000000e-01
