-3.300000131130218506e-01 5.999999865889549255e-02 9.439999580383300781e+00 7.500000000000000000e+00 -6.600000000000000000e+01 -1.737500000000000000e+01 1.225000000000000000e+01 6.250000000000000000e-01 0.000000000000000000e+00
-3.100000023841857910e-01 1.299999952316284180e-01 9.439999580383300781e+00 7.500000000000000000e+00 -6.600000000000000000e+01 -1.737500000000000000e+01 7.750000000000000000e+00 6.875000000000000000e-01 6.250000000000000000e-02
-3.400000035762786865e-01 3.000000119209289551e-01 9.329999923706054688e+00 7.500000000000000000e+00 -6.600000000000000000e+01 -1.737500000000000000e+01 4.187500000000000000e+00 4.375000000000000000e-01 2.500000000000000000e-01
-3.300000131130218506e-01 2.300000041723251343e-01 9.369999885559082031e+00 7.500000000000000000e+00 -6.600000000000000000e+01 -1.737500000000000000e+01 8.750000000000000000e-01 1.875000000000000000e-01 5.000000000000000000e-01
-2.800000011920928955e-01 2.199999988079071045e-01 9.359999656677246094e+00 7.500000000000000000e+00 -6.600000000000000000e+01 -1.737500000000000000e+01 8.750000000000000000e-01 1.875000000000000000e-01 5.000000000000000000e-01
-3.100000023841857910e-01 1.700000017881393433e-01 9.399999618530273438e+00 8.500000000000000000e+00 -6.637500000000000000e+01 -1.618750000000000000e+01 -1.750000000000000000e+00 -4.375000000000000000e-01 6.250000000000000000e-01
-3.199999928474426270e-01 1.400000005960464478e-01 9.460000038146972656e+00 8.500000000000000000e+00 -6.637500000000000000e+01 -1.618750000000000000e+01 -4.937500000000000000e+00 -6.250000000000000000e-01 3.125000000000000000e-01
-3.499999940395355225e-01 7.000000029802322388e-02 9.579999923706054688e+00 8.500000000000000000e+00 -6.637500000000000000e+01 -1.618750000000000000e+01 -6.187500000000000000e+00 -1.375000000000000000e+00 0.000000000000000000e+00
-2.599999904632568359e-01 -9.999999776482582092e-03 9.810000419616699219e+00 8.500000000000000000e+00 -6.637500000000000000e+01 -1.618750000000000000e+01 -7.875000000000000000e+00 -3.812500000000000000e+00 -2.500000000000000000e-01
-2.500000000000000000e-01 2.500000000000000000e-01 9.710000038146972656e+00 8.500000000000000000e+00 -6.637500000000000000e+01 -1.618750000000000000e+01 -7.875000000000000000e+00 -3.812500000000000000e+00 -2.500000000000000000e-01
-2.899999916553497314e-01 2.599999904632568359e-01 9.520000457763671875e+00 7.500000000000000000e+00 -6.637500000000000000e+01 -1.656250000000000000e+01 -1.218750000000000000e+01 -7.562500000000000000e+00 -3.750000000000000000e-01
-4.000000059604644775e-01 2.399999946355819702e-01 9.539999961853027344e+00 7.500000000000000000e+00 -6.637500000000000000e+01 -1.656250000000000000e+01 -1.975000000000000000e+01 -1.575000000000000000e+01 1.937500000000000000e+00
-4.199999868869781494e-01 9.999999776482582092e-03 9.760000228881835938e+00 7.500000000000000000e+00 -6.637500000000000000e+01 -1.656250000000000000e+01 -1.906250000000000000e+01 -2.056250000000000000e+01 2.500000000000000000e+00
-5.899999737739562988e-01 -5.999999865889549255e-02 1.022999954223632812e+01 7.500000000000000000e+00 -6.637500000000000000e+01 -1.656250000000000000e+01 -1.768750000000000000e+01 -2.737500000000000000e+01 2.062500000000000000e+00
-9.399999976158142090e-01 -1.000000014901161194e-01 1.075000000000000000e+01 7.500000000000000000e+00 -6.637500000000000000e+01 -1.656250000000000000e+01 -1.768750000000000000e+01 -2.737500000000000000e+01 2.062500000000000000e+00
-9.499999880790710449e-01 -1.099999994039535522e-01 1.094999980926513672e+01 7.750000000000000000e+00 -6.568750000000000000e+01 -1.700000000000000000e+01 -1.756250000000000000e+01 -3.818750000000000000e+01 1.687500000000000000e+00
-8.500000238418579102e-01 9.999999776482582092e-03 1.094999980926513672e+01 7.750000000000000000e+00 -6.568750000000000000e+01 -1.700000000000000000e+01 -1.087500000000000000e+01 -6.950000000000000000e+01 4.000000000000000000e+00
-9.599999785423278809e-01 3.600000143051147461e-01 1.138000011444091797e+01 7.750000000000000000e+00 -6.568750000000000000e+01 -1.700000000000000000e+01 -2.375000000000000000e+00 -8.700000000000000000e+01 7.625000000000000000e+00
-8.799999952316284180e-01 -1.899999976158142090e-01 1.189999961853027344e+01 7.750000000000000000e+00 -6.568750000000000000e+01 -1.700000000000000000e+01 8.500000000000000000e+00 -1.055000000000000000e+02 1.181250000000000000e+01
-8.100000023841857910e-01 -6.499999761581420898e-01 1.244999980926513672e+01 7.750000000000000000e+00 -6.568750000000000000e+01 -1.700000000000000000e+01 8.500000000000000000e+00 -1.055000000000000000e+02 1.181250000000000000e+01
-6.299999952316284180e-01 -1.120000004768371582e+00 1.356999969482421875e+01 7.062500000000000000e+00 -6.668750000000000000e+01 -1.775000000000000000e+01 2.062500000000000000e+01 -1.251250000000000000e+02 1.331250000000000000e+01
-5.099999904632568359e-01 -1.039999961853027344e+00 1.306999969482421875e+01 7.062500000000000000e+00 -6.668750000000000000e+01 -1.775000000000000000e+01 3.875000000000000000e+01 -1.747500000000000000e+02 1.043750000000000000e+01
-4.099999964237213135e-01 -9.300000071525573730e-01 1.218999958038330078e+01 7.062500000000000000e+00 -6.668750000000000000e+01 -1.775000000000000000e+01 4.706250000000000000e+01 -1.979375000000000000e+02 7.000000000000000000e+00
-7.999999821186065674e-02 -1.199999973177909851e-01 1.075000000000000000e+01 7.062500000000000000e+00 -6.668750000000000000e+01 -1.775000000000000000e+01 5.356250000000000000e+01 -2.080000000000000000e+02 7.625000000000000000e+00
5.899999737739562988e-01 1.120000004768371582e+00 9.989999771118164062e+00 7.062500000000000000e+00 -6.668750000000000000e+01 -1.775000000000000000e+01 5.356250000000000000e+01 -2.080000000000000000e+02 7.625000000000000000e+00
1.039999961853027344e+00 8.199999928474426270e-01 1.031000041961669922e+01 5.187500000000000000e+00 -6.818750000000000000e+01 -1.656250000000000000e+01 5.556250000000000000e+01 -2.073125000000000000e+02 1.200000000000000000e+01
1.570000052452087402e+00 8.999999761581420898e-01 1.011999988555908203e+01 5.187500000000000000e+00 -6.818750000000000000e+01 -1.656250000000000000e+01 4.056250000000000000e+01 -2.156875000000000000e+02 2.037500000000000000e+01
2.599999904632568359e+00 1.000000000000000000e+00 8.539999961853027344e+00 5.187500000000000000e+00 -6.818750000000000000e+01 -1.656250000000000000e+01 2.950000000000000000e+01 -2.166875000000000000e+02 2.393750000000000000e+01
3.000000000000000000e+00 1.549999952316284180e+00 7.880000114440917969e+00 5.187500000000000000e+00 -6.818750000000000000e+01 -1.656250000000000000e+01 2.287500000000000000e+01 -2.098750000000000000e+02 2.718750000000000000e+01
3.599999904632568359e+00 1.830000042915344238e+00 7.130000114440917969e+00 5.187500000000000000e+00 -6.818750000000000000e+01 -1.656250000000000000e+01 2.287500000000000000e+01 -2.098750000000000000e+02 2.718750000000000000e+01
4.480000019073486328e+00 2.049999952316284180e+00 7.289999961853027344e+00 2.687500000000000000e+00 -7.418750000000000000e+01 -1.375000000000000000e+01 1.275000000000000000e+01 -1.966875000000000000e+02 3.337500000000000000e+01
5.530000209808349609e+00 1.320000052452087402e+00 6.579999923706054688e+00 2.687500000000000000e+00 -7.418750000000000000e+01 -1.375000000000000000e+01 -1.750000000000000000e+01 -1.663750000000000000e+02 5.037500000000000000e+01
5.320000171661376953e+00 6.399999856948852539e-01 5.539999961853027344e+00 2.687500000000000000e+00 -7.418750000000000000e+01 -1.375000000000000000e+01 -2.937500000000000000e+01 -1.488750000000000000e+02 5.237500000000000000e+01
5.539999961853027344e+00 1.999999955296516418e-02 4.809999942779541016e+00 2.687500000000000000e+00 -7.418750000000000000e+01 -1.375000000000000000e+01 -3.293750000000000000e+01 -1.208750000000000000e+02 5.056250000000000000e+01
5.239999771118164062e+00 1.099999994039535522e-01 4.840000152587890625e+00 2.687500000000000000e+00 -7.418750000000000000e+01 -1.375000000000000000e+01 -3.293750000000000000e+01 -1.208750000000000000e+02 5.056250000000000000e+01
4.909999847412109375e+00 -9.000000357627868652e-02 5.369999885559082031e+00 -1.187500000000000000e+00 -8.000000000000000000e+01 -1.006250000000000000e+01 -3.387500000000000000e+01 -9.650000000000000000e+01 4.600000000000000000e+01
5.090000152587890625e+00 -4.399999976158142090e-01 5.429999828338623047e+00 -1.187500000000000000e+00 -8.000000000000000000e+01 -1.006250000000000000e+01 -2.625000000000000000e+01 -6.937500000000000000e+01 3.931250000000000000e+01
5.179999828338623047e+00 -6.999999880790710449e-01 5.519999980926513672e+00 -1.187500000000000000e+00 -8.000000000000000000e+01 -1.006250000000000000e+01 -2.287500000000000000e+01 -5.887500000000000000e+01 3.600000000000000000e+01
5.230000019073486328e+00 -1.029999971389770508e+00 5.309999942779541016e+00 -1.187500000000000000e+00 -8.000000000000000000e+01 -1.006250000000000000e+01 -1.943750000000000000e+01 -4.843750000000000000e+01 3.106250000000000000e+01
5.179999828338623047e+00 -1.090000033378601074e+00 5.130000114440917969e+00 -1.187500000000000000e+00 -8.000000000000000000e+01 -1.006250000000000000e+01 -1.943750000000000000e+01 -4.843750000000000000e+01 3.106250000000000000e+01
5.190000057220458984e+00 -1.009999990463256836e+00 5.469999790191650391e+00 -4.687500000000000000e+00 -8.300000000000000000e+01 -1.468750000000000000e+01 -1.506250000000000000e+01 -3.756250000000000000e+01 2.518750000000000000e+01
5.349999904632568359e+00 -9.499999880790710449e-01 6.059999942779541016e+00 -4.687500000000000000e+00 -8.300000000000000000e+01 -1.468750000000000000e+01 -1.012500000000000000e+01 -2.118750000000000000e+01 1.575000000000000000e+01
5.570000171661376953e+00 -1.129999995231628418e+00 6.900000095367431641e+00 -4.687500000000000000e+00 -8.300000000000000000e+01 -1.468750000000000000e+01 -1.312500000000000000e+01 -1.768750000000000000e+01 1.406250000000000000e+01
5.690000057220458984e+00 -1.149999976158142090e+00 6.969999790191650391e+00 -4.687500000000000000e+00 -8.300000000000000000e+01 -1.468750000000000000e+01 -1.506250000000000000e+01 -1.462500000000000000e+01 1.212500000000000000e+01
5.690000057220458984e+00 -1.139999985694885254e+00 6.780000209808349609e+00 -4.687500000000000000e+00 -8.300000000000000000e+01 -1.468750000000000000e+01 -1.506250000000000000e+01 -1.462500000000000000e+01 1.212500000000000000e+01
5.630000114440917969e+00 -1.139999985694885254e+00 6.460000038146972656e+00 -8.250000000000000000e+00 -8.287500000000000000e+01 -1.656250000000000000e+01 -1.475000000000000000e+01 -1.043750000000000000e+01 9.750000000000000000e+00
5.579999923706054688e+00 -1.009999990463256836e+00 5.940000057220458984e+00 -8.250000000000000000e+00 -8.287500000000000000e+01 -1.656250000000000000e+01 -9.875000000000000000e+00 4.687500000000000000e+00 2.750000000000000000e+00
5.510000228881835938e+00 -7.400000095367431641e-01 5.840000152587890625e+00 -8.250000000000000000e+00 -8.287500000000000000e+01 -1.656250000000000000e+01 -7.750000000000000000e+00 1.475000000000000000e+01 -3.125000000000000000e-01
5.380000114440917969e+00 -6.700000166893005371e-01 5.699999809265136719e+00 -8.250000000000000000e+00 -8.287500000000000000e+01 -1.656250000000000000e+01 -6.187500000000000000e+00 2.581250000000000000e+01 -1.687500000000000000e+00
5.030000209808349609e+00 -8.199999928474426270e-01 5.090000152587890625e+00 -8.250000000000000000e+00 -8.287500000000000000e+01 -1.656250000000000000e+01 -6.187500000000000000e+00 2.581250000000000000e+01 -1.687500000000000000e+00
4.849999904632568359e+00 -9.800000190734863281e-01 4.480000019073486328e+00 -9.562500000000000000e+00 -8.218750000000000000e+01 -1.887500000000000000e+01 -5.500000000000000000e+00 3.781250000000000000e+01 -1.875000000000000000e+00
4.599999904632568359e+00 -1.059999942779541016e+00 3.960000038146972656e+00 -9.562500000000000000e+00 -8.218750000000000000e+01 -1.887500000000000000e+01 -1.437500000000000000e+00 7.150000000000000000e+01 -1.037500000000000000e+01
4.250000000000000000e+00 -1.110000014305114746e+00 3.410000085830688477e+00 -9.562500000000000000e+00 -8.218750000000000000e+01 -1.887500000000000000e+01 1.312500000000000000e+00 9.518750000000000000e+01 -1.600000000000000000e+01
3.619999885559082031e+00 -1.669999957084655762e+00 2.539999961853027344e+00 -9.562500000000000000e+00 -8.218750000000000000e+01 -1.887500000000000000e+01 3.250000000000000000e+00 1.229375000000000000e+02 -2.306250000000000000e+01
3.309999942779541016e+00 -1.549999952316284180e+00 2.759999990463256836e+00 -9.562500000000000000e+00 -8.218750000000000000e+01 -1.887500000000000000e+01 3.250000000000000000e+00 1.229375000000000000e+02 -2.306250000000000000e+01
3.130000114440917969e+00 -9.399999976158142090e-01 3.269999980926513672e+00 -7.875000000000000000e+00 -8.175000000000000000e+01 -1.850000000000000000e+01 4.125000000000000000e+00 1.524375000000000000e+02 -3.150000000000000000e+01
3.650000095367431641e+00 -3.600000143051147461e-01 4.269999980926513672e+00 -7.875000000000000000e+00 -8.175000000000000000e+01 -1.850000000000000000e+01 -3.625000000000000000e+00 1.993125000000000000e+02 -4.000000000000000000e+01
3.869999885559082031e+00 7.300000190734863281e-01 6.400000095367431641e+00 -7.875000000000000000e+00 -8.175000000000000000e+01 -1.850000000000000000e+01 -1.068750000000000000e+01 2.188750000000000000e+02 -3.706250000000000000e+01
3.450000047683715820e+00 1.129999995231628418e+00 7.500000000000000000e+00 -7.875000000000000000e+00 -8.175000000000000000e+01 -1.850000000000000000e+01 -1.281250000000000000e+01 2.371250000000000000e+02 -3.043750000000000000e+01
3.279999971389770508e+00 1.370000004768371582e+00 8.920000076293945312e+00 -7.875000000000000000e+00 -8.175000000000000000e+01 -1.850000000000000000e+01 -1.281250000000000000e+01 2.371250000000000000e+02 -3.043750000000000000e+01
2.779999971389770508e+00 1.330000042915344238e+00 1.197999954223632812e+01 -3.250000000000000000e+00 -7.887500000000000000e+01 -1.687500000000000000e+01 -1.231250000000000000e+01 2.490000000000000000e+02 -2.118750000000000000e+01
2.039999961853027344e+00 8.299999833106994629e-01 1.321000003814697266e+01 -3.250000000000000000e+00 -7.887500000000000000e+01 -1.687500000000000000e+01 -2.775000000000000000e+01 2.481250000000000000e+02 -3.250000000000000000e+00
1.110000014305114746e+00 2.599999904632568359e-01 1.421000003814697266e+01 -3.250000000000000000e+00 -7.887500000000000000e+01 -1.687500000000000000e+01 -3.137500000000000000e+01 2.272500000000000000e+02 4.062500000000000000e+00
9.700000286102294922e-01 -1.700000017881393433e-01 1.471000003814697266e+01 -3.250000000000000000e+00 -7.887500000000000000e+01 -1.687500000000000000e+01 -2.925000000000000000e+01 1.968125000000000000e+02 6.250000000000000000e+00
4.300000071525573730e-01 -8.999999761581420898e-01 1.372000026702880859e+01 -3.250000000000000000e+00 -7.887500000000000000e+01 -1.687500000000000000e+01 -2.925000000000000000e+01 1.968125000000000000e+02 6.250000000000000000e+00
2.199999988079071045e-01 -1.259999990463256836e+00 1.268000030517578125e+01 3.000000000000000000e+00 -7.068750000000000000e+01 -1.725000000000000000e+01 -2.068750000000000000e+01 1.645625000000000000e+02 5.812500000000000000e+00
7.999999821186065674e-02 -1.659999966621398926e+00 1.156999969482421875e+01 3.000000000000000000e+00 -7.068750000000000000e+01 -1.725000000000000000e+01 2.500000000000000000e+00 1.228125000000000000e+02 -2.062500000000000000e+00
1.999999955296516418e-02 -1.580000042915344238e+00 1.111999988555908203e+01 3.000000000000000000e+00 -7.068750000000000000e+01 -1.725000000000000000e+01 1.031250000000000000e+01 1.106250000000000000e+02 -7.187500000000000000e+00
-2.300000041723251343e-01 -1.049999952316284180e+00 1.086999988555908203e+01 3.000000000000000000e+00 -7.068750000000000000e+01 -1.725000000000000000e+01 1.481250000000000000e+01 9.943750000000000000e+01 -9.812500000000000000e+00
-2.599999904632568359e-01 -7.799999713897705078e-01 1.114999961853027344e+01 3.000000000000000000e+00 -7.068750000000000000e+01 -1.725000000000000000e+01 1.481250000000000000e+01 9.943750000000000000e+01 -9.812500000000000000e+00
-4.099999964237213135e-01 -6.200000047683715820e-01 1.107999992370605469e+01 3.250000000000000000e+00 -6.656250000000000000e+01 -1.968750000000000000e+01 1.856250000000000000e+01 8.837500000000000000e+01 -1.056250000000000000e+01
-4.199999868869781494e-01 -5.400000214576721191e-01 1.053999996185302734e+01 3.250000000000000000e+00 -6.656250000000000000e+01 -1.968750000000000000e+01 2.731250000000000000e+01 6.400000000000000000e+01 -9.250000000000000000e+00
-4.600000083446502686e-01 -4.300000071525573730e-01 1.031000041961669922e+01 3.250000000000000000e+00 -6.656250000000000000e+01 -1.968750000000000000e+01 3.031250000000000000e+01 5.406250000000000000e+01 -8.625000000000000000e+00
-4.499999880790710449e-01 -3.199999928474426270e-01 1.006999969482421875e+01 3.250000000000000000e+00 -6.656250000000000000e+01 -1.968750000000000000e+01 3.050000000000000000e+01 4.531250000000000000e+01 -7.687500000000000000e+00
-4.900000095367431641e-01 -2.399999946355819702e-01 9.859999656677246094e+00 3.250000000000000000e+00 -6.656250000000000000e+01 -1.968750000000000000e+01 3.050000000000000000e+01 4.531250000000000000e+01 -7.687500000000000000e+00
-6.000000238418579102e-01 -5.000000074505805969e-02 9.590000152587890625e+00 6.250000000000000000e+00 -6.556250000000000000e+01 -1.806250000000000000e+01 2.875000000000000000e+01 3.868750000000000000e+01 -6.437500000000000000e+00
-4.399999976158142090e-01 1.999999955296516418e-02 9.550000190734863281e+00 6.250000000000000000e+00 -6.556250000000000000e+01 -1.806250000000000000e+01 2.312500000000000000e+01 2.937500000000000000e+01 -3.812500000000000000e+00
-6.499999761581420898e-01 5.999999865889549255e-02 9.520000457763671875e+00 6.250000000000000000e+00 -6.556250000000000000e+01 -1.806250000000000000e+01 2.075000000000000000e+01 2.431250000000000000e+01 -3.625000000000000000e+00
-5.299999713897705078e-01 5.999999865889549255e-02 9.640000343322753906e+00 6.250000000000000000e+00 -6.556250000000000000e+01 -1.806250000000000000e+01 1.843750000000000000e+01 1.950000000000000000e+01 -3.562500000000000000e+00
-6.000000238418579102e-01 1.099999994039535522e-01 9.649999618530273438e+00 6.250000000000000000e+00 -6.556250000000000000e+01 -1.806250000000000000e+01 1.843750000000000000e+01 1.950000000000000000e+01 -3.562500000000000000e+00
-6.499999761581420898e-01 1.700000017881393433e-01 9.600000381469726562e+00 6.750000000000000000e+00 -6.587500000000000000e+01 -1.818750000000000000e+01 1.506250000000000000e+01 1.506250000000000000e+01 -3.500000000000000000e+00
-6.700000166893005371e-01 1.700000017881393433e-01 9.569999694824218750e+00 6.750000000000000000e+00 -6.587500000000000000e+01 -1.818750000000000000e+01 8.250000000000000000e+00 7.437500000000000000e+00 -3.750000000000000000e+00
-6.100000143051147461e-01 1.800000071525573730e-01 9.600000381469726562e+00 6.750000000000000000e+00 -6.587500000000000000e+01 -1.818750000000000000e+01 5.250000000000000000e+00 4.500000000000000000e+00 -3.500000000000000000e+00
-5.699999928474426270e-01 1.800000071525573730e-01 9.600000381469726562e+00 6.750000000000000000e+00 -6.587500000000000000e+01 -1.818750000000000000e+01 2.125000000000000000e+00 2.250000000000000000e+00 -3.062500000000000000e+00
-5.600000023841857910e-01 2.800000011920928955e-01 9.539999961853027344e+00 6.750000000000000000e+00 -6.587500000000000000e+01 -1.818750000000000000e+01 2.125000000000000000e+00 2.250000000000000000e+00 -3.062500000000000000e+00
-5.799999833106994629e-01 4.300000071525573730e-01 9.350000381469726562e+00 7.375000000000000000e+00 -6.587500000000000000e+01 -1.650000000000000000e+01 -2.500000000000000000e-01 -1.250000000000000000e-01 -2.250000000000000000e+00
-4.399999976158142090e-01 2.300000041723251343e-01 9.369999885559082031e+00 7.375000000000000000e+00 -6.587500000000000000e+01 -1.650000000000000000e+01 -3.187500000000000000e+00 -1.812500000000000000e+00 -1.187500000000000000e+00
-3.799999952316284180e-01 1.199999973177909851e-01 9.470000267028808594e+00 7.375000000000000000e+00 -6.587500000000000000e+01 -1.650000000000000000e+01 -6.625000000000000000e+00 -3.500000000000000000e+00 4.375000000000000000e-01
-3.499999940395355225e-01 9.000000357627868652e-02 9.510000228881835938e+00 7.375000000000000000e+00 -6.587500000000000000e+01 -1.650000000000000000e+01 -6.375000000000000000e+00 -4.125000000000000000e+00 4.375000000000000000e-01
-3.100000023841857910e-01 7.999999821186065674e-02 9.489999771118164062e+00 7.375000000000000000e+00 -6.587500000000000000e+01 -1.650000000000000000e+01 -6.375000000000000000e+00 -4.125000000000000000e+00 4.375000000000000000e-01
-4.699999988079071045e-01 1.299999952316284180e-01 9.180000305175781250e+00 6.687500000000000000e+00 -6.656250000000000000e+01 -1.725000000000000000e+01 -6.375000000000000000e+00 -4.937500000000000000e+00 6.250000000000000000e-01
-4.199999868869781494e-01 0.000000000000000000e+00 9.010000228881835938e+00 6.687500000000000000e+00 -6.656250000000000000e+01 -1.725000000000000000e+01 -4.687500000000000000e+00 -6.062500000000000000e+00 3.750000000000000000e-01
-4.000000059604644775e-01 -2.999999932944774628e-02 9.180000305175781250e+00 6.687500000000000000e+00 -6.656250000000000000e+01 -1.725000000000000000e+01 -2.437500000000000000e+00 -4.750000000000000000e+00 6.250000000000000000e-02
-2.000000029802322388e-01 -1.000000014901161194e-01 9.699999809265136719e+00 6.687500000000000000e+00 -6.656250000000000000e+01 -1.725000000000000000e+01 -3.750000000000000000e-01 -3.875000000000000000e+00 -3.750000000000000000e-01
-1.599999964237213135e-01 -7.999999821186065674e-02 9.689999580383300781e+00 6.687500000000000000e+00 -6.656250000000000000e+01 -1.725000000000000000e+01 -3.750000000000000000e-01 -3.875000000000000000e+00 -3.750000000000000000e-01
-1.299999952316284180e-01 -7.000000029802322388e-02 9.600000381469726562e+00 7.687500000000000000e+00 -6.587500000000000000e+01 -1.768750000000000000e+01 6.250000000000000000e-02 -3.187500000000000000e+00 -5.000000000000000000e-01
-1.000000014901161194e-01 -3.999999910593032837e-02 9.449999809265136719e+00 7.687500000000000000e+00 -6.587500000000000000e+01 -1.768750000000000000e+01 -1.687500000000000000e+00 -1.937500000000000000e+00 0.000000000000000000e+00
-5.999999865889549255e-02 -7.999999821186065674e-02 9.119999885559082031e+00 7.687500000000000000e+00 -6.587500000000000000e+01 -1.768750000000000000e+01 -1.937500000000000000e+00 -8.750000000000000000e-01 -3.125000000000000000e-01
-1.000000014901161194e-01 -5.000000074505805969e-02 9.189999580383300781e+00 7.687500000000000000e+00 -6.587500000000000000e+01 -1.768750000000000000e+01 -1.437500000000000000e+00 -1.250000000000000000e-01 -4.375000000000000000e-01
-2.000000029802322388e-01 -1.999999955296516418e-02 9.229999542236328125e+00 7.687500000000000000e+00 -6.587500000000000000e+01 -1.768750000000000000e+01 -1.437500000000000000e+00 -1.250000000000000000e-01 -4.375000000000000000e-01
