1.999999955296516418e-02 -2.999999932944774628e-02 1.014999961853027344e+01 2.500000000000000000e+01 -7.587500000000000000e+01 -1.056250000000000000e+01 -1.431250000000000000e+01 -1.681250000000000000e+01 6.875000000000000000e-01
9.999999776482582092e-03 1.700000017881393433e-01 1.021000003814697266e+01 2.500000000000000000e+01 -7.587500000000000000e+01 -1.056250000000000000e+01 -1.993750000000000000e+01 -2.425000000000000000e+01 2.062500000000000000e+00
9.999999776482582092e-03 2.199999988079071045e-01 1.018999958038330078e+01 2.500000000000000000e+01 -7.587500000000000000e+01 -1.056250000000000000e+01 -2.675000000000000000e+01 -3.231250000000000000e+01 3.937500000000000000e+00
-3.999999910593032837e-02 -5.000000074505805969e-02 1.044999980926513672e+01 2.500000000000000000e+01 -7.587500000000000000e+01 -1.056250000000000000e+01 -3.118750000000000000e+01 -4.075000000000000000e+01 5.875000000000000000e+00
2.999999932944774628e-02 -1.500000059604644775e-01 1.067000007629394531e+01 2.456250000000000000e+01 -7.468750000000000000e+01 -1.137500000000000000e+01 -3.218750000000000000e+01 -5.131250000000000000e+01 7.125000000000000000e+00
3.999999910593032837e-02 -3.799999952316284180e-01 1.096000003814697266e+01 2.456250000000000000e+01 -7.468750000000000000e+01 -1.137500000000000000e+01 -3.075000000000000000e+01 -6.493750000000000000e+01 7.187500000000000000e+00
-7.000000029802322388e-02 -4.699999988079071045e-01 1.207999992370605469e+01 2.456250000000000000e+01 -7.468750000000000000e+01 -1.137500000000000000e+01 -2.937500000000000000e+01 -8.193750000000000000e+01 5.875000000000000000e+00
-1.999999955296516418e-02 -2.800000011920928955e-01 1.255000019073486328e+01 2.456250000000000000e+01 -7.468750000000000000e+01 -1.137500000000000000e+01 -3.075000000000000000e+01 -1.041875000000000000e+02 5.187500000000000000e+00
-5.000000074505805969e-02 -1.400000005960464478e-01 1.277999973297119141e+01 2.456250000000000000e+01 -7.468750000000000000e+01 -1.137500000000000000e+01 -3.456250000000000000e+01 -1.260000000000000000e+02 6.500000000000000000e+00
2.199999988079071045e-01 3.999999910593032837e-02 1.281000041961669922e+01 2.306250000000000000e+01 -7.550000000000000000e+01 -1.306250000000000000e+01 -3.662500000000000000e+01 -1.437500000000000000e+02 9.125000000000000000e+00
6.499999761581420898e-01 -5.199999809265136719e-01 1.321000003814697266e+01 2.306250000000000000e+01 -7.550000000000000000e+01 -1.306250000000000000e+01 -3.412500000000000000e+01 -1.612500000000000000e+02 1.181250000000000000e+01
8.999999761581420898e-01 -9.000000357627868652e-02 1.368000030517578125e+01 2.306250000000000000e+01 -7.550000000000000000e+01 -1.306250000000000000e+01 -2.618750000000000000e+01 -1.823125000000000000e+02 1.156250000000000000e+01
1.299999952316284180e+00 5.899999737739562988e-01 1.392000007629394531e+01 2.306250000000000000e+01 -7.550000000000000000e+01 -1.306250000000000000e+01 -2.106250000000000000e+01 -1.981250000000000000e+02 1.362500000000000000e+01
2.259999990463256836e+00 1.860000014305114746e+00 1.381000041961669922e+01 2.306250000000000000e+01 -7.550000000000000000e+01 -1.306250000000000000e+01 -1.331250000000000000e+01 -2.137500000000000000e+02 2.262500000000000000e+01
2.359999895095825195e+00 1.840000033378601074e+00 1.300000000000000000e+01 2.306250000000000000e+01 -7.837500000000000000e+01 -1.506250000000000000e+01 -2.500000000000000000e-01 -2.325000000000000000e+02 3.675000000000000000e+01
2.839999914169311523e+00 1.679999947547912598e+00 1.201000022888183594e+01 2.306250000000000000e+01 -7.837500000000000000e+01 -1.506250000000000000e+01 9.437500000000000000e+00 -2.426875000000000000e+02 4.587500000000000000e+01
2.549999952316284180e+00 1.000000000000000000e+00 1.059000015258789062e+01 2.306250000000000000e+01 -7.837500000000000000e+01 -1.506250000000000000e+01 1.412500000000000000e+01 -2.353750000000000000e+02 5.093750000000000000e+01
3.349999904632568359e+00 -8.100000023841857910e-01 8.180000305175781250e+00 2.306250000000000000e+01 -7.837500000000000000e+01 -1.506250000000000000e+01 1.856250000000000000e+01 -2.240625000000000000e+02 5.137500000000000000e+01
3.880000114440917969e+00 -1.090000033378601074e+00 6.829999923706054688e+00 2.306250000000000000e+01 -7.837500000000000000e+01 -1.506250000000000000e+01 1.500000000000000000e+01 -2.153750000000000000e+02 4.606250000000000000e+01
3.829999923706054688e+00 -1.779999971389770508e+00 5.579999923706054688e+00 2.025000000000000000e+01 -8.425000000000000000e+01 -1.825000000000000000e+01 6.750000000000000000e+00 -2.048125000000000000e+02 4.443750000000000000e+01
3.680000066757202148e+00 -2.319999933242797852e+00 4.309999942779541016e+00 2.025000000000000000e+01 -8.425000000000000000e+01 -1.825000000000000000e+01 1.250000000000000000e-01 -1.891250000000000000e+02 4.087500000000000000e+01
3.710000038146972656e+00 -2.750000000000000000e+00 2.539999961853027344e+00 2.025000000000000000e+01 -8.425000000000000000e+01 -1.825000000000000000e+01 -5.625000000000000000e+00 -1.688125000000000000e+02 3.306250000000000000e+01
3.900000095367431641e+00 -2.359999895095825195e+00 2.269999980926513672e+00 2.025000000000000000e+01 -8.425000000000000000e+01 -1.825000000000000000e+01 -1.031250000000000000e+01 -1.469375000000000000e+02 2.587500000000000000e+01
4.269999980926513672e+00 -2.289999961853027344e+00 2.069999933242797852e+00 2.025000000000000000e+01 -8.425000000000000000e+01 -1.825000000000000000e+01 -1.468750000000000000e+01 -1.230000000000000000e+02 2.218750000000000000e+01
4.539999961853027344e+00 -1.940000057220458984e+00 2.309999942779541016e+00 1.218750000000000000e+01 -8.825000000000000000e+01 -2.775000000000000000e+01 -1.656250000000000000e+01 -1.020000000000000000e+02 1.931250000000000000e+01
4.630000114440917969e+00 -2.160000085830688477e+00 2.140000104904174805e+00 1.218750000000000000e+01 -8.825000000000000000e+01 -2.775000000000000000e+01 -1.656250000000000000e+01 -1.020000000000000000e+02 1.931250000000000000e+01
4.860000133514404297e+00 -2.319999933242797852e+00 2.420000076293945312e+00 1.218750000000000000e+01 -8.825000000000000000e+01 -2.775000000000000000e+01 -1.437500000000000000e+01 -8.331250000000000000e+01 1.718750000000000000e+01
5.179999828338623047e+00 -2.380000114440917969e+00 3.279999971389770508e+00 1.218750000000000000e+01 -8.825000000000000000e+01 -2.775000000000000000e+01 -3.312500000000000000e+00 -4.525000000000000000e+01 8.250000000000000000e+00
5.989999771118164062e+00 -1.779999971389770508e+00 5.059999942779541016e+00 1.218750000000000000e+01 -8.825000000000000000e+01 -2.775000000000000000e+01 -1.812500000000000000e+00 -3.162500000000000000e+01 3.000000000000000000e+00
6.130000114440917969e+00 -1.389999985694885254e+00 5.550000190734863281e+00 5.375000000000000000e+00 -8.456250000000000000e+01 -3.250000000000000000e+01 -2.312500000000000000e+00 -2.168750000000000000e+01 0.000000000000000000e+00
6.250000000000000000e+00 -1.259999990463256836e+00 5.989999771118164062e+00 5.375000000000000000e+00 -8.456250000000000000e+01 -3.250000000000000000e+01 -2.312500000000000000e+00 -2.168750000000000000e+01 0.000000000000000000e+00
6.309999942779541016e+00 -8.999999761581420898e-01 6.519999980926513672e+00 5.375000000000000000e+00 -8.456250000000000000e+01 -3.250000000000000000e+01 -1.875000000000000000e-01 -5.062500000000000000e+00 -6.250000000000000000e-01
6.250000000000000000e+00 -1.019999980926513672e+00 6.500000000000000000e+00 5.375000000000000000e+00 -8.456250000000000000e+01 -3.250000000000000000e+01 -1.500000000000000000e+00 1.562500000000000000e+00 6.875000000000000000e-01
6.090000152587890625e+00 -1.200000047683715820e+00 6.250000000000000000e+00 5.375000000000000000e+00 -8.456250000000000000e+01 -3.250000000000000000e+01 -3.812500000000000000e+00 8.562500000000000000e+00 1.562500000000000000e+00
5.900000095367431641e+00 -1.210000038146972656e+00 5.949999809265136719e+00 4.000000000000000000e+00 -8.456250000000000000e+01 -3.325000000000000000e+01 -4.500000000000000000e+00 1.600000000000000000e+01 6.250000000000000000e-01
5.420000076293945312e+00 -1.610000014305114746e+00 5.380000114440917969e+00 4.000000000000000000e+00 -8.456250000000000000e+01 -3.325000000000000000e+01 -4.500000000000000000e+00 1.600000000000000000e+01 6.250000000000000000e-01
5.139999866485595703e+00 -1.580000042915344238e+00 5.300000190734863281e+00 4.000000000000000000e+00 -8.456250000000000000e+01 -3.325000000000000000e+01 -2.437500000000000000e+00 2.362500000000000000e+01 -1.625000000000000000e+00
5.000000000000000000e+00 -1.669999957084655762e+00 5.199999809265136719e+00 4.000000000000000000e+00 -8.456250000000000000e+01 -3.325000000000000000e+01 5.500000000000000000e+00 4.218750000000000000e+01 -8.312500000000000000e+00
4.739999771118164062e+00 -1.870000004768371582e+00 4.820000171661376953e+00 4.000000000000000000e+00 -8.456250000000000000e+01 -3.325000000000000000e+01 6.812500000000000000e+00 5.362500000000000000e+01 -1.156250000000000000e+01
4.130000114440917969e+00 -2.180000066757202148e+00 3.190000057220458984e+00 4.687500000000000000e+00 -8.437500000000000000e+01 -3.206250000000000000e+01 9.125000000000000000e+00 6.943750000000000000e+01 -1.725000000000000000e+01
3.910000085830688477e+00 -2.109999895095825195e+00 1.919999957084655762e+00 4.687500000000000000e+00 -8.437500000000000000e+01 -3.206250000000000000e+01 9.125000000000000000e+00 6.943750000000000000e+01 -1.725000000000000000e+01
3.460000038146972656e+00 -2.009999990463256836e+00 2.099999934434890747e-01 4.687500000000000000e+00 -8.437500000000000000e+01 -3.206250000000000000e+01 1.893750000000000000e+01 1.296250000000000000e+02 -2.937500000000000000e+01
1.799999952316284180e+00 -2.890000104904174805e+00 -3.390000104904174805e+00 4.687500000000000000e+00 -8.437500000000000000e+01 -3.206250000000000000e+01 2.550000000000000000e+01 1.751875000000000000e+02 -3.562500000000000000e+01
8.500000238418579102e-01 -3.190000057220458984e+00 -4.510000228881835938e+00 4.687500000000000000e+00 -8.437500000000000000e+01 -3.206250000000000000e+01 3.431250000000000000e+01 2.316875000000000000e+02 -4.481250000000000000e+01
-1.000000014901161194e-01 -3.309999942779541016e+00 -5.050000190734863281e+00 8.687500000000000000e+00 -8.656250000000000000e+01 -2.968750000000000000e+01 4.206250000000000000e+01 2.940625000000000000e+02 -5.550000000000000000e+01
-1.250000000000000000e+00 -3.119999885559082031e+00 -4.969999790191650391e+00 8.687500000000000000e+00 -8.656250000000000000e+01 -2.968750000000000000e+01 4.206250000000000000e+01 2.940625000000000000e+02 -5.550000000000000000e+01
4.360000133514404297e+00 -1.099999994039535522e-01 1.669999957084655762e+00 8.687500000000000000e+00 -8.656250000000000000e+01 -2.968750000000000000e+01 4.931250000000000000e+01 3.570000000000000000e+02 -6.750000000000000000e+01
4.440000057220458984e+00 3.619999885559082031e+00 1.243000030517578125e+01 8.687500000000000000e+00 -8.656250000000000000e+01 -2.968750000000000000e+01 5.237500000000000000e+01 4.205000000000000000e+02 -8.162500000000000000e+01
-1.940000057220458984e+00 8.159999847412109375e+00 2.351000022888183594e+01 8.687500000000000000e+00 -8.656250000000000000e+01 -2.968750000000000000e+01 2.500000000000000000e+00 5.105000000000000000e+02 -8.612500000000000000e+01
-6.119999885559082031e+00 9.420000076293945312e+00 3.743000030517578125e+01 1.987500000000000000e+01 -8.618750000000000000e+01 -1.987500000000000000e+01 -1.045000000000000000e+02 3.879375000000000000e+02 -8.750000000000000000e-01
1.230000019073486328e+00 -5.799999833106994629e-01 3.372000122070312500e+01 1.987500000000000000e+01 -8.618750000000000000e+01 -1.987500000000000000e+01 -1.045000000000000000e+02 3.879375000000000000e+02 -8.750000000000000000e-01
1.850000023841857910e+00 -3.199999928474426270e-01 1.669000053405761719e+01 1.987500000000000000e+01 -8.618750000000000000e+01 -1.987500000000000000e+01 1.500000000000000000e+00 1.136875000000000000e+02 1.712500000000000000e+01
1.830000042915344238e+00 -1.700000047683715820e+00 5.760000228881835938e+00 1.987500000000000000e+01 -8.618750000000000000e+01 -1.987500000000000000e+01 5.312500000000000000e+01 2.812500000000000000e+00 1.412500000000000000e+01
-8.199999928474426270e-01 -4.059999942779541016e+00 3.799999952316284180e-01 1.987500000000000000e+01 -8.618750000000000000e+01 -1.987500000000000000e+01 4.537500000000000000e+01 -1.875000000000000000e-01 1.487500000000000000e+01
-4.499999880790710449e-01 -1.590000033378601074e+00 4.929999828338623047e+00 2.537500000000000000e+01 -7.256250000000000000e+01 -1.587500000000000000e+01 4.018750000000000000e+01 9.012500000000000000e+01 -1.306250000000000000e+01
-3.199999928474426270e-01 -9.999999776482582092e-03 8.729999542236328125e+00 2.537500000000000000e+01 -7.256250000000000000e+01 -1.587500000000000000e+01 4.018750000000000000e+01 9.012500000000000000e+01 -1.306250000000000000e+01
-2.099999934434890747e-01 3.300000131130218506e-01 1.164999961853027344e+01 2.537500000000000000e+01 -7.256250000000000000e+01 -1.587500000000000000e+01 3.087500000000000000e+01 1.011875000000000000e+02 -1.537500000000000000e+01
-9.000000357627868652e-02 -3.999999910593032837e-02 1.232999992370605469e+01 2.537500000000000000e+01 -7.256250000000000000e+01 -1.587500000000000000e+01 2.700000000000000000e+01 8.825000000000000000e+01 -8.812500000000000000e+00
-2.599999904632568359e-01 -3.600000143051147461e-01 1.155000019073486328e+01 2.537500000000000000e+01 -7.256250000000000000e+01 -1.587500000000000000e+01 2.856250000000000000e+01 6.831250000000000000e+01 -3.500000000000000000e+00
-5.699999928474426270e-01 -4.099999964237213135e-01 1.046000003814697266e+01 2.568750000000000000e+01 -7.450000000000000000e+01 -1.587500000000000000e+01 2.912500000000000000e+01 3.737500000000000000e+01 -2.812500000000000000e+00
-8.600000143051147461e-01 -3.899999856948852539e-01 9.550000190734863281e+00 2.568750000000000000e+01 -7.450000000000000000e+01 -1.587500000000000000e+01 2.912500000000000000e+01 3.737500000000000000e+01 -2.812500000000000000e+00
-8.199999928474426270e-01 -1.700000017881393433e-01 9.029999732971191406e+00 2.568750000000000000e+01 -7.450000000000000000e+01 -1.587500000000000000e+01 2.400000000000000000e+01 2.956250000000000000e+01 -3.312500000000000000e+00
-8.999999761581420898e-01 -1.099999994039535522e-01 9.069999694824218750e+00 2.568750000000000000e+01 -7.450000000000000000e+01 -1.587500000000000000e+01 1.975000000000000000e+01 2.581250000000000000e+01 -3.250000000000000000e+00
-8.899999856948852539e-01 -7.000000029802322388e-02 9.279999732971191406e+00 2.568750000000000000e+01 -7.450000000000000000e+01 -1.587500000000000000e+01 1.825000000000000000e+01 2.281250000000000000e+01 -2.687500000000000000e+00
-8.199999928474426270e-01 0.000000000000000000e+00 9.609999656677246094e+00 2.550000000000000000e+01 -7.450000000000000000e+01 -1.256250000000000000e+01 1.987500000000000000e+01 1.493750000000000000e+01 -2.562500000000000000e+00
-7.799999713897705078e-01 1.599999964237213135e-01 9.670000076293945312e+00 2.550000000000000000e+01 -7.450000000000000000e+01 -1.256250000000000000e+01 1.987500000000000000e+01 1.493750000000000000e+01 -2.562500000000000000e+00
-7.300000190734863281e-01 3.400000035762786865e-01 9.659999847412109375e+00 2.550000000000000000e+01 -7.450000000000000000e+01 -1.256250000000000000e+01 1.906250000000000000e+01 1.100000000000000000e+01 -3.062500000000000000e+00
-6.999999880790710449e-01 3.700000047683715820e-01 9.640000343322753906e+00 2.550000000000000000e+01 -7.450000000000000000e+01 -1.256250000000000000e+01 1.618750000000000000e+01 7.125000000000000000e+00 -3.000000000000000000e+00
-5.799999833106994629e-01 4.000000059604644775e-01 9.500000000000000000e+00 2.550000000000000000e+01 -7.450000000000000000e+01 -1.256250000000000000e+01 1.256250000000000000e+01 3.625000000000000000e+00 -2.687500000000000000e+00
-5.299999713897705078e-01 3.199999928474426270e-01 9.460000038146972656e+00 2.537500000000000000e+01 -7.437500000000000000e+01 -1.118750000000000000e+01 5.312500000000000000e+00 -1.875000000000000000e+00 -1.625000000000000000e+00
-5.000000000000000000e-01 2.599999904632568359e-01 9.369999885559082031e+00 2.537500000000000000e+01 -7.437500000000000000e+01 -1.118750000000000000e+01 5.312500000000000000e+00 -1.875000000000000000e+00 -1.625000000000000000e+00
-4.699999988079071045e-01 3.400000035762786865e-01 9.310000419616699219e+00 2.537500000000000000e+01 -7.437500000000000000e+01 -1.118750000000000000e+01 9.375000000000000000e-01 -4.187500000000000000e+00 -1.187500000000000000e+00
-3.300000131130218506e-01 4.399999976158142090e-01 9.310000419616699219e+00 2.537500000000000000e+01 -7.437500000000000000e+01 -1.118750000000000000e+01 -3.000000000000000000e+00 -6.250000000000000000e+00 -5.625000000000000000e-01
-2.899999916553497314e-01 4.799999892711639404e-01 9.340000152587890625e+00 2.537500000000000000e+01 -7.437500000000000000e+01 -1.118750000000000000e+01 -6.250000000000000000e+00 -7.937500000000000000e+00 2.500000000000000000e-01
-2.599999904632568359e-01 5.000000000000000000e-01 9.390000343322753906e+00 2.568750000000000000e+01 -7.400000000000000000e+01 -1.068750000000000000e+01 -7.937500000000000000e+00 -1.037500000000000000e+01 7.500000000000000000e-01
-2.099999934434890747e-01 3.300000131130218506e-01 9.579999923706054688e+00 2.568750000000000000e+01 -7.400000000000000000e+01 -1.068750000000000000e+01 -7.937500000000000000e+00 -1.037500000000000000e+01 7.500000000000000000e-01
-1.800000071525573730e-01 2.000000029802322388e-01 9.510000228881835938e+00 2.568750000000000000e+01 -7.400000000000000000e+01 -1.068750000000000000e+01 -8.500000000000000000e+00 -1.087500000000000000e+01 1.375000000000000000e+00
-1.800000071525573730e-01 1.800000071525573730e-01 9.390000343322753906e+00 2.568750000000000000e+01 -7.400000000000000000e+01 -1.068750000000000000e+01 -8.562500000000000000e+00 -1.031250000000000000e+01 1.500000000000000000e+00
-1.500000059604644775e-01 1.899999976158142090e-01 9.260000228881835938e+00 2.568750000000000000e+01 -7.400000000000000000e+01 -1.068750000000000000e+01 -7.625000000000000000e+00 -9.312500000000000000e+00 1.375000000000000000e+00
-1.500000059604644775e-01 1.899999976158142090e-01 9.260000228881835938e+00 2.518750000000000000e+01 -7.437500000000000000e+01 -1.100000000000000000e+01 -6.062500000000000000e+00 -5.125000000000000000e+00 1.562500000000000000e+00
0.000000000000000000e+00 -3.999999910593032837e-02 9.390000343322753906e+00 2.518750000000000000e+01 -7.437500000000000000e+01 -1.100000000000000000e+01 -6.062500000000000000e+00 -5.125000000000000000e+00 1.562500000000000000e+00
1.999999955296516418e-02 -3.999999910593032837e-02 9.399999618530273438e+00 2.518750000000000000e+01 -7.437500000000000000e+01 -1.100000000000000000e+01 -4.812500000000000000e+00 -3.375000000000000000e+00 1.250000000000000000e+00
0.000000000000000000e+00 -5.000000074505805969e-02 9.399999618530273438e+00 2.518750000000000000e+01 -7.437500000000000000e+01 -1.100000000000000000e+01 -4.250000000000000000e+00 -2.125000000000000000e+00 1.000000000000000000e+00
-2.999999932944774628e-02 -1.199999973177909851e-01 9.439999580383300781e+00 2.518750000000000000e+01 -7.437500000000000000e+01 -1.100000000000000000e+01 -5.000000000000000000e+00 -1.625000000000000000e+00 1.250000000000000000e+00
-2.999999932944774628e-02 -1.199999973177909851e-01 9.439999580383300781e+00 2.556250000000000000e+01 -7.468750000000000000e+01 -1.100000000000000000e+01 -6.375000000000000000e+00 -5.000000000000000000e-01 1.500000000000000000e+00
-7.000000029802322388e-02 -1.899999976158142090e-01 9.420000076293945312e+00 2.556250000000000000e+01 -7.468750000000000000e+01 -1.100000000000000000e+01 -6.375000000000000000e+00 -5.000000000000000000e-01 1.500000000000000000e+00
-1.700000017881393433e-01 -2.599999904632568359e-01 9.390000343322753906e+00 2.556250000000000000e+01 -7.468750000000000000e+01 -1.100000000000000000e+01 -5.250000000000000000e+00 -3.750000000000000000e-01 1.187500000000000000e+00
-1.700000017881393433e-01 -3.700000047683715820e-01 9.460000038146972656e+00 2.556250000000000000e+01 -7.468750000000000000e+01 -1.100000000000000000e+01 -4.687500000000000000e+00 -1.875000000000000000e-01 1.125000000000000000e+00
-1.800000071525573730e-01 -4.600000083446502686e-01 9.539999961853027344e+00 2.556250000000000000e+01 -7.468750000000000000e+01 -1.100000000000000000e+01 -4.437500000000000000e+00 -3.750000000000000000e-01 1.125000000000000000e+00
-1.800000071525573730e-01 -4.600000083446502686e-01 9.539999961853027344e+00 2.556250000000000000e+01 -7.400000000000000000e+01 -1.250000000000000000e+01 -3.187500000000000000e+00 -8.750000000000000000e-01 1.875000000000000000e-01
-1.899999976158142090e-01 -5.000000000000000000e-01 9.529999732971191406e+00 2.556250000000000000e+01 -7.400000000000000000e+01 -1.250000000000000000e+01 -3.187500000000000000e+00 -8.750000000000000000e-01 1.875000000000000000e-01
-2.199999988079071045e-01 -2.199999988079071045e-01 9.319999694824218750e+00 2.556250000000000000e+01 -7.400000000000000000e+01 -1.250000000000000000e+01 -2.000000000000000000e+00 -1.312500000000000000e+00 -5.625000000000000000e-01
-2.199999988079071045e-01 -2.899999916553497314e-01 9.399999618530273438e+00 2.556250000000000000e+01 -7.400000000000000000e+01 -1.250000000000000000e+01 -1.250000000000000000e+00 -1.375000000000000000e+00 -8.750000000000000000e-01
-1.899999976158142090e-01 -3.400000035762786865e-01 9.510000228881835938e+00 2.556250000000000000e+01 -7.400000000000000000e+01 -1.250000000000000000e+01 -1.625000000000000000e+00 -1.250000000000000000e+00 -9.375000000000000000e-01
-1.400000005960464478e-01 -2.500000000000000000e-01 9.489999771118164062e+00 2.506250000000000000e+01 -7.356250000000000000e+01 -1.250000000000000000e+01 -1.562500000000000000e+00 -1.625000000000000000e+00 -1.062500000000000000e+00
-1.400000005960464478e-01 -2.500000000000000000e-01 9.489999771118164062e+00 2.506250000000000000e+01 -7.356250000000000000e+01 -1.250000000000000000e+01 -1.312500000000000000e+00 -2.187500000000000000e+00 -1.375000000000000000e+00
-1.199999973177909851e-01 -1.299999952316284180e-01 9.220000267028808594e+00 2.506250000000000000e+01 -7.356250000000000000e+01 -1.250000000000000000e+01 -8.125000000000000000e-01 -3.062500000000000000e+00 -1.437500000000000000e+00
-1.800000071525573730e-01 -3.999999910593032837e-02 9.380000114440917969e+00 2.506250000000000000e+01 -7.356250000000000000e+01 -1.250000000000000000e+01 -7.500000000000000000e-01 -3.875000000000000000e+00 -1.625000000000000000e+00
-1.599999964237213135e-01 -7.999999821186065674e-02 9.510000228881835938e+00 2.506250000000000000e+01 -7.356250000000000000e+01 -1.250000000000000000e+01 -6.875000000000000000e-01 -3.875000000000000000e+00 -1.375000000000000000e+00
-1.500000059604644775e-01 -1.099999994039535522e-01 9.550000190734863281e+00 2.618750000000000000e+01 -7.437500000000000000e+01 -1.250000000000000000e+01 -1.312500000000000000e+00 -3.500000000000000000e+00 -1.125000000000000000e+00
