-3.600000143051147461e-01 -5.600000023841857910e-01 1.136999988555908203e+01 1.356250000000000000e+01 -7.075000000000000000e+01 -1.756250000000000000e+01 1.392500000000000000e+02 -9.562500000000000000e+00 1.687500000000000000e+00
-4.799999892711639404e-01 -9.499999880790710449e-01 1.172999954223632812e+01 1.356250000000000000e+01 -7.075000000000000000e+01 -1.756250000000000000e+01 1.719375000000000000e+02 -1.681250000000000000e+01 3.500000000000000000e+00
-3.400000035762786865e-01 -9.900000095367431641e-01 1.198999977111816406e+01 1.287500000000000000e+01 -7.106250000000000000e+01 -1.350000000000000000e+01 2.101875000000000000e+02 -2.543750000000000000e+01 5.250000000000000000e+00
-5.299999713897705078e-01 -7.699999809265136719e-01 1.231999969482421875e+01 1.287500000000000000e+01 -7.106250000000000000e+01 -1.350000000000000000e+01 2.530625000000000000e+02 -3.531250000000000000e+01 4.062500000000000000e+00
-7.300000190734863281e-01 -6.100000143051147461e-01 1.180000019073486328e+01 1.287500000000000000e+01 -7.106250000000000000e+01 -1.350000000000000000e+01 2.919375000000000000e+02 -4.656250000000000000e+01 2.250000000000000000e+00
-3.700000047683715820e-01 -1.700000017881393433e-01 1.075000000000000000e+01 1.287500000000000000e+01 -7.106250000000000000e+01 -1.350000000000000000e+01 3.211875000000000000e+02 -6.081250000000000000e+01 -3.437500000000000000e+00
-3.300000131130218506e-01 6.999999880790710449e-01 1.009000015258789062e+01 1.287500000000000000e+01 -7.106250000000000000e+01 -1.350000000000000000e+01 3.446250000000000000e+02 -6.962500000000000000e+01 -9.187500000000000000e+00
-3.999999910593032837e-02 1.690000057220458984e+00 8.550000190734863281e+00 1.325000000000000000e+01 -7.368750000000000000e+01 -3.375000000000000000e+00 3.577500000000000000e+02 -7.125000000000000000e+01 -1.268750000000000000e+01
1.199999973177909851e-01 1.960000038146972656e+00 7.969999790191650391e+00 1.325000000000000000e+01 -7.368750000000000000e+01 -3.375000000000000000e+00 3.593750000000000000e+02 -7.231250000000000000e+01 -1.750000000000000000e+01
7.799999713897705078e-01 2.309999942779541016e+00 7.199999809265136719e+00 1.325000000000000000e+01 -7.368750000000000000e+01 -3.375000000000000000e+00 3.483750000000000000e+02 -6.943750000000000000e+01 -2.687500000000000000e+01
1.539999961853027344e+00 4.179999828338623047e+00 5.320000171661376953e+00 1.325000000000000000e+01 -7.368750000000000000e+01 -3.375000000000000000e+00 3.245625000000000000e+02 -6.562500000000000000e+01 -3.856250000000000000e+01
1.549999952316284180e+00 5.309999942779541016e+00 4.150000095367431641e+00 1.325000000000000000e+01 -7.368750000000000000e+01 -3.375000000000000000e+00 2.918125000000000000e+02 -6.212500000000000000e+01 -4.756250000000000000e+01
1.509999990463256836e+00 5.780000209808349609e+00 3.210000038146972656e+00 1.400000000000000000e+01 -7.456250000000000000e+01 1.956250000000000000e+01 2.536875000000000000e+02 -5.531250000000000000e+01 -5.212500000000000000e+01
1.440000057220458984e+00 6.550000190734863281e+00 2.690000057220458984e+00 1.400000000000000000e+01 -7.456250000000000000e+01 1.956250000000000000e+01 2.098750000000000000e+02 -4.531250000000000000e+01 -5.125000000000000000e+01
1.700000047683715820e+00 8.609999656677246094e+00 2.569999933242797852e+00 1.400000000000000000e+01 -7.456250000000000000e+01 1.956250000000000000e+01 1.600625000000000000e+02 -3.168750000000000000e+01 -4.881250000000000000e+01
1.549999952316284180e+00 9.789999961853027344e+00 2.880000114440917969e+00 1.400000000000000000e+01 -7.456250000000000000e+01 1.956250000000000000e+01 1.152500000000000000e+02 -1.937500000000000000e+01 -4.487500000000000000e+01
1.590000033378601074e+00 1.064000034332275391e+01 3.180000066757202148e+00 1.400000000000000000e+01 -7.456250000000000000e+01 1.956250000000000000e+01 7.900000000000000000e+01 -8.000000000000000000e+00 -3.887500000000000000e+01
1.149999976158142090e+00 1.005000019073486328e+01 3.640000104904174805e+00 2.106250000000000000e+01 -6.575000000000000000e+01 3.687500000000000000e+01 4.418750000000000000e+01 6.562500000000000000e+00 -2.706250000000000000e+01
6.800000071525573730e-01 8.310000419616699219e+00 4.860000133514404297e+00 2.106250000000000000e+01 -6.575000000000000000e+01 3.687500000000000000e+01 8.375000000000000000e+00 1.843750000000000000e+01 -1.331250000000000000e+01
5.000000000000000000e-01 7.940000057220458984e+00 5.389999866485595703e+00 2.106250000000000000e+01 -6.575000000000000000e+01 3.687500000000000000e+01 -2.550000000000000000e+01 2.581250000000000000e+01 -4.875000000000000000e+00
2.800000011920928955e-01 7.610000133514404297e+00 5.820000171661376953e+00 2.106250000000000000e+01 -6.575000000000000000e+01 3.687500000000000000e+01 -5.218750000000000000e+01 3.050000000000000000e+01 -9.375000000000000000e-01
2.999999932944774628e-02 6.849999904632568359e+00 6.880000114440917969e+00 2.106250000000000000e+01 -6.575000000000000000e+01 3.687500000000000000e+01 -7.093750000000000000e+01 3.343750000000000000e+01 2.062500000000000000e+00
5.999999865889549255e-02 6.309999942779541016e+00 7.219999790191650391e+00 2.337500000000000000e+01 -6.156250000000000000e+01 4.000000000000000000e+01 -8.318750000000000000e+01 3.400000000000000000e+01 5.062500000000000000e+00
7.000000029802322388e-02 6.000000000000000000e+00 7.539999961853027344e+00 2.337500000000000000e+01 -6.156250000000000000e+01 4.000000000000000000e+01 -8.937500000000000000e+01 3.262500000000000000e+01 6.875000000000000000e+00
1.999999955296516418e-02 5.809999942779541016e+00 7.690000057220458984e+00 2.337500000000000000e+01 -6.156250000000000000e+01 4.000000000000000000e+01 -8.968750000000000000e+01 2.956250000000000000e+01 7.125000000000000000e+00
-1.999999955296516418e-02 5.699999809265136719e+00 7.760000228881835938e+00 2.337500000000000000e+01 -6.156250000000000000e+01 4.000000000000000000e+01 -8.575000000000000000e+01 2.506250000000000000e+01 7.625000000000000000e+00
-5.999999865889549255e-02 5.429999828338623047e+00 7.730000019073486328e+00 2.337500000000000000e+01 -6.156250000000000000e+01 4.000000000000000000e+01 -7.975000000000000000e+01 2.043750000000000000e+01 9.437500000000000000e+00
-1.999999955296516418e-02 5.119999885559082031e+00 7.809999942779541016e+00 1.956250000000000000e+01 -6.556250000000000000e+01 3.487500000000000000e+01 -7.312500000000000000e+01 1.693750000000000000e+01 1.187500000000000000e+01
7.999999821186065674e-02 5.010000228881835938e+00 7.800000190734863281e+00 1.956250000000000000e+01 -6.556250000000000000e+01 3.487500000000000000e+01 -6.675000000000000000e+01 1.400000000000000000e+01 1.300000000000000000e+01
3.100000023841857910e-01 5.090000152587890625e+00 7.489999771118164062e+00 1.956250000000000000e+01 -6.556250000000000000e+01 3.487500000000000000e+01 -6.375000000000000000e+01 1.106250000000000000e+01 1.243750000000000000e+01
4.300000071525573730e-01 5.300000190734863281e+00 7.130000114440917969e+00 1.956250000000000000e+01 -6.556250000000000000e+01 3.487500000000000000e+01 -6.537500000000000000e+01 9.062500000000000000e+00 1.062500000000000000e+01
5.600000023841857910e-01 5.460000038146972656e+00 6.750000000000000000e+00 1.956250000000000000e+01 -6.556250000000000000e+01 3.487500000000000000e+01 -7.456250000000000000e+01 9.250000000000000000e+00 9.750000000000000000e+00
8.100000023841857910e-01 6.079999923706054688e+00 6.019999980926513672e+00 1.925000000000000000e+01 -6.875000000000000000e+01 2.900000000000000000e+01 -9.375000000000000000e+01 1.281250000000000000e+01 9.937500000000000000e+00
8.700000047683715820e-01 6.530000209808349609e+00 5.829999923706054688e+00 1.925000000000000000e+01 -6.875000000000000000e+01 2.900000000000000000e+01 -1.236875000000000000e+02 2.018750000000000000e+01 1.162500000000000000e+01
8.999999761581420898e-01 6.739999771118164062e+00 5.630000114440917969e+00 1.925000000000000000e+01 -6.875000000000000000e+01 2.900000000000000000e+01 -1.623125000000000000e+02 3.018750000000000000e+01 1.581250000000000000e+01
9.399999976158142090e-01 6.699999809265136719e+00 5.570000171661376953e+00 1.925000000000000000e+01 -6.875000000000000000e+01 2.900000000000000000e+01 -2.085625000000000000e+02 4.306250000000000000e+01 2.443750000000000000e+01
6.200000047683715820e-01 5.190000057220458984e+00 5.829999923706054688e+00 1.925000000000000000e+01 -6.875000000000000000e+01 2.900000000000000000e+01 -2.611875000000000000e+02 5.762500000000000000e+01 3.531250000000000000e+01
4.300000071525573730e-01 4.110000133514404297e+00 6.230000019073486328e+00 1.737500000000000000e+01 -7.225000000000000000e+01 2.156250000000000000e+01 -3.111250000000000000e+02 6.781250000000000000e+01 4.412500000000000000e+01
3.700000047683715820e-01 3.089999914169311523e+00 6.699999809265136719e+00 1.737500000000000000e+01 -7.225000000000000000e+01 2.156250000000000000e+01 -3.588125000000000000e+02 7.581250000000000000e+01 5.056250000000000000e+01
7.999999821186065674e-02 3.600000143051147461e-01 1.110000038146972656e+01 1.737500000000000000e+01 -7.225000000000000000e+01 2.156250000000000000e+01 -3.965000000000000000e+02 7.825000000000000000e+01 4.993750000000000000e+01
-1.599999964237213135e-01 -4.199999868869781494e-01 1.378999996185302734e+01 1.737500000000000000e+01 -7.225000000000000000e+01 2.156250000000000000e+01 -4.147500000000000000e+02 6.637500000000000000e+01 3.987500000000000000e+01
-1.230000019073486328e+00 -1.379999995231628418e+00 1.477999973297119141e+01 1.737500000000000000e+01 -7.225000000000000000e+01 2.156250000000000000e+01 -3.960625000000000000e+02 5.137500000000000000e+01 2.900000000000000000e+01
-1.840000033378601074e+00 -1.919999957084655762e+00 1.415999984741210938e+01 1.356250000000000000e+01 -7.537500000000000000e+01 2.187500000000000000e+00 -3.326250000000000000e+02 2.556250000000000000e+01 1.656250000000000000e+01
-1.820000052452087402e+00 -1.909999966621398926e+00 1.131000041961669922e+01 1.356250000000000000e+01 -7.537500000000000000e+01 2.187500000000000000e+00 -2.553750000000000000e+02 1.000000000000000000e+00 3.250000000000000000e+00
-1.799999952316284180e+00 -1.690000057220458984e+00 9.829999923706054688e+00 1.356250000000000000e+01 -7.537500000000000000e+01 2.187500000000000000e+00 -1.879375000000000000e+02 -8.062500000000000000e+00 -9.625000000000000000e+00
-1.809999942779541016e+00 -9.100000262260437012e-01 8.770000457763671875e+00 1.356250000000000000e+01 -7.537500000000000000e+01 2.187500000000000000e+00 -1.334375000000000000e+02 -8.437500000000000000e+00 -1.912500000000000000e+01
-1.299999952316284180e+00 -1.110000014305114746e+00 8.449999809265136719e+00 1.356250000000000000e+01 -7.537500000000000000e+01 2.187500000000000000e+00 -9.500000000000000000e+01 -7.000000000000000000e+00 -2.043750000000000000e+01
-2.800000011920928955e-01 -3.250000000000000000e+00 8.409999847412109375e+00 1.225000000000000000e+01 -7.337500000000000000e+01 -1.418750000000000000e+01 -7.550000000000000000e+01 -5.937500000000000000e+00 -1.193750000000000000e+01
3.999999910593032837e-02 -3.569999933242797852e+00 8.699999809265136719e+00 1.225000000000000000e+01 -7.337500000000000000e+01 -1.418750000000000000e+01 -5.806250000000000000e+01 -5.312500000000000000e+00 -4.937500000000000000e+00
2.899999916553497314e-01 -3.119999885559082031e+00 9.039999961853027344e+00 1.225000000000000000e+01 -7.337500000000000000e+01 -1.418750000000000000e+01 -3.131250000000000000e+01 -8.437500000000000000e+00 -5.500000000000000000e+00
4.099999964237213135e-01 -1.769999980926513672e+00 9.140000343322753906e+00 1.225000000000000000e+01 -7.337500000000000000e+01 -1.418750000000000000e+01 -3.687500000000000000e+00 -1.356250000000000000e+01 -6.625000000000000000e+00
3.400000035762786865e-01 -1.240000009536743164e+00 9.100000381469726562e+00 1.225000000000000000e+01 -7.337500000000000000e+01 -1.418750000000000000e+01 1.593750000000000000e+01 -1.787500000000000000e+01 -6.687500000000000000e+00
3.100000023841857910e-01 -8.999999761581420898e-01 9.159999847412109375e+00 1.337500000000000000e+01 -7.125000000000000000e+01 -2.037500000000000000e+01 2.781250000000000000e+01 -1.943750000000000000e+01 -6.687500000000000000e+00
2.700000107288360596e-01 -7.099999785423278809e-01 9.250000000000000000e+00 1.337500000000000000e+01 -7.125000000000000000e+01 -2.037500000000000000e+01 3.375000000000000000e+01 -1.900000000000000000e+01 -5.437500000000000000e+00
2.099999934434890747e-01 -6.100000143051147461e-01 9.420000076293945312e+00 1.337500000000000000e+01 -7.125000000000000000e+01 -2.037500000000000000e+01 3.631250000000000000e+01 -1.675000000000000000e+01 -3.812500000000000000e+00
2.199999988079071045e-01 -4.600000083446502686e-01 9.500000000000000000e+00 1.337500000000000000e+01 -7.125000000000000000e+01 -2.037500000000000000e+01 3.731250000000000000e+01 -1.406250000000000000e+01 -2.437500000000000000e+00
2.399999946355819702e-01 -3.100000023841857910e-01 9.609999656677246094e+00 1.337500000000000000e+01 -7.125000000000000000e+01 -2.037500000000000000e+01 3.675000000000000000e+01 -1.068750000000000000e+01 -1.750000000000000000e+00
2.899999916553497314e-01 -1.299999952316284180e-01 9.560000419616699219e+00 1.225000000000000000e+01 -7.125000000000000000e+01 -1.887500000000000000e+01 3.387500000000000000e+01 -7.625000000000000000e+00 -1.937500000000000000e+00
3.000000119209289551e-01 0.000000000000000000e+00 9.310000419616699219e+00 1.225000000000000000e+01 -7.125000000000000000e+01 -1.887500000000000000e+01 2.862500000000000000e+01 -4.437500000000000000e+00 -1.562500000000000000e+00
3.300000131130218506e-01 1.400000005960464478e-01 9.310000419616699219e+00 1.225000000000000000e+01 -7.125000000000000000e+01 -1.887500000000000000e+01 2.287500000000000000e+01 -1.937500000000000000e+00 -1.562500000000000000e+00
3.499999940395355225e-01 2.199999988079071045e-01 9.340000152587890625e+00 1.225000000000000000e+01 -7.125000000000000000e+01 -1.887500000000000000e+01 1.718750000000000000e+01 8.125000000000000000e-01 -1.000000000000000000e+00
2.300000041723251343e-01 2.099999934434890747e-01 9.359999656677246094e+00 1.225000000000000000e+01 -7.125000000000000000e+01 -1.887500000000000000e+01 1.050000000000000000e+01 3.500000000000000000e+00 -5.625000000000000000e-01
1.599999964237213135e-01 2.000000029802322388e-01 9.369999885559082031e+00 1.337500000000000000e+01 -7.187500000000000000e+01 -1.737500000000000000e+01 4.250000000000000000e+00 5.375000000000000000e+00 -3.125000000000000000e-01
7.999999821186065674e-02 3.999999910593032837e-02 9.380000114440917969e+00 1.337500000000000000e+01 -7.187500000000000000e+01 -1.737500000000000000e+01 -1.625000000000000000e+00 6.250000000000000000e+00 -1.250000000000000000e-01
2.999999932944774628e-02 -1.400000005960464478e-01 9.420000076293945312e+00 1.337500000000000000e+01 -7.187500000000000000e+01 -1.737500000000000000e+01 -6.875000000000000000e+00 7.062500000000000000e+00 2.500000000000000000e-01
-1.599999964237213135e-01 -4.199999868869781494e-01 9.479999542236328125e+00 1.337500000000000000e+01 -7.187500000000000000e+01 -1.737500000000000000e+01 -1.018750000000000000e+01 6.875000000000000000e+00 7.500000000000000000e-01
-2.300000041723251343e-01 -4.600000083446502686e-01 9.430000305175781250e+00 1.337500000000000000e+01 -7.187500000000000000e+01 -1.737500000000000000e+01 -1.137500000000000000e+01 6.000000000000000000e+00 5.625000000000000000e-01
-3.300000131130218506e-01 -5.600000023841857910e-01 9.430000305175781250e+00 1.218750000000000000e+01 -7.325000000000000000e+01 -1.618750000000000000e+01 -1.043750000000000000e+01 4.812500000000000000e+00 -1.250000000000000000e-01
-3.600000143051147461e-01 -5.899999737739562988e-01 9.409999847412109375e+00 1.218750000000000000e+01 -7.325000000000000000e+01 -1.618750000000000000e+01 -7.875000000000000000e+00 3.687500000000000000e+00 -8.750000000000000000e-01
-3.700000047683715820e-01 -5.000000000000000000e-01 9.399999618530273438e+00 1.218750000000000000e+01 -7.325000000000000000e+01 -1.618750000000000000e+01 -4.812500000000000000e+00 2.500000000000000000e+00 -1.562500000000000000e+00
-3.300000131130218506e-01 -4.900000095367431641e-01 9.420000076293945312e+00 1.218750000000000000e+01 -7.325000000000000000e+01 -1.618750000000000000e+01 -1.437500000000000000e+00 1.500000000000000000e+00 -1.937500000000000000e+00
-3.100000023841857910e-01 -4.099999964237213135e-01 9.399999618530273438e+00 1.218750000000000000e+01 -7.325000000000000000e+01 -1.618750000000000000e+01 2.500000000000000000e+00 4.375000000000000000e-01 -2.125000000000000000e+00
-3.100000023841857910e-01 -4.099999964237213135e-01 9.399999618530273438e+00 1.300000000000000000e+01 -7.318750000000000000e+01 -1.537500000000000000e+01 6.687500000000000000e+00 -6.250000000000000000e-01 -2.187500000000000000e+00
-2.199999988079071045e-01 -2.500000000000000000e-01 9.409999847412109375e+00 1.300000000000000000e+01 -7.318750000000000000e+01 -1.537500000000000000e+01 9.750000000000000000e+00 -1.250000000000000000e+00 -1.875000000000000000e+00
-1.500000059604644775e-01 -1.999999955296516418e-02 9.319999694824218750e+00 1.300000000000000000e+01 -7.318750000000000000e+01 -1.537500000000000000e+01 1.156250000000000000e+01 -1.875000000000000000e+00 -1.437500000000000000e+00
-1.099999994039535522e-01 7.000000029802322388e-02 9.310000419616699219e+00 1.300000000000000000e+01 -7.318750000000000000e+01 -1.537500000000000000e+01 1.218750000000000000e+01 -2.000000000000000000e+00 -8.750000000000000000e-01
-1.999999955296516418e-02 1.099999994039535522e-01 9.430000305175781250e+00 1.300000000000000000e+01 -7.318750000000000000e+01 -1.537500000000000000e+01 1.206250000000000000e+01 -2.000000000000000000e+00 -3.750000000000000000e-01
-1.999999955296516418e-02 1.099999994039535522e-01 9.430000305175781250e+00 1.256250000000000000e+01 -7.268750000000000000e+01 -1.537500000000000000e+01 1.137500000000000000e+01 -2.000000000000000000e+00 -3.125000000000000000e-01
0.000000000000000000e+00 3.100000023841857910e-01 9.359999656677246094e+00 1.256250000000000000e+01 -7.268750000000000000e+01 -1.537500000000000000e+01 9.562500000000000000e+00 -1.937500000000000000e+00 1.875000000000000000e-01
-9.999999776482582092e-03 2.300000041723251343e-01 9.270000457763671875e+00 1.256250000000000000e+01 -7.268750000000000000e+01 -1.537500000000000000e+01 6.812500000000000000e+00 -1.937500000000000000e+00 2.500000000000000000e-01
2.999999932944774628e-02 1.400000005960464478e-01 9.460000038146972656e+00 1.256250000000000000e+01 -7.268750000000000000e+01 -1.537500000000000000e+01 5.312500000000000000e+00 -1.625000000000000000e+00 -1.250000000000000000e-01
7.000000029802322388e-02 1.500000059604644775e-01 9.529999732971191406e+00 1.256250000000000000e+01 -7.268750000000000000e+01 -1.537500000000000000e+01 3.375000000000000000e+00 -7.500000000000000000e-01 -1.875000000000000000e-01
5.999999865889549255e-02 9.000000357627868652e-02 9.520000457763671875e+00 1.218750000000000000e+01 -7.237500000000000000e+01 -1.456250000000000000e+01 6.250000000000000000e-01 -3.125000000000000000e-01 -1.250000000000000000e-01
7.999999821186065674e-02 -5.000000074505805969e-02 9.430000305175781250e+00 1.218750000000000000e+01 -7.237500000000000000e+01 -1.456250000000000000e+01 -2.312500000000000000e+00 -6.250000000000000000e-02 -6.250000000000000000e-02
9.000000357627868652e-02 -1.099999994039535522e-01 9.359999656677246094e+00 1.218750000000000000e+01 -7.237500000000000000e+01 -1.456250000000000000e+01 -4.250000000000000000e+00 1.250000000000000000e-01 0.000000000000000000e+00
7.000000029802322388e-02 -1.700000017881393433e-01 9.380000114440917969e+00 1.218750000000000000e+01 -7.237500000000000000e+01 -1.456250000000000000e+01 -5.000000000000000000e+00 4.375000000000000000e-01 -1.250000000000000000e-01
5.000000074505805969e-02 -2.000000029802322388e-01 9.409999847412109375e+00 1.218750000000000000e+01 -7.237500000000000000e+01 -1.456250000000000000e+01 -5.062500000000000000e+00 4.375000000000000000e-01 -1.875000000000000000e-01
5.000000074505805969e-02 -2.000000029802322388e-01 9.409999847412109375e+00 1.256250000000000000e+01 -7.237500000000000000e+01 -1.537500000000000000e+01 -5.437500000000000000e+00 3.750000000000000000e-01 -1.250000000000000000e-01
-5.000000074505805969e-02 -2.300000041723251343e-01 9.380000114440917969e+00 1.256250000000000000e+01 -7.237500000000000000e+01 -1.537500000000000000e+01 -5.812500000000000000e+00 1.875000000000000000e-01 -2.500000000000000000e-01
-7.000000029802322388e-02 -3.100000023841857910e-01 9.329999923706054688e+00 1.256250000000000000e+01 -7.237500000000000000e+01 -1.537500000000000000e+01 -5.937500000000000000e+00 -2.500000000000000000e-01 0.000000000000000000e+00
-3.999999910593032837e-02 -3.700000047683715820e-01 9.399999618530273438e+00 1.256250000000000000e+01 -7.237500000000000000e+01 -1.537500000000000000e+01 -5.375000000000000000e+00 -6.250000000000000000e-02 6.250000000000000000e-02
0.000000000000000000e+00 -4.199999868869781494e-01 9.449999809265136719e+00 1.256250000000000000e+01 -7.237500000000000000e+01 -1.537500000000000000e+01 -3.625000000000000000e+00 3.125000000000000000e-01 -1.250000000000000000e-01
0.000000000000000000e+00 -4.199999868869781494e-01 9.449999809265136719e+00 1.325000000000000000e+01 -7.306250000000000000e+01 -1.618750000000000000e+01 -1.812500000000000000e+00 5.625000000000000000e-01 -3.125000000000000000e-01
0.000000000000000000e+00 -4.099999964237213135e-01 9.420000076293945312e+00 1.325000000000000000e+01 -7.306250000000000000e+01 -1.618750000000000000e+01 -1.000000000000000000e+00 4.375000000000000000e-01 -3.750000000000000000e-01
0.000000000000000000e+00 -3.499999940395355225e-01 9.359999656677246094e+00 1.325000000000000000e+01 -7.306250000000000000e+01 -1.618750000000000000e+01 -8.750000000000000000e-01 6.250000000000000000e-01 -3.750000000000000000e-01
-1.999999955296516418e-02 -3.799999952316284180e-01 9.390000343322753906e+00 1.325000000000000000e+01 -7.306250000000000000e+01 -1.618750000000000000e+01 -9.375000000000000000e-01 6.875000000000000000e-01 -2.500000000000000000e-01
-1.999999955296516418e-02 -3.499999940395355225e-01 9.369999885559082031e+00 1.325000000000000000e+01 -7.306250000000000000e+01 -1.618750000000000000e+01 -4.375000000000000000e-01 5.625000000000000000e-01 -3.750000000000000000e-01
-2.999999932944774628e-02 -3.000000119209289551e-01 9.380000114440917969e+00 1.368750000000000000e+01 -7.200000000000000000e+01 -1.668750000000000000e+01 -1.875000000000000000e-01 6.250000000000000000e-01 -6.250000000000000000e-01
-5.000000074505805969e-02 -2.500000000000000000e-01 9.420000076293945312e+00 1.368750000000000000e+01 -7.200000000000000000e+01 -1.668750000000000000e+01 -5.000000000000000000e-01 4.375000000000000000e-01 -6.875000000000000000e-01
-7.000000029802322388e-02 -2.199999988079071045e-01 9.390000343322753906e+00 1.368750000000000000e+01 -7.200000000000000000e+01 -1.668750000000000000e+01 -1.125000000000000000e+00 3.125000000000000000e-01 -6.875000000000000000e-01
