-4.300000071525573730e-01 -6.700000166893005371e-01 9.350000381469726562e+00 9.250000000000000000e+00 -6.568750000000000000e+01 -1.987500000000000000e+01 1.250000000000000000e+01 3.750000000000000000e-01 1.125000000000000000e+00
-4.300000071525573730e-01 -6.200000047683715820e-01 9.399999618530273438e+00 9.250000000000000000e+00 -6.568750000000000000e+01 -1.987500000000000000e+01 1.925000000000000000e+01 -1.875000000000000000e-01 1.500000000000000000e+00
-4.900000095367431641e-01 -4.799999892711639404e-01 9.539999961853027344e+00 9.250000000000000000e+00 -6.568750000000000000e+01 -1.987500000000000000e+01 2.931250000000000000e+01 -1.125000000000000000e+00 2.187500000000000000e+00
-5.299999713897705078e-01 -7.099999785423278809e-01 9.460000038146972656e+00 9.250000000000000000e+00 -6.568750000000000000e+01 -1.987500000000000000e+01 4.418750000000000000e+01 -2.562500000000000000e+00 3.125000000000000000e+00
-9.499999880790710449e-01 -7.200000286102294922e-01 9.930000305175781250e+00 1.037500000000000000e+01 -6.456250000000000000e+01 -1.868750000000000000e+01 6.362500000000000000e+01 -4.125000000000000000e+00 2.875000000000000000e+00
-8.600000143051147461e-01 -6.200000047683715820e-01 9.949999809265136719e+00 1.037500000000000000e+01 -6.456250000000000000e+01 -1.868750000000000000e+01 8.743750000000000000e+01 -7.687500000000000000e+00 3.125000000000000000e+00
-1.009999990463256836e+00 -6.399999856948852539e-01 1.048999977111816406e+01 1.037500000000000000e+01 -6.456250000000000000e+01 -1.868750000000000000e+01 1.140625000000000000e+02 -1.068750000000000000e+01 3.750000000000000000e+00
-1.059999942779541016e+00 -6.800000071525573730e-01 1.092000007629394531e+01 1.037500000000000000e+01 -6.456250000000000000e+01 -1.868750000000000000e+01 1.430000000000000000e+02 -1.337500000000000000e+01 6.375000000000000000e+00
-9.499999880790710449e-01 -5.400000214576721191e-01 1.173999977111816406e+01 1.037500000000000000e+01 -6.456250000000000000e+01 -1.868750000000000000e+01 1.776875000000000000e+02 -1.550000000000000000e+01 1.175000000000000000e+01
-9.300000071525573730e-01 -2.099999934434890747e-01 1.209000015258789062e+01 8.562500000000000000e+00 -6.568750000000000000e+01 -1.587500000000000000e+01 2.178125000000000000e+02 -1.843750000000000000e+01 1.806250000000000000e+01
-1.090000033378601074e+00 -5.600000023841857910e-01 1.226000022888183594e+01 8.562500000000000000e+00 -6.568750000000000000e+01 -1.587500000000000000e+01 2.616250000000000000e+02 -2.618750000000000000e+01 2.375000000000000000e+01
-6.000000238418579102e-01 -1.620000004768371582e+00 1.197999954223632812e+01 8.562500000000000000e+00 -6.568750000000000000e+01 -1.587500000000000000e+01 3.048750000000000000e+02 -3.587500000000000000e+01 2.581250000000000000e+01
-4.499999880790710449e-01 -1.470000028610229492e+00 1.090999984741210938e+01 8.562500000000000000e+00 -6.568750000000000000e+01 -1.587500000000000000e+01 3.393750000000000000e+02 -4.437500000000000000e+01 2.200000000000000000e+01
-2.500000000000000000e-01 -8.399999737739562988e-01 9.949999809265136719e+00 8.562500000000000000e+00 -6.568750000000000000e+01 -1.587500000000000000e+01 3.621250000000000000e+02 -4.987500000000000000e+01 1.331250000000000000e+01
-2.500000000000000000e-01 -8.399999737739562988e-01 9.949999809265136719e+00 8.562500000000000000e+00 -6.937500000000000000e+01 -7.375000000000000000e+00 3.701250000000000000e+02 -5.418750000000000000e+01 2.062500000000000000e+00
-3.999999910593032837e-02 -1.999999955296516418e-02 8.819999694824218750e+00 8.562500000000000000e+00 -6.937500000000000000e+01 -7.375000000000000000e+00 3.628750000000000000e+02 -5.393750000000000000e+01 -1.031250000000000000e+01
3.100000023841857910e-01 2.119999885559082031e+00 6.570000171661376953e+00 8.562500000000000000e+00 -6.937500000000000000e+01 -7.375000000000000000e+00 3.403750000000000000e+02 -4.881250000000000000e+01 -2.225000000000000000e+01
6.800000071525573730e-01 2.710000038146972656e+00 5.880000114440917969e+00 8.562500000000000000e+00 -6.937500000000000000e+01 -7.375000000000000000e+00 3.009375000000000000e+02 -4.075000000000000000e+01 -3.268750000000000000e+01
8.100000023841857910e-01 3.380000114440917969e+00 4.989999771118164062e+00 8.562500000000000000e+00 -6.937500000000000000e+01 -7.375000000000000000e+00 2.486875000000000000e+02 -2.787500000000000000e+01 -4.212500000000000000e+01
9.800000190734863281e-01 4.599999904632568359e+00 3.559999942779541016e+00 7.750000000000000000e+00 -7.006250000000000000e+01 1.425000000000000000e+01 1.944375000000000000e+02 -1.493750000000000000e+01 -5.106250000000000000e+01
1.460000038146972656e+00 5.980000019073486328e+00 3.400000095367431641e+00 7.750000000000000000e+00 -7.006250000000000000e+01 1.425000000000000000e+01 1.426250000000000000e+02 -7.500000000000000000e-01 -5.412500000000000000e+01
1.200000047683715820e+00 7.659999847412109375e+00 3.700000047683715820e+00 7.750000000000000000e+00 -7.006250000000000000e+01 1.425000000000000000e+01 1.002500000000000000e+02 1.018750000000000000e+01 -5.237500000000000000e+01
1.299999952316284180e+00 9.109999656677246094e+00 3.900000095367431641e+00 7.750000000000000000e+00 -7.006250000000000000e+01 1.425000000000000000e+01 7.400000000000000000e+01 1.706250000000000000e+01 -4.337500000000000000e+01
8.700000047683715820e-01 1.075000000000000000e+01 4.989999771118164062e+00 7.750000000000000000e+00 -7.006250000000000000e+01 1.425000000000000000e+01 5.462500000000000000e+01 2.112500000000000000e+01 -3.062500000000000000e+01
7.500000000000000000e-01 1.063000011444091797e+01 5.090000152587890625e+00 1.225000000000000000e+01 -6.275000000000000000e+01 3.118750000000000000e+01 3.556250000000000000e+01 2.250000000000000000e+01 -1.831250000000000000e+01
3.700000047683715820e-01 8.640000343322753906e+00 5.400000095367431641e+00 1.225000000000000000e+01 -6.275000000000000000e+01 3.118750000000000000e+01 1.268750000000000000e+01 2.418750000000000000e+01 -1.206250000000000000e+01
9.000000357627868652e-02 7.360000133514404297e+00 5.869999885559082031e+00 1.225000000000000000e+01 -6.275000000000000000e+01 3.118750000000000000e+01 -1.225000000000000000e+01 2.462500000000000000e+01 -1.181250000000000000e+01
-3.100000023841857910e-01 6.889999866485595703e+00 6.139999866485595703e+00 1.225000000000000000e+01 -6.275000000000000000e+01 3.118750000000000000e+01 -3.100000000000000000e+01 2.625000000000000000e+01 -1.187500000000000000e+01
-4.699999988079071045e-01 6.860000133514404297e+00 6.400000095367431641e+00 1.225000000000000000e+01 -6.275000000000000000e+01 3.118750000000000000e+01 -4.425000000000000000e+01 2.731250000000000000e+01 -1.075000000000000000e+01
-5.500000119209289551e-01 6.659999847412109375e+00 6.719999790191650391e+00 1.225000000000000000e+01 -6.006250000000000000e+01 3.306250000000000000e+01 -5.093750000000000000e+01 2.643750000000000000e+01 -9.937500000000000000e+00
-7.500000000000000000e-01 6.409999847412109375e+00 7.369999885559082031e+00 1.225000000000000000e+01 -6.006250000000000000e+01 3.306250000000000000e+01 -5.250000000000000000e+01 2.431250000000000000e+01 -8.250000000000000000e+00
-7.900000214576721191e-01 6.179999828338623047e+00 7.630000114440917969e+00 1.225000000000000000e+01 -6.006250000000000000e+01 3.306250000000000000e+01 -4.968750000000000000e+01 2.081250000000000000e+01 -6.750000000000000000e+00
-9.300000071525573730e-01 6.039999961853027344e+00 7.840000152587890625e+00 1.225000000000000000e+01 -6.006250000000000000e+01 3.306250000000000000e+01 -4.187500000000000000e+01 1.643750000000000000e+01 -5.625000000000000000e+00
-9.499999880790710449e-01 5.739999771118164062e+00 8.029999732971191406e+00 1.225000000000000000e+01 -6.006250000000000000e+01 3.306250000000000000e+01 -3.187500000000000000e+01 1.256250000000000000e+01 -4.562500000000000000e+00
-1.000000000000000000e+00 5.539999961853027344e+00 7.969999790191650391e+00 1.187500000000000000e+01 -6.137500000000000000e+01 3.037500000000000000e+01 -2.237500000000000000e+01 9.062500000000000000e+00 -2.562500000000000000e+00
-9.700000286102294922e-01 5.440000057220458984e+00 7.800000190734863281e+00 1.187500000000000000e+01 -6.137500000000000000e+01 3.037500000000000000e+01 -1.481250000000000000e+01 6.500000000000000000e+00 1.250000000000000000e-01
-8.299999833106994629e-01 5.309999942779541016e+00 7.739999771118164062e+00 1.187500000000000000e+01 -6.137500000000000000e+01 3.037500000000000000e+01 -7.875000000000000000e+00 4.187500000000000000e+00 1.812500000000000000e+00
-6.800000071525573730e-01 5.230000019073486328e+00 7.650000095367431641e+00 1.187500000000000000e+01 -6.137500000000000000e+01 3.037500000000000000e+01 -2.437500000000000000e+00 1.625000000000000000e+00 2.250000000000000000e+00
-4.900000095367431641e-01 5.530000209808349609e+00 7.289999961853027344e+00 1.187500000000000000e+01 -6.137500000000000000e+01 3.037500000000000000e+01 -6.250000000000000000e-01 1.875000000000000000e-01 2.437500000000000000e+00
-4.099999964237213135e-01 5.670000076293945312e+00 7.110000133514404297e+00 1.156250000000000000e+01 -6.250000000000000000e+01 2.800000000000000000e+01 -3.937500000000000000e+00 -5.000000000000000000e-01 2.812500000000000000e+00
-3.400000035762786865e-01 5.980000019073486328e+00 6.949999809265136719e+00 1.156250000000000000e+01 -6.250000000000000000e+01 2.800000000000000000e+01 -1.425000000000000000e+01 5.000000000000000000e-01 3.937500000000000000e+00
-2.300000041723251343e-01 6.239999771118164062e+00 6.699999809265136719e+00 1.156250000000000000e+01 -6.250000000000000000e+01 2.800000000000000000e+01 -3.150000000000000000e+01 2.750000000000000000e+00 5.875000000000000000e+00
-7.999999821186065674e-02 6.650000095367431641e+00 6.199999809265136719e+00 1.156250000000000000e+01 -6.250000000000000000e+01 2.800000000000000000e+01 -5.381250000000000000e+01 6.125000000000000000e+00 8.500000000000000000e+00
-1.299999952316284180e-01 6.829999923706054688e+00 5.980000019073486328e+00 1.156250000000000000e+01 -6.250000000000000000e+01 2.800000000000000000e+01 -7.806250000000000000e+01 1.081250000000000000e+01 1.243750000000000000e+01
-5.000000074505805969e-02 6.670000076293945312e+00 6.079999923706054688e+00 1.118750000000000000e+01 -6.287500000000000000e+01 2.668750000000000000e+01 -1.021875000000000000e+02 1.537500000000000000e+01 1.525000000000000000e+01
-7.000000029802322388e-02 6.119999885559082031e+00 6.570000171661376953e+00 1.118750000000000000e+01 -6.287500000000000000e+01 2.668750000000000000e+01 -1.273750000000000000e+02 1.900000000000000000e+01 1.681250000000000000e+01
-7.000000029802322388e-02 5.900000095367431641e+00 6.789999961853027344e+00 1.118750000000000000e+01 -6.287500000000000000e+01 2.668750000000000000e+01 -1.559375000000000000e+02 2.143750000000000000e+01 1.831250000000000000e+01
-1.199999973177909851e-01 5.420000076293945312e+00 6.900000095367431641e+00 1.118750000000000000e+01 -6.287500000000000000e+01 2.668750000000000000e+01 -1.875625000000000000e+02 2.325000000000000000e+01 1.881250000000000000e+01
-1.400000005960464478e-01 5.010000228881835938e+00 7.039999961853027344e+00 1.118750000000000000e+01 -6.287500000000000000e+01 2.668750000000000000e+01 -2.213125000000000000e+02 2.350000000000000000e+01 1.893750000000000000e+01
-4.799999892711639404e-01 4.500000000000000000e+00 7.239999771118164062e+00 1.037500000000000000e+01 -6.537500000000000000e+01 2.106250000000000000e+01 -2.512500000000000000e+02 2.187500000000000000e+01 1.687500000000000000e+01
-5.400000214576721191e-01 4.300000190734863281e+00 7.489999771118164062e+00 1.037500000000000000e+01 -6.537500000000000000e+01 2.106250000000000000e+01 -2.749375000000000000e+02 2.100000000000000000e+01 1.525000000000000000e+01
-8.100000023841857910e-01 4.099999904632568359e+00 7.739999771118164062e+00 1.037500000000000000e+01 -6.537500000000000000e+01 2.106250000000000000e+01 -2.896875000000000000e+02 2.168750000000000000e+01 1.543750000000000000e+01
-8.500000238418579102e-01 2.420000076293945312e+00 9.159999847412109375e+00 1.037500000000000000e+01 -6.537500000000000000e+01 2.106250000000000000e+01 -2.965000000000000000e+02 2.031250000000000000e+01 1.475000000000000000e+01
-9.100000262260437012e-01 1.789999961853027344e+00 9.770000457763671875e+00 1.037500000000000000e+01 -6.537500000000000000e+01 2.106250000000000000e+01 -2.918125000000000000e+02 1.600000000000000000e+01 1.262500000000000000e+01
-1.019999980926513672e+00 1.059999942779541016e+00 1.032999992370605469e+01 1.006250000000000000e+01 -6.950000000000000000e+01 7.000000000000000000e+00 -2.788750000000000000e+02 1.062500000000000000e+01 9.750000000000000000e+00
-1.029999971389770508e+00 9.599999785423278809e-01 1.056999969482421875e+01 1.006250000000000000e+01 -6.950000000000000000e+01 7.000000000000000000e+00 -2.575625000000000000e+02 4.250000000000000000e+00 9.312500000000000000e+00
-1.230000019073486328e+00 -9.000000357627868652e-02 1.168999958038330078e+01 1.006250000000000000e+01 -6.950000000000000000e+01 7.000000000000000000e+00 -2.193750000000000000e+02 -7.000000000000000000e+00 8.250000000000000000e+00
-1.220000028610229492e+00 -5.600000023841857910e-01 1.121000003814697266e+01 1.006250000000000000e+01 -6.950000000000000000e+01 7.000000000000000000e+00 -1.665000000000000000e+02 -1.606250000000000000e+01 6.062500000000000000e+00
-1.149999976158142090e+00 -8.799999952316284180e-01 1.077999973297119141e+01 1.006250000000000000e+01 -6.950000000000000000e+01 7.000000000000000000e+00 -1.136875000000000000e+02 -1.937500000000000000e+01 2.875000000000000000e+00
-1.149999976158142090e+00 -1.289999961853027344e+00 1.018000030517578125e+01 8.875000000000000000e+00 -6.906250000000000000e+01 -8.562500000000000000e+00 -7.037500000000000000e+01 -1.831250000000000000e+01 1.625000000000000000e+00
-1.080000042915344238e+00 -1.769999980926513672e+00 9.510000228881835938e+00 8.875000000000000000e+00 -6.906250000000000000e+01 -8.562500000000000000e+00 -3.856250000000000000e+01 -1.568750000000000000e+01 3.000000000000000000e+00
-7.400000095367431641e-01 -2.029999971389770508e+00 9.329999923706054688e+00 8.875000000000000000e+00 -6.906250000000000000e+01 -8.562500000000000000e+00 -1.450000000000000000e+01 -1.400000000000000000e+01 2.312500000000000000e+00
-4.199999868869781494e-01 -1.769999980926513672e+00 9.270000457763671875e+00 8.875000000000000000e+00 -6.906250000000000000e+01 -8.562500000000000000e+00 6.437500000000000000e+00 -1.356250000000000000e+01 -5.625000000000000000e-01
-2.999999932944774628e-02 -7.099999785423278809e-01 9.329999923706054688e+00 8.875000000000000000e+00 -6.906250000000000000e+01 -8.562500000000000000e+00 2.143750000000000000e+01 -1.356250000000000000e+01 -2.562500000000000000e+00
1.500000059604644775e-01 -1.099999994039535522e-01 9.319999694824218750e+00 8.875000000000000000e+00 -6.906250000000000000e+01 -8.562500000000000000e+00 2.618750000000000000e+01 -1.400000000000000000e+01 -2.375000000000000000e+00
2.099999934434890747e-01 3.700000047683715820e-01 9.220000267028808594e+00 8.500000000000000000e+00 -6.700000000000000000e+01 -1.350000000000000000e+01 2.243750000000000000e+01 -1.300000000000000000e+01 -1.750000000000000000e+00
2.199999988079071045e-01 9.100000262260437012e-01 9.149999618530273438e+00 8.500000000000000000e+00 -6.700000000000000000e+01 -1.350000000000000000e+01 1.443750000000000000e+01 -1.093750000000000000e+01 -6.250000000000000000e-01
1.299999952316284180e-01 1.389999985694885254e+00 9.119999885559082031e+00 8.500000000000000000e+00 -6.700000000000000000e+01 -1.350000000000000000e+01 5.875000000000000000e+00 -8.187500000000000000e+00 -1.250000000000000000e-01
3.999999910593032837e-02 1.460000038146972656e+00 9.260000228881835938e+00 8.500000000000000000e+00 -6.700000000000000000e+01 -1.350000000000000000e+01 -1.500000000000000000e+00 -4.687500000000000000e+00 -5.000000000000000000e-01
-5.999999865889549255e-02 1.379999995231628418e+00 9.300000190734863281e+00 8.500000000000000000e+00 -6.775000000000000000e+01 -1.275000000000000000e+01 -7.687500000000000000e+00 -1.500000000000000000e+00 -9.375000000000000000e-01
-1.500000059604644775e-01 1.169999957084655762e+00 9.409999847412109375e+00 8.500000000000000000e+00 -6.775000000000000000e+01 -1.275000000000000000e+01 -1.300000000000000000e+01 1.312500000000000000e+00 -1.000000000000000000e+00
-2.700000107288360596e-01 6.100000143051147461e-01 9.579999923706054688e+00 8.500000000000000000e+00 -6.775000000000000000e+01 -1.275000000000000000e+01 -1.781250000000000000e+01 3.625000000000000000e+00 -1.250000000000000000e+00
-3.100000023841857910e-01 5.099999904632568359e-01 9.539999961853027344e+00 8.500000000000000000e+00 -6.775000000000000000e+01 -1.275000000000000000e+01 -2.137500000000000000e+01 5.437500000000000000e+00 -1.687500000000000000e+00
-3.600000143051147461e-01 4.499999880790710449e-01 9.479999542236328125e+00 8.500000000000000000e+00 -6.775000000000000000e+01 -1.275000000000000000e+01 -2.306250000000000000e+01 5.937500000000000000e+00 -2.062500000000000000e+00
-3.199999928474426270e-01 1.800000071525573730e-01 9.350000381469726562e+00 8.500000000000000000e+00 -6.775000000000000000e+01 -1.275000000000000000e+01 -2.231250000000000000e+01 6.125000000000000000e+00 -2.562500000000000000e+00
-3.700000047683715820e-01 1.599999964237213135e-01 9.380000114440917969e+00 8.750000000000000000e+00 -6.700000000000000000e+01 -1.318750000000000000e+01 -2.037500000000000000e+01 5.562500000000000000e+00 -2.812500000000000000e+00
-4.199999868869781494e-01 2.000000029802322388e-01 9.350000381469726562e+00 8.750000000000000000e+00 -6.700000000000000000e+01 -1.318750000000000000e+01 -1.831250000000000000e+01 4.187500000000000000e+00 -3.187500000000000000e+00
-4.799999892711639404e-01 1.400000005960464478e-01 9.319999694824218750e+00 8.750000000000000000e+00 -6.700000000000000000e+01 -1.318750000000000000e+01 -1.681250000000000000e+01 2.625000000000000000e+00 -3.062500000000000000e+00
-4.799999892711639404e-01 0.000000000000000000e+00 9.409999847412109375e+00 8.750000000000000000e+00 -6.700000000000000000e+01 -1.318750000000000000e+01 -1.493750000000000000e+01 1.187500000000000000e+00 -2.875000000000000000e+00
-5.899999737739562988e-01 -1.999999955296516418e-02 9.420000076293945312e+00 8.062500000000000000e+00 -6.737500000000000000e+01 -1.475000000000000000e+01 -1.287500000000000000e+01 -6.250000000000000000e-01 -2.562500000000000000e+00
-7.300000190734863281e-01 2.199999988079071045e-01 9.329999923706054688e+00 8.062500000000000000e+00 -6.737500000000000000e+01 -1.475000000000000000e+01 -1.150000000000000000e+01 -2.187500000000000000e+00 -1.875000000000000000e+00
-8.000000119209289551e-01 2.000000029802322388e-01 9.229999542236328125e+00 8.062500000000000000e+00 -6.737500000000000000e+01 -1.475000000000000000e+01 -8.937500000000000000e+00 -2.250000000000000000e+00 -1.250000000000000000e+00
-6.700000166893005371e-01 -1.299999952316284180e-01 9.430000305175781250e+00 8.062500000000000000e+00 -6.737500000000000000e+01 -1.475000000000000000e+01 -4.500000000000000000e+00 -2.187500000000000000e+00 -1.250000000000000000e+00
-6.200000047683715820e-01 -1.099999994039535522e-01 9.560000419616699219e+00 8.062500000000000000e+00 -6.737500000000000000e+01 -1.475000000000000000e+01 -3.125000000000000000e-01 -2.375000000000000000e+00 -1.750000000000000000e+00
-5.699999928474426270e-01 -1.999999955296516418e-02 9.579999923706054688e+00 8.062500000000000000e+00 -6.737500000000000000e+01 -1.475000000000000000e+01 2.375000000000000000e+00 -2.625000000000000000e+00 -1.750000000000000000e+00
-4.499999880790710449e-01 4.099999964237213135e-01 9.300000190734863281e+00 8.500000000000000000e+00 -6.737500000000000000e+01 -1.400000000000000000e+01 2.812500000000000000e+00 -3.062500000000000000e+00 -1.562500000000000000e+00
-3.899999856948852539e-01 4.799999892711639404e-01 9.159999847412109375e+00 8.500000000000000000e+00 -6.737500000000000000e+01 -1.400000000000000000e+01 1.437500000000000000e+00 -3.125000000000000000e+00 -9.375000000000000000e-01
-2.899999916553497314e-01 4.300000071525573730e-01 9.199999809265136719e+00 8.500000000000000000e+00 -6.737500000000000000e+01 -1.400000000000000000e+01 6.250000000000000000e-01 -2.250000000000000000e+00 -4.375000000000000000e-01
-2.300000041723251343e-01 3.799999952316284180e-01 9.329999923706054688e+00 8.500000000000000000e+00 -6.737500000000000000e+01 -1.400000000000000000e+01 5.000000000000000000e-01 -1.500000000000000000e+00 -4.375000000000000000e-01
-2.000000029802322388e-01 4.499999880790710449e-01 9.500000000000000000e+00 8.750000000000000000e+00 -6.700000000000000000e+01 -1.475000000000000000e+01 -7.500000000000000000e-01 -1.187500000000000000e+00 -3.750000000000000000e-01
-2.099999934434890747e-01 4.699999988079071045e-01 9.460000038146972656e+00 8.750000000000000000e+00 -6.700000000000000000e+01 -1.475000000000000000e+01 -3.562500000000000000e+00 -1.500000000000000000e+00 6.250000000000000000e-02
-3.199999928474426270e-01 5.600000023841857910e-01 9.359999656677246094e+00 8.750000000000000000e+00 -6.700000000000000000e+01 -1.475000000000000000e+01 -6.437500000000000000e+00 -1.500000000000000000e+00 6.875000000000000000e-01
-3.600000143051147461e-01 4.699999988079071045e-01 9.260000228881835938e+00 8.750000000000000000e+00 -6.700000000000000000e+01 -1.475000000000000000e+01 -8.187500000000000000e+00 -1.125000000000000000e+00 9.375000000000000000e-01
-3.400000035762786865e-01 1.800000071525573730e-01 9.460000038146972656e+00 8.750000000000000000e+00 -6.700000000000000000e+01 -1.475000000000000000e+01 -8.125000000000000000e+00 -5.625000000000000000e-01 8.125000000000000000e-01
-3.000000119209289551e-01 7.999999821186065674e-02 9.539999961853027344e+00 8.750000000000000000e+00 -6.700000000000000000e+01 -1.475000000000000000e+01 -7.937500000000000000e+00 -6.250000000000000000e-02 1.875000000000000000e-01
-3.000000119209289551e-01 0.000000000000000000e+00 9.590000152587890625e+00 8.750000000000000000e+00 -6.700000000000000000e+01 -1.518750000000000000e+01 -8.062500000000000000e+00 -1.875000000000000000e-01 -1.875000000000000000e-01
-3.100000023841857910e-01 1.999999955296516418e-02 9.460000038146972656e+00 8.750000000000000000e+00 -6.700000000000000000e+01 -1.518750000000000000e+01 -8.125000000000000000e+00 -6.250000000000000000e-01 -3.750000000000000000e-01
-3.600000143051147461e-01 2.000000029802322388e-01 9.329999923706054688e+00 8.750000000000000000e+00 -6.700000000000000000e+01 -1.518750000000000000e+01 -8.937500000000000000e+00 -1.125000000000000000e+00 -5.625000000000000000e-01
-4.499999880790710449e-01 2.300000041723251343e-01 9.220000267028808594e+00 8.750000000000000000e+00 -6.700000000000000000e+01 -1.518750000000000000e+01 -1.006250000000000000e+01 -1.750000000000000000e+00 0.000000000000000000e+00
-3.700000047683715820e-01 1.000000014901161194e-01 9.210000038146972656e+00 8.750000000000000000e+00 -6.700000000000000000e+01 -1.518750000000000000e+01 -9.500000000000000000e+00 -1.562500000000000000e+00 1.250000000000000000e-01
