0.000000000000000000e+00 -3.400000035762786865e-01 9.409999847412109375e+00 1.300000000000000000e+01 -7.350000000000000000e+01 -1.587500000000000000e+01 6.250000000000000000e-01 1.750000000000000000e+00 -6.250000000000000000e-02
-2.999999932944774628e-02 -2.700000107288360596e-01 9.409999847412109375e+00 1.368750000000000000e+01 -7.300000000000000000e+01 -1.500000000000000000e+01 7.500000000000000000e-01 1.437500000000000000e+00 -1.250000000000000000e-01
-5.000000074505805969e-02 -2.599999904632568359e-01 9.420000076293945312e+00 1.368750000000000000e+01 -7.300000000000000000e+01 -1.500000000000000000e+01 7.500000000000000000e-01 1.500000000000000000e+00 -6.250000000000000000e-02
-2.999999932944774628e-02 -2.700000107288360596e-01 9.390000343322753906e+00 1.368750000000000000e+01 -7.300000000000000000e+01 -1.500000000000000000e+01 6.250000000000000000e-01 1.187500000000000000e+00 1.250000000000000000e-01
-1.999999955296516418e-02 -3.300000131130218506e-01 9.369999885559082031e+00 1.368750000000000000e+01 -7.300000000000000000e+01 -1.500000000000000000e+01 1.062500000000000000e+00 9.375000000000000000e-01 -1.250000000000000000e-01
-1.999999955296516418e-02 -3.199999928474426270e-01 9.380000114440917969e+00 1.368750000000000000e+01 -7.300000000000000000e+01 -1.500000000000000000e+01 1.812500000000000000e+00 7.500000000000000000e-01 -6.250000000000000000e-02
-2.999999932944774628e-02 -3.300000131130218506e-01 9.449999809265136719e+00 1.300000000000000000e+01 -7.256250000000000000e+01 -1.587500000000000000e+01 2.437500000000000000e+00 5.000000000000000000e-01 -3.750000000000000000e-01
-9.999999776482582092e-03 -2.800000011920928955e-01 9.439999580383300781e+00 1.300000000000000000e+01 -7.256250000000000000e+01 -1.587500000000000000e+01 2.312500000000000000e+00 5.625000000000000000e-01 -2.500000000000000000e-01
0.000000000000000000e+00 -2.500000000000000000e-01 9.409999847412109375e+00 1.300000000000000000e+01 -7.256250000000000000e+01 -1.587500000000000000e+01 2.062500000000000000e+00 4.375000000000000000e-01 -1.250000000000000000e-01
0.000000000000000000e+00 -2.300000041723251343e-01 9.359999656677246094e+00 1.300000000000000000e+01 -7.256250000000000000e+01 -1.587500000000000000e+01 1.375000000000000000e+00 5.625000000000000000e-01 -6.250000000000000000e-02
0.000000000000000000e+00 -2.000000029802322388e-01 9.390000343322753906e+00 1.300000000000000000e+01 -7.256250000000000000e+01 -1.587500000000000000e+01 3.125000000000000000e-01 5.625000000000000000e-01 1.250000000000000000e-01
-1.999999955296516418e-02 -2.000000029802322388e-01 9.430000305175781250e+00 1.325000000000000000e+01 -7.256250000000000000e+01 -1.587500000000000000e+01 -8.125000000000000000e-01 3.750000000000000000e-01 1.875000000000000000e-01
-2.999999932944774628e-02 -1.899999976158142090e-01 9.439999580383300781e+00 1.325000000000000000e+01 -7.256250000000000000e+01 -1.587500000000000000e+01 -1.375000000000000000e+00 -1.875000000000000000e-01 3.750000000000000000e-01
-1.999999955296516418e-02 -2.000000029802322388e-01 9.369999885559082031e+00 1.325000000000000000e+01 -7.256250000000000000e+01 -1.587500000000000000e+01 -7.500000000000000000e-01 -6.875000000000000000e-01 5.625000000000000000e-01
-7.999999821186065674e-02 -3.100000023841857910e-01 9.439999580383300781e+00 1.325000000000000000e+01 -7.256250000000000000e+01 -1.587500000000000000e+01 2.625000000000000000e+00 -2.000000000000000000e+00 5.625000000000000000e-01
-7.999999821186065674e-02 -4.499999880790710449e-01 9.640000343322753906e+00 1.325000000000000000e+01 -7.256250000000000000e+01 -1.587500000000000000e+01 7.250000000000000000e+00 -4.375000000000000000e+00 3.125000000000000000e-01
-3.999999910593032837e-02 -6.100000143051147461e-01 9.960000038146972656e+00 1.325000000000000000e+01 -7.150000000000000000e+01 -1.587500000000000000e+01 1.112500000000000000e+01 -8.187500000000000000e+00 5.625000000000000000e-01
3.999999910593032837e-02 -6.700000166893005371e-01 1.000000000000000000e+01 1.325000000000000000e+01 -7.150000000000000000e+01 -1.587500000000000000e+01 1.262500000000000000e+01 -1.356250000000000000e+01 0.000000000000000000e+00
2.999999932944774628e-02 -5.600000023841857910e-01 1.006000041961669922e+01 1.325000000000000000e+01 -7.150000000000000000e+01 -1.587500000000000000e+01 1.268750000000000000e+01 -2.068750000000000000e+01 -6.250000000000000000e-02
-3.999999910593032837e-02 -5.999999865889549255e-02 1.052000045776367188e+01 1.325000000000000000e+01 -7.150000000000000000e+01 -1.587500000000000000e+01 9.125000000000000000e+00 -3.106250000000000000e+01 4.375000000000000000e-01
-2.999999932944774628e-02 3.999999910593032837e-02 1.064000034332275391e+01 1.325000000000000000e+01 -7.150000000000000000e+01 -1.587500000000000000e+01 1.625000000000000000e+00 -4.406250000000000000e+01 1.750000000000000000e+00
-1.199999973177909851e-01 1.800000071525573730e-01 1.093000030517578125e+01 1.175000000000000000e+01 -7.256250000000000000e+01 -1.537500000000000000e+01 -7.875000000000000000e+00 -5.981250000000000000e+01 4.375000000000000000e+00
-2.399999946355819702e-01 4.600000083446502686e-01 1.215999984741210938e+01 1.175000000000000000e+01 -7.256250000000000000e+01 -1.537500000000000000e+01 -2.056250000000000000e+01 -8.500000000000000000e+01 8.687500000000000000e+00
-1.500000059604644775e-01 9.700000286102294922e-01 1.344999980926513672e+01 1.175000000000000000e+01 -7.256250000000000000e+01 -1.537500000000000000e+01 -2.781250000000000000e+01 -1.160625000000000000e+02 1.893750000000000000e+01
-5.899999737739562988e-01 4.000000059604644775e-01 1.425000000000000000e+01 1.175000000000000000e+01 -7.256250000000000000e+01 -1.537500000000000000e+01 -2.537500000000000000e+01 -1.518750000000000000e+02 2.725000000000000000e+01
-3.300000131130218506e-01 -4.499999880790710449e-01 1.560999965667724609e+01 1.175000000000000000e+01 -7.256250000000000000e+01 -1.537500000000000000e+01 -2.106250000000000000e+01 -1.962500000000000000e+02 3.112500000000000000e+01
-1.330000042915344238e+00 -1.519999980926513672e+00 1.500000000000000000e+01 1.256250000000000000e+01 -7.406250000000000000e+01 -1.500000000000000000e+01 -2.200000000000000000e+01 -2.419375000000000000e+02 2.756250000000000000e+01
-1.490000009536743164e+00 -1.379999995231628418e+00 1.381999969482421875e+01 1.256250000000000000e+01 -7.406250000000000000e+01 -1.500000000000000000e+01 -2.943750000000000000e+01 -2.716250000000000000e+02 1.843750000000000000e+01
-2.049999952316284180e+00 -8.899999856948852539e-01 1.171000003814697266e+01 1.256250000000000000e+01 -7.406250000000000000e+01 -1.500000000000000000e+01 -3.506250000000000000e+01 -2.819375000000000000e+02 7.625000000000000000e+00
-1.129999995231628418e+00 -5.000000000000000000e-01 1.021000003814697266e+01 1.256250000000000000e+01 -7.406250000000000000e+01 -1.500000000000000000e+01 -2.925000000000000000e+01 -2.738750000000000000e+02 6.250000000000000000e-02
2.240000009536743164e+00 1.690000057220458984e+00 1.047999954223632812e+01 1.256250000000000000e+01 -7.406250000000000000e+01 -1.500000000000000000e+01 -2.718750000000000000e+01 -2.585625000000000000e+02 2.437500000000000000e+00
3.470000028610229492e+00 1.769999980926513672e+00 1.043000030517578125e+01 8.500000000000000000e+00 -7.856250000000000000e+01 -1.700000000000000000e+01 -3.006250000000000000e+01 -2.434375000000000000e+02 1.250000000000000000e+01
4.139999866485595703e+00 1.370000004768371582e+00 9.949999809265136719e+00 8.500000000000000000e+00 -7.856250000000000000e+01 -1.700000000000000000e+01 -2.543750000000000000e+01 -2.305625000000000000e+02 2.118750000000000000e+01
4.570000171661376953e+00 1.000000000000000000e+00 9.619999885559082031e+00 8.500000000000000000e+00 -7.856250000000000000e+01 -1.700000000000000000e+01 -1.418750000000000000e+01 -2.170625000000000000e+02 2.675000000000000000e+01
5.780000209808349609e+00 3.000000119209289551e-01 9.170000076293945312e+00 8.500000000000000000e+00 -7.856250000000000000e+01 -1.700000000000000000e+01 -3.937500000000000000e+00 -2.076875000000000000e+02 3.012500000000000000e+01
4.909999847412109375e+00 -3.600000143051147461e-01 7.860000133514404297e+00 8.500000000000000000e+00 -7.856250000000000000e+01 -1.700000000000000000e+01 -1.312500000000000000e+00 -2.048125000000000000e+02 3.387500000000000000e+01
4.559999942779541016e+00 -1.279999971389770508e+00 5.980000019073486328e+00 8.500000000000000000e+00 -7.856250000000000000e+01 -1.700000000000000000e+01 -2.625000000000000000e+00 -1.997500000000000000e+02 3.475000000000000000e+01
4.300000190734863281e+00 -2.049999952316284180e+00 3.740000009536743164e+00 6.000000000000000000e+00 -8.700000000000000000e+01 -1.818750000000000000e+01 -7.625000000000000000e+00 -1.829375000000000000e+02 2.950000000000000000e+01
3.890000104904174805e+00 -2.819999933242797852e+00 -1.199999973177909851e-01 6.000000000000000000e+00 -8.700000000000000000e+01 -1.818750000000000000e+01 -9.125000000000000000e+00 -1.543750000000000000e+02 2.000000000000000000e+01
4.059999942779541016e+00 -3.160000085830688477e+00 -1.480000019073486328e+00 6.000000000000000000e+00 -8.700000000000000000e+01 -1.818750000000000000e+01 -2.500000000000000000e-01 -1.178750000000000000e+02 8.062500000000000000e+00
4.340000152587890625e+00 -2.910000085830688477e+00 -1.759999990463256836e+00 6.000000000000000000e+00 -8.700000000000000000e+01 -1.818750000000000000e+01 1.206250000000000000e+01 -8.137500000000000000e+01 -3.625000000000000000e+00
4.760000228881835938e+00 -2.359999895095825195e+00 7.000000029802322388e-02 -8.750000000000000000e-01 -9.050000000000000000e+01 -2.787500000000000000e+01 2.087500000000000000e+01 -5.237500000000000000e+01 -1.225000000000000000e+01
5.170000076293945312e+00 -1.960000038146972656e+00 1.070000052452087402e+00 -8.750000000000000000e-01 -9.050000000000000000e+01 -2.787500000000000000e+01 2.431250000000000000e+01 -2.981250000000000000e+01 -1.743750000000000000e+01
5.510000228881835938e+00 -1.590000033378601074e+00 1.980000019073486328e+00 -8.750000000000000000e-01 -9.050000000000000000e+01 -2.787500000000000000e+01 2.175000000000000000e+01 -9.500000000000000000e+00 -1.993750000000000000e+01
5.789999961853027344e+00 -1.120000004768371582e+00 2.769999980926513672e+00 -8.750000000000000000e-01 -9.050000000000000000e+01 -2.787500000000000000e+01 1.656250000000000000e+01 9.937500000000000000e+00 -1.993750000000000000e+01
6.070000171661376953e+00 -6.000000238418579102e-01 3.779999971389770508e+00 -8.750000000000000000e-01 -9.050000000000000000e+01 -2.787500000000000000e+01 1.412500000000000000e+01 2.893750000000000000e+01 -1.956250000000000000e+01
6.059999942779541016e+00 -4.399999976158142090e-01 4.230000019073486328e+00 -8.750000000000000000e-01 -9.050000000000000000e+01 -2.787500000000000000e+01 1.675000000000000000e+01 4.643750000000000000e+01 -2.056250000000000000e+01
5.920000076293945312e+00 -3.000000119209289551e-01 4.639999866485595703e+00 0.000000000000000000e+00 -9.225000000000000000e+01 -3.025000000000000000e+01 2.206250000000000000e+01 6.087500000000000000e+01 -2.256250000000000000e+01
5.920000076293945312e+00 -1.899999976158142090e-01 5.230000019073486328e+00 0.000000000000000000e+00 -9.225000000000000000e+01 -3.025000000000000000e+01 2.806250000000000000e+01 7.093750000000000000e+01 -2.337500000000000000e+01
5.710000038146972656e+00 -9.000000357627868652e-02 6.920000076293945312e+00 0.000000000000000000e+00 -9.225000000000000000e+01 -3.025000000000000000e+01 3.081250000000000000e+01 7.737500000000000000e+01 -2.212500000000000000e+01
5.710000038146972656e+00 -7.999999821186065674e-02 7.500000000000000000e+00 0.000000000000000000e+00 -9.225000000000000000e+01 -3.025000000000000000e+01 2.668750000000000000e+01 8.168750000000000000e+01 -1.887500000000000000e+01
5.539999961853027344e+00 -1.700000017881393433e-01 7.699999809265136719e+00 4.500000000000000000e+00 -9.425000000000000000e+01 -2.587500000000000000e+01 1.850000000000000000e+01 8.506250000000000000e+01 -1.606250000000000000e+01
4.969999790191650391e+00 -3.100000023841857910e-01 7.380000114440917969e+00 4.500000000000000000e+00 -9.425000000000000000e+01 -2.587500000000000000e+01 1.043750000000000000e+01 8.868750000000000000e+01 -1.375000000000000000e+01
4.599999904632568359e+00 -3.400000035762786865e-01 6.949999809265136719e+00 4.500000000000000000e+00 -9.425000000000000000e+01 -2.587500000000000000e+01 7.187500000000000000e+00 9.400000000000000000e+01 -1.325000000000000000e+01
4.269999980926513672e+00 -4.099999964237213135e-01 6.369999885559082031e+00 4.500000000000000000e+00 -9.425000000000000000e+01 -2.587500000000000000e+01 1.043750000000000000e+01 1.034375000000000000e+02 -1.431250000000000000e+01
4.039999961853027344e+00 -6.000000238418579102e-01 5.719999790191650391e+00 4.500000000000000000e+00 -9.425000000000000000e+01 -2.587500000000000000e+01 1.793750000000000000e+01 1.183125000000000000e+02 -1.712500000000000000e+01
3.039999961853027344e+00 -1.039999961853027344e+00 2.920000076293945312e+00 4.500000000000000000e+00 -9.425000000000000000e+01 -2.587500000000000000e+01 2.568750000000000000e+01 1.408750000000000000e+02 -2.275000000000000000e+01
2.250000000000000000e+00 -1.570000052452087402e+00 9.499999880790710449e-01 9.062500000000000000e+00 -9.400000000000000000e+01 -1.950000000000000000e+01 3.668750000000000000e+01 1.748125000000000000e+02 -3.231250000000000000e+01
1.289999961853027344e+00 -2.210000038146972656e+00 -1.059999942779541016e+00 9.062500000000000000e+00 -9.400000000000000000e+01 -1.950000000000000000e+01 4.731250000000000000e+01 2.235000000000000000e+02 -4.475000000000000000e+01
3.559999942779541016e+00 -1.350000023841857910e+00 9.300000071525573730e-01 9.062500000000000000e+00 -9.400000000000000000e+01 -1.950000000000000000e+01 3.168750000000000000e+01 2.837500000000000000e+02 -5.087500000000000000e+01
2.710000038146972656e+00 -5.000000000000000000e-01 2.720000028610229492e+00 9.062500000000000000e+00 -9.400000000000000000e+01 -1.950000000000000000e+01 -1.387500000000000000e+01 3.384375000000000000e+02 -5.250000000000000000e+01
1.889999985694885254e+00 6.999999880790710449e-01 5.409999847412109375e+00 1.187500000000000000e+01 -8.975000000000000000e+01 -1.368750000000000000e+01 -6.581250000000000000e+01 3.836250000000000000e+02 -4.943750000000000000e+01
8.799999952316284180e-01 3.230000019073486328e+00 1.056999969482421875e+01 1.187500000000000000e+01 -8.975000000000000000e+01 -1.368750000000000000e+01 -1.077500000000000000e+02 4.107500000000000000e+02 -3.000000000000000000e+01
-1.899999976158142090e-01 4.070000171661376953e+00 2.295999908447265625e+01 1.187500000000000000e+01 -8.975000000000000000e+01 -1.368750000000000000e+01 -1.160000000000000000e+02 3.836250000000000000e+02 -1.250000000000000000e+00
-9.499999880790710449e-01 6.600000262260437012e-01 3.336999893188476562e+01 1.187500000000000000e+01 -8.975000000000000000e+01 -1.368750000000000000e+01 -8.412500000000000000e+01 2.760000000000000000e+02 1.150000000000000000e+01
2.800000011920928955e-01 -1.590000033378601074e+00 2.969000053405761719e+01 1.187500000000000000e+01 -8.975000000000000000e+01 -1.368750000000000000e+01 -2.768750000000000000e+01 1.368125000000000000e+02 -7.500000000000000000e-01
5.199999809265136719e-01 -2.079999923706054688e+00 2.017000007629394531e+01 1.187500000000000000e+01 -8.975000000000000000e+01 -1.368750000000000000e+01 1.675000000000000000e+01 7.375000000000000000e+01 -1.256250000000000000e+01
1.599999964237213135e-01 -1.559999942779541016e+00 7.420000076293945312e+00 1.637500000000000000e+01 -7.650000000000000000e+01 -1.425000000000000000e+01 2.918750000000000000e+01 7.518750000000000000e+01 -1.800000000000000000e+01
-6.200000047683715820e-01 -1.389999985694885254e+00 6.590000152587890625e+00 1.637500000000000000e+01 -7.650000000000000000e+01 -1.425000000000000000e+01 2.618750000000000000e+01 9.350000000000000000e+01 -1.925000000000000000e+01
-9.100000262260437012e-01 -9.499999880790710449e-01 7.980000019073486328e+00 1.637500000000000000e+01 -7.650000000000000000e+01 -1.425000000000000000e+01 1.950000000000000000e+01 9.775000000000000000e+01 -1.662500000000000000e+01
-7.699999809265136719e-01 -5.000000000000000000e-01 1.038000011444091797e+01 1.637500000000000000e+01 -7.650000000000000000e+01 -1.425000000000000000e+01 1.631250000000000000e+01 8.768750000000000000e+01 -1.337500000000000000e+01
-8.000000119209289551e-01 -4.099999964237213135e-01 1.056000041961669922e+01 1.637500000000000000e+01 -7.650000000000000000e+01 -1.425000000000000000e+01 1.887500000000000000e+01 7.218750000000000000e+01 -9.312500000000000000e+00
-2.800000011920928955e-01 -3.899999856948852539e-01 1.035999965667724609e+01 1.775000000000000000e+01 -7.287500000000000000e+01 -1.575000000000000000e+01 2.756250000000000000e+01 5.756250000000000000e+01 -1.031250000000000000e+01
-6.100000143051147461e-01 -4.399999976158142090e-01 9.970000267028808594e+00 1.775000000000000000e+01 -7.287500000000000000e+01 -1.575000000000000000e+01 3.512500000000000000e+01 4.612500000000000000e+01 -8.500000000000000000e+00
-7.500000000000000000e-01 -4.000000059604644775e-01 9.420000076293945312e+00 1.775000000000000000e+01 -7.287500000000000000e+01 -1.575000000000000000e+01 3.700000000000000000e+01 3.575000000000000000e+01 -6.500000000000000000e+00
-8.799999952316284180e-01 -4.499999880790710449e-01 9.260000228881835938e+00 1.775000000000000000e+01 -7.287500000000000000e+01 -1.575000000000000000e+01 3.481250000000000000e+01 2.706250000000000000e+01 -5.562500000000000000e+00
-1.059999942779541016e+00 -4.199999868869781494e-01 9.250000000000000000e+00 1.775000000000000000e+01 -7.287500000000000000e+01 -1.575000000000000000e+01 3.206250000000000000e+01 1.981250000000000000e+01 -4.437500000000000000e+00
-1.240000009536743164e+00 -1.599999964237213135e-01 9.340000152587890625e+00 1.787500000000000000e+01 -7.325000000000000000e+01 -1.318750000000000000e+01 2.950000000000000000e+01 1.287500000000000000e+01 -2.875000000000000000e+00
-1.299999952316284180e+00 0.000000000000000000e+00 9.579999923706054688e+00 1.787500000000000000e+01 -7.325000000000000000e+01 -1.318750000000000000e+01 2.837500000000000000e+01 7.312500000000000000e+00 -1.750000000000000000e+00
-1.279999971389770508e+00 7.999999821186065674e-02 9.659999847412109375e+00 1.787500000000000000e+01 -7.325000000000000000e+01 -1.318750000000000000e+01 2.781250000000000000e+01 2.750000000000000000e+00 -9.375000000000000000e-01
-1.320000052452087402e+00 1.500000059604644775e-01 9.760000228881835938e+00 1.787500000000000000e+01 -7.325000000000000000e+01 -1.318750000000000000e+01 2.493750000000000000e+01 -1.937500000000000000e+00 6.250000000000000000e-02
-1.240000009536743164e+00 3.300000131130218506e-01 9.600000381469726562e+00 1.787500000000000000e+01 -7.325000000000000000e+01 -1.318750000000000000e+01 2.000000000000000000e+01 -5.937500000000000000e+00 7.500000000000000000e-01
-1.169999957084655762e+00 4.499999880790710449e-01 9.479999542236328125e+00 1.825000000000000000e+01 -7.325000000000000000e+01 -1.100000000000000000e+01 1.462500000000000000e+01 -9.875000000000000000e+00 1.062500000000000000e+00
-1.070000052452087402e+00 4.799999892711639404e-01 9.420000076293945312e+00 1.825000000000000000e+01 -7.325000000000000000e+01 -1.100000000000000000e+01 9.562500000000000000e+00 -1.262500000000000000e+01 8.750000000000000000e-01
-1.009999990463256836e+00 5.899999737739562988e-01 9.350000381469726562e+00 1.825000000000000000e+01 -7.325000000000000000e+01 -1.100000000000000000e+01 4.687500000000000000e+00 -1.518750000000000000e+01 5.625000000000000000e-01
-7.900000214576721191e-01 6.700000166893005371e-01 9.420000076293945312e+00 1.825000000000000000e+01 -7.325000000000000000e+01 -1.100000000000000000e+01 -1.125000000000000000e+00 -1.693750000000000000e+01 7.500000000000000000e-01
-6.200000047683715820e-01 6.700000166893005371e-01 9.430000305175781250e+00 1.825000000000000000e+01 -7.325000000000000000e+01 -1.100000000000000000e+01 -6.875000000000000000e+00 -1.825000000000000000e+01 1.125000000000000000e+00
-5.199999809265136719e-01 7.200000286102294922e-01 9.430000305175781250e+00 1.937500000000000000e+01 -7.406250000000000000e+01 -9.187500000000000000e+00 -1.181250000000000000e+01 -1.900000000000000000e+01 1.562500000000000000e+00
-3.799999952316284180e-01 6.999999880790710449e-01 9.439999580383300781e+00 1.937500000000000000e+01 -7.406250000000000000e+01 -9.187500000000000000e+00 -1.562500000000000000e+01 -1.937500000000000000e+01 2.437500000000000000e+00
-1.700000017881393433e-01 5.899999737739562988e-01 9.449999809265136719e+00 1.937500000000000000e+01 -7.406250000000000000e+01 -9.187500000000000000e+00 -1.793750000000000000e+01 -1.937500000000000000e+01 2.937500000000000000e+00
-1.500000059604644775e-01 6.200000047683715820e-01 9.350000381469726562e+00 1.937500000000000000e+01 -7.406250000000000000e+01 -9.187500000000000000e+00 -1.937500000000000000e+01 -1.937500000000000000e+01 3.562500000000000000e+00
-1.500000059604644775e-01 5.400000214576721191e-01 9.310000419616699219e+00 1.937500000000000000e+01 -7.406250000000000000e+01 -9.187500000000000000e+00 -1.981250000000000000e+01 -1.868750000000000000e+01 4.375000000000000000e+00
-5.000000074505805969e-02 1.800000071525573730e-01 9.310000419616699219e+00 1.900000000000000000e+01 -7.318750000000000000e+01 -9.500000000000000000e+00 -1.950000000000000000e+01 -1.718750000000000000e+01 4.875000000000000000e+00
2.999999932944774628e-02 -9.999999776482582092e-03 9.319999694824218750e+00 1.900000000000000000e+01 -7.318750000000000000e+01 -9.500000000000000000e+00 -1.662500000000000000e+01 -1.493750000000000000e+01 4.250000000000000000e+00
-1.099999994039535522e-01 -3.999999910593032837e-02 9.340000152587890625e+00 1.900000000000000000e+01 -7.318750000000000000e+01 -9.500000000000000000e+00 -1.375000000000000000e+01 -1.287500000000000000e+01 3.812500000000000000e+00
9.000000357627868652e-02 -1.599999964237213135e-01 9.380000114440917969e+00 1.900000000000000000e+01 -7.318750000000000000e+01 -9.500000000000000000e+00 -1.012500000000000000e+01 -1.018750000000000000e+01 3.000000000000000000e+00
1.299999952316284180e-01 -7.000000029802322388e-02 9.460000038146972656e+00 1.900000000000000000e+01 -7.318750000000000000e+01 -9.500000000000000000e+00 -8.312500000000000000e+00 -8.437500000000000000e+00 2.687500000000000000e+00
1.299999952316284180e-01 -7.999999821186065674e-02 9.350000381469726562e+00 1.825000000000000000e+01 -7.318750000000000000e+01 -1.056250000000000000e+01 -8.437500000000000000e+00 -6.437500000000000000e+00 2.750000000000000000e+00
1.099999994039535522e-01 -1.099999994039535522e-01 9.300000190734863281e+00 1.825000000000000000e+01 -7.318750000000000000e+01 -1.056250000000000000e+01 -9.500000000000000000e+00 -4.625000000000000000e+00 3.062500000000000000e+00
5.000000074505805969e-02 -1.099999994039535522e-01 9.199999809265136719e+00 1.825000000000000000e+01 -7.318750000000000000e+01 -1.056250000000000000e+01 -9.750000000000000000e+00 -3.125000000000000000e+00 2.625000000000000000e+00
