-7.599999904632568359e-01 -8.000000119209289551e-01 1.319999980926513672e+01 2.125000000000000000e+01 -7.168750000000000000e+01 -1.700000000000000000e+01 2.609375000000000000e+02 -3.800000000000000000e+01 -5.875000000000000000e+00
-6.899999976158142090e-01 -1.099999994039535522e-01 1.285999965667724609e+01 2.275000000000000000e+01 -7.275000000000000000e+01 -1.250000000000000000e+01 3.100625000000000000e+02 -5.700000000000000000e+01 -1.812500000000000000e+00
-5.600000023841857910e-01 -4.000000059604644775e-01 1.217000007629394531e+01 2.275000000000000000e+01 -7.275000000000000000e+01 -1.250000000000000000e+01 3.435625000000000000e+02 -7.312500000000000000e+01 1.625000000000000000e+00
-2.899999916553497314e-01 -1.800000071525573730e-01 1.078999996185302734e+01 2.275000000000000000e+01 -7.275000000000000000e+01 -1.250000000000000000e+01 3.546250000000000000e+02 -8.450000000000000000e+01 -1.000000000000000000e+00
1.999999955296516418e-02 -5.000000074505805969e-02 9.609999656677246094e+00 2.275000000000000000e+01 -7.275000000000000000e+01 -1.250000000000000000e+01 3.506875000000000000e+02 -9.018750000000000000e+01 -9.500000000000000000e+00
6.600000262260437012e-01 1.320000052452087402e+00 7.539999961853027344e+00 2.275000000000000000e+01 -7.275000000000000000e+01 -1.250000000000000000e+01 3.375000000000000000e+02 -9.268750000000000000e+01 -2.193750000000000000e+01
6.899999976158142090e-01 2.500000000000000000e+00 6.099999904632568359e+00 2.350000000000000000e+01 -7.618750000000000000e+01 2.000000000000000000e+00 3.162500000000000000e+02 -9.281250000000000000e+01 -3.637500000000000000e+01
1.019999980926513672e+00 3.690000057220458984e+00 5.159999847412109375e+00 2.350000000000000000e+01 -7.618750000000000000e+01 2.000000000000000000e+00 2.896875000000000000e+02 -8.443750000000000000e+01 -4.568750000000000000e+01
1.620000004768371582e+00 5.769999980926513672e+00 4.179999828338623047e+00 2.350000000000000000e+01 -7.618750000000000000e+01 2.000000000000000000e+00 2.560000000000000000e+02 -6.987500000000000000e+01 -4.825000000000000000e+01
1.970000028610229492e+00 6.599999904632568359e+00 3.900000095367431641e+00 2.350000000000000000e+01 -7.618750000000000000e+01 2.000000000000000000e+00 2.152500000000000000e+02 -5.650000000000000000e+01 -4.537500000000000000e+01
2.240000009536743164e+00 7.719999790191650391e+00 3.849999904632568359e+00 2.350000000000000000e+01 -7.618750000000000000e+01 2.000000000000000000e+00 1.693750000000000000e+02 -4.343750000000000000e+01 -4.012500000000000000e+01
2.299999952316284180e+00 8.170000076293945312e+00 3.660000085830688477e+00 2.868750000000000000e+01 -7.637500000000000000e+01 2.456250000000000000e+01 1.218125000000000000e+02 -3.000000000000000000e+01 -3.287500000000000000e+01
2.099999904632568359e+00 8.220000267028808594e+00 3.680000066757202148e+00 2.868750000000000000e+01 -7.637500000000000000e+01 2.456250000000000000e+01 8.075000000000000000e+01 -1.743750000000000000e+01 -2.456250000000000000e+01
1.809999942779541016e+00 7.989999771118164062e+00 3.839999914169311523e+00 2.868750000000000000e+01 -7.637500000000000000e+01 2.456250000000000000e+01 4.537500000000000000e+01 -5.000000000000000000e+00 -1.675000000000000000e+01
1.580000042915344238e+00 7.380000114440917969e+00 4.119999885559082031e+00 2.868750000000000000e+01 -7.637500000000000000e+01 2.456250000000000000e+01 1.512500000000000000e+01 7.750000000000000000e+00 -9.125000000000000000e+00
1.279999971389770508e+00 6.630000114440917969e+00 4.940000057220458984e+00 2.868750000000000000e+01 -7.637500000000000000e+01 2.456250000000000000e+01 -8.062500000000000000e+00 1.668750000000000000e+01 -4.187500000000000000e+00
1.080000042915344238e+00 5.989999771118164062e+00 6.550000190734863281e+00 3.500000000000000000e+01 -6.868750000000000000e+01 3.768750000000000000e+01 -2.681250000000000000e+01 2.168750000000000000e+01 -2.937500000000000000e+00
8.799999952316284180e-01 6.150000095367431641e+00 7.289999961853027344e+00 3.500000000000000000e+01 -6.868750000000000000e+01 3.768750000000000000e+01 -3.925000000000000000e+01 2.350000000000000000e+01 -2.625000000000000000e+00
6.299999952316284180e-01 6.230000019073486328e+00 7.860000133514404297e+00 3.500000000000000000e+01 -6.868750000000000000e+01 3.768750000000000000e+01 -4.350000000000000000e+01 2.150000000000000000e+01 -1.437500000000000000e+00
2.899999916553497314e-01 5.690000057220458984e+00 8.829999923706054688e+00 3.500000000000000000e+01 -6.868750000000000000e+01 3.768750000000000000e+01 -3.950000000000000000e+01 1.762500000000000000e+01 2.500000000000000000e-01
2.500000000000000000e-01 5.199999809265136719e+00 9.060000419616699219e+00 3.500000000000000000e+01 -6.868750000000000000e+01 3.768750000000000000e+01 -2.981250000000000000e+01 1.275000000000000000e+01 9.375000000000000000e-01
2.899999916553497314e-01 4.909999847412109375e+00 9.029999732971191406e+00 3.450000000000000000e+01 -6.837500000000000000e+01 3.668750000000000000e+01 -1.831250000000000000e+01 6.375000000000000000e+00 -3.750000000000000000e-01
3.600000143051147461e-01 4.909999847412109375e+00 8.750000000000000000e+00 3.450000000000000000e+01 -6.837500000000000000e+01 3.668750000000000000e+01 -7.750000000000000000e+00 5.000000000000000000e-01 -2.062500000000000000e+00
6.899999976158142090e-01 5.119999885559082031e+00 7.739999771118164062e+00 3.450000000000000000e+01 -6.837500000000000000e+01 3.668750000000000000e+01 -6.250000000000000000e-01 -3.625000000000000000e+00 -2.500000000000000000e+00
8.399999737739562988e-01 5.280000209808349609e+00 7.340000152587890625e+00 3.450000000000000000e+01 -6.837500000000000000e+01 3.668750000000000000e+01 2.750000000000000000e+00 -5.437500000000000000e+00 -2.312500000000000000e+00
9.900000095367431641e-01 5.559999942779541016e+00 6.920000076293945312e+00 3.450000000000000000e+01 -6.837500000000000000e+01 3.668750000000000000e+01 1.625000000000000000e+00 -5.687500000000000000e+00 -2.250000000000000000e+00
1.120000004768371582e+00 5.739999771118164062e+00 6.420000076293945312e+00 3.287500000000000000e+01 -6.968750000000000000e+01 3.300000000000000000e+01 -6.312500000000000000e+00 -4.062500000000000000e+00 -7.500000000000000000e-01
1.299999952316284180e+00 6.050000190734863281e+00 5.539999961853027344e+00 3.287500000000000000e+01 -6.968750000000000000e+01 3.300000000000000000e+01 -2.156250000000000000e+01 -2.500000000000000000e-01 1.500000000000000000e+00
1.399999976158142090e+00 5.920000076293945312e+00 5.250000000000000000e+00 3.287500000000000000e+01 -6.968750000000000000e+01 3.300000000000000000e+01 -4.400000000000000000e+01 6.312500000000000000e+00 4.750000000000000000e+00
1.539999961853027344e+00 5.780000209808349609e+00 5.159999847412109375e+00 3.287500000000000000e+01 -6.968750000000000000e+01 3.300000000000000000e+01 -7.343750000000000000e+01 1.431250000000000000e+01 7.187500000000000000e+00
1.539999961853027344e+00 6.050000190734863281e+00 4.920000076293945312e+00 3.287500000000000000e+01 -6.968750000000000000e+01 3.300000000000000000e+01 -1.103750000000000000e+02 2.362500000000000000e+01 9.312500000000000000e+00
1.429999947547912598e+00 6.280000209808349609e+00 4.829999923706054688e+00 3.356250000000000000e+01 -7.050000000000000000e+01 3.250000000000000000e+01 -1.546875000000000000e+02 3.600000000000000000e+01 1.275000000000000000e+01
1.259999990463256836e+00 6.260000228881835938e+00 5.190000057220458984e+00 3.356250000000000000e+01 -7.050000000000000000e+01 3.250000000000000000e+01 -2.043125000000000000e+02 5.156250000000000000e+01 1.868750000000000000e+01
1.200000047683715820e+00 5.880000114440917969e+00 5.690000057220458984e+00 3.356250000000000000e+01 -7.050000000000000000e+01 3.250000000000000000e+01 -2.555000000000000000e+02 6.656250000000000000e+01 2.437500000000000000e+01
8.399999737739562988e-01 4.360000133514404297e+00 6.949999809265136719e+00 3.356250000000000000e+01 -7.050000000000000000e+01 3.250000000000000000e+01 -3.075625000000000000e+02 7.612500000000000000e+01 2.893750000000000000e+01
6.899999976158142090e-01 3.329999923706054688e+00 7.269999980926513672e+00 3.356250000000000000e+01 -7.050000000000000000e+01 3.250000000000000000e+01 -3.579375000000000000e+02 8.000000000000000000e+01 3.043750000000000000e+01
6.100000143051147461e-01 2.269999980926513672e+00 7.610000133514404297e+00 3.018750000000000000e+01 -7.268750000000000000e+01 2.356250000000000000e+01 -4.031250000000000000e+02 8.143750000000000000e+01 2.812500000000000000e+01
1.059999942779541016e+00 1.960000038146972656e+00 8.039999961853027344e+00 3.018750000000000000e+01 -7.268750000000000000e+01 2.356250000000000000e+01 -4.467500000000000000e+02 8.156250000000000000e+01 2.387500000000000000e+01
-1.299999952316284180e-01 1.700000047683715820e+00 1.481999969482421875e+01 3.018750000000000000e+01 -7.268750000000000000e+01 2.356250000000000000e+01 -4.796250000000000000e+02 7.550000000000000000e+01 1.781250000000000000e+01
-1.360000014305114746e+00 8.100000023841857910e-01 1.762999916076660156e+01 3.018750000000000000e+01 -7.268750000000000000e+01 2.356250000000000000e+01 -4.585625000000000000e+02 4.906250000000000000e+01 1.700000000000000000e+01
-1.370000004768371582e+00 -7.799999713897705078e-01 1.645000076293945312e+01 3.018750000000000000e+01 -7.268750000000000000e+01 2.356250000000000000e+01 -3.823125000000000000e+02 -6.875000000000000000e-01 1.818750000000000000e+01
-1.710000038146972656e+00 -2.899999916553497314e-01 1.315999984741210938e+01 2.575000000000000000e+01 -7.637500000000000000e+01 1.250000000000000000e+00 -3.011875000000000000e+02 -3.300000000000000000e+01 1.087500000000000000e+01
-1.450000047683715820e+00 -1.230000019073486328e+00 9.670000076293945312e+00 2.575000000000000000e+01 -7.637500000000000000e+01 1.250000000000000000e+00 -2.444375000000000000e+02 -4.737500000000000000e+01 2.375000000000000000e+00
-1.639999985694885254e+00 -3.140000104904174805e+00 6.860000133514404297e+00 2.575000000000000000e+01 -7.637500000000000000e+01 1.250000000000000000e+00 -1.896875000000000000e+02 -4.243750000000000000e+01 2.812500000000000000e+00
-1.830000042915344238e+00 -5.039999961853027344e+00 5.489999771118164062e+00 2.575000000000000000e+01 -7.637500000000000000e+01 1.250000000000000000e+00 -1.226250000000000000e+02 -2.293750000000000000e+01 1.125000000000000000e+00
-1.000000000000000000e+00 -7.130000114440917969e+00 6.369999885559082031e+00 2.575000000000000000e+01 -7.637500000000000000e+01 1.250000000000000000e+00 -5.512500000000000000e+01 -5.500000000000000000e+00 -1.406250000000000000e+01
-1.500000059604644775e-01 -6.099999904632568359e+00 7.679999828338623047e+00 2.287500000000000000e+01 -7.350000000000000000e+01 -1.806250000000000000e+01 1.250000000000000000e+00 2.437500000000000000e+00 -3.337500000000000000e+01
3.300000131130218506e-01 -4.309999942779541016e+00 8.680000305175781250e+00 2.287500000000000000e+01 -7.350000000000000000e+01 -1.806250000000000000e+01 3.618750000000000000e+01 1.250000000000000000e+00 -4.218750000000000000e+01
7.900000214576721191e-01 -2.670000076293945312e+00 9.420000076293945312e+00 2.287500000000000000e+01 -7.350000000000000000e+01 -1.806250000000000000e+01 5.118750000000000000e+01 -4.500000000000000000e+00 -3.862500000000000000e+01
1.129999995231628418e+00 -6.399999856948852539e-01 9.750000000000000000e+00 2.287500000000000000e+01 -7.350000000000000000e+01 -1.806250000000000000e+01 5.193750000000000000e+01 -1.000000000000000000e+01 -2.893750000000000000e+01
1.250000000000000000e+00 -4.399999976158142090e-01 9.500000000000000000e+00 2.287500000000000000e+01 -7.350000000000000000e+01 -1.806250000000000000e+01 4.750000000000000000e+01 -1.318750000000000000e+01 -1.931250000000000000e+01
1.299999952316284180e+00 -3.300000131130218506e-01 9.229999542236328125e+00 2.437500000000000000e+01 -7.225000000000000000e+01 -2.068750000000000000e+01 4.437500000000000000e+01 -1.337500000000000000e+01 -1.218750000000000000e+01
1.190000057220458984e+00 -2.700000107288360596e-01 8.960000038146972656e+00 2.437500000000000000e+01 -7.225000000000000000e+01 -2.068750000000000000e+01 4.275000000000000000e+01 -1.143750000000000000e+01 -8.125000000000000000e+00
1.080000042915344238e+00 -2.500000000000000000e-01 9.060000419616699219e+00 2.437500000000000000e+01 -7.225000000000000000e+01 -2.068750000000000000e+01 3.950000000000000000e+01 -8.250000000000000000e+00 -5.250000000000000000e+00
1.039999961853027344e+00 -2.300000041723251343e-01 9.189999580383300781e+00 2.437500000000000000e+01 -7.225000000000000000e+01 -2.068750000000000000e+01 3.243750000000000000e+01 -4.750000000000000000e+00 -2.750000000000000000e+00
9.800000190734863281e-01 -3.499999940395355225e-01 9.260000228881835938e+00 2.437500000000000000e+01 -7.225000000000000000e+01 -2.068750000000000000e+01 2.293750000000000000e+01 -8.750000000000000000e-01 -2.500000000000000000e-01
8.600000143051147461e-01 -6.800000071525573730e-01 9.399999618530273438e+00 2.468750000000000000e+01 -7.250000000000000000e+01 -1.825000000000000000e+01 1.331250000000000000e+01 3.375000000000000000e+00 1.562500000000000000e+00
7.900000214576721191e-01 -7.500000000000000000e-01 9.449999809265136719e+00 2.468750000000000000e+01 -7.250000000000000000e+01 -1.825000000000000000e+01 6.375000000000000000e+00 6.875000000000000000e+00 2.250000000000000000e+00
7.099999785423278809e-01 -7.500000000000000000e-01 9.449999809265136719e+00 2.468750000000000000e+01 -7.250000000000000000e+01 -1.825000000000000000e+01 2.750000000000000000e+00 9.500000000000000000e+00 2.375000000000000000e+00
6.700000166893005371e-01 -8.000000119209289551e-01 9.460000038146972656e+00 2.468750000000000000e+01 -7.250000000000000000e+01 -1.825000000000000000e+01 8.125000000000000000e-01 1.068750000000000000e+01 2.750000000000000000e+00
5.299999713897705078e-01 -1.139999985694885254e+00 9.479999542236328125e+00 2.468750000000000000e+01 -7.250000000000000000e+01 -1.825000000000000000e+01 -6.250000000000000000e-01 1.118750000000000000e+01 3.312500000000000000e+00
5.099999904632568359e-01 -1.279999971389770508e+00 9.449999809265136719e+00 2.468750000000000000e+01 -7.275000000000000000e+01 -1.787500000000000000e+01 -1.437500000000000000e+00 1.118750000000000000e+01 3.562500000000000000e+00
4.900000095367431641e-01 -1.399999976158142090e+00 9.359999656677246094e+00 2.468750000000000000e+01 -7.275000000000000000e+01 -1.787500000000000000e+01 -1.000000000000000000e+00 1.031250000000000000e+01 3.437500000000000000e+00
4.099999964237213135e-01 -1.490000009536743164e+00 9.300000190734863281e+00 2.468750000000000000e+01 -7.275000000000000000e+01 -1.787500000000000000e+01 5.625000000000000000e-01 9.562500000000000000e+00 3.250000000000000000e+00
3.799999952316284180e-01 -1.539999961853027344e+00 9.300000190734863281e+00 2.468750000000000000e+01 -7.275000000000000000e+01 -1.787500000000000000e+01 2.937500000000000000e+00 8.437500000000000000e+00 3.000000000000000000e+00
2.099999934434890747e-01 -1.669999957084655762e+00 9.260000228881835938e+00 2.468750000000000000e+01 -7.275000000000000000e+01 -1.787500000000000000e+01 6.500000000000000000e+00 7.062500000000000000e+00 2.437500000000000000e+00
1.400000005960464478e-01 -1.669999957084655762e+00 9.310000419616699219e+00 2.437500000000000000e+01 -7.275000000000000000e+01 -1.868750000000000000e+01 1.112500000000000000e+01 6.062500000000000000e+00 8.750000000000000000e-01
9.000000357627868652e-02 -1.460000038146972656e+00 9.340000152587890625e+00 2.437500000000000000e+01 -7.275000000000000000e+01 -1.868750000000000000e+01 1.556250000000000000e+01 5.375000000000000000e+00 1.250000000000000000e-01
0.000000000000000000e+00 -1.460000038146972656e+00 9.289999961853027344e+00 2.437500000000000000e+01 -7.275000000000000000e+01 -1.868750000000000000e+01 2.075000000000000000e+01 3.750000000000000000e+00 -1.875000000000000000e-01
-3.999999910593032837e-02 -1.360000014305114746e+00 9.350000381469726562e+00 2.437500000000000000e+01 -7.275000000000000000e+01 -1.868750000000000000e+01 2.581250000000000000e+01 2.625000000000000000e+00 -1.375000000000000000e+00
0.000000000000000000e+00 -1.190000057220458984e+00 9.449999809265136719e+00 2.437500000000000000e+01 -7.275000000000000000e+01 -1.868750000000000000e+01 2.937500000000000000e+01 2.250000000000000000e+00 -1.187500000000000000e+00
9.999999776482582092e-03 -7.599999904632568359e-01 9.430000305175781250e+00 2.356250000000000000e+01 -7.318750000000000000e+01 -1.750000000000000000e+01 3.150000000000000000e+01 2.000000000000000000e+00 -1.062500000000000000e+00
7.999999821186065674e-02 -6.100000143051147461e-01 9.380000114440917969e+00 2.356250000000000000e+01 -7.318750000000000000e+01 -1.750000000000000000e+01 3.318750000000000000e+01 1.812500000000000000e+00 -1.187500000000000000e+00
1.099999994039535522e-01 -4.099999964237213135e-01 9.390000343322753906e+00 2.356250000000000000e+01 -7.318750000000000000e+01 -1.750000000000000000e+01 3.325000000000000000e+01 1.937500000000000000e+00 -1.187500000000000000e+00
2.399999946355819702e-01 -7.999999821186065674e-02 9.350000381469726562e+00 2.356250000000000000e+01 -7.318750000000000000e+01 -1.750000000000000000e+01 3.125000000000000000e+01 2.312500000000000000e+00 -1.437500000000000000e+00
2.599999904632568359e-01 9.999999776482582092e-03 9.359999656677246094e+00 2.356250000000000000e+01 -7.318750000000000000e+01 -1.750000000000000000e+01 2.806250000000000000e+01 2.500000000000000000e+00 -1.312500000000000000e+00
2.700000107288360596e-01 9.000000357627868652e-02 9.390000343322753906e+00 2.437500000000000000e+01 -7.350000000000000000e+01 -1.537500000000000000e+01 2.393750000000000000e+01 2.375000000000000000e+00 -1.187500000000000000e+00
3.100000023841857910e-01 1.700000017881393433e-01 9.359999656677246094e+00 2.437500000000000000e+01 -7.350000000000000000e+01 -1.537500000000000000e+01 1.868750000000000000e+01 2.437500000000000000e+00 -8.125000000000000000e-01
2.700000107288360596e-01 1.700000017881393433e-01 9.340000152587890625e+00 2.437500000000000000e+01 -7.350000000000000000e+01 -1.537500000000000000e+01 1.343750000000000000e+01 2.562500000000000000e+00 6.250000000000000000e-02
3.000000119209289551e-01 9.000000357627868652e-02 9.449999809265136719e+00 2.437500000000000000e+01 -7.350000000000000000e+01 -1.537500000000000000e+01 9.187500000000000000e+00 2.687500000000000000e+00 -1.875000000000000000e-01
3.100000023841857910e-01 1.999999955296516418e-02 9.550000190734863281e+00 2.437500000000000000e+01 -7.350000000000000000e+01 -1.537500000000000000e+01 5.062500000000000000e+00 3.125000000000000000e+00 -2.500000000000000000e-01
2.800000011920928955e-01 3.999999910593032837e-02 9.590000152587890625e+00 2.506250000000000000e+01 -7.306250000000000000e+01 -1.387500000000000000e+01 1.000000000000000000e+00 3.187500000000000000e+00 -1.250000000000000000e-01
2.399999946355819702e-01 -2.999999932944774628e-02 9.390000343322753906e+00 2.506250000000000000e+01 -7.306250000000000000e+01 -1.387500000000000000e+01 -2.812500000000000000e+00 2.812500000000000000e+00 7.500000000000000000e-01
2.199999988079071045e-01 -1.599999964237213135e-01 9.319999694824218750e+00 2.506250000000000000e+01 -7.306250000000000000e+01 -1.387500000000000000e+01 -4.750000000000000000e+00 2.375000000000000000e+00 1.062500000000000000e+00
2.399999946355819702e-01 -2.399999946355819702e-01 9.399999618530273438e+00 2.506250000000000000e+01 -7.306250000000000000e+01 -1.387500000000000000e+01 -4.875000000000000000e+00 2.375000000000000000e+00 8.750000000000000000e-01
2.700000107288360596e-01 -3.600000143051147461e-01 9.500000000000000000e+00 2.506250000000000000e+01 -7.306250000000000000e+01 -1.387500000000000000e+01 -4.562500000000000000e+00 2.875000000000000000e+00 6.875000000000000000e-01
2.500000000000000000e-01 -3.400000035762786865e-01 9.430000305175781250e+00 2.537500000000000000e+01 -7.456250000000000000e+01 -1.350000000000000000e+01 -3.625000000000000000e+00 2.812500000000000000e+00 6.875000000000000000e-01
2.000000029802322388e-01 -2.800000011920928955e-01 9.319999694824218750e+00 2.537500000000000000e+01 -7.456250000000000000e+01 -1.350000000000000000e+01 -3.250000000000000000e+00 2.312500000000000000e+00 9.375000000000000000e-01
1.800000071525573730e-01 -3.000000119209289551e-01 9.180000305175781250e+00 2.537500000000000000e+01 -7.456250000000000000e+01 -1.350000000000000000e+01 -4.000000000000000000e+00 2.187500000000000000e+00 1.312500000000000000e+00
1.400000005960464478e-01 -5.500000119209289551e-01 9.289999961853027344e+00 2.537500000000000000e+01 -7.456250000000000000e+01 -1.350000000000000000e+01 -3.562500000000000000e+00 2.812500000000000000e+00 1.375000000000000000e+00
1.500000059604644775e-01 -5.699999928474426270e-01 9.529999732971191406e+00 2.537500000000000000e+01 -7.456250000000000000e+01 -1.350000000000000000e+01 -1.500000000000000000e+00 3.437500000000000000e+00 1.062500000000000000e+00
1.700000017881393433e-01 -5.899999737739562988e-01 9.630000114440917969e+00 2.537500000000000000e+01 -7.350000000000000000e+01 -1.518750000000000000e+01 -1.875000000000000000e-01 3.500000000000000000e+00 6.875000000000000000e-01
1.899999976158142090e-01 -5.899999737739562988e-01 9.619999885559082031e+00 2.537500000000000000e+01 -7.350000000000000000e+01 -1.518750000000000000e+01 0.000000000000000000e+00 3.375000000000000000e+00 6.250000000000000000e-01
2.000000029802322388e-01 -5.699999928474426270e-01 9.430000305175781250e+00 2.537500000000000000e+01 -7.350000000000000000e+01 -1.518750000000000000e+01 -6.250000000000000000e-01 2.937500000000000000e+00 6.875000000000000000e-01
1.899999976158142090e-01 -5.099999904632568359e-01 9.359999656677246094e+00 2.537500000000000000e+01 -7.350000000000000000e+01 -1.518750000000000000e+01 -1.687500000000000000e+00 2.812500000000000000e+00 6.250000000000000000e-01
1.599999964237213135e-01 -4.799999892711639404e-01 9.279999732971191406e+00 2.537500000000000000e+01 -7.350000000000000000e+01 -1.518750000000000000e+01 -3.250000000000000000e+00 2.625000000000000000e+00 1.000000000000000000e+00
1.599999964237213135e-01 -5.299999713897705078e-01 9.270000457763671875e+00 2.468750000000000000e+01 -7.375000000000000000e+01 -1.437500000000000000e+01 -4.625000000000000000e+00 2.562500000000000000e+00 1.250000000000000000e+00
1.700000017881393433e-01 -6.299999952316284180e-01 9.439999580383300781e+00 2.468750000000000000e+01 -7.375000000000000000e+01 -1.437500000000000000e+01 -5.062500000000000000e+00 1.875000000000000000e+00 9.375000000000000000e-01
2.000000029802322388e-01 -6.700000166893005371e-01 9.539999961853027344e+00 2.468750000000000000e+01 -7.375000000000000000e+01 -1.437500000000000000e+01 -6.062500000000000000e+00 1.125000000000000000e+00 8.750000000000000000e-01
1.800000071525573730e-01 -6.999999880790710449e-01 9.630000114440917969e+00 2.468750000000000000e+01 -7.375000000000000000e+01 -1.437500000000000000e+01 -7.187500000000000000e+00 4.375000000000000000e-01 4.375000000000000000e-01
