-2.700000107288360596e-01 -3.899999856948852539e-01 9.430000305175781250e+00 3.487500000000000000e+01 -7.100000000000000000e+01 -9.375000000000000000e+00 1.437500000000000000e+00 6.875000000000000000e-01 -1.250000000000000000e-01
-2.599999904632568359e-01 -4.199999868869781494e-01 9.399999618530273438e+00 3.487500000000000000e+01 -7.100000000000000000e+01 -9.375000000000000000e+00 1.937500000000000000e+00 9.375000000000000000e-01 -1.250000000000000000e-01
-2.399999946355819702e-01 -3.899999856948852539e-01 9.399999618530273438e+00 3.487500000000000000e+01 -7.100000000000000000e+01 -9.375000000000000000e+00 1.937500000000000000e+00 9.375000000000000000e-01 -1.250000000000000000e-01
-2.500000000000000000e-01 -3.499999940395355225e-01 9.380000114440917969e+00 3.368750000000000000e+01 -7.100000000000000000e+01 -9.750000000000000000e+00 2.062500000000000000e+00 1.625000000000000000e+00 0.000000000000000000e+00
-2.199999988079071045e-01 -3.799999952316284180e-01 9.369999885559082031e+00 3.368750000000000000e+01 -7.100000000000000000e+01 -9.750000000000000000e+00 2.062500000000000000e+00 1.625000000000000000e+00 0.000000000000000000e+00
-2.599999904632568359e-01 -3.400000035762786865e-01 9.350000381469726562e+00 3.368750000000000000e+01 -7.100000000000000000e+01 -9.750000000000000000e+00 2.000000000000000000e+00 1.750000000000000000e+00 1.250000000000000000e-01
-2.500000000000000000e-01 -3.499999940395355225e-01 9.380000114440917969e+00 3.368750000000000000e+01 -7.100000000000000000e+01 -9.750000000000000000e+00 2.062500000000000000e+00 1.500000000000000000e+00 0.000000000000000000e+00
-2.700000107288360596e-01 -3.499999940395355225e-01 9.359999656677246094e+00 3.368750000000000000e+01 -7.100000000000000000e+01 -9.750000000000000000e+00 2.687500000000000000e+00 1.437500000000000000e+00 1.875000000000000000e-01
-3.000000119209289551e-01 -3.700000047683715820e-01 9.399999618530273438e+00 3.518750000000000000e+01 -6.987500000000000000e+01 -9.000000000000000000e+00 3.937500000000000000e+00 9.375000000000000000e-01 3.750000000000000000e-01
-3.199999928474426270e-01 -3.799999952316284180e-01 9.390000343322753906e+00 3.518750000000000000e+01 -6.987500000000000000e+01 -9.000000000000000000e+00 3.937500000000000000e+00 9.375000000000000000e-01 3.750000000000000000e-01
-3.199999928474426270e-01 -4.000000059604644775e-01 9.439999580383300781e+00 3.518750000000000000e+01 -6.987500000000000000e+01 -9.000000000000000000e+00 5.375000000000000000e+00 3.750000000000000000e-01 5.625000000000000000e-01
-2.800000011920928955e-01 -3.199999928474426270e-01 9.470000267028808594e+00 3.518750000000000000e+01 -6.987500000000000000e+01 -9.000000000000000000e+00 6.437500000000000000e+00 9.375000000000000000e-01 6.875000000000000000e-01
-3.000000119209289551e-01 -3.300000131130218506e-01 9.430000305175781250e+00 3.518750000000000000e+01 -6.987500000000000000e+01 -9.000000000000000000e+00 6.562500000000000000e+00 1.812500000000000000e+00 7.500000000000000000e-01
-2.500000000000000000e-01 -2.399999946355819702e-01 9.439999580383300781e+00 3.487500000000000000e+01 -7.137500000000000000e+01 -7.375000000000000000e+00 5.312500000000000000e+00 2.375000000000000000e+00 5.000000000000000000e-01
-2.099999934434890747e-01 -1.599999964237213135e-01 9.390000343322753906e+00 3.487500000000000000e+01 -7.137500000000000000e+01 -7.375000000000000000e+00 5.312500000000000000e+00 2.375000000000000000e+00 5.000000000000000000e-01
-1.500000059604644775e-01 -1.599999964237213135e-01 9.300000190734863281e+00 3.487500000000000000e+01 -7.137500000000000000e+01 -7.375000000000000000e+00 1.875000000000000000e+00 3.000000000000000000e+00 3.750000000000000000e-01
-1.800000071525573730e-01 -2.099999934434890747e-01 9.319999694824218750e+00 3.487500000000000000e+01 -7.137500000000000000e+01 -7.375000000000000000e+00 -2.250000000000000000e+00 3.437500000000000000e+00 4.375000000000000000e-01
-2.300000041723251343e-01 -3.000000119209289551e-01 9.319999694824218750e+00 3.487500000000000000e+01 -7.137500000000000000e+01 -7.375000000000000000e+00 -4.250000000000000000e+00 3.937500000000000000e+00 1.250000000000000000e-01
-2.199999988079071045e-01 -2.800000011920928955e-01 9.369999885559082031e+00 3.487500000000000000e+01 -7.056250000000000000e+01 -7.687500000000000000e+00 -3.312500000000000000e+00 4.625000000000000000e+00 1.875000000000000000e-01
-3.799999952316284180e-01 -4.499999880790710449e-01 9.409999847412109375e+00 3.487500000000000000e+01 -7.056250000000000000e+01 -7.687500000000000000e+00 -3.312500000000000000e+00 4.625000000000000000e+00 1.875000000000000000e-01
-4.499999880790710449e-01 -5.799999833106994629e-01 9.479999542236328125e+00 3.487500000000000000e+01 -7.056250000000000000e+01 -7.687500000000000000e+00 -1.437500000000000000e+00 3.937500000000000000e+00 -1.875000000000000000e-01
-4.099999964237213135e-01 -5.600000023841857910e-01 9.529999732971191406e+00 3.487500000000000000e+01 -7.056250000000000000e+01 -7.687500000000000000e+00 1.875000000000000000e-01 4.062500000000000000e+00 -6.250000000000000000e-01
-5.500000119209289551e-01 -4.499999880790710449e-01 9.529999732971191406e+00 3.487500000000000000e+01 -7.056250000000000000e+01 -7.687500000000000000e+00 2.812500000000000000e+00 4.875000000000000000e+00 -1.125000000000000000e+00
-5.000000000000000000e-01 -4.900000095367431641e-01 9.500000000000000000e+00 3.487500000000000000e+01 -7.100000000000000000e+01 -8.500000000000000000e+00 1.187500000000000000e+01 5.375000000000000000e+00 -2.062500000000000000e+00
-4.600000083446502686e-01 -5.199999809265136719e-01 9.539999961853027344e+00 3.487500000000000000e+01 -7.100000000000000000e+01 -8.500000000000000000e+00 1.187500000000000000e+01 5.375000000000000000e+00 -2.062500000000000000e+00
-4.300000071525573730e-01 -6.299999952316284180e-01 9.560000419616699219e+00 3.487500000000000000e+01 -7.100000000000000000e+01 -8.500000000000000000e+00 1.956250000000000000e+01 5.187500000000000000e+00 -2.187500000000000000e+00
-2.700000107288360596e-01 -4.300000071525573730e-01 9.609999656677246094e+00 3.487500000000000000e+01 -7.100000000000000000e+01 -8.500000000000000000e+00 3.087500000000000000e+01 5.000000000000000000e+00 -2.625000000000000000e+00
-3.300000131130218506e-01 -5.500000119209289551e-01 9.819999694824218750e+00 3.487500000000000000e+01 -7.100000000000000000e+01 -8.500000000000000000e+00 4.668750000000000000e+01 4.312500000000000000e+00 -3.625000000000000000e+00
-3.199999928474426270e-01 -8.999999761581420898e-01 1.015999984741210938e+01 3.450000000000000000e+01 -7.100000000000000000e+01 -7.375000000000000000e+00 1.002500000000000000e+02 1.750000000000000000e+00 -7.312500000000000000e+00
-7.599999904632568359e-01 -1.149999976158142090e+00 1.047000026702880859e+01 3.450000000000000000e+01 -7.100000000000000000e+01 -7.375000000000000000e+00 1.002500000000000000e+02 1.750000000000000000e+00 -7.312500000000000000e+00
-1.190000057220458984e+00 -7.400000095367431641e-01 1.114999961853027344e+01 3.450000000000000000e+01 -7.100000000000000000e+01 -7.375000000000000000e+00 1.341250000000000000e+02 -2.125000000000000000e+00 -8.687500000000000000e+00
-1.159999966621398926e+00 -4.799999892711639404e-01 1.168999958038330078e+01 3.450000000000000000e+01 -7.100000000000000000e+01 -7.375000000000000000e+00 1.631250000000000000e+02 -7.250000000000000000e+00 -6.500000000000000000e+00
-1.129999995231628418e+00 -6.700000166893005371e-01 1.164999961853027344e+01 3.450000000000000000e+01 -7.100000000000000000e+01 -7.375000000000000000e+00 1.900000000000000000e+02 -1.693750000000000000e+01 -3.250000000000000000e+00
-1.129999995231628418e+00 5.000000074505805969e-02 1.164000034332275391e+01 3.518750000000000000e+01 -7.175000000000000000e+01 -4.062500000000000000e+00 2.485000000000000000e+02 -3.981250000000000000e+01 -1.875000000000000000e-01
-9.900000095367431641e-01 8.100000023841857910e-01 1.127999973297119141e+01 3.518750000000000000e+01 -7.175000000000000000e+01 -4.062500000000000000e+00 2.485000000000000000e+02 -3.981250000000000000e+01 -1.875000000000000000e-01
-8.199999928474426270e-01 1.500000000000000000e+00 1.063000011444091797e+01 3.518750000000000000e+01 -7.175000000000000000e+01 -4.062500000000000000e+00 2.721875000000000000e+02 -5.087500000000000000e+01 8.750000000000000000e-01
-6.399999856948852539e-01 1.639999985694885254e+00 9.789999961853027344e+00 3.518750000000000000e+01 -7.175000000000000000e+01 -4.062500000000000000e+00 2.870000000000000000e+02 -5.906250000000000000e+01 3.125000000000000000e+00
1.400000005960464478e-01 1.240000009536743164e+00 8.409999847412109375e+00 3.518750000000000000e+01 -7.175000000000000000e+01 -4.062500000000000000e+00 2.908125000000000000e+02 -6.275000000000000000e+01 4.062500000000000000e+00
4.099999964237213135e-01 1.840000033378601074e+00 7.980000019073486328e+00 3.668750000000000000e+01 -7.387500000000000000e+01 8.000000000000000000e+00 2.691250000000000000e+02 -6.831250000000000000e+01 -1.425000000000000000e+01
8.000000119209289551e-01 2.789999961853027344e+00 7.250000000000000000e+00 3.668750000000000000e+01 -7.387500000000000000e+01 8.000000000000000000e+00 2.691250000000000000e+02 -6.831250000000000000e+01 -1.425000000000000000e+01
8.000000119209289551e-01 3.779999971389770508e+00 6.760000228881835938e+00 3.668750000000000000e+01 -7.387500000000000000e+01 8.000000000000000000e+00 2.453125000000000000e+02 -6.968750000000000000e+01 -2.450000000000000000e+01
1.009999990463256836e+00 5.769999980926513672e+00 5.179999828338623047e+00 3.668750000000000000e+01 -7.387500000000000000e+01 8.000000000000000000e+00 2.173125000000000000e+02 -6.800000000000000000e+01 -3.150000000000000000e+01
8.199999928474426270e-01 5.739999771118164062e+00 4.550000190734863281e+00 3.668750000000000000e+01 -7.387500000000000000e+01 8.000000000000000000e+00 1.858750000000000000e+02 -5.956250000000000000e+01 -3.318750000000000000e+01
1.129999995231628418e+00 5.940000057220458984e+00 4.449999809265136719e+00 4.300000000000000000e+01 -7.275000000000000000e+01 2.418750000000000000e+01 1.209375000000000000e+02 -2.681250000000000000e+01 -2.950000000000000000e+01
1.590000033378601074e+00 6.780000209808349609e+00 4.860000133514404297e+00 4.300000000000000000e+01 -7.275000000000000000e+01 2.418750000000000000e+01 1.209375000000000000e+02 -2.681250000000000000e+01 -2.950000000000000000e+01
1.289999961853027344e+00 7.309999942779541016e+00 5.469999790191650391e+00 4.300000000000000000e+01 -7.275000000000000000e+01 2.418750000000000000e+01 9.225000000000000000e+01 -1.643750000000000000e+01 -2.900000000000000000e+01
1.179999947547912598e+00 7.559999942779541016e+00 5.500000000000000000e+00 4.300000000000000000e+01 -7.275000000000000000e+01 2.418750000000000000e+01 6.943750000000000000e+01 -1.037500000000000000e+01 -2.612500000000000000e+01
9.100000262260437012e-01 7.809999942779541016e+00 5.429999828338623047e+00 4.300000000000000000e+01 -7.275000000000000000e+01 2.418750000000000000e+01 4.731250000000000000e+01 -5.812500000000000000e+00 -2.125000000000000000e+01
4.499999880790710449e-01 6.500000000000000000e+00 6.099999904632568359e+00 5.137500000000000000e+01 -6.518750000000000000e+01 3.250000000000000000e+01 2.437500000000000000e+01 2.437500000000000000e+00 -1.337500000000000000e+01
2.800000011920928955e-01 6.079999923706054688e+00 6.460000038146972656e+00 5.137500000000000000e+01 -6.518750000000000000e+01 3.250000000000000000e+01 4.187500000000000000e+00 9.687500000000000000e+00 -5.562500000000000000e+00
1.299999952316284180e-01 5.769999980926513672e+00 6.809999942779541016e+00 5.137500000000000000e+01 -6.518750000000000000e+01 3.250000000000000000e+01 -1.087500000000000000e+01 1.256250000000000000e+01 -2.125000000000000000e+00
7.999999821186065674e-02 5.539999961853027344e+00 7.309999942779541016e+00 5.137500000000000000e+01 -6.518750000000000000e+01 3.250000000000000000e+01 -1.937500000000000000e+01 1.493750000000000000e+01 -2.000000000000000000e+00
1.199999973177909851e-01 5.309999942779541016e+00 7.920000076293945312e+00 5.137500000000000000e+01 -6.518750000000000000e+01 3.250000000000000000e+01 -2.425000000000000000e+01 1.568750000000000000e+01 -2.812500000000000000e+00
1.199999973177909851e-01 5.309999942779541016e+00 8.090000152587890625e+00 5.175000000000000000e+01 -6.418750000000000000e+01 3.487500000000000000e+01 -2.743750000000000000e+01 1.462500000000000000e+01 -3.375000000000000000e+00
2.000000029802322388e-01 5.460000038146972656e+00 7.949999809265136719e+00 5.175000000000000000e+01 -6.418750000000000000e+01 3.487500000000000000e+01 -3.081250000000000000e+01 1.187500000000000000e+01 -3.812500000000000000e+00
1.599999964237213135e-01 5.659999847412109375e+00 7.480000019073486328e+00 5.175000000000000000e+01 -6.418750000000000000e+01 3.487500000000000000e+01 -3.450000000000000000e+01 9.437500000000000000e+00 -2.937500000000000000e+00
2.899999916553497314e-01 5.650000095367431641e+00 7.110000133514404297e+00 5.175000000000000000e+01 -6.418750000000000000e+01 3.487500000000000000e+01 -3.906250000000000000e+01 7.875000000000000000e+00 -1.187500000000000000e+00
3.199999928474426270e-01 5.469999790191650391e+00 6.730000019073486328e+00 5.175000000000000000e+01 -6.418750000000000000e+01 3.487500000000000000e+01 -4.662500000000000000e+01 8.000000000000000000e+00 1.437500000000000000e+00
4.000000059604644775e-01 5.469999790191650391e+00 6.329999923706054688e+00 5.100000000000000000e+01 -6.506250000000000000e+01 3.287500000000000000e+01 -5.893750000000000000e+01 9.562500000000000000e+00 4.187500000000000000e+00
6.000000238418579102e-01 5.559999942779541016e+00 5.510000228881835938e+00 5.100000000000000000e+01 -6.506250000000000000e+01 3.287500000000000000e+01 -7.843750000000000000e+01 1.325000000000000000e+01 6.000000000000000000e+00
7.200000286102294922e-01 5.769999980926513672e+00 5.119999885559082031e+00 5.100000000000000000e+01 -6.506250000000000000e+01 3.287500000000000000e+01 -1.073125000000000000e+02 1.981250000000000000e+01 8.437500000000000000e+00
7.300000190734863281e-01 6.110000133514404297e+00 5.039999961853027344e+00 5.100000000000000000e+01 -6.506250000000000000e+01 3.287500000000000000e+01 -1.460000000000000000e+02 3.037500000000000000e+01 1.256250000000000000e+01
6.499999761581420898e-01 6.550000190734863281e+00 5.239999771118164062e+00 5.100000000000000000e+01 -6.506250000000000000e+01 3.287500000000000000e+01 -1.913750000000000000e+02 4.462500000000000000e+01 2.056250000000000000e+01
2.999999932944774628e-02 5.369999885559082031e+00 6.190000057220458984e+00 4.868750000000000000e+01 -6.656250000000000000e+01 2.787500000000000000e+01 -2.385000000000000000e+02 6.106250000000000000e+01 3.187500000000000000e+01
-3.999999910593032837e-02 3.869999885559082031e+00 6.869999885559082031e+00 4.868750000000000000e+01 -6.656250000000000000e+01 2.787500000000000000e+01 -2.815000000000000000e+02 7.618750000000000000e+01 4.425000000000000000e+01
-1.299999952316284180e-01 3.009999990463256836e+00 7.619999885559082031e+00 4.868750000000000000e+01 -6.656250000000000000e+01 2.787500000000000000e+01 -3.176250000000000000e+02 8.450000000000000000e+01 5.306250000000000000e+01
-5.899999737739562988e-01 6.100000143051147461e-01 1.063000011444091797e+01 4.868750000000000000e+01 -6.656250000000000000e+01 2.787500000000000000e+01 -3.488750000000000000e+02 8.775000000000000000e+01 5.306250000000000000e+01
-6.200000047683715820e-01 -9.499999880790710449e-01 1.263000011444091797e+01 4.868750000000000000e+01 -6.656250000000000000e+01 2.787500000000000000e+01 -3.686875000000000000e+02 8.187500000000000000e+01 4.668750000000000000e+01
-1.429999947547912598e+00 -1.899999976158142090e+00 1.560000038146972656e+01 4.056250000000000000e+01 -7.206250000000000000e+01 1.487500000000000000e+01 -3.735000000000000000e+02 6.156250000000000000e+01 3.525000000000000000e+01
-1.470000028610229492e+00 -1.870000004768371582e+00 1.318999958038330078e+01 4.056250000000000000e+01 -7.206250000000000000e+01 1.487500000000000000e+01 -3.449375000000000000e+02 2.475000000000000000e+01 2.325000000000000000e+01
-1.870000004768371582e+00 -1.179999947547912598e+00 1.234000015258789062e+01 4.056250000000000000e+01 -7.206250000000000000e+01 1.487500000000000000e+01 -2.863750000000000000e+02 -6.437500000000000000e+00 1.225000000000000000e+01
-1.980000019073486328e+00 -1.789999961853027344e+00 1.097000026702880859e+01 4.056250000000000000e+01 -7.206250000000000000e+01 1.487500000000000000e+01 -2.149375000000000000e+02 -1.937500000000000000e+01 7.375000000000000000e+00
-1.519999980926513672e+00 -2.609999895095825195e+00 9.750000000000000000e+00 4.056250000000000000e+01 -7.206250000000000000e+01 1.487500000000000000e+01 -1.491875000000000000e+02 -2.268750000000000000e+01 5.125000000000000000e+00
-1.110000014305114746e+00 -2.950000047683715820e+00 8.829999923706054688e+00 3.468750000000000000e+01 -7.306250000000000000e+01 -4.375000000000000000e+00 -9.050000000000000000e+01 -1.856250000000000000e+01 1.375000000000000000e+00
-3.499999940395355225e-01 -2.589999914169311523e+00 8.680000305175781250e+00 3.468750000000000000e+01 -7.306250000000000000e+01 -4.375000000000000000e+00 -3.993750000000000000e+01 -1.181250000000000000e+01 -3.125000000000000000e+00
3.999999910593032837e-02 -2.119999885559082031e+00 8.770000457763671875e+00 3.468750000000000000e+01 -7.306250000000000000e+01 -4.375000000000000000e+00 -4.125000000000000000e+00 -7.562500000000000000e+00 -7.875000000000000000e+00
3.000000119209289551e-01 -1.710000038146972656e+00 8.890000343322753906e+00 3.468750000000000000e+01 -7.306250000000000000e+01 -4.375000000000000000e+00 1.712500000000000000e+01 -7.125000000000000000e+00 -7.812500000000000000e+00
4.600000083446502686e-01 -4.799999892711639404e-01 9.119999885559082031e+00 3.468750000000000000e+01 -7.306250000000000000e+01 -4.375000000000000000e+00 2.968750000000000000e+01 -7.937500000000000000e+00 -7.375000000000000000e+00
4.499999880790710449e-01 1.700000017881393433e-01 9.319999694824218750e+00 3.350000000000000000e+01 -7.106250000000000000e+01 -9.687500000000000000e+00 3.712500000000000000e+01 -7.937500000000000000e+00 -7.500000000000000000e+00
3.700000047683715820e-01 2.899999916553497314e-01 9.350000381469726562e+00 3.350000000000000000e+01 -7.106250000000000000e+01 -9.687500000000000000e+00 3.750000000000000000e+01 -7.750000000000000000e+00 -6.187500000000000000e+00
1.500000059604644775e-01 4.499999880790710449e-01 9.359999656677246094e+00 3.350000000000000000e+01 -7.106250000000000000e+01 -9.687500000000000000e+00 3.193750000000000000e+01 -7.125000000000000000e+00 -3.937500000000000000e+00
0.000000000000000000e+00 4.300000071525573730e-01 9.560000419616699219e+00 3.350000000000000000e+01 -7.106250000000000000e+01 -9.687500000000000000e+00 2.731250000000000000e+01 -5.187500000000000000e+00 -2.500000000000000000e+00
-9.999999776482582092e-03 1.899999976158142090e-01 9.590000152587890625e+00 3.350000000000000000e+01 -7.106250000000000000e+01 -9.687500000000000000e+00 2.031250000000000000e+01 -3.125000000000000000e+00 -9.375000000000000000e-01
-1.999999955296516418e-02 1.999999955296516418e-02 9.609999656677246094e+00 3.500000000000000000e+01 -7.037500000000000000e+01 -7.750000000000000000e+00 1.362500000000000000e+01 -1.062500000000000000e+00 -3.750000000000000000e-01
-5.999999865889549255e-02 2.999999932944774628e-02 9.560000419616699219e+00 3.500000000000000000e+01 -7.037500000000000000e+01 -7.750000000000000000e+00 7.562500000000000000e+00 9.375000000000000000e-01 -3.750000000000000000e-01
-1.099999994039535522e-01 3.999999910593032837e-02 9.340000152587890625e+00 3.500000000000000000e+01 -7.037500000000000000e+01 -7.750000000000000000e+00 1.937500000000000000e+00 2.937500000000000000e+00 -8.125000000000000000e-01
-1.199999973177909851e-01 -1.999999955296516418e-02 9.369999885559082031e+00 3.500000000000000000e+01 -7.037500000000000000e+01 -7.750000000000000000e+00 -2.187500000000000000e+00 4.437500000000000000e+00 -1.125000000000000000e+00
-1.400000005960464478e-01 -9.000000357627868652e-02 9.399999618530273438e+00 3.500000000000000000e+01 -7.037500000000000000e+01 -7.750000000000000000e+00 -3.812500000000000000e+00 5.500000000000000000e+00 -9.375000000000000000e-01
-1.800000071525573730e-01 -2.500000000000000000e-01 9.439999580383300781e+00 3.575000000000000000e+01 -7.225000000000000000e+01 -7.875000000000000000e+00 -3.062500000000000000e+00 6.187500000000000000e+00 -9.375000000000000000e-01
-2.300000041723251343e-01 -3.799999952316284180e-01 9.369999885559082031e+00 3.575000000000000000e+01 -7.225000000000000000e+01 -7.875000000000000000e+00 -1.062500000000000000e+00 5.312500000000000000e+00 -1.250000000000000000e+00
-3.100000023841857910e-01 -4.699999988079071045e-01 9.300000190734863281e+00 3.575000000000000000e+01 -7.225000000000000000e+01 -7.875000000000000000e+00 2.000000000000000000e+00 4.375000000000000000e+00 -1.312500000000000000e+00
-3.700000047683715820e-01 -3.300000131130218506e-01 9.340000152587890625e+00 3.575000000000000000e+01 -7.225000000000000000e+01 -7.875000000000000000e+00 5.562500000000000000e+00 2.937500000000000000e+00 -1.375000000000000000e+00
-4.000000059604644775e-01 -1.899999976158142090e-01 9.380000114440917969e+00 3.575000000000000000e+01 -7.225000000000000000e+01 -7.875000000000000000e+00 7.750000000000000000e+00 2.000000000000000000e+00 -1.562500000000000000e+00
-3.899999856948852539e-01 -2.000000029802322388e-01 9.390000343322753906e+00 3.468750000000000000e+01 -7.150000000000000000e+01 -7.375000000000000000e+00 7.875000000000000000e+00 1.062500000000000000e+00 -1.000000000000000000e+00
-4.099999964237213135e-01 -2.000000029802322388e-01 9.449999809265136719e+00 3.468750000000000000e+01 -7.150000000000000000e+01 -7.375000000000000000e+00 7.875000000000000000e+00 1.875000000000000000e-01 -5.000000000000000000e-01
-4.300000071525573730e-01 0.000000000000000000e+00 9.500000000000000000e+00 3.468750000000000000e+01 -7.150000000000000000e+01 -7.375000000000000000e+00 8.500000000000000000e+00 -5.000000000000000000e-01 -5.000000000000000000e-01
-4.199999868869781494e-01 2.599999904632568359e-01 9.460000038146972656e+00 3.468750000000000000e+01 -7.150000000000000000e+01 -7.375000000000000000e+00 8.187500000000000000e+00 -9.375000000000000000e-01 -4.375000000000000000e-01
-3.499999940395355225e-01 2.199999988079071045e-01 9.390000343322753906e+00 3.468750000000000000e+01 -7.150000000000000000e+01 -7.375000000000000000e+00 5.875000000000000000e+00 -1.375000000000000000e+00 -6.875000000000000000e-01
-3.300000131130218506e-01 2.300000041723251343e-01 9.439999580383300781e+00 3.468750000000000000e+01 -7.256250000000000000e+01 -6.562500000000000000e+00 3.250000000000000000e+00 -1.562500000000000000e+00 -6.250000000000000000e-01
-2.399999946355819702e-01 5.000000000000000000e-01 9.279999732971191406e+00 3.468750000000000000e+01 -7.256250000000000000e+01 -6.562500000000000000e+00 8.750000000000000000e-01 -1.125000000000000000e+00 -5.625000000000000000e-01
