-1.199999973177909851e-01 -2.099999934434890747e-01 9.319999694824218750e+00 1.206250000000000000e+01 -4.000000000000000000e+01 -2.200000000000000000e+01 6.250000000000000000e-02 1.875000000000000000e-01 1.250000000000000000e-01
-1.500000059604644775e-01 -2.300000041723251343e-01 9.359999656677246094e+00 1.206250000000000000e+01 -4.000000000000000000e+01 -2.200000000000000000e+01 3.750000000000000000e-01 1.875000000000000000e-01 3.750000000000000000e-01
-1.500000059604644775e-01 -2.700000107288360596e-01 9.359999656677246094e+00 1.206250000000000000e+01 -4.000000000000000000e+01 -2.200000000000000000e+01 2.000000000000000000e+00 1.875000000000000000e-01 2.500000000000000000e-01
-1.700000017881393433e-01 -2.599999904632568359e-01 9.390000343322753906e+00 1.168750000000000000e+01 -3.850000000000000000e+01 -2.118750000000000000e+01 4.375000000000000000e+00 5.000000000000000000e-01 1.875000000000000000e-01
-1.400000005960464478e-01 -2.300000041723251343e-01 9.310000419616699219e+00 1.168750000000000000e+01 -3.850000000000000000e+01 -2.118750000000000000e+01 6.875000000000000000e+00 6.250000000000000000e-01 3.125000000000000000e-01
-1.099999994039535522e-01 -2.399999946355819702e-01 9.289999961853027344e+00 1.168750000000000000e+01 -3.850000000000000000e+01 -2.118750000000000000e+01 1.000000000000000000e+01 6.875000000000000000e-01 3.125000000000000000e-01
-1.000000014901161194e-01 -3.100000023841857910e-01 9.359999656677246094e+00 1.168750000000000000e+01 -3.850000000000000000e+01 -2.118750000000000000e+01 1.462500000000000000e+01 9.375000000000000000e-01 3.750000000000000000e-01
-1.199999973177909851e-01 -3.300000131130218506e-01 9.390000343322753906e+00 1.168750000000000000e+01 -3.850000000000000000e+01 -2.118750000000000000e+01 2.025000000000000000e+01 1.312500000000000000e+00 5.625000000000000000e-01
-2.899999916553497314e-01 -3.300000131130218506e-01 9.479999542236328125e+00 1.100000000000000000e+01 -3.925000000000000000e+01 -2.118750000000000000e+01 2.812500000000000000e+01 1.562500000000000000e+00 5.000000000000000000e-01
-2.899999916553497314e-01 -2.599999904632568359e-01 9.560000419616699219e+00 1.100000000000000000e+01 -3.925000000000000000e+01 -2.118750000000000000e+01 3.875000000000000000e+01 1.125000000000000000e+00 -1.875000000000000000e-01
-2.800000011920928955e-01 -1.400000005960464478e-01 9.640000343322753906e+00 1.100000000000000000e+01 -3.925000000000000000e+01 -2.118750000000000000e+01 4.800000000000000000e+01 2.500000000000000000e-01 -3.125000000000000000e-01
-7.000000029802322388e-02 -9.999999776482582092e-03 9.720000267028808594e+00 1.100000000000000000e+01 -3.925000000000000000e+01 -2.118750000000000000e+01 5.631250000000000000e+01 -8.750000000000000000e-01 3.750000000000000000e-01
0.000000000000000000e+00 -3.999999910593032837e-02 9.810000419616699219e+00 1.100000000000000000e+01 -3.925000000000000000e+01 -2.118750000000000000e+01 6.925000000000000000e+01 -2.500000000000000000e+00 1.812500000000000000e+00
-2.999999932944774628e-02 -3.600000143051147461e-01 9.930000305175781250e+00 1.100000000000000000e+01 -4.000000000000000000e+01 -1.956250000000000000e+01 9.000000000000000000e+01 -5.500000000000000000e+00 3.625000000000000000e+00
-3.899999856948852539e-01 -4.000000059604644775e-01 1.019999980926513672e+01 1.100000000000000000e+01 -4.000000000000000000e+01 -1.956250000000000000e+01 1.166875000000000000e+02 -9.687500000000000000e+00 4.562500000000000000e+00
-2.700000107288360596e-01 -2.300000041723251343e-01 1.009000015258789062e+01 1.100000000000000000e+01 -4.000000000000000000e+01 -1.956250000000000000e+01 1.420000000000000000e+02 -1.493750000000000000e+01 2.687500000000000000e+00
-2.300000041723251343e-01 -1.599999964237213135e-01 1.061999988555908203e+01 1.100000000000000000e+01 -4.000000000000000000e+01 -1.956250000000000000e+01 1.646875000000000000e+02 -1.800000000000000000e+01 2.625000000000000000e+00
-2.300000041723251343e-01 -3.899999856948852539e-01 1.117000007629394531e+01 1.100000000000000000e+01 -4.000000000000000000e+01 -1.956250000000000000e+01 1.952500000000000000e+02 -1.825000000000000000e+01 4.375000000000000000e-01
-3.400000035762786865e-01 6.499999761581420898e-01 1.061999988555908203e+01 1.056250000000000000e+01 -4.075000000000000000e+01 -1.475000000000000000e+01 2.225625000000000000e+02 -2.281250000000000000e+01 -5.625000000000000000e+00
-5.600000023841857910e-01 -7.999999821186065674e-02 1.030000019073486328e+01 1.056250000000000000e+01 -4.075000000000000000e+01 -1.475000000000000000e+01 2.390625000000000000e+02 -2.625000000000000000e+01 -8.250000000000000000e+00
9.999999776482582092e-03 1.800000071525573730e-01 1.107999992370605469e+01 1.056250000000000000e+01 -4.075000000000000000e+01 -1.475000000000000000e+01 2.476250000000000000e+02 -2.837500000000000000e+01 -1.100000000000000000e+01
-1.899999976158142090e-01 1.899999976158142090e+00 1.110000038146972656e+01 1.056250000000000000e+01 -4.075000000000000000e+01 -1.475000000000000000e+01 2.820625000000000000e+02 -2.925000000000000000e+01 -2.325000000000000000e+01
-1.599999964237213135e-01 2.410000085830688477e+00 8.119999885559082031e+00 1.056250000000000000e+01 -4.075000000000000000e+01 -1.475000000000000000e+01 2.958125000000000000e+02 -4.343750000000000000e+01 -3.150000000000000000e+01
9.000000357627868652e-02 3.279999971389770508e+00 7.969999790191650391e+00 1.000000000000000000e+01 -4.425000000000000000e+01 -4.500000000000000000e+00 2.930625000000000000e+02 -4.637500000000000000e+01 -3.806250000000000000e+01
1.000000014901161194e-01 3.430000066757202148e+00 6.670000076293945312e+00 1.000000000000000000e+01 -4.425000000000000000e+01 -4.500000000000000000e+00 2.846250000000000000e+02 -4.468750000000000000e+01 -4.256250000000000000e+01
3.000000119209289551e-01 3.980000019073486328e+00 6.230000019073486328e+00 1.000000000000000000e+01 -4.425000000000000000e+01 -4.500000000000000000e+00 2.641875000000000000e+02 -4.606250000000000000e+01 -4.612500000000000000e+01
3.499999940395355225e-01 5.420000076293945312e+00 5.719999790191650391e+00 1.000000000000000000e+01 -4.425000000000000000e+01 -4.500000000000000000e+00 2.425000000000000000e+02 -4.156250000000000000e+01 -4.968750000000000000e+01
4.300000071525573730e-01 6.239999771118164062e+00 5.539999961853027344e+00 1.000000000000000000e+01 -4.425000000000000000e+01 -4.500000000000000000e+00 2.217500000000000000e+02 -3.625000000000000000e+01 -4.925000000000000000e+01
5.000000000000000000e-01 6.809999942779541016e+00 5.639999866485595703e+00 1.125000000000000000e+01 -4.900000000000000000e+01 1.387500000000000000e+01 1.990000000000000000e+02 -3.075000000000000000e+01 -4.687500000000000000e+01
5.799999833106994629e-01 7.420000076293945312e+00 5.780000209808349609e+00 1.125000000000000000e+01 -4.900000000000000000e+01 1.387500000000000000e+01 1.747500000000000000e+02 -2.506250000000000000e+01 -4.250000000000000000e+01
6.700000166893005371e-01 7.920000076293945312e+00 5.590000152587890625e+00 1.125000000000000000e+01 -4.900000000000000000e+01 1.387500000000000000e+01 1.500000000000000000e+02 -2.175000000000000000e+01 -3.662500000000000000e+01
6.700000166893005371e-01 7.929999828338623047e+00 5.199999809265136719e+00 1.125000000000000000e+01 -4.900000000000000000e+01 1.387500000000000000e+01 1.241875000000000000e+02 -1.887500000000000000e+01 -2.993750000000000000e+01
5.600000023841857910e-01 7.809999942779541016e+00 5.179999828338623047e+00 1.125000000000000000e+01 -4.900000000000000000e+01 1.387500000000000000e+01 9.931250000000000000e+01 -1.468750000000000000e+01 -2.381250000000000000e+01
5.600000023841857910e-01 7.809999942779541016e+00 5.179999828338623047e+00 1.256250000000000000e+01 -5.487500000000000000e+01 2.718750000000000000e+01 7.625000000000000000e+01 -9.500000000000000000e+00 -1.893750000000000000e+01
5.799999833106994629e-01 7.599999904632568359e+00 5.139999866485595703e+00 1.256250000000000000e+01 -5.487500000000000000e+01 2.718750000000000000e+01 5.275000000000000000e+01 -3.187500000000000000e+00 -1.525000000000000000e+01
5.600000023841857910e-01 7.409999847412109375e+00 5.429999828338623047e+00 1.256250000000000000e+01 -5.487500000000000000e+01 2.718750000000000000e+01 3.043750000000000000e+01 4.687500000000000000e+00 -1.112500000000000000e+01
4.600000083446502686e-01 7.329999923706054688e+00 5.789999961853027344e+00 1.256250000000000000e+01 -5.487500000000000000e+01 2.718750000000000000e+01 1.062500000000000000e+01 1.137500000000000000e+01 -7.937500000000000000e+00
2.300000041723251343e-01 7.110000133514404297e+00 6.489999771118164062e+00 1.256250000000000000e+01 -5.487500000000000000e+01 2.718750000000000000e+01 -5.000000000000000000e+00 1.556250000000000000e+01 -5.375000000000000000e+00
1.299999952316284180e-01 6.530000209808349609e+00 6.869999885559082031e+00 1.400000000000000000e+01 -5.656250000000000000e+01 3.156250000000000000e+01 -1.456250000000000000e+01 1.806250000000000000e+01 -2.750000000000000000e+00
3.999999910593032837e-02 6.039999961853027344e+00 7.280000209808349609e+00 1.400000000000000000e+01 -5.656250000000000000e+01 3.156250000000000000e+01 -1.825000000000000000e+01 1.862500000000000000e+01 -1.187500000000000000e+00
-9.000000357627868652e-02 6.039999961853027344e+00 7.449999809265136719e+00 1.400000000000000000e+01 -5.656250000000000000e+01 3.156250000000000000e+01 -1.856250000000000000e+01 1.706250000000000000e+01 -1.875000000000000000e+00
-3.300000131130218506e-01 6.090000152587890625e+00 7.289999961853027344e+00 1.400000000000000000e+01 -5.656250000000000000e+01 3.156250000000000000e+01 -1.668750000000000000e+01 1.431250000000000000e+01 -2.937500000000000000e+00
-2.300000041723251343e-01 5.840000152587890625e+00 7.300000190734863281e+00 1.400000000000000000e+01 -5.656250000000000000e+01 3.156250000000000000e+01 -1.343750000000000000e+01 1.281250000000000000e+01 -1.687500000000000000e+00
-1.199999973177909851e-01 5.909999847412109375e+00 7.289999961853027344e+00 1.306250000000000000e+01 -5.756250000000000000e+01 2.918750000000000000e+01 -9.937500000000000000e+00 1.181250000000000000e+01 -3.750000000000000000e-01
5.000000074505805969e-02 5.880000114440917969e+00 7.190000057220458984e+00 1.306250000000000000e+01 -5.756250000000000000e+01 2.918750000000000000e+01 -5.187500000000000000e+00 1.112500000000000000e+01 -3.750000000000000000e-01
7.999999821186065674e-02 6.079999923706054688e+00 6.900000095367431641e+00 1.306250000000000000e+01 -5.756250000000000000e+01 2.918750000000000000e+01 -9.375000000000000000e-01 1.006250000000000000e+01 0.000000000000000000e+00
1.599999964237213135e-01 6.219999790191650391e+00 6.610000133514404297e+00 1.306250000000000000e+01 -5.756250000000000000e+01 2.918750000000000000e+01 -1.062500000000000000e+00 9.437500000000000000e+00 6.250000000000000000e-02
2.700000107288360596e-01 6.300000190734863281e+00 6.340000152587890625e+00 1.306250000000000000e+01 -5.756250000000000000e+01 2.918750000000000000e+01 -6.375000000000000000e+00 1.031250000000000000e+01 8.750000000000000000e-01
4.799999892711639404e-01 6.460000038146972656e+00 5.829999923706054688e+00 1.275000000000000000e+01 -5.750000000000000000e+01 2.856250000000000000e+01 -1.725000000000000000e+01 1.281250000000000000e+01 1.375000000000000000e+00
5.500000119209289551e-01 6.650000095367431641e+00 5.510000228881835938e+00 1.275000000000000000e+01 -5.750000000000000000e+01 2.856250000000000000e+01 -3.506250000000000000e+01 1.650000000000000000e+01 1.125000000000000000e+00
5.600000023841857910e-01 6.789999961853027344e+00 5.199999809265136719e+00 1.275000000000000000e+01 -5.750000000000000000e+01 2.856250000000000000e+01 -6.181250000000000000e+01 2.075000000000000000e+01 1.875000000000000000e-01
5.400000214576721191e-01 7.030000209808349609e+00 4.949999809265136719e+00 1.275000000000000000e+01 -5.750000000000000000e+01 2.856250000000000000e+01 -9.943750000000000000e+01 2.662500000000000000e+01 -5.000000000000000000e-01
4.099999964237213135e-01 7.590000152587890625e+00 4.949999809265136719e+00 1.275000000000000000e+01 -5.750000000000000000e+01 2.856250000000000000e+01 -1.463125000000000000e+02 3.406250000000000000e+01 1.250000000000000000e-01
3.100000023841857910e-01 7.480000019073486328e+00 5.260000228881835938e+00 1.168750000000000000e+01 -5.868750000000000000e+01 2.668750000000000000e+01 -1.975000000000000000e+02 4.287500000000000000e+01 2.937500000000000000e+00
1.400000005960464478e-01 7.360000133514404297e+00 5.699999809265136719e+00 1.168750000000000000e+01 -5.868750000000000000e+01 2.668750000000000000e+01 -2.485625000000000000e+02 5.100000000000000000e+01 7.125000000000000000e+00
-4.399999976158142090e-01 6.280000209808349609e+00 6.590000152587890625e+00 1.168750000000000000e+01 -5.868750000000000000e+01 2.668750000000000000e+01 -2.979375000000000000e+02 5.556250000000000000e+01 1.175000000000000000e+01
-7.699999809265136719e-01 5.329999923706054688e+00 7.280000209808349609e+00 1.168750000000000000e+01 -5.868750000000000000e+01 2.668750000000000000e+01 -3.437500000000000000e+02 5.768750000000000000e+01 1.831250000000000000e+01
-9.300000071525573730e-01 3.910000085830688477e+00 8.760000228881835938e+00 1.168750000000000000e+01 -5.868750000000000000e+01 2.668750000000000000e+01 -3.851875000000000000e+02 6.143750000000000000e+01 2.400000000000000000e+01
-8.999999761581420898e-01 2.680000066757202148e+00 9.779999732971191406e+00 1.175000000000000000e+01 -6.187500000000000000e+01 1.500000000000000000e+01 -4.193750000000000000e+02 5.937500000000000000e+01 2.625000000000000000e+01
-1.210000038146972656e+00 1.440000057220458984e+00 1.284000015258789062e+01 1.175000000000000000e+01 -6.187500000000000000e+01 1.500000000000000000e+01 -4.384375000000000000e+02 5.000000000000000000e+01 2.475000000000000000e+01
-1.750000000000000000e+00 9.499999880790710449e-01 1.353999996185302734e+01 1.175000000000000000e+01 -6.187500000000000000e+01 1.500000000000000000e+01 -4.333125000000000000e+02 3.462500000000000000e+01 2.012500000000000000e+01
-1.740000009536743164e+00 7.900000214576721191e-01 1.285000038146972656e+01 1.175000000000000000e+01 -6.187500000000000000e+01 1.500000000000000000e+01 -3.933125000000000000e+02 1.218750000000000000e+01 1.625000000000000000e+01
-1.730000019073486328e+00 1.700000017881393433e-01 1.151000022888183594e+01 1.175000000000000000e+01 -6.187500000000000000e+01 1.500000000000000000e+01 -3.240000000000000000e+02 -8.000000000000000000e+00 1.200000000000000000e+01
-1.730000019073486328e+00 1.700000017881393433e-01 1.151000022888183594e+01 1.056250000000000000e+01 -6.437500000000000000e+01 -6.562500000000000000e+00 -2.474375000000000000e+02 -1.837500000000000000e+01 7.500000000000000000e+00
-1.450000047683715820e+00 -1.110000014305114746e+00 8.079999923706054688e+00 1.056250000000000000e+01 -6.437500000000000000e+01 -6.562500000000000000e+00 -1.806250000000000000e+02 -1.706250000000000000e+01 9.000000000000000000e+00
-1.169999957084655762e+00 -2.180000066757202148e+00 7.920000076293945312e+00 1.056250000000000000e+01 -6.437500000000000000e+01 -6.562500000000000000e+00 -1.273750000000000000e+02 -1.362500000000000000e+01 1.731250000000000000e+01
-5.199999809265136719e-01 -5.179999828338623047e+00 8.550000190734863281e+00 1.056250000000000000e+01 -6.437500000000000000e+01 -6.562500000000000000e+00 -8.656250000000000000e+01 -1.262500000000000000e+01 2.500000000000000000e+01
-2.099999934434890747e-01 -5.260000228881835938e+00 8.829999923706054688e+00 1.056250000000000000e+01 -6.437500000000000000e+01 -6.562500000000000000e+00 -5.443750000000000000e+01 -1.400000000000000000e+01 2.418750000000000000e+01
-2.099999934434890747e-01 -5.260000228881835938e+00 8.829999923706054688e+00 9.000000000000000000e+00 -6.306250000000000000e+01 -1.950000000000000000e+01 -2.937500000000000000e+01 -1.781250000000000000e+01 1.743750000000000000e+01
-2.999999932944774628e-02 -3.089999914169311523e+00 9.149999618530273438e+00 9.000000000000000000e+00 -6.306250000000000000e+01 -1.950000000000000000e+01 -7.625000000000000000e+00 -2.268750000000000000e+01 7.250000000000000000e+00
-1.800000071525573730e-01 -8.000000119209289551e-01 9.359999656677246094e+00 9.000000000000000000e+00 -6.306250000000000000e+01 -1.950000000000000000e+01 1.562500000000000000e+01 -2.568750000000000000e+01 2.500000000000000000e-01
-2.000000029802322388e-01 -4.699999988079071045e-01 9.319999694824218750e+00 9.000000000000000000e+00 -6.306250000000000000e+01 -1.950000000000000000e+01 3.162500000000000000e+01 -2.643750000000000000e+01 9.375000000000000000e-01
-1.299999952316284180e-01 -5.000000000000000000e-01 9.420000076293945312e+00 9.000000000000000000e+00 -6.306250000000000000e+01 -1.950000000000000000e+01 3.962500000000000000e+01 -2.493750000000000000e+01 4.625000000000000000e+00
-1.299999952316284180e-01 -5.000000000000000000e-01 9.420000076293945312e+00 8.187500000000000000e+00 -6.206250000000000000e+01 -2.256250000000000000e+01 4.262500000000000000e+01 -2.206250000000000000e+01 7.500000000000000000e+00
0.000000000000000000e+00 -3.700000047683715820e-01 9.539999961853027344e+00 8.187500000000000000e+00 -6.206250000000000000e+01 -2.256250000000000000e+01 4.450000000000000000e+01 -1.868750000000000000e+01 7.437500000000000000e+00
1.999999955296516418e-02 0.000000000000000000e+00 9.500000000000000000e+00 8.187500000000000000e+00 -6.206250000000000000e+01 -2.256250000000000000e+01 4.550000000000000000e+01 -1.568750000000000000e+01 5.437500000000000000e+00
1.000000014901161194e-01 2.899999916553497314e-01 9.479999542236328125e+00 8.187500000000000000e+00 -6.206250000000000000e+01 -2.256250000000000000e+01 4.281250000000000000e+01 -1.206250000000000000e+01 3.812500000000000000e+00
2.000000029802322388e-01 5.899999737739562988e-01 9.380000114440917969e+00 8.187500000000000000e+00 -6.206250000000000000e+01 -2.256250000000000000e+01 3.587500000000000000e+01 -8.375000000000000000e+00 3.250000000000000000e+00
2.000000029802322388e-01 5.899999737739562988e-01 9.380000114440917969e+00 7.250000000000000000e+00 -6.237500000000000000e+01 -2.025000000000000000e+01 2.681250000000000000e+01 -5.187500000000000000e+00 2.875000000000000000e+00
2.000000029802322388e-01 7.900000214576721191e-01 9.319999694824218750e+00 7.250000000000000000e+00 -6.237500000000000000e+01 -2.025000000000000000e+01 1.768750000000000000e+01 -2.125000000000000000e+00 1.875000000000000000e+00
1.000000014901161194e-01 7.900000214576721191e-01 9.380000114440917969e+00 7.250000000000000000e+00 -6.237500000000000000e+01 -2.025000000000000000e+01 9.812500000000000000e+00 2.500000000000000000e-01 1.250000000000000000e+00
-2.999999932944774628e-02 4.099999964237213135e-01 9.439999580383300781e+00 7.250000000000000000e+00 -6.237500000000000000e+01 -2.025000000000000000e+01 2.625000000000000000e+00 2.125000000000000000e+00 8.125000000000000000e-01
-5.000000074505805969e-02 2.599999904632568359e-01 9.479999542236328125e+00 7.250000000000000000e+00 -6.237500000000000000e+01 -2.025000000000000000e+01 -3.812500000000000000e+00 3.125000000000000000e+00 2.500000000000000000e-01
-5.000000074505805969e-02 2.599999904632568359e-01 9.479999542236328125e+00 8.062500000000000000e+00 -6.387500000000000000e+01 -1.875000000000000000e+01 -9.250000000000000000e+00 3.312500000000000000e+00 -2.500000000000000000e-01
-1.800000071525573730e-01 5.999999865889549255e-02 9.470000267028808594e+00 8.062500000000000000e+00 -6.387500000000000000e+01 -1.875000000000000000e+01 -1.425000000000000000e+01 3.125000000000000000e+00 -3.125000000000000000e-01
-2.500000000000000000e-01 -1.299999952316284180e-01 9.399999618530273438e+00 8.062500000000000000e+00 -6.387500000000000000e+01 -1.875000000000000000e+01 -1.681250000000000000e+01 2.750000000000000000e+00 -3.750000000000000000e-01
-2.800000011920928955e-01 -2.599999904632568359e-01 9.359999656677246094e+00 8.062500000000000000e+00 -6.387500000000000000e+01 -1.875000000000000000e+01 -1.681250000000000000e+01 2.687500000000000000e+00 -7.500000000000000000e-01
-2.800000011920928955e-01 -2.800000011920928955e-01 9.380000114440917969e+00 8.062500000000000000e+00 -6.387500000000000000e+01 -1.875000000000000000e+01 -1.412500000000000000e+01 2.000000000000000000e+00 -1.250000000000000000e+00
-2.800000011920928955e-01 -2.800000011920928955e-01 9.380000114440917969e+00 7.687500000000000000e+00 -6.400000000000000000e+01 -1.800000000000000000e+01 -1.062500000000000000e+01 1.750000000000000000e+00 -2.062500000000000000e+00
-2.899999916553497314e-01 -4.199999868869781494e-01 9.369999885559082031e+00 7.687500000000000000e+00 -6.400000000000000000e+01 -1.800000000000000000e+01 -6.875000000000000000e+00 1.250000000000000000e+00 -2.625000000000000000e+00
-3.199999928474426270e-01 -2.700000107288360596e-01 9.420000076293945312e+00 7.687500000000000000e+00 -6.400000000000000000e+01 -1.800000000000000000e+01 -3.250000000000000000e+00 9.375000000000000000e-01 -3.375000000000000000e+00
-2.800000011920928955e-01 -1.299999952316284180e-01 9.359999656677246094e+00 7.687500000000000000e+00 -6.400000000000000000e+01 -1.800000000000000000e+01 -8.750000000000000000e-01 5.000000000000000000e-01 -3.250000000000000000e+00
-2.700000107288360596e-01 -2.999999932944774628e-02 9.359999656677246094e+00 7.687500000000000000e+00 -6.400000000000000000e+01 -1.800000000000000000e+01 7.500000000000000000e-01 1.250000000000000000e-01 -3.000000000000000000e+00
-2.300000041723251343e-01 1.800000071525573730e-01 9.289999961853027344e+00 6.875000000000000000e+00 -6.387500000000000000e+01 -1.756250000000000000e+01 1.687500000000000000e+00 1.250000000000000000e-01 -2.312500000000000000e+00
-2.099999934434890747e-01 1.700000017881393433e-01 9.289999961853027344e+00 6.875000000000000000e+00 -6.387500000000000000e+01 -1.756250000000000000e+01 2.750000000000000000e+00 3.750000000000000000e-01 -1.562500000000000000e+00
-2.199999988079071045e-01 1.700000017881393433e-01 9.340000152587890625e+00 6.875000000000000000e+00 -6.387500000000000000e+01 -1.756250000000000000e+01 3.937500000000000000e+00 9.375000000000000000e-01 -1.250000000000000000e+00
-2.000000029802322388e-01 1.899999976158142090e-01 9.329999923706054688e+00 6.875000000000000000e+00 -6.387500000000000000e+01 -1.756250000000000000e+01 5.000000000000000000e+00 1.437500000000000000e+00 -1.000000000000000000e+00
-2.500000000000000000e-01 2.700000107288360596e-01 9.369999885559082031e+00 6.875000000000000000e+00 -6.387500000000000000e+01 -1.756250000000000000e+01 5.125000000000000000e+00 1.687500000000000000e+00 -9.375000000000000000e-01
-2.199999988079071045e-01 2.599999904632568359e-01 9.409999847412109375e+00 7.250000000000000000e+00 -6.287500000000000000e+01 -1.918750000000000000e+01 4.500000000000000000e+00 2.000000000000000000e+00 -6.250000000000000000e-01
-2.300000041723251343e-01 3.199999928474426270e-01 9.420000076293945312e+00 7.250000000000000000e+00 -6.287500000000000000e+01 -1.918750000000000000e+01 2.937500000000000000e+00 2.250000000000000000e+00 -1.875000000000000000e-01
