3.470000028610229492e+00 -3.250000000000000000e+00 8.539999961853027344e+00 -3.875000000000000000e+01 2.637500000000000000e+01 -3.475000000000000000e+01 -3.750000000000000000e-01 -3.125000000000000000e-01 1.250000000000000000e-01
3.500000000000000000e+00 -3.240000009536743164e+00 8.550000190734863281e+00 -3.875000000000000000e+01 2.637500000000000000e+01 -3.475000000000000000e+01 -2.500000000000000000e-01 -3.750000000000000000e-01 6.250000000000000000e-02
3.480000019073486328e+00 -3.210000038146972656e+00 8.520000457763671875e+00 -3.875000000000000000e+01 2.706250000000000000e+01 -3.556250000000000000e+01 -5.000000000000000000e-01 -1.250000000000000000e-01 6.250000000000000000e-02
3.480000019073486328e+00 -3.250000000000000000e+00 8.539999961853027344e+00 -3.875000000000000000e+01 2.706250000000000000e+01 -3.556250000000000000e+01 -4.375000000000000000e-01 -3.750000000000000000e-01 1.250000000000000000e-01
3.519999980926513672e+00 -3.269999980926513672e+00 8.560000419616699219e+00 -3.875000000000000000e+01 2.706250000000000000e+01 -3.556250000000000000e+01 -2.500000000000000000e-01 -2.500000000000000000e-01 6.250000000000000000e-02
3.509999990463256836e+00 -3.210000038146972656e+00 8.569999694824218750e+00 -3.875000000000000000e+01 2.706250000000000000e+01 -3.556250000000000000e+01 -3.750000000000000000e-01 -2.500000000000000000e-01 1.250000000000000000e-01
3.490000009536743164e+00 -3.200000047683715820e+00 8.539999961853027344e+00 -3.875000000000000000e+01 2.706250000000000000e+01 -3.556250000000000000e+01 -2.500000000000000000e-01 -3.750000000000000000e-01 6.250000000000000000e-02
3.490000009536743164e+00 -3.210000038146972656e+00 8.539999961853027344e+00 -3.875000000000000000e+01 2.706250000000000000e+01 -3.556250000000000000e+01 -6.875000000000000000e-01 -5.000000000000000000e-01 1.875000000000000000e-01
3.470000028610229492e+00 -3.180000066757202148e+00 8.560000419616699219e+00 -3.987500000000000000e+01 2.675000000000000000e+01 -3.356250000000000000e+01 -7.500000000000000000e-01 -5.625000000000000000e-01 2.500000000000000000e-01
3.440000057220458984e+00 -3.210000038146972656e+00 8.550000190734863281e+00 -3.987500000000000000e+01 2.675000000000000000e+01 -3.356250000000000000e+01 -1.062500000000000000e+00 -7.500000000000000000e-01 2.500000000000000000e-01
3.430000066757202148e+00 -3.210000038146972656e+00 8.529999732971191406e+00 -3.987500000000000000e+01 2.675000000000000000e+01 -3.356250000000000000e+01 -1.187500000000000000e+00 -1.062500000000000000e+00 1.250000000000000000e-01
3.349999904632568359e+00 -3.200000047683715820e+00 8.539999961853027344e+00 -3.987500000000000000e+01 2.675000000000000000e+01 -3.356250000000000000e+01 -1.125000000000000000e+00 -2.000000000000000000e+00 -6.250000000000000000e-02
3.410000085830688477e+00 -3.160000085830688477e+00 8.560000419616699219e+00 -3.987500000000000000e+01 2.675000000000000000e+01 -3.356250000000000000e+01 -1.125000000000000000e+00 -2.000000000000000000e+00 -6.250000000000000000e-02
3.339999914169311523e+00 -3.309999942779541016e+00 8.560000419616699219e+00 -3.875000000000000000e+01 2.706250000000000000e+01 -3.356250000000000000e+01 -1.312500000000000000e+00 -2.875000000000000000e+00 -1.250000000000000000e-01
3.309999942779541016e+00 -3.329999923706054688e+00 8.579999923706054688e+00 -3.875000000000000000e+01 2.706250000000000000e+01 -3.356250000000000000e+01 -1.500000000000000000e+00 -4.687500000000000000e+00 -9.375000000000000000e-01
3.259999990463256836e+00 -3.190000057220458984e+00 8.609999656677246094e+00 -3.875000000000000000e+01 2.706250000000000000e+01 -3.356250000000000000e+01 -6.250000000000000000e-01 -6.000000000000000000e+00 -1.562500000000000000e+00
3.309999942779541016e+00 -3.210000038146972656e+00 8.619999885559082031e+00 -3.875000000000000000e+01 2.706250000000000000e+01 -3.356250000000000000e+01 -1.500000000000000000e+00 -6.875000000000000000e+00 -2.125000000000000000e+00
3.390000104904174805e+00 -3.190000057220458984e+00 8.659999847412109375e+00 -3.875000000000000000e+01 2.706250000000000000e+01 -3.356250000000000000e+01 -1.500000000000000000e+00 -6.875000000000000000e+00 -2.125000000000000000e+00
3.750000000000000000e+00 -3.269999980926513672e+00 8.550000190734863281e+00 -3.987500000000000000e+01 2.706250000000000000e+01 -3.475000000000000000e+01 -1.937500000000000000e+00 -8.437500000000000000e+00 -3.250000000000000000e+00
3.680000066757202148e+00 -3.500000000000000000e+00 8.560000419616699219e+00 -3.987500000000000000e+01 2.706250000000000000e+01 -3.475000000000000000e+01 -2.812500000000000000e+00 -8.687500000000000000e+00 -4.187500000000000000e+00
3.769999980926513672e+00 -3.400000095367431641e+00 8.500000000000000000e+00 -3.987500000000000000e+01 2.706250000000000000e+01 -3.475000000000000000e+01 -2.625000000000000000e+00 -9.312500000000000000e+00 -5.000000000000000000e+00
3.599999904632568359e+00 -3.140000104904174805e+00 8.640000343322753906e+00 -3.987500000000000000e+01 2.706250000000000000e+01 -3.475000000000000000e+01 -2.000000000000000000e+00 -9.187500000000000000e+00 -4.625000000000000000e+00
3.589999914169311523e+00 -2.930000066757202148e+00 8.720000267028808594e+00 -3.987500000000000000e+01 2.706250000000000000e+01 -3.475000000000000000e+01 -2.000000000000000000e+00 -9.187500000000000000e+00 -4.625000000000000000e+00
3.579999923706054688e+00 -3.009999990463256836e+00 8.649999618530273438e+00 -3.918750000000000000e+01 2.750000000000000000e+01 -3.387500000000000000e+01 -4.250000000000000000e+00 -1.000000000000000000e+01 -4.312500000000000000e+00
3.650000095367431641e+00 -3.230000019073486328e+00 8.640000343322753906e+00 -3.918750000000000000e+01 2.750000000000000000e+01 -3.387500000000000000e+01 -8.625000000000000000e+00 -1.081250000000000000e+01 -3.812500000000000000e+00
3.579999923706054688e+00 -3.289999961853027344e+00 8.569999694824218750e+00 -3.918750000000000000e+01 2.750000000000000000e+01 -3.387500000000000000e+01 -9.687500000000000000e+00 -1.093750000000000000e+01 -3.812500000000000000e+00
3.400000095367431641e+00 -3.329999923706054688e+00 8.520000457763671875e+00 -3.918750000000000000e+01 2.750000000000000000e+01 -3.387500000000000000e+01 -9.437500000000000000e+00 -1.081250000000000000e+01 -4.437500000000000000e+00
2.769999980926513672e+00 -3.589999914169311523e+00 8.710000038146972656e+00 -3.918750000000000000e+01 2.750000000000000000e+01 -3.387500000000000000e+01 -9.437500000000000000e+00 -1.081250000000000000e+01 -4.437500000000000000e+00
2.430000066757202148e+00 -3.660000085830688477e+00 8.960000038146972656e+00 -4.068750000000000000e+01 2.706250000000000000e+01 -3.387500000000000000e+01 -9.875000000000000000e+00 -1.050000000000000000e+01 -5.875000000000000000e+00
1.549999952316284180e+00 -3.599999904632568359e+00 9.289999961853027344e+00 -4.068750000000000000e+01 2.706250000000000000e+01 -3.387500000000000000e+01 -1.431250000000000000e+01 -5.312500000000000000e+00 -1.181250000000000000e+01
1.129999995231628418e+00 -3.930000066757202148e+00 9.430000305175781250e+00 -4.068750000000000000e+01 2.706250000000000000e+01 -3.387500000000000000e+01 -1.718750000000000000e+01 -3.187500000000000000e+00 -1.731250000000000000e+01
4.600000083446502686e-01 -4.320000171661376953e+00 9.739999771118164062e+00 -4.068750000000000000e+01 2.706250000000000000e+01 -3.387500000000000000e+01 -1.750000000000000000e+01 -2.125000000000000000e+00 -2.243750000000000000e+01
-2.199999988079071045e-01 -4.429999828338623047e+00 9.819999694824218750e+00 -4.068750000000000000e+01 2.706250000000000000e+01 -3.387500000000000000e+01 -1.750000000000000000e+01 -2.125000000000000000e+00 -2.243750000000000000e+01
-1.289999961853027344e+00 -4.590000152587890625e+00 1.035999965667724609e+01 -3.950000000000000000e+01 2.706250000000000000e+01 -3.268750000000000000e+01 -2.231250000000000000e+01 5.000000000000000000e+00 -2.675000000000000000e+01
-1.669999957084655762e+00 -4.480000019073486328e+00 1.110000038146972656e+01 -3.950000000000000000e+01 2.706250000000000000e+01 -3.268750000000000000e+01 -2.943750000000000000e+01 1.712500000000000000e+01 -4.131250000000000000e+01
-3.600000143051147461e-01 -4.480000019073486328e+00 9.329999923706054688e+00 -3.950000000000000000e+01 2.706250000000000000e+01 -3.268750000000000000e+01 -1.850000000000000000e+01 8.062500000000000000e+00 -4.981250000000000000e+01
3.240000009536743164e+00 -4.340000152587890625e+00 1.073999977111816406e+01 -3.950000000000000000e+01 2.706250000000000000e+01 -3.268750000000000000e+01 -2.500000000000000000e+01 1.193750000000000000e+01 -4.862500000000000000e+01
-1.860000014305114746e+00 -5.670000076293945312e+00 8.529999732971191406e+00 -3.950000000000000000e+01 2.706250000000000000e+01 -3.268750000000000000e+01 -2.500000000000000000e+01 1.193750000000000000e+01 -4.862500000000000000e+01
-2.640000104904174805e+00 -4.809999942779541016e+00 8.729999542236328125e+00 -4.025000000000000000e+01 2.675000000000000000e+01 -3.306250000000000000e+01 -1.925000000000000000e+01 1.931250000000000000e+01 -4.793750000000000000e+01
9.700000286102294922e-01 -4.929999828338623047e+00 1.059000015258789062e+01 -4.025000000000000000e+01 2.675000000000000000e+01 -3.306250000000000000e+01 -1.550000000000000000e+01 1.125000000000000000e+01 -4.231250000000000000e+01
-2.849999904632568359e+00 -4.780000209808349609e+00 9.619999885559082031e+00 -4.025000000000000000e+01 2.675000000000000000e+01 -3.306250000000000000e+01 -1.762500000000000000e+01 1.243750000000000000e+01 -3.993750000000000000e+01
1.400000005960464478e-01 -5.659999847412109375e+00 1.014000034332275391e+01 -4.025000000000000000e+01 2.675000000000000000e+01 -3.306250000000000000e+01 -1.900000000000000000e+01 1.150000000000000000e+01 -3.762500000000000000e+01
-5.899999737739562988e-01 -4.860000133514404297e+00 9.880000114440917969e+00 -4.025000000000000000e+01 2.675000000000000000e+01 -3.306250000000000000e+01 -1.900000000000000000e+01 1.150000000000000000e+01 -3.762500000000000000e+01
-6.800000071525573730e-01 -4.829999923706054688e+00 9.060000419616699219e+00 -4.068750000000000000e+01 2.600000000000000000e+01 -3.268750000000000000e+01 -1.737500000000000000e+01 1.425000000000000000e+01 -3.481250000000000000e+01
-7.900000214576721191e-01 -4.840000152587890625e+00 8.609999656677246094e+00 -4.068750000000000000e+01 2.600000000000000000e+01 -3.268750000000000000e+01 -1.200000000000000000e+01 8.312500000000000000e+00 -2.868750000000000000e+01
1.190000057220458984e+00 -5.210000038146972656e+00 8.819999694824218750e+00 -4.068750000000000000e+01 2.600000000000000000e+01 -3.268750000000000000e+01 -3.312500000000000000e+00 3.812500000000000000e+00 -2.575000000000000000e+01
2.670000076293945312e+00 -4.500000000000000000e+00 9.399999618530273438e+00 -4.068750000000000000e+01 2.600000000000000000e+01 -3.268750000000000000e+01 2.875000000000000000e+00 2.687500000000000000e+00 -1.931250000000000000e+01
1.889999985694885254e+00 -4.300000190734863281e+00 8.840000152587890625e+00 -4.068750000000000000e+01 2.600000000000000000e+01 -3.268750000000000000e+01 2.875000000000000000e+00 2.687500000000000000e+00 -1.931250000000000000e+01
1.929999947547912598e+00 -4.780000209808349609e+00 9.100000381469726562e+00 -4.100000000000000000e+01 2.487500000000000000e+01 -3.306250000000000000e+01 2.000000000000000000e+00 3.312500000000000000e+00 -9.687500000000000000e+00
2.759999990463256836e+00 -4.400000095367431641e+00 8.840000152587890625e+00 -4.100000000000000000e+01 2.487500000000000000e+01 -3.306250000000000000e+01 5.062500000000000000e+00 -3.000000000000000000e+00 7.375000000000000000e+00
3.259999990463256836e+00 -4.059999942779541016e+00 8.859999656677246094e+00 -4.100000000000000000e+01 2.487500000000000000e+01 -3.306250000000000000e+01 3.562500000000000000e+00 -5.937500000000000000e+00 1.550000000000000000e+01
3.759999990463256836e+00 -4.219999790191650391e+00 8.789999961853027344e+00 -4.100000000000000000e+01 2.487500000000000000e+01 -3.306250000000000000e+01 -2.625000000000000000e+00 -3.500000000000000000e+00 2.581250000000000000e+01
3.150000095367431641e+00 -3.920000076293945312e+00 8.729999542236328125e+00 -4.100000000000000000e+01 2.487500000000000000e+01 -3.306250000000000000e+01 -2.625000000000000000e+00 -3.500000000000000000e+00 2.581250000000000000e+01
4.400000095367431641e+00 -3.759999990463256836e+00 8.310000419616699219e+00 -4.025000000000000000e+01 2.375000000000000000e+01 -3.106250000000000000e+01 -7.312500000000000000e+00 -3.000000000000000000e+00 3.518750000000000000e+01
5.969999790191650391e+00 -3.529999971389770508e+00 8.020000457763671875e+00 -4.025000000000000000e+01 2.375000000000000000e+01 -3.106250000000000000e+01 -1.293750000000000000e+01 -5.937500000000000000e+00 5.225000000000000000e+01
7.159999847412109375e+00 -3.299999952316284180e+00 7.739999771118164062e+00 -4.025000000000000000e+01 2.375000000000000000e+01 -3.106250000000000000e+01 -1.487500000000000000e+01 -7.625000000000000000e+00 6.018750000000000000e+01
8.060000419616699219e+00 -2.950000047683715820e+00 7.530000209808349609e+00 -4.025000000000000000e+01 2.375000000000000000e+01 -3.106250000000000000e+01 -1.718750000000000000e+01 -1.043750000000000000e+01 6.812500000000000000e+01
1.065999984741210938e+01 -3.059999942779541016e+00 7.360000133514404297e+00 -4.025000000000000000e+01 2.375000000000000000e+01 -3.106250000000000000e+01 -1.718750000000000000e+01 -1.043750000000000000e+01 6.812500000000000000e+01
1.222999954223632812e+01 -3.170000076293945312e+00 7.070000171661376953e+00 -3.737500000000000000e+01 2.450000000000000000e+01 -3.187500000000000000e+01 -1.837500000000000000e+01 -1.487500000000000000e+01 7.325000000000000000e+01
1.296000003814697266e+01 -3.569999933242797852e+00 7.119999885559082031e+00 -3.737500000000000000e+01 2.450000000000000000e+01 -3.187500000000000000e+01 -4.562500000000000000e+00 -1.956250000000000000e+01 7.231250000000000000e+01
1.252999973297119141e+01 -3.750000000000000000e+00 6.829999923706054688e+00 -3.737500000000000000e+01 2.450000000000000000e+01 -3.187500000000000000e+01 1.112500000000000000e+01 -1.475000000000000000e+01 6.706250000000000000e+01
1.251000022888183594e+01 -3.640000104904174805e+00 6.820000171661376953e+00 -3.737500000000000000e+01 2.450000000000000000e+01 -3.187500000000000000e+01 3.018750000000000000e+01 -5.937500000000000000e+00 6.050000000000000000e+01
1.252000045776367188e+01 -3.339999914169311523e+00 6.960000038146972656e+00 -3.737500000000000000e+01 2.450000000000000000e+01 -3.187500000000000000e+01 3.018750000000000000e+01 -5.937500000000000000e+00 6.050000000000000000e+01
1.213000011444091797e+01 -2.849999904632568359e+00 6.909999847412109375e+00 -3.618750000000000000e+01 2.700000000000000000e+01 -2.806250000000000000e+01 4.825000000000000000e+01 5.187500000000000000e+00 5.393750000000000000e+01
1.061999988555908203e+01 -1.960000038146972656e+00 6.909999847412109375e+00 -3.618750000000000000e+01 2.700000000000000000e+01 -2.806250000000000000e+01 6.450000000000000000e+01 2.587500000000000000e+01 4.306250000000000000e+01
9.920000076293945312e+00 -1.600000023841857910e+00 6.909999847412109375e+00 -3.618750000000000000e+01 2.700000000000000000e+01 -2.806250000000000000e+01 6.100000000000000000e+01 3.143750000000000000e+01 3.943750000000000000e+01
9.210000038146972656e+00 -1.159999966621398926e+00 6.960000038146972656e+00 -3.618750000000000000e+01 2.700000000000000000e+01 -2.806250000000000000e+01 5.018750000000000000e+01 3.300000000000000000e+01 3.725000000000000000e+01
8.409999847412109375e+00 -7.799999713897705078e-01 6.940000057220458984e+00 -3.618750000000000000e+01 2.700000000000000000e+01 -2.806250000000000000e+01 5.018750000000000000e+01 3.300000000000000000e+01 3.725000000000000000e+01
7.199999809265136719e+00 -6.899999976158142090e-01 7.079999923706054688e+00 -3.468750000000000000e+01 2.787500000000000000e+01 -3.018750000000000000e+01 3.218750000000000000e+01 3.150000000000000000e+01 3.650000000000000000e+01
6.929999828338623047e+00 -9.700000286102294922e-01 7.280000209808349609e+00 -3.468750000000000000e+01 2.787500000000000000e+01 -3.018750000000000000e+01 -1.025000000000000000e+01 2.537500000000000000e+01 3.575000000000000000e+01
6.750000000000000000e+00 -1.480000019073486328e+00 7.320000171661376953e+00 -3.468750000000000000e+01 2.787500000000000000e+01 -3.018750000000000000e+01 -2.550000000000000000e+01 2.418750000000000000e+01 3.400000000000000000e+01
6.039999961853027344e+00 -2.339999914169311523e+00 7.500000000000000000e+00 -3.468750000000000000e+01 2.787500000000000000e+01 -3.018750000000000000e+01 -3.362500000000000000e+01 2.506250000000000000e+01 3.037500000000000000e+01
5.679999828338623047e+00 -2.559999942779541016e+00 7.440000057220458984e+00 -3.468750000000000000e+01 2.787500000000000000e+01 -3.018750000000000000e+01 -3.362500000000000000e+01 2.506250000000000000e+01 3.037500000000000000e+01
5.469999790191650391e+00 -2.710000038146972656e+00 7.369999885559082031e+00 -3.325000000000000000e+01 2.925000000000000000e+01 -3.137500000000000000e+01 -3.568750000000000000e+01 2.637500000000000000e+01 2.481250000000000000e+01
5.269999980926513672e+00 -2.859999895095825195e+00 7.309999942779541016e+00 -3.325000000000000000e+01 2.925000000000000000e+01 -3.137500000000000000e+01 -3.143750000000000000e+01 2.937500000000000000e+01 1.268750000000000000e+01
4.829999923706054688e+00 -2.779999971389770508e+00 7.139999866485595703e+00 -3.325000000000000000e+01 2.925000000000000000e+01 -3.137500000000000000e+01 -2.712500000000000000e+01 2.993750000000000000e+01 6.750000000000000000e+00
4.659999847412109375e+00 -2.599999904632568359e+00 7.010000228881835938e+00 -3.325000000000000000e+01 2.925000000000000000e+01 -3.137500000000000000e+01 -2.318750000000000000e+01 2.968750000000000000e+01 2.062500000000000000e+00
4.500000000000000000e+00 -2.480000019073486328e+00 6.909999847412109375e+00 -3.325000000000000000e+01 2.925000000000000000e+01 -3.137500000000000000e+01 -2.318750000000000000e+01 2.968750000000000000e+01 2.062500000000000000e+00
4.349999904632568359e+00 -2.400000095367431641e+00 6.840000152587890625e+00 -3.175000000000000000e+01 2.968750000000000000e+01 -3.256250000000000000e+01 -2.118750000000000000e+01 2.925000000000000000e+01 -1.437500000000000000e+00
4.039999961853027344e+00 -2.359999895095825195e+00 6.750000000000000000e+00 -3.175000000000000000e+01 2.968750000000000000e+01 -3.256250000000000000e+01 -1.912500000000000000e+01 2.431250000000000000e+01 -7.187500000000000000e+00
3.920000076293945312e+00 -2.359999895095825195e+00 6.730000019073486328e+00 -3.175000000000000000e+01 2.968750000000000000e+01 -3.256250000000000000e+01 -1.837500000000000000e+01 1.925000000000000000e+01 -9.937500000000000000e+00
3.769999980926513672e+00 -2.450000047683715820e+00 6.750000000000000000e+00 -3.175000000000000000e+01 2.968750000000000000e+01 -3.256250000000000000e+01 -1.725000000000000000e+01 1.287500000000000000e+01 -1.300000000000000000e+01
3.609999895095825195e+00 -2.720000028610229492e+00 6.920000076293945312e+00 -3.175000000000000000e+01 2.968750000000000000e+01 -3.256250000000000000e+01 -1.725000000000000000e+01 1.287500000000000000e+01 -1.300000000000000000e+01
3.660000085830688477e+00 -2.960000038146972656e+00 7.030000209808349609e+00 -3.175000000000000000e+01 3.156250000000000000e+01 -3.187500000000000000e+01 -1.512500000000000000e+01 5.250000000000000000e+00 -1.612500000000000000e+01
3.670000076293945312e+00 -3.190000057220458984e+00 7.099999904632568359e+00 -3.175000000000000000e+01 3.156250000000000000e+01 -3.187500000000000000e+01 -5.562500000000000000e+00 -5.812500000000000000e+00 -2.287500000000000000e+01
3.700000047683715820e+00 -3.269999980926513672e+00 7.170000076293945312e+00 -3.175000000000000000e+01 3.156250000000000000e+01 -3.187500000000000000e+01 1.187500000000000000e+00 -9.812500000000000000e+00 -2.612500000000000000e+01
3.839999914169311523e+00 -3.039999961853027344e+00 7.429999828338623047e+00 -3.175000000000000000e+01 3.156250000000000000e+01 -3.187500000000000000e+01 6.750000000000000000e+00 -1.350000000000000000e+01 -2.818750000000000000e+01
3.930000066757202148e+00 -2.960000038146972656e+00 7.480000019073486328e+00 -3.175000000000000000e+01 3.156250000000000000e+01 -3.187500000000000000e+01 6.750000000000000000e+00 -1.350000000000000000e+01 -2.818750000000000000e+01
4.039999961853027344e+00 -2.960000038146972656e+00 7.519999980926513672e+00 -3.218750000000000000e+01 3.075000000000000000e+01 -3.187500000000000000e+01 1.018750000000000000e+01 -1.725000000000000000e+01 -2.831250000000000000e+01
3.930000066757202148e+00 -3.099999904632568359e+00 7.570000171661376953e+00 -3.218750000000000000e+01 3.075000000000000000e+01 -3.187500000000000000e+01 1.425000000000000000e+01 -2.293750000000000000e+01 -2.668750000000000000e+01
4.019999980926513672e+00 -3.630000114440917969e+00 7.690000057220458984e+00 -3.218750000000000000e+01 3.075000000000000000e+01 -3.187500000000000000e+01 1.931250000000000000e+01 -2.518750000000000000e+01 -2.706250000000000000e+01
4.039999961853027344e+00 -3.789999961853027344e+00 7.650000095367431641e+00 -3.218750000000000000e+01 3.075000000000000000e+01 -3.187500000000000000e+01 2.731250000000000000e+01 -2.668750000000000000e+01 -2.756250000000000000e+01
3.970000028610229492e+00 -3.700000047683715820e+00 7.599999904632568359e+00 -3.218750000000000000e+01 3.075000000000000000e+01 -3.187500000000000000e+01 2.731250000000000000e+01 -2.668750000000000000e+01 -2.756250000000000000e+01
3.769999980926513672e+00 -3.619999885559082031e+00 7.760000228881835938e+00 -3.325000000000000000e+01 2.968750000000000000e+01 -3.106250000000000000e+01 3.562500000000000000e+01 -2.706250000000000000e+01 -2.825000000000000000e+01
3.859999895095825195e+00 -3.400000095367431641e+00 7.880000114440917969e+00 -3.325000000000000000e+01 2.968750000000000000e+01 -3.106250000000000000e+01 4.762500000000000000e+01 -2.787500000000000000e+01 -2.912500000000000000e+01
4.010000228881835938e+00 -3.009999990463256836e+00 7.940000057220458984e+00 -3.325000000000000000e+01 2.968750000000000000e+01 -3.106250000000000000e+01 4.800000000000000000e+01 -2.775000000000000000e+01 -2.731250000000000000e+01
3.940000057220458984e+00 -2.740000009536743164e+00 8.020000457763671875e+00 -3.325000000000000000e+01 2.968750000000000000e+01 -3.106250000000000000e+01 4.300000000000000000e+01 -2.768750000000000000e+01 -2.368750000000000000e+01
3.589999914169311523e+00 -2.960000038146972656e+00 8.210000038146972656e+00 -3.325000000000000000e+01 2.968750000000000000e+01 -3.106250000000000000e+01 4.300000000000000000e+01 -2.768750000000000000e+01 -2.368750000000000000e+01
3.380000114440917969e+00 -2.970000028610229492e+00 8.229999542236328125e+00 -3.437500000000000000e+01 2.856250000000000000e+01 -3.268750000000000000e+01 3.581250000000000000e+01 -2.787500000000000000e+01 -2.012500000000000000e+01
3.109999895095825195e+00 -2.980000019073486328e+00 8.220000267028808594e+00 -3.437500000000000000e+01 2.856250000000000000e+01 -3.268750000000000000e+01 2.262500000000000000e+01 -2.937500000000000000e+01 -1.475000000000000000e+01
