3.089999914169311523e+00 -4.059999942779541016e+00 8.369999885559082031e+00 -3.418750000000000000e+01 3.125000000000000000e+01 -3.368750000000000000e+01 -1.250000000000000000e-01 -1.875000000000000000e-01 1.250000000000000000e-01
3.160000085830688477e+00 -4.050000190734863281e+00 8.380000114440917969e+00 -3.456250000000000000e+01 3.125000000000000000e+01 -3.487500000000000000e+01 -2.500000000000000000e-01 -3.750000000000000000e-01 0.000000000000000000e+00
3.059999942779541016e+00 -4.010000228881835938e+00 8.380000114440917969e+00 -3.456250000000000000e+01 3.125000000000000000e+01 -3.487500000000000000e+01 -3.750000000000000000e-01 -6.250000000000000000e-02 6.250000000000000000e-02
3.029999971389770508e+00 -4.079999923706054688e+00 8.329999923706054688e+00 -3.456250000000000000e+01 3.125000000000000000e+01 -3.487500000000000000e+01 -3.750000000000000000e-01 -3.125000000000000000e-01 1.250000000000000000e-01
3.130000114440917969e+00 -4.099999904632568359e+00 8.359999656677246094e+00 -3.456250000000000000e+01 3.125000000000000000e+01 -3.487500000000000000e+01 -2.500000000000000000e-01 -3.750000000000000000e-01 -6.250000000000000000e-02
3.089999914169311523e+00 -4.000000000000000000e+00 8.399999618530273438e+00 -3.456250000000000000e+01 3.125000000000000000e+01 -3.487500000000000000e+01 -1.250000000000000000e-01 -3.125000000000000000e-01 -1.250000000000000000e-01
3.089999914169311523e+00 -4.039999961853027344e+00 8.420000076293945312e+00 -3.456250000000000000e+01 3.168750000000000000e+01 -3.400000000000000000e+01 -3.750000000000000000e-01 -3.125000000000000000e-01 1.250000000000000000e-01
3.109999895095825195e+00 -4.050000190734863281e+00 8.369999885559082031e+00 -3.456250000000000000e+01 3.168750000000000000e+01 -3.400000000000000000e+01 -4.375000000000000000e-01 -3.750000000000000000e-01 6.250000000000000000e-02
3.099999904632568359e+00 -4.059999942779541016e+00 8.380000114440917969e+00 -3.456250000000000000e+01 3.168750000000000000e+01 -3.400000000000000000e+01 -6.875000000000000000e-01 -6.250000000000000000e-01 1.875000000000000000e-01
3.130000114440917969e+00 -4.039999961853027344e+00 8.399999618530273438e+00 -3.456250000000000000e+01 3.168750000000000000e+01 -3.400000000000000000e+01 -6.875000000000000000e-01 -4.375000000000000000e-01 1.250000000000000000e-01
3.109999895095825195e+00 -4.090000152587890625e+00 8.359999656677246094e+00 -3.456250000000000000e+01 3.168750000000000000e+01 -3.400000000000000000e+01 -1.000000000000000000e+00 -2.500000000000000000e-01 2.500000000000000000e-01
3.109999895095825195e+00 -4.050000190734863281e+00 8.369999885559082031e+00 -3.456250000000000000e+01 3.206250000000000000e+01 -3.400000000000000000e+01 -1.062500000000000000e+00 -5.625000000000000000e-01 5.000000000000000000e-01
3.220000028610229492e+00 -3.970000028610229492e+00 8.399999618530273438e+00 -3.456250000000000000e+01 3.206250000000000000e+01 -3.400000000000000000e+01 -1.437500000000000000e+00 -5.625000000000000000e-01 6.250000000000000000e-01
3.200000047683715820e+00 -3.960000038146972656e+00 8.329999923706054688e+00 -3.456250000000000000e+01 3.206250000000000000e+01 -3.400000000000000000e+01 -1.875000000000000000e+00 -6.250000000000000000e-02 1.312500000000000000e+00
3.190000057220458984e+00 -4.019999980926513672e+00 8.399999618530273438e+00 -3.456250000000000000e+01 3.206250000000000000e+01 -3.400000000000000000e+01 -2.375000000000000000e+00 5.000000000000000000e-01 1.875000000000000000e+00
3.200000047683715820e+00 -4.099999904632568359e+00 8.340000152587890625e+00 -3.456250000000000000e+01 3.206250000000000000e+01 -3.400000000000000000e+01 -2.812500000000000000e+00 6.875000000000000000e-01 2.312500000000000000e+00
3.200000047683715820e+00 -4.119999885559082031e+00 8.350000381469726562e+00 -3.418750000000000000e+01 3.125000000000000000e+01 -3.400000000000000000e+01 -2.562500000000000000e+00 1.500000000000000000e+00 2.375000000000000000e+00
3.140000104904174805e+00 -3.990000009536743164e+00 8.329999923706054688e+00 -3.418750000000000000e+01 3.125000000000000000e+01 -3.400000000000000000e+01 -2.187500000000000000e+00 2.437500000000000000e+00 2.625000000000000000e+00
3.329999923706054688e+00 -3.890000104904174805e+00 8.430000305175781250e+00 -3.418750000000000000e+01 3.125000000000000000e+01 -3.400000000000000000e+01 -2.375000000000000000e+00 3.187500000000000000e+00 3.062500000000000000e+00
3.500000000000000000e+00 -3.859999895095825195e+00 8.399999618530273438e+00 -3.418750000000000000e+01 3.125000000000000000e+01 -3.400000000000000000e+01 -3.187500000000000000e+00 5.062500000000000000e+00 4.500000000000000000e+00
3.589999914169311523e+00 -4.210000038146972656e+00 8.579999923706054688e+00 -3.418750000000000000e+01 3.125000000000000000e+01 -3.400000000000000000e+01 -3.000000000000000000e+00 7.625000000000000000e+00 6.250000000000000000e+00
3.589999914169311523e+00 -4.210000038146972656e+00 8.579999923706054688e+00 -3.418750000000000000e+01 3.206250000000000000e+01 -3.487500000000000000e+01 -1.812500000000000000e+00 9.750000000000000000e+00 6.625000000000000000e+00
4.369999885559082031e+00 -4.260000228881835938e+00 8.569999694824218750e+00 -3.418750000000000000e+01 3.206250000000000000e+01 -3.487500000000000000e+01 -1.125000000000000000e+00 1.218750000000000000e+01 7.937500000000000000e+00
5.539999961853027344e+00 -4.070000171661376953e+00 8.819999694824218750e+00 -3.418750000000000000e+01 3.206250000000000000e+01 -3.487500000000000000e+01 -4.375000000000000000e-01 1.556250000000000000e+01 6.562500000000000000e+00
6.730000019073486328e+00 -3.230000019073486328e+00 8.479999542236328125e+00 -3.418750000000000000e+01 3.206250000000000000e+01 -3.487500000000000000e+01 5.500000000000000000e+00 1.618750000000000000e+01 2.062500000000000000e+00
8.029999732971191406e+00 -1.970000028610229492e+00 6.980000019073486328e+00 -3.418750000000000000e+01 3.206250000000000000e+01 -3.487500000000000000e+01 1.768750000000000000e+01 1.287500000000000000e+01 -4.250000000000000000e+00
8.029999732971191406e+00 -1.970000028610229492e+00 6.980000019073486328e+00 -3.418750000000000000e+01 3.275000000000000000e+01 -3.450000000000000000e+01 3.156250000000000000e+01 1.106250000000000000e+01 -4.000000000000000000e+00
1.146000003814697266e+01 1.240000009536743164e+00 3.460000038146972656e+00 -3.418750000000000000e+01 3.275000000000000000e+01 -3.450000000000000000e+01 5.262500000000000000e+01 -7.687500000000000000e+00 3.750000000000000000e+00
1.396000003814697266e+01 1.440000057220458984e+00 7.469999790191650391e+00 -3.418750000000000000e+01 3.275000000000000000e+01 -3.450000000000000000e+01 4.725000000000000000e+01 -1.331250000000000000e+01 2.025000000000000000e+01
1.509000015258789062e+01 -5.199999809265136719e-01 9.779999732971191406e+00 -3.418750000000000000e+01 3.275000000000000000e+01 -3.450000000000000000e+01 2.750000000000000000e+00 -7.812500000000000000e+00 3.431250000000000000e+01
1.203999996185302734e+01 -3.950000047683715820e+00 6.659999847412109375e+00 -3.418750000000000000e+01 3.275000000000000000e+01 -3.450000000000000000e+01 -2.000000000000000000e+00 -1.687500000000000000e+00 1.956250000000000000e+01
1.203999996185302734e+01 -3.950000047683715820e+00 6.659999847412109375e+00 -3.418750000000000000e+01 3.087500000000000000e+01 -3.525000000000000000e+01 1.268750000000000000e+01 1.750000000000000000e+00 -4.937500000000000000e+00
6.750000000000000000e+00 -9.800000190734863281e-01 8.810000419616699219e+00 -3.418750000000000000e+01 3.087500000000000000e+01 -3.525000000000000000e+01 5.062500000000000000e+00 -4.375000000000000000e+00 -9.187500000000000000e+00
6.809999942779541016e+00 -1.940000057220458984e+00 7.539999961853027344e+00 -3.418750000000000000e+01 3.087500000000000000e+01 -3.525000000000000000e+01 -1.325000000000000000e+01 -1.031250000000000000e+01 -7.875000000000000000e+00
5.780000209808349609e+00 -3.329999923706054688e+00 8.529999732971191406e+00 -3.418750000000000000e+01 3.087500000000000000e+01 -3.525000000000000000e+01 -1.918750000000000000e+01 -6.750000000000000000e+00 -6.625000000000000000e+00
5.420000076293945312e+00 -3.779999971389770508e+00 8.020000457763671875e+00 -3.418750000000000000e+01 3.087500000000000000e+01 -3.525000000000000000e+01 -1.981250000000000000e+01 -5.437500000000000000e+00 -5.375000000000000000e+00
5.420000076293945312e+00 -3.779999971389770508e+00 8.020000457763671875e+00 -3.487500000000000000e+01 3.318750000000000000e+01 -3.525000000000000000e+01 -1.481250000000000000e+01 -3.125000000000000000e+00 -3.500000000000000000e+00
5.000000000000000000e+00 -3.890000104904174805e+00 8.069999694824218750e+00 -3.487500000000000000e+01 3.318750000000000000e+01 -3.525000000000000000e+01 -1.262500000000000000e+01 3.750000000000000000e-01 -2.625000000000000000e+00
3.430000066757202148e+00 -4.099999904632568359e+00 8.239999771118164062e+00 -3.487500000000000000e+01 3.318750000000000000e+01 -3.525000000000000000e+01 -7.625000000000000000e+00 4.687500000000000000e+00 -2.500000000000000000e+00
3.109999895095825195e+00 -4.340000152587890625e+00 8.560000419616699219e+00 -3.487500000000000000e+01 3.318750000000000000e+01 -3.525000000000000000e+01 -6.625000000000000000e+00 6.875000000000000000e+00 -3.000000000000000000e+00
2.490000009536743164e+00 -4.239999771118164062e+00 7.769999980926513672e+00 -3.487500000000000000e+01 3.318750000000000000e+01 -3.525000000000000000e+01 -8.687500000000000000e+00 7.625000000000000000e+00 -1.562500000000000000e+00
1.190000057220458984e+00 -4.909999847412109375e+00 7.829999923706054688e+00 -3.718750000000000000e+01 3.275000000000000000e+01 -3.318750000000000000e+01 -8.687500000000000000e+00 7.125000000000000000e+00 -2.750000000000000000e+00
2.999999932944774628e-02 -5.670000076293945312e+00 8.479999542236328125e+00 -3.718750000000000000e+01 3.275000000000000000e+01 -3.318750000000000000e+01 -2.562500000000000000e+00 3.125000000000000000e+00 -4.875000000000000000e+00
-1.800000071525573730e-01 -5.780000209808349609e+00 9.029999732971191406e+00 -3.718750000000000000e+01 3.275000000000000000e+01 -3.318750000000000000e+01 7.312500000000000000e+00 -1.812500000000000000e+00 -8.250000000000000000e+00
-2.500000000000000000e-01 -5.260000228881835938e+00 9.289999961853027344e+00 -3.718750000000000000e+01 3.275000000000000000e+01 -3.318750000000000000e+01 1.125000000000000000e+01 -4.250000000000000000e+00 -1.231250000000000000e+01
-1.110000014305114746e+00 -5.250000000000000000e+00 1.002000045776367188e+01 -3.718750000000000000e+01 3.275000000000000000e+01 -3.318750000000000000e+01 6.437500000000000000e+00 -4.687500000000000000e+00 -1.431250000000000000e+01
-1.740000009536743164e+00 -5.440000057220458984e+00 9.680000305175781250e+00 -3.675000000000000000e+01 3.318750000000000000e+01 -3.275000000000000000e+01 -3.750000000000000000e-01 -4.062500000000000000e+00 -1.593750000000000000e+01
-2.329999923706054688e+00 -5.590000152587890625e+00 9.729999542236328125e+00 -3.675000000000000000e+01 3.318750000000000000e+01 -3.275000000000000000e+01 -2.937500000000000000e+00 -5.250000000000000000e+00 -2.118750000000000000e+01
-2.390000104904174805e+00 -5.510000228881835938e+00 9.899999618530273438e+00 -3.675000000000000000e+01 3.318750000000000000e+01 -3.275000000000000000e+01 -4.125000000000000000e+00 -7.625000000000000000e+00 -2.618750000000000000e+01
-2.210000038146972656e+00 -5.809999942779541016e+00 1.046000003814697266e+01 -3.675000000000000000e+01 3.318750000000000000e+01 -3.275000000000000000e+01 -6.500000000000000000e+00 -8.750000000000000000e+00 -2.931250000000000000e+01
-2.190000057220458984e+00 -5.980000019073486328e+00 1.035000038146972656e+01 -3.675000000000000000e+01 3.318750000000000000e+01 -3.275000000000000000e+01 -9.187500000000000000e+00 -7.437500000000000000e+00 -3.137500000000000000e+01
-2.410000085830688477e+00 -6.309999942779541016e+00 1.068999958038330078e+01 -3.818750000000000000e+01 3.275000000000000000e+01 -3.237500000000000000e+01 -9.000000000000000000e+00 -5.000000000000000000e+00 -3.343750000000000000e+01
-2.200000047683715820e+00 -6.530000209808349609e+00 1.092000007629394531e+01 -3.818750000000000000e+01 3.275000000000000000e+01 -3.237500000000000000e+01 -8.437500000000000000e+00 -2.000000000000000000e+00 -3.318750000000000000e+01
-2.099999904632568359e+00 -6.949999809265136719e+00 1.102999973297119141e+01 -3.818750000000000000e+01 3.275000000000000000e+01 -3.237500000000000000e+01 -5.750000000000000000e+00 2.062500000000000000e+00 -3.031250000000000000e+01
-2.230000019073486328e+00 -7.119999885559082031e+00 1.126000022888183594e+01 -3.818750000000000000e+01 3.275000000000000000e+01 -3.237500000000000000e+01 -4.312500000000000000e+00 8.000000000000000000e+00 -2.581250000000000000e+01
-2.089999914169311523e+00 -7.300000190734863281e+00 1.127999973297119141e+01 -3.818750000000000000e+01 3.275000000000000000e+01 -3.237500000000000000e+01 -2.687500000000000000e+00 1.450000000000000000e+01 -2.043750000000000000e+01
-2.509999990463256836e+00 -7.099999904632568359e+00 1.063000011444091797e+01 -4.087500000000000000e+01 3.206250000000000000e+01 -3.118750000000000000e+01 -2.000000000000000000e+00 2.100000000000000000e+01 -1.243750000000000000e+01
-2.630000114440917969e+00 -7.039999961853027344e+00 1.031000041961669922e+01 -4.087500000000000000e+01 3.206250000000000000e+01 -3.118750000000000000e+01 -1.312500000000000000e+00 2.787500000000000000e+01 -4.250000000000000000e+00
-2.750000000000000000e+00 -6.929999828338623047e+00 9.949999809265136719e+00 -4.087500000000000000e+01 3.206250000000000000e+01 -3.118750000000000000e+01 -3.125000000000000000e-01 3.262500000000000000e+01 2.375000000000000000e+00
-2.809999942779541016e+00 -6.510000228881835938e+00 9.449999809265136719e+00 -4.087500000000000000e+01 3.206250000000000000e+01 -3.118750000000000000e+01 6.875000000000000000e-01 3.250000000000000000e+01 6.687500000000000000e+00
-2.710000038146972656e+00 -6.099999904632568359e+00 9.029999732971191406e+00 -4.087500000000000000e+01 3.206250000000000000e+01 -3.118750000000000000e+01 -6.875000000000000000e-01 3.162500000000000000e+01 1.325000000000000000e+01
-2.319999933242797852e+00 -5.840000152587890625e+00 8.760000228881835938e+00 -4.118750000000000000e+01 3.168750000000000000e+01 -3.156250000000000000e+01 -1.687500000000000000e+00 2.868750000000000000e+01 1.812500000000000000e+01
-2.009999990463256836e+00 -5.820000171661376953e+00 8.689999580383300781e+00 -4.118750000000000000e+01 3.168750000000000000e+01 -3.156250000000000000e+01 -3.250000000000000000e+00 2.593750000000000000e+01 2.181250000000000000e+01
-1.639999985694885254e+00 -5.760000228881835938e+00 8.600000381469726562e+00 -4.118750000000000000e+01 3.168750000000000000e+01 -3.156250000000000000e+01 -2.250000000000000000e+00 2.412500000000000000e+01 2.468750000000000000e+01
-1.240000009536743164e+00 -5.239999771118164062e+00 8.199999809265136719e+00 -4.118750000000000000e+01 3.168750000000000000e+01 -3.156250000000000000e+01 0.000000000000000000e+00 2.268750000000000000e+01 2.600000000000000000e+01
-1.100000023841857910e+00 -5.090000152587890625e+00 8.050000190734863281e+00 -4.118750000000000000e+01 3.168750000000000000e+01 -3.156250000000000000e+01 2.812500000000000000e+00 2.037500000000000000e+01 2.625000000000000000e+01
-1.100000023841857910e+00 -5.090000152587890625e+00 8.050000190734863281e+00 -3.968750000000000000e+01 3.125000000000000000e+01 -3.318750000000000000e+01 4.812500000000000000e+00 1.581250000000000000e+01 2.481250000000000000e+01
2.300000041723251343e-01 -4.619999885559082031e+00 8.350000381469726562e+00 -3.968750000000000000e+01 3.125000000000000000e+01 -3.318750000000000000e+01 5.625000000000000000e+00 1.075000000000000000e+01 2.362500000000000000e+01
9.499999880790710449e-01 -4.750000000000000000e+00 8.779999732971191406e+00 -3.968750000000000000e+01 3.125000000000000000e+01 -3.318750000000000000e+01 4.125000000000000000e+00 8.250000000000000000e+00 2.412500000000000000e+01
1.659999966621398926e+00 -4.940000057220458984e+00 9.350000381469726562e+00 -3.968750000000000000e+01 3.125000000000000000e+01 -3.318750000000000000e+01 6.250000000000000000e-02 8.937500000000000000e+00 2.650000000000000000e+01
2.480000019073486328e+00 -5.110000133514404297e+00 9.619999885559082031e+00 -3.968750000000000000e+01 3.125000000000000000e+01 -3.318750000000000000e+01 -3.875000000000000000e+00 1.600000000000000000e+01 3.118750000000000000e+01
2.480000019073486328e+00 -5.110000133514404297e+00 9.619999885559082031e+00 -3.706250000000000000e+01 3.237500000000000000e+01 -3.400000000000000000e+01 -6.250000000000000000e+00 2.750000000000000000e+01 3.718750000000000000e+01
3.150000095367431641e+00 -5.230000019073486328e+00 9.819999694824218750e+00 -3.706250000000000000e+01 3.237500000000000000e+01 -3.400000000000000000e+01 -5.500000000000000000e+00 3.968750000000000000e+01 4.312500000000000000e+01
3.160000085830688477e+00 -4.869999885559082031e+00 9.199999809265136719e+00 -3.706250000000000000e+01 3.237500000000000000e+01 -3.400000000000000000e+01 -2.375000000000000000e+00 5.106250000000000000e+01 4.675000000000000000e+01
2.869999885559082031e+00 -4.380000114440917969e+00 8.649999618530273438e+00 -3.706250000000000000e+01 3.237500000000000000e+01 -3.400000000000000000e+01 8.125000000000000000e-01 5.850000000000000000e+01 4.843750000000000000e+01
2.339999914169311523e+00 -3.470000028610229492e+00 7.789999961853027344e+00 -3.706250000000000000e+01 3.237500000000000000e+01 -3.400000000000000000e+01 1.812500000000000000e+00 6.200000000000000000e+01 4.800000000000000000e+01
2.339999914169311523e+00 -3.470000028610229492e+00 7.789999961853027344e+00 -3.406250000000000000e+01 3.275000000000000000e+01 -3.487500000000000000e+01 5.625000000000000000e-01 6.081250000000000000e+01 4.612500000000000000e+01
2.250000000000000000e+00 -3.180000066757202148e+00 7.400000095367431641e+00 -3.406250000000000000e+01 3.275000000000000000e+01 -3.487500000000000000e+01 -1.500000000000000000e+00 5.568750000000000000e+01 4.287500000000000000e+01
2.309999942779541016e+00 -2.990000009536743164e+00 7.219999790191650391e+00 -3.406250000000000000e+01 3.275000000000000000e+01 -3.487500000000000000e+01 -2.437500000000000000e+00 4.906250000000000000e+01 3.831250000000000000e+01
2.440000057220458984e+00 -2.960000038146972656e+00 7.090000152587890625e+00 -3.406250000000000000e+01 3.275000000000000000e+01 -3.487500000000000000e+01 -3.000000000000000000e+00 4.137500000000000000e+01 3.356250000000000000e+01
2.380000114440917969e+00 -2.930000066757202148e+00 6.739999771118164062e+00 -3.406250000000000000e+01 3.275000000000000000e+01 -3.487500000000000000e+01 -2.375000000000000000e+00 3.356250000000000000e+01 2.825000000000000000e+01
2.380000114440917969e+00 -2.930000066757202148e+00 6.739999771118164062e+00 -3.106250000000000000e+01 3.425000000000000000e+01 -3.606250000000000000e+01 2.500000000000000000e-01 2.562500000000000000e+01 2.231250000000000000e+01
2.210000038146972656e+00 -2.839999914169311523e+00 6.420000076293945312e+00 -3.106250000000000000e+01 3.425000000000000000e+01 -3.606250000000000000e+01 3.500000000000000000e+00 1.562500000000000000e+01 1.556250000000000000e+01
1.960000038146972656e+00 -2.400000095367431641e+00 5.929999828338623047e+00 -3.106250000000000000e+01 3.425000000000000000e+01 -3.606250000000000000e+01 6.500000000000000000e+00 2.750000000000000000e+00 9.125000000000000000e+00
2.049999952316284180e+00 -2.410000085830688477e+00 5.989999771118164062e+00 -3.106250000000000000e+01 3.425000000000000000e+01 -3.606250000000000000e+01 7.375000000000000000e+00 -1.168750000000000000e+01 1.812500000000000000e+00
2.299999952316284180e+00 -2.230000019073486328e+00 6.380000114440917969e+00 -3.106250000000000000e+01 3.425000000000000000e+01 -3.606250000000000000e+01 5.562500000000000000e+00 -2.581250000000000000e+01 -5.312500000000000000e+00
2.299999952316284180e+00 -2.230000019073486328e+00 6.380000114440917969e+00 -2.737500000000000000e+01 3.537500000000000000e+01 -3.687500000000000000e+01 -4.375000000000000000e-01 -3.893750000000000000e+01 -1.006250000000000000e+01
3.490000009536743164e+00 -2.269999980926513672e+00 7.480000019073486328e+00 -2.737500000000000000e+01 3.537500000000000000e+01 -3.687500000000000000e+01 -1.031250000000000000e+01 -4.856250000000000000e+01 -1.187500000000000000e+01
3.490000009536743164e+00 -2.269999980926513672e+00 7.480000019073486328e+00 -2.737500000000000000e+01 3.537500000000000000e+01 -3.687500000000000000e+01 -2.112500000000000000e+01 -5.312500000000000000e+01 -1.212500000000000000e+01
3.980000019073486328e+00 -2.619999885559082031e+00 7.809999942779541016e+00 -2.737500000000000000e+01 3.537500000000000000e+01 -3.687500000000000000e+01 -2.962500000000000000e+01 -5.312500000000000000e+01 -1.168750000000000000e+01
4.489999771118164062e+00 -3.420000076293945312e+00 8.289999961853027344e+00 -2.737500000000000000e+01 3.537500000000000000e+01 -3.687500000000000000e+01 -3.350000000000000000e+01 -4.962500000000000000e+01 -1.181250000000000000e+01
4.550000190734863281e+00 -3.579999923706054688e+00 8.449999809265136719e+00 -2.775000000000000000e+01 3.437500000000000000e+01 -3.650000000000000000e+01 -3.587500000000000000e+01 -4.262500000000000000e+01 -1.118750000000000000e+01
4.679999828338623047e+00 -3.599999904632568359e+00 8.600000381469726562e+00 -2.775000000000000000e+01 3.437500000000000000e+01 -3.650000000000000000e+01 -4.100000000000000000e+01 -3.418750000000000000e+01 -8.937500000000000000e+00
4.869999885559082031e+00 -3.480000019073486328e+00 8.810000419616699219e+00 -2.775000000000000000e+01 3.437500000000000000e+01 -3.650000000000000000e+01 -4.943750000000000000e+01 -2.537500000000000000e+01 -4.187500000000000000e+00
5.190000057220458984e+00 -3.779999971389770508e+00 8.539999961853027344e+00 -2.775000000000000000e+01 3.437500000000000000e+01 -3.650000000000000000e+01 -5.493750000000000000e+01 -1.637500000000000000e+01 8.750000000000000000e-01
4.849999904632568359e+00 -4.039999961853027344e+00 8.149999618530273438e+00 -2.775000000000000000e+01 3.437500000000000000e+01 -3.650000000000000000e+01 -5.318750000000000000e+01 -9.562500000000000000e+00 4.125000000000000000e+00
4.489999771118164062e+00 -4.309999942779541016e+00 7.730000019073486328e+00 -2.956250000000000000e+01 3.506250000000000000e+01 -3.525000000000000000e+01 -3.400000000000000000e+01 -1.612500000000000000e+01 -2.562500000000000000e+00
4.789999961853027344e+00 -5.119999885559082031e+00 6.719999790191650391e+00 -2.956250000000000000e+01 3.506250000000000000e+01 -3.525000000000000000e+01 2.443750000000000000e+01 -6.637500000000000000e+01 -2.837500000000000000e+01
4.630000114440917969e+00 -1.179999947547912598e+00 7.599999904632568359e-01 -2.956250000000000000e+01 3.506250000000000000e+01 -3.525000000000000000e+01 4.531250000000000000e+01 -6.187500000000000000e+01 -4.718750000000000000e+01
-4.600000083446502686e-01 -1.899999976158142090e-01 1.800000071525573730e-01 -2.956250000000000000e+01 3.506250000000000000e+01 -3.525000000000000000e+01 2.512500000000000000e+01 -7.150000000000000000e+01 -5.381250000000000000e+01
