4.349999904632568359e+00 -3.779999971389770508e+00 7.940000057220458984e+00 -4.425000000000000000e+01 2.137500000000000000e+01 -3.237500000000000000e+01 0.000000000000000000e+00 1.250000000000000000e-01 0.000000000000000000e+00
4.349999904632568359e+00 -3.759999990463256836e+00 7.949999809265136719e+00 -4.425000000000000000e+01 2.137500000000000000e+01 -3.237500000000000000e+01 0.000000000000000000e+00 -1.875000000000000000e-01 6.250000000000000000e-02
4.360000133514404297e+00 -3.759999990463256836e+00 7.960000038146972656e+00 -4.425000000000000000e+01 2.137500000000000000e+01 -3.237500000000000000e+01 -8.125000000000000000e-01 -6.250000000000000000e-02 1.250000000000000000e-01
4.429999828338623047e+00 -3.619999885559082031e+00 8.029999732971191406e+00 -4.468750000000000000e+01 2.018750000000000000e+01 -3.156250000000000000e+01 -3.062500000000000000e+00 -2.500000000000000000e-01 6.250000000000000000e-01
4.440000057220458984e+00 -3.589999914169311523e+00 8.180000305175781250e+00 -4.468750000000000000e+01 2.018750000000000000e+01 -3.156250000000000000e+01 -6.062500000000000000e+00 -4.375000000000000000e-01 1.500000000000000000e+00
4.539999961853027344e+00 -3.640000104904174805e+00 8.109999656677246094e+00 -4.468750000000000000e+01 2.018750000000000000e+01 -3.156250000000000000e+01 -1.006250000000000000e+01 1.000000000000000000e+00 1.375000000000000000e+00
4.889999866485595703e+00 -3.890000104904174805e+00 8.239999771118164062e+00 -4.468750000000000000e+01 2.018750000000000000e+01 -3.156250000000000000e+01 -1.656250000000000000e+01 2.750000000000000000e+00 2.437500000000000000e+00
5.059999942779541016e+00 -3.519999980926513672e+00 8.689999580383300781e+00 -4.468750000000000000e+01 2.018750000000000000e+01 -3.156250000000000000e+01 -1.656250000000000000e+01 2.750000000000000000e+00 2.437500000000000000e+00
5.329999923706054688e+00 -3.289999961853027344e+00 8.840000152587890625e+00 -4.500000000000000000e+01 2.100000000000000000e+01 -3.118750000000000000e+01 -3.137500000000000000e+01 3.750000000000000000e+00 6.562500000000000000e+00
5.929999828338623047e+00 -3.470000028610229492e+00 9.579999923706054688e+00 -4.500000000000000000e+01 2.100000000000000000e+01 -3.118750000000000000e+01 -5.200000000000000000e+01 5.625000000000000000e+00 9.500000000000000000e+00
7.340000152587890625e+00 -4.050000190734863281e+00 1.109000015258789062e+01 -4.500000000000000000e+01 2.100000000000000000e+01 -3.118750000000000000e+01 -8.106250000000000000e+01 9.000000000000000000e+00 1.493750000000000000e+01
7.909999847412109375e+00 -5.110000133514404297e+00 1.214999961853027344e+01 -4.500000000000000000e+01 2.100000000000000000e+01 -3.118750000000000000e+01 -1.097500000000000000e+02 1.412500000000000000e+01 2.581250000000000000e+01
8.949999809265136719e+00 -6.050000190734863281e+00 1.389000034332275391e+01 -4.500000000000000000e+01 2.100000000000000000e+01 -3.118750000000000000e+01 -1.097500000000000000e+02 1.412500000000000000e+01 2.581250000000000000e+01
1.048999977111816406e+01 -6.360000133514404297e+00 1.315999984741210938e+01 -4.400000000000000000e+01 2.287500000000000000e+01 -3.037500000000000000e+01 -1.239375000000000000e+02 3.806250000000000000e+01 4.806250000000000000e+01
9.489999771118164062e+00 -7.619999885559082031e+00 1.052000045776367188e+01 -4.400000000000000000e+01 2.287500000000000000e+01 -3.037500000000000000e+01 -5.856250000000000000e+01 1.093125000000000000e+02 7.512500000000000000e+01
7.670000076293945312e+00 -6.880000114440917969e+00 1.010999965667724609e+01 -4.400000000000000000e+01 2.287500000000000000e+01 -3.037500000000000000e+01 -4.412500000000000000e+01 1.213750000000000000e+02 8.387500000000000000e+01
6.409999847412109375e+00 -5.780000209808349609e+00 8.680000305175781250e+00 -4.400000000000000000e+01 2.287500000000000000e+01 -3.037500000000000000e+01 -4.412500000000000000e+01 1.213750000000000000e+02 8.387500000000000000e+01
4.599999904632568359e+00 -5.019999980926513672e+00 7.340000152587890625e+00 -4.400000000000000000e+01 2.287500000000000000e+01 -3.037500000000000000e+01 -4.412500000000000000e+01 1.213750000000000000e+02 8.387500000000000000e+01
3.990000009536743164e+00 -5.079999923706054688e+00 7.300000190734863281e+00 -4.275000000000000000e+01 2.656250000000000000e+01 -2.825000000000000000e+01 -5.156250000000000000e+01 1.251250000000000000e+02 9.525000000000000000e+01
3.190000057220458984e+00 -4.769999980926513672e+00 6.989999771118164062e+00 -4.275000000000000000e+01 2.656250000000000000e+01 -2.825000000000000000e+01 -4.837500000000000000e+01 1.238750000000000000e+02 9.537500000000000000e+01
2.529999971389770508e+00 -4.389999866485595703e+00 6.460000038146972656e+00 -4.275000000000000000e+01 2.656250000000000000e+01 -2.825000000000000000e+01 -4.356250000000000000e+01 1.215000000000000000e+02 9.200000000000000000e+01
1.350000023841857910e+00 -3.839999914169311523e+00 6.699999809265136719e+00 -4.275000000000000000e+01 2.656250000000000000e+01 -2.825000000000000000e+01 -4.256250000000000000e+01 1.161875000000000000e+02 8.775000000000000000e+01
1.210000038146972656e+00 -3.690000057220458984e+00 7.070000171661376953e+00 -4.275000000000000000e+01 2.656250000000000000e+01 -2.825000000000000000e+01 -4.256250000000000000e+01 1.161875000000000000e+02 8.775000000000000000e+01
1.149999976158142090e+00 -3.960000038146972656e+00 6.800000190734863281e+00 -3.837500000000000000e+01 2.950000000000000000e+01 -3.118750000000000000e+01 -5.993750000000000000e+01 9.325000000000000000e+01 8.056250000000000000e+01
1.320000052452087402e+00 -4.360000133514404297e+00 6.969999790191650391e+00 -3.837500000000000000e+01 2.950000000000000000e+01 -3.118750000000000000e+01 -5.918750000000000000e+01 8.968750000000000000e+01 7.656250000000000000e+01
9.800000190734863281e-01 -4.679999828338623047e+00 6.860000133514404297e+00 -3.837500000000000000e+01 2.950000000000000000e+01 -3.118750000000000000e+01 -5.475000000000000000e+01 8.856250000000000000e+01 6.968750000000000000e+01
7.599999904632568359e-01 -4.650000095367431641e+00 6.670000076293945312e+00 -3.837500000000000000e+01 2.950000000000000000e+01 -3.118750000000000000e+01 -5.287500000000000000e+01 8.725000000000000000e+01 6.218750000000000000e+01
2.099999934434890747e-01 -4.860000133514404297e+00 6.349999904632568359e+00 -3.837500000000000000e+01 2.950000000000000000e+01 -3.118750000000000000e+01 -5.287500000000000000e+01 8.725000000000000000e+01 6.218750000000000000e+01
-2.599999904632568359e-01 -4.789999961853027344e+00 6.059999942779541016e+00 -3.318750000000000000e+01 3.425000000000000000e+01 -3.237500000000000000e+01 -4.118750000000000000e+01 8.431250000000000000e+01 4.462500000000000000e+01
-6.299999952316284180e-01 -4.969999790191650391e+00 5.489999771118164062e+00 -3.318750000000000000e+01 3.425000000000000000e+01 -3.237500000000000000e+01 -3.862500000000000000e+01 8.012500000000000000e+01 3.800000000000000000e+01
-1.039999961853027344e+00 -5.010000228881835938e+00 5.030000209808349609e+00 -3.318750000000000000e+01 3.425000000000000000e+01 -3.237500000000000000e+01 -2.681250000000000000e+01 7.837500000000000000e+01 3.068750000000000000e+01
-1.269999980926513672e+00 -4.989999771118164062e+00 4.539999961853027344e+00 -3.318750000000000000e+01 3.425000000000000000e+01 -3.237500000000000000e+01 -1.493750000000000000e+01 7.493750000000000000e+01 1.812500000000000000e+01
-1.850000023841857910e+00 -5.050000190734863281e+00 4.710000038146972656e+00 -3.318750000000000000e+01 3.425000000000000000e+01 -3.237500000000000000e+01 -1.493750000000000000e+01 7.493750000000000000e+01 1.812500000000000000e+01
-2.079999923706054688e+00 -5.110000133514404297e+00 4.780000209808349609e+00 -2.825000000000000000e+01 3.550000000000000000e+01 -3.237500000000000000e+01 -8.937500000000000000e+00 6.650000000000000000e+01 5.625000000000000000e+00
-2.039999961853027344e+00 -5.369999885559082031e+00 4.889999866485595703e+00 -2.825000000000000000e+01 3.550000000000000000e+01 -3.237500000000000000e+01 -1.087500000000000000e+01 4.012500000000000000e+01 -1.337500000000000000e+01
-1.950000047683715820e+00 -5.610000133514404297e+00 5.030000209808349609e+00 -2.825000000000000000e+01 3.550000000000000000e+01 -3.237500000000000000e+01 -1.475000000000000000e+01 2.550000000000000000e+01 -1.775000000000000000e+01
-9.300000071525573730e-01 -6.519999980926513672e+00 5.769999980926513672e+00 -2.825000000000000000e+01 3.550000000000000000e+01 -3.237500000000000000e+01 -1.600000000000000000e+01 1.368750000000000000e+01 -1.668750000000000000e+01
-4.199999868869781494e-01 -6.900000095367431641e+00 5.929999828338623047e+00 -2.825000000000000000e+01 3.550000000000000000e+01 -3.237500000000000000e+01 -1.600000000000000000e+01 1.368750000000000000e+01 -1.668750000000000000e+01
-1.299999952316284180e-01 -7.050000190734863281e+00 6.170000076293945312e+00 -2.637500000000000000e+01 3.737500000000000000e+01 -3.325000000000000000e+01 -1.281250000000000000e+01 5.625000000000000000e-01 -5.312500000000000000e+00
4.199999868869781494e-01 -7.039999961853027344e+00 6.789999961853027344e+00 -2.637500000000000000e+01 3.737500000000000000e+01 -3.325000000000000000e+01 -9.062500000000000000e+00 -1.312500000000000000e+00 6.250000000000000000e-02
5.699999928474426270e-01 -6.920000076293945312e+00 6.800000190734863281e+00 -2.637500000000000000e+01 3.737500000000000000e+01 -3.325000000000000000e+01 -6.812500000000000000e+00 -2.687500000000000000e+00 4.125000000000000000e+00
4.099999964237213135e-01 -6.789999961853027344e+00 6.940000057220458984e+00 -2.637500000000000000e+01 3.737500000000000000e+01 -3.325000000000000000e+01 -4.062500000000000000e+00 -2.562500000000000000e+00 5.562500000000000000e+00
2.399999946355819702e-01 -6.710000038146972656e+00 6.989999771118164062e+00 -2.637500000000000000e+01 3.737500000000000000e+01 -3.325000000000000000e+01 -4.062500000000000000e+00 -2.562500000000000000e+00 5.562500000000000000e+00
-7.999999821186065674e-02 -6.150000095367431641e+00 6.969999790191650391e+00 -2.606250000000000000e+01 3.825000000000000000e+01 -3.356250000000000000e+01 -4.375000000000000000e-01 -3.000000000000000000e+00 6.375000000000000000e+00
-1.299999952316284180e-01 -6.090000152587890625e+00 7.019999980926513672e+00 -2.606250000000000000e+01 3.825000000000000000e+01 -3.356250000000000000e+01 2.125000000000000000e+00 -6.687500000000000000e+00 4.625000000000000000e+00
-1.000000014901161194e-01 -6.039999961853027344e+00 7.099999904632568359e+00 -2.606250000000000000e+01 3.825000000000000000e+01 -3.356250000000000000e+01 1.937500000000000000e+00 -9.375000000000000000e+00 3.125000000000000000e+00
0.000000000000000000e+00 -5.980000019073486328e+00 7.269999980926513672e+00 -2.606250000000000000e+01 3.825000000000000000e+01 -3.356250000000000000e+01 1.437500000000000000e+00 -1.137500000000000000e+01 1.562500000000000000e+00
2.199999988079071045e-01 -6.090000152587890625e+00 7.469999790191650391e+00 -2.606250000000000000e+01 3.825000000000000000e+01 -3.356250000000000000e+01 1.437500000000000000e+00 -1.137500000000000000e+01 1.562500000000000000e+00
2.800000011920928955e-01 -6.079999923706054688e+00 7.539999961853027344e+00 -2.568750000000000000e+01 3.825000000000000000e+01 -3.325000000000000000e+01 1.750000000000000000e+00 -1.262500000000000000e+01 0.000000000000000000e+00
3.400000035762786865e-01 -6.139999866485595703e+00 7.539999961853027344e+00 -2.568750000000000000e+01 3.825000000000000000e+01 -3.325000000000000000e+01 1.312500000000000000e+00 -1.275000000000000000e+01 -3.062500000000000000e+00
5.400000214576721191e-01 -6.239999771118164062e+00 7.610000133514404297e+00 -2.568750000000000000e+01 3.825000000000000000e+01 -3.325000000000000000e+01 4.375000000000000000e-01 -1.293750000000000000e+01 -3.937500000000000000e+00
6.399999856948852539e-01 -6.289999961853027344e+00 7.710000038146972656e+00 -2.568750000000000000e+01 3.825000000000000000e+01 -3.325000000000000000e+01 -8.125000000000000000e-01 -1.337500000000000000e+01 -4.000000000000000000e+00
7.900000214576721191e-01 -6.369999885559082031e+00 7.860000133514404297e+00 -2.568750000000000000e+01 3.825000000000000000e+01 -3.325000000000000000e+01 -8.125000000000000000e-01 -1.337500000000000000e+01 -4.000000000000000000e+00
9.300000071525573730e-01 -6.449999809265136719e+00 7.800000190734863281e+00 -2.637500000000000000e+01 3.637500000000000000e+01 -3.325000000000000000e+01 -2.625000000000000000e+00 -1.412500000000000000e+01 -3.437500000000000000e+00
6.600000262260437012e-01 -6.400000095367431641e+00 7.579999923706054688e+00 -2.637500000000000000e+01 3.637500000000000000e+01 -3.325000000000000000e+01 1.250000000000000000e-01 -9.250000000000000000e+00 -3.000000000000000000e+00
4.199999868869781494e-01 -6.230000019073486328e+00 7.300000190734863281e+00 -2.637500000000000000e+01 3.637500000000000000e+01 -3.325000000000000000e+01 3.312500000000000000e+00 -5.937500000000000000e+00 -4.062500000000000000e+00
7.999999821186065674e-02 -6.030000209808349609e+00 7.059999942779541016e+00 -2.637500000000000000e+01 3.637500000000000000e+01 -3.325000000000000000e+01 5.312500000000000000e+00 -5.312500000000000000e+00 -6.000000000000000000e+00
-7.999999821186065674e-02 -5.960000038146972656e+00 6.949999809265136719e+00 -2.637500000000000000e+01 3.637500000000000000e+01 -3.325000000000000000e+01 5.312500000000000000e+00 -5.312500000000000000e+00 -6.000000000000000000e+00
-1.700000017881393433e-01 -6.070000171661376953e+00 6.639999866485595703e+00 -2.668750000000000000e+01 3.825000000000000000e+01 -3.325000000000000000e+01 5.687500000000000000e+00 -7.687500000000000000e+00 -8.062500000000000000e+00
-2.000000029802322388e-01 -6.050000190734863281e+00 6.530000209808349609e+00 -2.668750000000000000e+01 3.825000000000000000e+01 -3.325000000000000000e+01 1.000000000000000000e+01 -1.250000000000000000e+01 -1.268750000000000000e+01
-2.500000000000000000e-01 -6.039999961853027344e+00 6.380000114440917969e+00 -2.668750000000000000e+01 3.825000000000000000e+01 -3.325000000000000000e+01 1.362500000000000000e+01 -1.493750000000000000e+01 -1.550000000000000000e+01
-2.000000029802322388e-01 -6.019999980926513672e+00 6.250000000000000000e+00 -2.668750000000000000e+01 3.825000000000000000e+01 -3.325000000000000000e+01 1.662500000000000000e+01 -1.787500000000000000e+01 -1.862500000000000000e+01
-1.899999976158142090e-01 -6.000000000000000000e+00 6.110000133514404297e+00 -2.668750000000000000e+01 3.825000000000000000e+01 -3.325000000000000000e+01 1.662500000000000000e+01 -1.787500000000000000e+01 -1.862500000000000000e+01
-3.300000131130218506e-01 -5.989999771118164062e+00 5.809999942779541016e+00 -2.775000000000000000e+01 3.675000000000000000e+01 -3.275000000000000000e+01 1.750000000000000000e+01 -2.256250000000000000e+01 -2.137500000000000000e+01
-6.200000047683715820e-01 -5.949999809265136719e+00 5.369999885559082031e+00 -2.775000000000000000e+01 3.675000000000000000e+01 -3.275000000000000000e+01 2.468750000000000000e+01 -3.300000000000000000e+01 -2.606250000000000000e+01
-7.099999785423278809e-01 -5.480000019073486328e+00 5.440000057220458984e+00 -2.775000000000000000e+01 3.675000000000000000e+01 -3.275000000000000000e+01 2.150000000000000000e+01 -4.456250000000000000e+01 -2.943750000000000000e+01
-2.700000107288360596e-01 -5.710000038146972656e+00 5.590000152587890625e+00 -2.775000000000000000e+01 3.675000000000000000e+01 -3.275000000000000000e+01 1.487500000000000000e+01 -6.075000000000000000e+01 -2.956250000000000000e+01
4.000000059604644775e-01 -6.030000209808349609e+00 6.019999980926513672e+00 -2.775000000000000000e+01 3.675000000000000000e+01 -3.275000000000000000e+01 1.487500000000000000e+01 -6.075000000000000000e+01 -2.956250000000000000e+01
1.470000028610229492e+00 -6.230000019073486328e+00 7.340000152587890625e+00 -2.818750000000000000e+01 3.637500000000000000e+01 -3.368750000000000000e+01 1.375000000000000000e+01 -7.212500000000000000e+01 -2.887500000000000000e+01
3.410000085830688477e+00 -6.599999904632568359e+00 8.520000457763671875e+00 -2.818750000000000000e+01 3.637500000000000000e+01 -3.368750000000000000e+01 1.687500000000000000e+00 -8.012500000000000000e+01 -2.650000000000000000e+01
3.250000000000000000e+00 -6.789999961853027344e+00 8.489999771118164062e+00 -2.818750000000000000e+01 3.637500000000000000e+01 -3.368750000000000000e+01 6.187500000000000000e+00 -6.818750000000000000e+01 -2.543750000000000000e+01
2.829999923706054688e+00 -6.639999866485595703e+00 8.699999809265136719e+00 -2.818750000000000000e+01 3.637500000000000000e+01 -3.368750000000000000e+01 1.956250000000000000e+01 -5.400000000000000000e+01 -2.506250000000000000e+01
1.929999947547912598e+00 -5.429999828338623047e+00 7.809999942779541016e+00 -2.818750000000000000e+01 3.637500000000000000e+01 -3.368750000000000000e+01 1.956250000000000000e+01 -5.400000000000000000e+01 -2.506250000000000000e+01
1.190000057220458984e+00 -5.119999885559082031e+00 7.179999828338623047e+00 -3.225000000000000000e+01 3.487500000000000000e+01 -3.156250000000000000e+01 2.568750000000000000e+01 -4.631250000000000000e+01 -2.437500000000000000e+01
6.100000143051147461e-01 -4.860000133514404297e+00 6.769999980926513672e+00 -3.225000000000000000e+01 3.487500000000000000e+01 -3.156250000000000000e+01 4.075000000000000000e+01 -3.600000000000000000e+01 -3.287500000000000000e+01
4.799999892711639404e-01 -4.690000057220458984e+00 6.590000152587890625e+00 -3.225000000000000000e+01 3.487500000000000000e+01 -3.156250000000000000e+01 4.712500000000000000e+01 -3.656250000000000000e+01 -4.068750000000000000e+01
1.700000047683715820e+00 -4.869999885559082031e+00 7.369999885559082031e+00 -3.225000000000000000e+01 3.487500000000000000e+01 -3.156250000000000000e+01 4.387500000000000000e+01 -4.256250000000000000e+01 -4.787500000000000000e+01
2.369999885559082031e+00 -5.360000133514404297e+00 7.630000114440917969e+00 -3.225000000000000000e+01 3.487500000000000000e+01 -3.156250000000000000e+01 4.387500000000000000e+01 -4.256250000000000000e+01 -4.787500000000000000e+01
2.430000066757202148e+00 -5.690000057220458984e+00 7.340000152587890625e+00 -3.450000000000000000e+01 3.375000000000000000e+01 -3.156250000000000000e+01 4.018750000000000000e+01 -4.612500000000000000e+01 -5.156250000000000000e+01
2.160000085830688477e+00 -5.510000228881835938e+00 6.909999847412109375e+00 -3.450000000000000000e+01 3.375000000000000000e+01 -3.156250000000000000e+01 5.262500000000000000e+01 -4.275000000000000000e+01 -5.512500000000000000e+01
1.889999985694885254e+00 -5.059999942779541016e+00 6.519999980926513672e+00 -3.450000000000000000e+01 3.375000000000000000e+01 -3.156250000000000000e+01 5.168750000000000000e+01 -4.856250000000000000e+01 -5.562500000000000000e+01
2.150000095367431641e+00 -5.159999847412109375e+00 6.639999866485595703e+00 -3.450000000000000000e+01 3.375000000000000000e+01 -3.156250000000000000e+01 4.637500000000000000e+01 -5.893750000000000000e+01 -5.500000000000000000e+01
2.559999942779541016e+00 -5.309999942779541016e+00 6.969999790191650391e+00 -3.450000000000000000e+01 3.375000000000000000e+01 -3.156250000000000000e+01 4.637500000000000000e+01 -5.893750000000000000e+01 -5.500000000000000000e+01
3.809999942779541016e+00 -5.230000019073486328e+00 8.060000419616699219e+00 -3.625000000000000000e+01 3.156250000000000000e+01 -3.118750000000000000e+01 4.300000000000000000e+01 -6.818750000000000000e+01 -5.306250000000000000e+01
4.300000190734863281e+00 -5.139999866485595703e+00 8.479999542236328125e+00 -3.625000000000000000e+01 3.156250000000000000e+01 -3.118750000000000000e+01 4.431250000000000000e+01 -7.412500000000000000e+01 -4.725000000000000000e+01
4.590000152587890625e+00 -4.989999771118164062e+00 8.659999847412109375e+00 -3.625000000000000000e+01 3.156250000000000000e+01 -3.118750000000000000e+01 4.587500000000000000e+01 -6.837500000000000000e+01 -4.618750000000000000e+01
4.800000190734863281e+00 -4.929999828338623047e+00 9.029999732971191406e+00 -3.625000000000000000e+01 3.156250000000000000e+01 -3.118750000000000000e+01 4.862500000000000000e+01 -6.068750000000000000e+01 -4.512500000000000000e+01
5.889999866485595703e+00 -4.460000038146972656e+00 9.649999618530273438e+00 -3.625000000000000000e+01 3.156250000000000000e+01 -3.118750000000000000e+01 4.862500000000000000e+01 -6.068750000000000000e+01 -4.512500000000000000e+01
6.190000057220458984e+00 -5.059999942779541016e+00 9.989999771118164062e+00 -4.000000000000000000e+01 2.825000000000000000e+01 -3.037500000000000000e+01 4.981250000000000000e+01 -4.975000000000000000e+01 -4.612500000000000000e+01
5.519999980926513672e+00 -5.699999809265136719e+00 9.899999618530273438e+00 -4.000000000000000000e+01 2.825000000000000000e+01 -3.037500000000000000e+01 4.756250000000000000e+01 -2.356250000000000000e+01 -3.775000000000000000e+01
5.510000228881835938e+00 -5.190000057220458984e+00 9.520000457763671875e+00 -4.000000000000000000e+01 2.825000000000000000e+01 -3.037500000000000000e+01 4.556250000000000000e+01 -1.918750000000000000e+01 -3.425000000000000000e+01
5.010000228881835938e+00 -4.940000057220458984e+00 8.779999732971191406e+00 -4.000000000000000000e+01 2.825000000000000000e+01 -3.037500000000000000e+01 3.343750000000000000e+01 -1.562500000000000000e+01 -3.131250000000000000e+01
4.449999809265136719e+00 -4.920000076293945312e+00 8.609999656677246094e+00 -4.000000000000000000e+01 2.825000000000000000e+01 -3.037500000000000000e+01 3.343750000000000000e+01 -1.562500000000000000e+01 -3.131250000000000000e+01
3.950000047683715820e+00 -4.519999980926513672e+00 7.960000038146972656e+00 -4.106250000000000000e+01 2.637500000000000000e+01 -3.156250000000000000e+01 3.031250000000000000e+01 -1.506250000000000000e+01 -2.481250000000000000e+01
3.130000114440917969e+00 -3.849999904632568359e+00 7.360000133514404297e+00 -4.106250000000000000e+01 2.637500000000000000e+01 -3.156250000000000000e+01 2.662500000000000000e+01 -2.100000000000000000e+01 -2.062500000000000000e+01
2.849999904632568359e+00 -3.890000104904174805e+00 7.269999980926513672e+00 -4.106250000000000000e+01 2.637500000000000000e+01 -3.156250000000000000e+01 2.181250000000000000e+01 -2.737500000000000000e+01 -2.125000000000000000e+01
2.650000095367431641e+00 -4.039999961853027344e+00 6.880000114440917969e+00 -4.106250000000000000e+01 2.637500000000000000e+01 -3.156250000000000000e+01 2.018750000000000000e+01 -3.768750000000000000e+01 -2.031250000000000000e+01
2.660000085830688477e+00 -3.960000038146972656e+00 6.619999885559082031e+00 -4.106250000000000000e+01 2.637500000000000000e+01 -3.156250000000000000e+01 2.018750000000000000e+01 -3.768750000000000000e+01 -2.031250000000000000e+01
3.279999971389770508e+00 -3.650000095367431641e+00 7.289999961853027344e+00 -4.300000000000000000e+01 2.375000000000000000e+01 -3.118750000000000000e+01 2.281250000000000000e+01 -4.625000000000000000e+01 -2.131250000000000000e+01
3.809999942779541016e+00 -4.300000190734863281e+00 9.760000228881835938e+00 -4.300000000000000000e+01 2.375000000000000000e+01 -3.118750000000000000e+01 2.606250000000000000e+01 -5.881250000000000000e+01 -2.881250000000000000e+01
