4.409999847412109375e+00 -2.190000057220458984e+00 8.609999656677246094e+00 -4.318750000000000000e+01 2.218750000000000000e+01 -3.418750000000000000e+01 -1.250000000000000000e-01 -1.250000000000000000e-01 3.125000000000000000e-01
4.389999866485595703e+00 -2.170000076293945312e+00 8.630000114440917969e+00 -4.318750000000000000e+01 2.218750000000000000e+01 -3.418750000000000000e+01 -3.750000000000000000e-01 -1.875000000000000000e-01 1.000000000000000000e+00
4.599999904632568359e+00 -2.549999952316284180e+00 8.640000343322753906e+00 -4.250000000000000000e+01 2.218750000000000000e+01 -3.418750000000000000e+01 -5.000000000000000000e-01 2.500000000000000000e-01 1.437500000000000000e+00
4.570000171661376953e+00 -2.450000047683715820e+00 8.630000114440917969e+00 -4.250000000000000000e+01 2.218750000000000000e+01 -3.418750000000000000e+01 -1.062500000000000000e+00 1.312500000000000000e+00 2.000000000000000000e+00
4.780000209808349609e+00 -2.259999990463256836e+00 8.699999809265136719e+00 -4.250000000000000000e+01 2.218750000000000000e+01 -3.418750000000000000e+01 -5.625000000000000000e-01 2.812500000000000000e+00 2.375000000000000000e+00
4.800000190734863281e+00 -2.210000038146972656e+00 8.779999732971191406e+00 -4.250000000000000000e+01 2.218750000000000000e+01 -3.418750000000000000e+01 -8.750000000000000000e-01 5.062500000000000000e+00 3.312500000000000000e+00
5.619999885559082031e+00 -2.430000066757202148e+00 9.130000114440917969e+00 -4.250000000000000000e+01 2.218750000000000000e+01 -3.418750000000000000e+01 -2.625000000000000000e+00 7.937500000000000000e+00 5.125000000000000000e+00
6.110000133514404297e+00 -2.730000019073486328e+00 9.329999923706054688e+00 -4.206250000000000000e+01 2.218750000000000000e+01 -3.418750000000000000e+01 -4.750000000000000000e+00 1.231250000000000000e+01 8.312500000000000000e+00
6.639999866485595703e+00 -3.099999904632568359e+00 9.579999923706054688e+00 -4.206250000000000000e+01 2.218750000000000000e+01 -3.418750000000000000e+01 -6.125000000000000000e+00 2.031250000000000000e+01 1.262500000000000000e+01
7.630000114440917969e+00 -3.650000095367431641e+00 9.939999580383300781e+00 -4.206250000000000000e+01 2.218750000000000000e+01 -3.418750000000000000e+01 -7.625000000000000000e+00 3.056250000000000000e+01 1.937500000000000000e+01
1.018999958038330078e+01 -3.869999885559082031e+00 1.102000045776367188e+01 -4.206250000000000000e+01 2.218750000000000000e+01 -3.418750000000000000e+01 -4.500000000000000000e+00 4.575000000000000000e+01 2.543750000000000000e+01
1.014000034332275391e+01 -2.910000085830688477e+00 1.127000045776367188e+01 -4.206250000000000000e+01 2.218750000000000000e+01 -3.418750000000000000e+01 1.562500000000000000e+00 6.900000000000000000e+01 2.756250000000000000e+01
9.399999618530273438e+00 -2.460000038146972656e+00 1.111999988555908203e+01 -3.975000000000000000e+01 2.218750000000000000e+01 -3.337500000000000000e+01 3.000000000000000000e+00 9.643750000000000000e+01 2.956250000000000000e+01
7.989999771118164062e+00 -2.480000019073486328e+00 1.056000041961669922e+01 -3.975000000000000000e+01 2.218750000000000000e+01 -3.337500000000000000e+01 8.750000000000000000e-01 1.200000000000000000e+02 3.456250000000000000e+01
5.389999866485595703e+00 -2.269999980926513672e+00 9.399999618530273438e+00 -3.975000000000000000e+01 2.218750000000000000e+01 -3.337500000000000000e+01 -1.437500000000000000e+00 1.343125000000000000e+02 4.100000000000000000e+01
4.210000038146972656e+00 -2.599999904632568359e+00 8.880000114440917969e+00 -3.975000000000000000e+01 2.218750000000000000e+01 -3.337500000000000000e+01 -3.437500000000000000e+00 1.406250000000000000e+02 4.706250000000000000e+01
3.309999942779541016e+00 -2.680000066757202148e+00 8.619999885559082031e+00 -3.975000000000000000e+01 2.218750000000000000e+01 -3.337500000000000000e+01 -3.562500000000000000e+00 1.423125000000000000e+02 5.081250000000000000e+01
2.680000066757202148e+00 -2.690000057220458984e+00 8.319999694824218750e+00 -3.875000000000000000e+01 2.400000000000000000e+01 -3.575000000000000000e+01 -2.437500000000000000e+00 1.401250000000000000e+02 5.162500000000000000e+01
2.400000095367431641e+00 -2.529999971389770508e+00 8.350000381469726562e+00 -3.875000000000000000e+01 2.400000000000000000e+01 -3.575000000000000000e+01 -7.500000000000000000e-01 1.380625000000000000e+02 5.150000000000000000e+01
1.909999966621398926e+00 -2.289999961853027344e+00 8.319999694824218750e+00 -3.875000000000000000e+01 2.400000000000000000e+01 -3.575000000000000000e+01 1.500000000000000000e+00 1.359375000000000000e+02 5.018750000000000000e+01
1.429999947547912598e+00 -1.990000009536743164e+00 8.199999809265136719e+00 -3.875000000000000000e+01 2.400000000000000000e+01 -3.575000000000000000e+01 2.187500000000000000e+00 1.326250000000000000e+02 4.793750000000000000e+01
5.400000214576721191e-01 -1.419999957084655762e+00 8.430000305175781250e+00 -3.875000000000000000e+01 2.400000000000000000e+01 -3.575000000000000000e+01 9.375000000000000000e-01 1.279375000000000000e+02 4.525000000000000000e+01
9.100000262260437012e-01 -1.419999957084655762e+00 8.529999732971191406e+00 -3.250000000000000000e+01 2.587500000000000000e+01 -3.906250000000000000e+01 -3.062500000000000000e+00 1.213125000000000000e+02 4.393750000000000000e+01
1.019999980926513672e+00 -1.639999985694885254e+00 8.550000190734863281e+00 -3.250000000000000000e+01 2.587500000000000000e+01 -3.906250000000000000e+01 -8.500000000000000000e+00 1.163750000000000000e+02 4.381250000000000000e+01
-1.899999976158142090e-01 -1.690000057220458984e+00 8.470000267028808594e+00 -3.250000000000000000e+01 2.587500000000000000e+01 -3.906250000000000000e+01 -1.168750000000000000e+01 1.135000000000000000e+02 4.218750000000000000e+01
-4.900000095367431641e-01 -1.669999957084655762e+00 8.270000457763671875e+00 -3.250000000000000000e+01 2.587500000000000000e+01 -3.906250000000000000e+01 -1.306250000000000000e+01 1.091250000000000000e+02 3.887500000000000000e+01
-5.500000119209289551e-01 -1.820000052452087402e+00 8.399999618530273438e+00 -3.250000000000000000e+01 2.587500000000000000e+01 -3.906250000000000000e+01 -1.343750000000000000e+01 1.017500000000000000e+02 3.462500000000000000e+01
-3.000000119209289551e-01 -1.919999957084655762e+00 8.579999923706054688e+00 -2.768750000000000000e+01 2.668750000000000000e+01 -4.237500000000000000e+01 -1.481250000000000000e+01 9.531250000000000000e+01 3.037500000000000000e+01
-9.700000286102294922e-01 -2.200000047683715820e+00 8.050000190734863281e+00 -2.768750000000000000e+01 2.668750000000000000e+01 -4.237500000000000000e+01 -1.700000000000000000e+01 9.131250000000000000e+01 2.675000000000000000e+01
-1.929999947547912598e+00 -2.460000038146972656e+00 7.780000209808349609e+00 -2.768750000000000000e+01 2.668750000000000000e+01 -4.237500000000000000e+01 -1.587500000000000000e+01 8.762500000000000000e+01 2.337500000000000000e+01
-2.240000009536743164e+00 -2.420000076293945312e+00 7.780000209808349609e+00 -2.768750000000000000e+01 2.668750000000000000e+01 -4.237500000000000000e+01 -1.131250000000000000e+01 7.943750000000000000e+01 1.650000000000000000e+01
-2.170000076293945312e+00 -2.250000000000000000e+00 7.769999980926513672e+00 -2.768750000000000000e+01 2.668750000000000000e+01 -4.237500000000000000e+01 -7.687500000000000000e+00 7.000000000000000000e+01 8.875000000000000000e+00
-1.960000038146972656e+00 -2.529999971389770508e+00 7.889999866485595703e+00 -2.206250000000000000e+01 2.918750000000000000e+01 -4.400000000000000000e+01 -5.812500000000000000e+00 6.243750000000000000e+01 2.687500000000000000e+00
-2.049999952316284180e+00 -2.559999942779541016e+00 7.909999847412109375e+00 -2.206250000000000000e+01 2.918750000000000000e+01 -4.400000000000000000e+01 -4.687500000000000000e+00 5.512500000000000000e+01 -3.125000000000000000e+00
-2.049999952316284180e+00 -2.609999895095825195e+00 8.020000457763671875e+00 -2.206250000000000000e+01 2.918750000000000000e+01 -4.400000000000000000e+01 -3.375000000000000000e+00 4.818750000000000000e+01 -7.312500000000000000e+00
-1.789999961853027344e+00 -2.740000009536743164e+00 8.329999923706054688e+00 -2.206250000000000000e+01 2.918750000000000000e+01 -4.400000000000000000e+01 -3.000000000000000000e+00 4.112500000000000000e+01 -9.500000000000000000e+00
-1.120000004768371582e+00 -3.160000085830688477e+00 8.630000114440917969e+00 -2.206250000000000000e+01 2.918750000000000000e+01 -4.400000000000000000e+01 -3.375000000000000000e+00 3.525000000000000000e+01 -1.012500000000000000e+01
-9.900000095367431641e-01 -3.150000095367431641e+00 8.659999847412109375e+00 -1.968750000000000000e+01 2.918750000000000000e+01 -4.368750000000000000e+01 -2.562500000000000000e+00 3.168750000000000000e+01 -9.812500000000000000e+00
-1.049999952316284180e+00 -3.210000038146972656e+00 8.729999542236328125e+00 -1.968750000000000000e+01 2.918750000000000000e+01 -4.368750000000000000e+01 -8.125000000000000000e-01 2.912500000000000000e+01 -8.875000000000000000e+00
-1.360000014305114746e+00 -3.140000104904174805e+00 8.619999885559082031e+00 -1.968750000000000000e+01 2.918750000000000000e+01 -4.368750000000000000e+01 6.875000000000000000e-01 2.562500000000000000e+01 -7.562500000000000000e+00
-1.509999990463256836e+00 -3.049999952316284180e+00 8.659999847412109375e+00 -1.968750000000000000e+01 2.918750000000000000e+01 -4.368750000000000000e+01 2.250000000000000000e+00 2.150000000000000000e+01 -5.500000000000000000e+00
-1.409999966621398926e+00 -2.940000057220458984e+00 8.649999618530273438e+00 -1.968750000000000000e+01 2.918750000000000000e+01 -4.368750000000000000e+01 2.875000000000000000e+00 1.643750000000000000e+01 -3.625000000000000000e+00
-1.370000004768371582e+00 -2.920000076293945312e+00 8.640000343322753906e+00 -1.787500000000000000e+01 2.850000000000000000e+01 -4.568750000000000000e+01 2.562500000000000000e+00 1.150000000000000000e+01 -1.562500000000000000e+00
-1.679999947547912598e+00 -2.839999914169311523e+00 8.430000305175781250e+00 -1.787500000000000000e+01 2.850000000000000000e+01 -4.568750000000000000e+01 2.375000000000000000e+00 7.250000000000000000e+00 5.000000000000000000e-01
-2.000000000000000000e+00 -2.769999980926513672e+00 8.300000190734863281e+00 -1.787500000000000000e+01 2.850000000000000000e+01 -4.568750000000000000e+01 2.875000000000000000e+00 2.437500000000000000e+00 1.687500000000000000e+00
-2.130000114440917969e+00 -2.740000009536743164e+00 8.210000038146972656e+00 -1.787500000000000000e+01 2.850000000000000000e+01 -4.568750000000000000e+01 3.437500000000000000e+00 -3.687500000000000000e+00 2.125000000000000000e+00
-1.620000004768371582e+00 -2.619999885559082031e+00 8.539999961853027344e+00 -1.787500000000000000e+01 2.850000000000000000e+01 -4.568750000000000000e+01 3.750000000000000000e+00 -1.000000000000000000e+01 1.562500000000000000e+00
-1.309999942779541016e+00 -2.690000057220458984e+00 8.739999771118164062e+00 -1.787500000000000000e+01 2.918750000000000000e+01 -4.568750000000000000e+01 3.125000000000000000e+00 -1.581250000000000000e+01 1.187500000000000000e+00
-9.599999785423278809e-01 -2.779999971389770508e+00 9.060000419616699219e+00 -1.787500000000000000e+01 2.918750000000000000e+01 -4.568750000000000000e+01 1.875000000000000000e+00 -1.981250000000000000e+01 1.437500000000000000e+00
-3.199999928474426270e-01 -2.759999990463256836e+00 9.329999923706054688e+00 -1.787500000000000000e+01 2.918750000000000000e+01 -4.568750000000000000e+01 8.125000000000000000e-01 -2.250000000000000000e+01 1.812500000000000000e+00
7.000000029802322388e-02 -2.920000076293945312e+00 9.619999885559082031e+00 -1.787500000000000000e+01 2.918750000000000000e+01 -4.568750000000000000e+01 -1.875000000000000000e-01 -2.243750000000000000e+01 2.937500000000000000e+00
0.000000000000000000e+00 -2.869999885559082031e+00 9.609999656677246094e+00 -1.787500000000000000e+01 2.918750000000000000e+01 -4.568750000000000000e+01 -1.250000000000000000e-01 -2.143750000000000000e+01 3.812500000000000000e+00
-2.399999946355819702e-01 -2.769999980926513672e+00 9.510000228881835938e+00 -1.850000000000000000e+01 2.887500000000000000e+01 -4.406250000000000000e+01 3.750000000000000000e-01 -1.987500000000000000e+01 4.000000000000000000e+00
-4.600000083446502686e-01 -2.670000076293945312e+00 9.380000114440917969e+00 -1.850000000000000000e+01 2.887500000000000000e+01 -4.406250000000000000e+01 1.125000000000000000e+00 -1.937500000000000000e+01 3.437500000000000000e+00
-9.200000166893005371e-01 -2.450000047683715820e+00 8.930000305175781250e+00 -1.850000000000000000e+01 2.887500000000000000e+01 -4.406250000000000000e+01 1.500000000000000000e+00 -2.018750000000000000e+01 2.437500000000000000e+00
-1.080000042915344238e+00 -2.519999980926513672e+00 8.920000076293945312e+00 -1.850000000000000000e+01 2.887500000000000000e+01 -4.406250000000000000e+01 2.125000000000000000e+00 -2.225000000000000000e+01 5.625000000000000000e-01
-1.029999971389770508e+00 -2.480000019073486328e+00 8.869999885559082031e+00 -1.850000000000000000e+01 2.887500000000000000e+01 -4.406250000000000000e+01 3.437500000000000000e+00 -2.493750000000000000e+01 -2.437500000000000000e+00
-1.059999942779541016e+00 -2.250000000000000000e+00 8.920000076293945312e+00 -2.000000000000000000e+01 2.850000000000000000e+01 -4.568750000000000000e+01 5.062500000000000000e+00 -2.756250000000000000e+01 -6.062500000000000000e+00
-9.499999880790710449e-01 -2.119999885559082031e+00 8.880000114440917969e+00 -2.000000000000000000e+01 2.850000000000000000e+01 -4.568750000000000000e+01 5.500000000000000000e+00 -3.025000000000000000e+01 -1.006250000000000000e+01
-1.159999966621398926e+00 -2.140000104904174805e+00 8.619999885559082031e+00 -2.000000000000000000e+01 2.850000000000000000e+01 -4.568750000000000000e+01 4.625000000000000000e+00 -3.350000000000000000e+01 -1.306250000000000000e+01
-1.559999942779541016e+00 -2.220000028610229492e+00 8.439999580383300781e+00 -2.000000000000000000e+01 2.850000000000000000e+01 -4.568750000000000000e+01 4.187500000000000000e+00 -3.825000000000000000e+01 -1.562500000000000000e+01
-1.580000042915344238e+00 -1.889999985694885254e+00 8.220000267028808594e+00 -2.000000000000000000e+01 2.850000000000000000e+01 -4.568750000000000000e+01 2.812500000000000000e+00 -4.506250000000000000e+01 -1.843750000000000000e+01
-2.220000028610229492e+00 -1.990000009536743164e+00 7.860000133514404297e+00 -2.000000000000000000e+01 2.775000000000000000e+01 -4.406250000000000000e+01 -1.000000000000000000e+00 -5.275000000000000000e+01 -1.962500000000000000e+01
-2.420000076293945312e+00 -2.029999971389770508e+00 7.800000190734863281e+00 -2.000000000000000000e+01 2.775000000000000000e+01 -4.406250000000000000e+01 -5.312500000000000000e+00 -6.356250000000000000e+01 -1.906250000000000000e+01
-1.720000028610229492e+00 -2.170000076293945312e+00 7.679999828338623047e+00 -2.000000000000000000e+01 2.775000000000000000e+01 -4.406250000000000000e+01 -8.687500000000000000e+00 -7.687500000000000000e+01 -1.862500000000000000e+01
4.600000083446502686e-01 -3.430000066757202148e+00 8.220000267028808594e+00 -2.000000000000000000e+01 2.775000000000000000e+01 -4.406250000000000000e+01 -8.875000000000000000e+00 -8.625000000000000000e+01 -1.875000000000000000e+01
4.799999892711639404e-01 -3.630000114440917969e+00 8.449999809265136719e+00 -2.000000000000000000e+01 2.775000000000000000e+01 -4.406250000000000000e+01 -2.875000000000000000e+00 -8.962500000000000000e+01 -2.337500000000000000e+01
9.999999776482582092e-03 -3.109999895095825195e+00 8.619999885559082031e+00 -2.187500000000000000e+01 2.818750000000000000e+01 -4.368750000000000000e+01 6.625000000000000000e+00 -9.062500000000000000e+01 -3.237500000000000000e+01
-3.999999910593032837e-02 -2.289999961853027344e+00 8.439999580383300781e+00 -2.187500000000000000e+01 2.818750000000000000e+01 -4.368750000000000000e+01 1.268750000000000000e+01 -9.562500000000000000e+01 -4.018750000000000000e+01
-4.699999988079071045e-01 -1.740000009536743164e+00 8.340000152587890625e+00 -2.187500000000000000e+01 2.818750000000000000e+01 -4.368750000000000000e+01 1.100000000000000000e+01 -1.043750000000000000e+02 -4.312500000000000000e+01
3.700000047683715820e-01 -1.879999995231628418e+00 8.060000419616699219e+00 -2.187500000000000000e+01 2.818750000000000000e+01 -4.368750000000000000e+01 5.125000000000000000e+00 -1.171250000000000000e+02 -4.281250000000000000e+01
1.700000047683715820e+00 -2.119999885559082031e+00 8.329999923706054688e+00 -2.187500000000000000e+01 2.818750000000000000e+01 -4.368750000000000000e+01 4.375000000000000000e-01 -1.241250000000000000e+02 -4.050000000000000000e+01
3.150000095367431641e+00 -2.930000066757202148e+00 8.869999885559082031e+00 -2.750000000000000000e+01 2.700000000000000000e+01 -4.250000000000000000e+01 -1.937500000000000000e+00 -1.216875000000000000e+02 -3.787500000000000000e+01
2.579999923706054688e+00 -2.900000095367431641e+00 9.050000190734863281e+00 -2.750000000000000000e+01 2.700000000000000000e+01 -4.250000000000000000e+01 -1.312500000000000000e+00 -1.135625000000000000e+02 -3.687500000000000000e+01
2.930000066757202148e+00 -2.309999942779541016e+00 9.090000152587890625e+00 -2.750000000000000000e+01 2.700000000000000000e+01 -4.250000000000000000e+01 5.000000000000000000e-01 -1.082500000000000000e+02 -3.700000000000000000e+01
3.529999971389770508e+00 -2.089999914169311523e+00 9.060000419616699219e+00 -2.750000000000000000e+01 2.700000000000000000e+01 -4.250000000000000000e+01 -1.812500000000000000e+00 -1.061875000000000000e+02 -3.343750000000000000e+01
2.670000076293945312e+00 -2.910000085830688477e+00 8.899999618530273438e+00 -2.750000000000000000e+01 2.700000000000000000e+01 -4.250000000000000000e+01 -7.000000000000000000e+00 -1.043750000000000000e+02 -2.681250000000000000e+01
3.130000114440917969e+00 -2.599999904632568359e+00 9.149999618530273438e+00 -3.150000000000000000e+01 2.668750000000000000e+01 -3.956250000000000000e+01 -9.437500000000000000e+00 -1.061250000000000000e+02 -2.543750000000000000e+01
4.090000152587890625e+00 -3.069999933242797852e+00 8.899999618530273438e+00 -3.150000000000000000e+01 2.668750000000000000e+01 -3.956250000000000000e+01 -8.937500000000000000e+00 -1.092500000000000000e+02 -2.268750000000000000e+01
4.519999980926513672e+00 -3.529999971389770508e+00 8.800000190734863281e+00 -3.150000000000000000e+01 2.668750000000000000e+01 -3.956250000000000000e+01 -4.875000000000000000e+00 -1.065000000000000000e+02 -2.300000000000000000e+01
5.320000171661376953e+00 -3.269999980926513672e+00 9.250000000000000000e+00 -3.150000000000000000e+01 2.668750000000000000e+01 -3.956250000000000000e+01 -3.750000000000000000e-01 -1.012500000000000000e+02 -2.712500000000000000e+01
5.599999904632568359e+00 -3.000000000000000000e+00 9.149999618530273438e+00 -3.150000000000000000e+01 2.668750000000000000e+01 -3.956250000000000000e+01 2.687500000000000000e+00 -9.462500000000000000e+01 -2.881250000000000000e+01
4.960000038146972656e+00 -3.190000057220458984e+00 9.050000190734863281e+00 -3.600000000000000000e+01 2.625000000000000000e+01 -3.750000000000000000e+01 3.187500000000000000e+00 -8.725000000000000000e+01 -2.550000000000000000e+01
5.519999980926513672e+00 -3.059999942779541016e+00 9.199999809265136719e+00 -3.600000000000000000e+01 2.625000000000000000e+01 -3.750000000000000000e+01 5.062500000000000000e+00 -8.418750000000000000e+01 -2.181250000000000000e+01
6.429999828338623047e+00 -3.210000038146972656e+00 9.279999732971191406e+00 -3.600000000000000000e+01 2.625000000000000000e+01 -3.750000000000000000e+01 6.875000000000000000e+00 -8.112500000000000000e+01 -1.943750000000000000e+01
6.210000038146972656e+00 -3.339999914169311523e+00 9.159999847412109375e+00 -3.600000000000000000e+01 2.625000000000000000e+01 -3.750000000000000000e+01 8.625000000000000000e+00 -7.250000000000000000e+01 -1.750000000000000000e+01
5.900000095367431641e+00 -3.220000028610229492e+00 9.119999885559082031e+00 -3.600000000000000000e+01 2.625000000000000000e+01 -3.750000000000000000e+01 1.300000000000000000e+01 -6.212500000000000000e+01 -1.743750000000000000e+01
1.077000045776367188e+01 -3.680000066757202148e+00 1.190999984741210938e+01 -3.950000000000000000e+01 2.475000000000000000e+01 -3.468750000000000000e+01 2.262500000000000000e+01 -5.231250000000000000e+01 -1.743750000000000000e+01
1.118000030517578125e+01 -2.500000000000000000e+00 9.960000038146972656e+00 -3.950000000000000000e+01 2.475000000000000000e+01 -3.468750000000000000e+01 2.650000000000000000e+01 -3.331250000000000000e+01 -1.506250000000000000e+01
6.179999828338623047e+00 -2.640000104904174805e+00 8.800000190734863281e+00 -3.950000000000000000e+01 2.475000000000000000e+01 -3.468750000000000000e+01 1.587500000000000000e+01 -3.125000000000000000e-01 -9.375000000000000000e+00
3.400000095367431641e+00 -1.529999971389770508e+00 8.819999694824218750e+00 -3.950000000000000000e+01 2.475000000000000000e+01 -3.468750000000000000e+01 1.525000000000000000e+01 6.687500000000000000e+00 -4.062500000000000000e+00
3.589999914169311523e+00 -1.269999980926513672e+00 8.890000343322753906e+00 -3.950000000000000000e+01 2.475000000000000000e+01 -3.468750000000000000e+01 1.418750000000000000e+01 8.750000000000000000e-01 -2.250000000000000000e+00
3.559999942779541016e+00 -1.429999947547912598e+00 8.539999961853027344e+00 -4.137500000000000000e+01 2.256250000000000000e+01 -3.400000000000000000e+01 9.375000000000000000e+00 -1.250000000000000000e+00 -2.500000000000000000e+00
3.640000104904174805e+00 -1.909999966621398926e+00 8.470000267028808594e+00 -4.137500000000000000e+01 2.256250000000000000e+01 -3.400000000000000000e+01 4.812500000000000000e+00 -2.812500000000000000e+00 -2.500000000000000000e+00
4.380000114440917969e+00 -2.450000047683715820e+00 8.600000381469726562e+00 -4.137500000000000000e+01 2.256250000000000000e+01 -3.400000000000000000e+01 3.500000000000000000e+00 -4.375000000000000000e+00 -2.000000000000000000e+00
4.500000000000000000e+00 -2.450000047683715820e+00 8.539999961853027344e+00 -4.137500000000000000e+01 2.256250000000000000e+01 -3.400000000000000000e+01 3.812500000000000000e+00 -4.125000000000000000e+00 -1.625000000000000000e+00
4.449999809265136719e+00 -2.450000047683715820e+00 8.539999961853027344e+00 -4.137500000000000000e+01 2.256250000000000000e+01 -3.400000000000000000e+01 4.187500000000000000e+00 -2.937500000000000000e+00 -1.562500000000000000e+00
4.360000133514404297e+00 -2.349999904632568359e+00 8.539999961853027344e+00 -4.175000000000000000e+01 2.325000000000000000e+01 -3.356250000000000000e+01 4.250000000000000000e+00 -2.187500000000000000e+00 -1.687500000000000000e+00
4.260000228881835938e+00 -2.299999952316284180e+00 8.539999961853027344e+00 -4.175000000000000000e+01 2.325000000000000000e+01 -3.356250000000000000e+01 4.250000000000000000e+00 -1.312500000000000000e+00 -2.000000000000000000e+00
4.239999771118164062e+00 -2.259999990463256836e+00 8.520000457763671875e+00 -4.175000000000000000e+01 2.325000000000000000e+01 -3.356250000000000000e+01 3.937500000000000000e+00 -7.500000000000000000e-01 -2.125000000000000000e+00
