4.480000019073486328e+00 -2.150000095367431641e+00 8.470000267028808594e+00 -4.206250000000000000e+01 2.468750000000000000e+01 -3.350000000000000000e+01 6.250000000000000000e-02 -3.750000000000000000e+00 -1.187500000000000000e+00
4.360000133514404297e+00 -2.150000095367431641e+00 8.449999809265136719e+00 -4.206250000000000000e+01 2.468750000000000000e+01 -3.350000000000000000e+01 6.250000000000000000e-02 -3.750000000000000000e+00 -1.187500000000000000e+00
4.340000152587890625e+00 -2.230000019073486328e+00 8.449999809265136719e+00 -4.100000000000000000e+01 2.506250000000000000e+01 -3.268750000000000000e+01 0.000000000000000000e+00 -3.562500000000000000e+00 -1.062500000000000000e+00
4.380000114440917969e+00 -2.319999933242797852e+00 8.420000076293945312e+00 -4.100000000000000000e+01 2.506250000000000000e+01 -3.268750000000000000e+01 5.000000000000000000e-01 -3.937500000000000000e+00 -1.937500000000000000e+00
4.300000190734863281e+00 -2.359999895095825195e+00 8.460000038146972656e+00 -4.100000000000000000e+01 2.506250000000000000e+01 -3.268750000000000000e+01 1.187500000000000000e+00 -4.437500000000000000e+00 -2.625000000000000000e+00
4.340000152587890625e+00 -2.190000057220458984e+00 8.500000000000000000e+00 -4.100000000000000000e+01 2.506250000000000000e+01 -3.268750000000000000e+01 1.562500000000000000e+00 -5.312500000000000000e+00 -3.062500000000000000e+00
4.329999923706054688e+00 -2.109999895095825195e+00 8.550000190734863281e+00 -4.100000000000000000e+01 2.506250000000000000e+01 -3.268750000000000000e+01 1.562500000000000000e+00 -5.312500000000000000e+00 -3.062500000000000000e+00
4.329999923706054688e+00 -2.190000057220458984e+00 8.569999694824218750e+00 -4.250000000000000000e+01 2.468750000000000000e+01 -3.187500000000000000e+01 1.312500000000000000e+00 -6.000000000000000000e+00 -3.500000000000000000e+00
4.230000019073486328e+00 -2.309999942779541016e+00 8.539999961853027344e+00 -4.250000000000000000e+01 2.468750000000000000e+01 -3.187500000000000000e+01 1.062500000000000000e+00 -8.500000000000000000e+00 -4.312500000000000000e+00
4.150000095367431641e+00 -2.390000104904174805e+00 8.579999923706054688e+00 -4.250000000000000000e+01 2.468750000000000000e+01 -3.187500000000000000e+01 1.250000000000000000e+00 -9.375000000000000000e+00 -6.187500000000000000e+00
4.179999828338623047e+00 -2.579999923706054688e+00 8.689999580383300781e+00 -4.250000000000000000e+01 2.468750000000000000e+01 -3.187500000000000000e+01 -8.125000000000000000e-01 -9.875000000000000000e+00 -9.812500000000000000e+00
3.960000038146972656e+00 -2.029999971389770508e+00 8.899999618530273438e+00 -4.250000000000000000e+01 2.468750000000000000e+01 -3.187500000000000000e+01 -8.125000000000000000e-01 -9.875000000000000000e+00 -9.812500000000000000e+00
3.559999942779541016e+00 -2.170000076293945312e+00 9.189999580383300781e+00 -4.250000000000000000e+01 2.468750000000000000e+01 -3.268750000000000000e+01 -7.937500000000000000e+00 -8.812500000000000000e+00 -1.700000000000000000e+01
3.269999980926513672e+00 -2.539999961853027344e+00 9.130000114440917969e+00 -4.250000000000000000e+01 2.468750000000000000e+01 -3.268750000000000000e+01 -2.312500000000000000e+01 -6.500000000000000000e+00 -3.312500000000000000e+01
2.980000019073486328e+00 -2.640000104904174805e+00 9.250000000000000000e+00 -4.250000000000000000e+01 2.468750000000000000e+01 -3.268750000000000000e+01 -2.818750000000000000e+01 -5.250000000000000000e+00 -4.125000000000000000e+01
2.539999961853027344e+00 -3.109999895095825195e+00 9.270000457763671875e+00 -4.250000000000000000e+01 2.468750000000000000e+01 -3.268750000000000000e+01 -2.925000000000000000e+01 -4.125000000000000000e+00 -4.806250000000000000e+01
2.000000000000000000e+00 -2.529999971389770508e+00 9.970000267028808594e+00 -4.250000000000000000e+01 2.468750000000000000e+01 -3.268750000000000000e+01 -2.925000000000000000e+01 -4.125000000000000000e+00 -4.806250000000000000e+01
1.549999952316284180e+00 -2.470000028610229492e+00 9.699999809265136719e+00 -4.250000000000000000e+01 2.468750000000000000e+01 -3.187500000000000000e+01 -3.137500000000000000e+01 -1.750000000000000000e+00 -5.400000000000000000e+01
1.539999961853027344e+00 -2.079999923706054688e+00 1.010999965667724609e+01 -4.250000000000000000e+01 2.468750000000000000e+01 -3.187500000000000000e+01 -3.950000000000000000e+01 1.625000000000000000e+00 -5.943750000000000000e+01
6.999999880790710449e-01 -2.170000076293945312e+00 1.035000038146972656e+01 -4.250000000000000000e+01 2.468750000000000000e+01 -3.187500000000000000e+01 -4.381250000000000000e+01 5.000000000000000000e+00 -5.962500000000000000e+01
3.899999856948852539e-01 -2.009999990463256836e+00 1.059000015258789062e+01 -4.250000000000000000e+01 2.468750000000000000e+01 -3.187500000000000000e+01 -4.662500000000000000e+01 8.000000000000000000e+00 -5.968750000000000000e+01
5.299999713897705078e-01 -2.309999942779541016e+00 1.036999988555908203e+01 -4.250000000000000000e+01 2.468750000000000000e+01 -3.187500000000000000e+01 -4.662500000000000000e+01 8.000000000000000000e+00 -5.968750000000000000e+01
-1.400000005960464478e-01 -3.119999885559082031e+00 1.023999977111816406e+01 -4.437500000000000000e+01 2.387500000000000000e+01 -3.068750000000000000e+01 -4.637500000000000000e+01 1.256250000000000000e+01 -5.993750000000000000e+01
1.500000059604644775e-01 -3.529999971389770508e+00 1.010000038146972656e+01 -4.437500000000000000e+01 2.387500000000000000e+01 -3.068750000000000000e+01 -3.056250000000000000e+01 1.493750000000000000e+01 -6.000000000000000000e+01
1.199999973177909851e-01 -4.289999961853027344e+00 1.022000026702880859e+01 -4.437500000000000000e+01 2.387500000000000000e+01 -3.068750000000000000e+01 -1.500000000000000000e+01 1.100000000000000000e+01 -5.693750000000000000e+01
1.159999966621398926e+00 -3.650000095367431641e+00 1.057999992370605469e+01 -4.437500000000000000e+01 2.387500000000000000e+01 -3.068750000000000000e+01 -4.187500000000000000e+00 6.875000000000000000e+00 -4.737500000000000000e+01
9.399999976158142090e-01 -3.160000085830688477e+00 1.056999969482421875e+01 -4.437500000000000000e+01 2.387500000000000000e+01 -3.068750000000000000e+01 -4.187500000000000000e+00 6.875000000000000000e+00 -4.737500000000000000e+01
1.590000033378601074e+00 -3.589999914169311523e+00 1.050000000000000000e+01 -4.356250000000000000e+01 2.287500000000000000e+01 -3.106250000000000000e+01 1.250000000000000000e-01 -1.062500000000000000e+00 -3.362500000000000000e+01
7.599999904632568359e-01 -3.019999980926513672e+00 1.019999980926513672e+01 -4.356250000000000000e+01 2.287500000000000000e+01 -3.106250000000000000e+01 5.812500000000000000e+00 -1.406250000000000000e+01 -7.375000000000000000e+00
1.720000028610229492e+00 -3.059999942779541016e+00 1.017000007629394531e+01 -4.356250000000000000e+01 2.287500000000000000e+01 -3.106250000000000000e+01 5.937500000000000000e+00 -1.787500000000000000e+01 4.625000000000000000e+00
2.210000038146972656e+00 -3.240000009536743164e+00 9.399999618530273438e+00 -4.356250000000000000e+01 2.287500000000000000e+01 -3.106250000000000000e+01 1.043750000000000000e+01 -2.168750000000000000e+01 1.162500000000000000e+01
3.180000066757202148e+00 -2.690000057220458984e+00 9.670000076293945312e+00 -4.356250000000000000e+01 2.287500000000000000e+01 -3.106250000000000000e+01 1.043750000000000000e+01 -2.168750000000000000e+01 1.162500000000000000e+01
3.279999971389770508e+00 -2.859999895095825195e+00 9.220000267028808594e+00 -4.400000000000000000e+01 2.056250000000000000e+01 -3.068750000000000000e+01 1.193750000000000000e+01 -2.325000000000000000e+01 1.975000000000000000e+01
3.950000047683715820e+00 -2.480000019073486328e+00 8.779999732971191406e+00 -4.400000000000000000e+01 2.056250000000000000e+01 -3.068750000000000000e+01 1.350000000000000000e+01 -2.250000000000000000e+01 3.025000000000000000e+01
4.210000038146972656e+00 -2.269999980926513672e+00 8.600000381469726562e+00 -4.400000000000000000e+01 2.056250000000000000e+01 -3.068750000000000000e+01 1.275000000000000000e+01 -2.200000000000000000e+01 3.400000000000000000e+01
4.530000209808349609e+00 -2.210000038146972656e+00 8.199999809265136719e+00 -4.400000000000000000e+01 2.056250000000000000e+01 -3.068750000000000000e+01 1.212500000000000000e+01 -2.068750000000000000e+01 3.600000000000000000e+01
4.599999904632568359e+00 -2.220000028610229492e+00 7.960000038146972656e+00 -4.400000000000000000e+01 2.056250000000000000e+01 -3.068750000000000000e+01 1.212500000000000000e+01 -2.068750000000000000e+01 3.600000000000000000e+01
6.460000038146972656e+00 -2.390000104904174805e+00 7.539999961853027344e+00 -4.318750000000000000e+01 2.018750000000000000e+01 -2.987500000000000000e+01 1.206250000000000000e+01 -1.993750000000000000e+01 3.675000000000000000e+01
6.449999809265136719e+00 -2.660000085830688477e+00 7.130000114440917969e+00 -4.318750000000000000e+01 2.018750000000000000e+01 -2.987500000000000000e+01 1.881250000000000000e+01 -1.731250000000000000e+01 3.006250000000000000e+01
7.090000152587890625e+00 -2.539999961853027344e+00 7.039999961853027344e+00 -4.318750000000000000e+01 2.018750000000000000e+01 -2.987500000000000000e+01 2.518750000000000000e+01 -1.562500000000000000e+01 2.356250000000000000e+01
7.139999866485595703e+00 -2.400000095367431641e+00 6.889999866485595703e+00 -4.318750000000000000e+01 2.018750000000000000e+01 -2.987500000000000000e+01 2.712500000000000000e+01 -1.550000000000000000e+01 1.831250000000000000e+01
8.920000076293945312e+00 -1.559999942779541016e+00 6.570000171661376953e+00 -4.318750000000000000e+01 2.018750000000000000e+01 -2.987500000000000000e+01 2.712500000000000000e+01 -1.550000000000000000e+01 1.831250000000000000e+01
9.359999656677246094e+00 -1.000000000000000000e+00 6.610000133514404297e+00 -4.287500000000000000e+01 2.156250000000000000e+01 -2.818750000000000000e+01 2.231250000000000000e+01 -1.381250000000000000e+01 1.650000000000000000e+01
9.810000419616699219e+00 -9.300000071525573730e-01 6.280000209808349609e+00 -4.287500000000000000e+01 2.156250000000000000e+01 -2.818750000000000000e+01 4.875000000000000000e+00 -1.506250000000000000e+01 2.025000000000000000e+01
1.176000022888183594e+01 -6.100000143051147461e-01 5.989999771118164062e+00 -4.287500000000000000e+01 2.156250000000000000e+01 -2.818750000000000000e+01 -7.687500000000000000e+00 -1.300000000000000000e+01 2.431250000000000000e+01
1.352000045776367188e+01 -1.059999942779541016e+00 5.960000038146972656e+00 -4.287500000000000000e+01 2.156250000000000000e+01 -2.818750000000000000e+01 -1.581250000000000000e+01 -7.937500000000000000e+00 2.787500000000000000e+01
1.438000011444091797e+01 -1.659999966621398926e+00 5.750000000000000000e+00 -4.287500000000000000e+01 2.156250000000000000e+01 -2.818750000000000000e+01 -1.581250000000000000e+01 -7.937500000000000000e+00 2.787500000000000000e+01
1.444999980926513672e+01 -2.140000104904174805e+00 5.719999790191650391e+00 -4.206250000000000000e+01 2.125000000000000000e+01 -2.737500000000000000e+01 -1.637500000000000000e+01 3.687500000000000000e+00 2.931250000000000000e+01
1.331000041961669922e+01 -2.140000104904174805e+00 6.030000209808349609e+00 -4.206250000000000000e+01 2.125000000000000000e+01 -2.737500000000000000e+01 -3.812500000000000000e+00 4.250000000000000000e+01 2.906250000000000000e+01
1.290999984741210938e+01 -1.980000019073486328e+00 6.099999904632568359e+00 -4.206250000000000000e+01 2.125000000000000000e+01 -2.737500000000000000e+01 2.875000000000000000e+00 5.906250000000000000e+01 2.962500000000000000e+01
1.238000011444091797e+01 -1.710000038146972656e+00 6.210000038146972656e+00 -4.206250000000000000e+01 2.125000000000000000e+01 -2.737500000000000000e+01 6.562500000000000000e+00 7.262500000000000000e+01 3.087500000000000000e+01
1.146000003814697266e+01 -1.460000038146972656e+00 6.210000038146972656e+00 -4.206250000000000000e+01 2.125000000000000000e+01 -2.737500000000000000e+01 6.562500000000000000e+00 7.262500000000000000e+01 3.087500000000000000e+01
9.699999809265136719e+00 -1.350000023841857910e+00 6.190000057220458984e+00 -4.168750000000000000e+01 2.306250000000000000e+01 -2.775000000000000000e+01 6.437500000000000000e+00 8.100000000000000000e+01 3.262500000000000000e+01
8.869999885559082031e+00 -1.500000000000000000e+00 6.309999942779541016e+00 -4.168750000000000000e+01 2.306250000000000000e+01 -2.775000000000000000e+01 1.250000000000000000e+00 8.356250000000000000e+01 3.462500000000000000e+01
8.140000343322753906e+00 -1.740000009536743164e+00 6.340000152587890625e+00 -4.168750000000000000e+01 2.306250000000000000e+01 -2.775000000000000000e+01 6.250000000000000000e-02 7.918750000000000000e+01 3.362500000000000000e+01
7.309999942779541016e+00 -2.279999971389770508e+00 6.510000228881835938e+00 -4.168750000000000000e+01 2.306250000000000000e+01 -2.775000000000000000e+01 2.500000000000000000e-01 7.368750000000000000e+01 3.125000000000000000e+01
6.760000228881835938e+00 -2.349999904632568359e+00 6.559999942779541016e+00 -4.168750000000000000e+01 2.306250000000000000e+01 -2.775000000000000000e+01 2.500000000000000000e-01 7.368750000000000000e+01 3.125000000000000000e+01
6.050000190734863281e+00 -2.240000009536743164e+00 6.639999866485595703e+00 -3.837500000000000000e+01 2.418750000000000000e+01 -2.987500000000000000e+01 1.625000000000000000e+00 6.900000000000000000e+01 2.831250000000000000e+01
5.539999961853027344e+00 -2.099999904632568359e+00 6.739999771118164062e+00 -3.837500000000000000e+01 2.418750000000000000e+01 -2.987500000000000000e+01 3.062500000000000000e+00 5.681250000000000000e+01 2.331250000000000000e+01
5.119999885559082031e+00 -1.970000028610229492e+00 6.690000057220458984e+00 -3.837500000000000000e+01 2.418750000000000000e+01 -2.987500000000000000e+01 2.500000000000000000e+00 4.987500000000000000e+01 2.087500000000000000e+01
4.750000000000000000e+00 -2.049999952316284180e+00 6.570000171661376953e+00 -3.837500000000000000e+01 2.418750000000000000e+01 -2.987500000000000000e+01 2.812500000000000000e+00 4.312500000000000000e+01 1.768750000000000000e+01
4.400000095367431641e+00 -2.029999971389770508e+00 6.610000133514404297e+00 -3.837500000000000000e+01 2.418750000000000000e+01 -2.987500000000000000e+01 2.812500000000000000e+00 4.312500000000000000e+01 1.768750000000000000e+01
4.690000057220458984e+00 -1.970000028610229492e+00 6.780000209808349609e+00 -3.618750000000000000e+01 2.506250000000000000e+01 -3.187500000000000000e+01 4.062500000000000000e+00 3.525000000000000000e+01 1.443750000000000000e+01
4.829999923706054688e+00 -2.019999980926513672e+00 6.710000038146972656e+00 -3.618750000000000000e+01 2.506250000000000000e+01 -3.187500000000000000e+01 7.750000000000000000e+00 2.181250000000000000e+01 6.750000000000000000e+00
4.809999942779541016e+00 -1.980000019073486328e+00 6.619999885559082031e+00 -3.618750000000000000e+01 2.506250000000000000e+01 -3.187500000000000000e+01 1.006250000000000000e+01 1.831250000000000000e+01 3.687500000000000000e+00
4.690000057220458984e+00 -1.940000057220458984e+00 6.710000038146972656e+00 -3.618750000000000000e+01 2.506250000000000000e+01 -3.187500000000000000e+01 1.175000000000000000e+01 1.537500000000000000e+01 1.125000000000000000e+00
4.369999885559082031e+00 -1.759999990463256836e+00 6.880000114440917969e+00 -3.618750000000000000e+01 2.506250000000000000e+01 -3.187500000000000000e+01 1.175000000000000000e+01 1.537500000000000000e+01 1.125000000000000000e+00
4.289999961853027344e+00 -1.570000052452087402e+00 6.920000076293945312e+00 -3.506250000000000000e+01 2.506250000000000000e+01 -3.275000000000000000e+01 1.237500000000000000e+01 1.150000000000000000e+01 -1.312500000000000000e+00
4.360000133514404297e+00 -1.399999976158142090e+00 6.949999809265136719e+00 -3.506250000000000000e+01 2.506250000000000000e+01 -3.275000000000000000e+01 9.125000000000000000e+00 1.812500000000000000e+00 -3.375000000000000000e+00
4.480000019073486328e+00 -1.340000033378601074e+00 6.949999809265136719e+00 -3.506250000000000000e+01 2.506250000000000000e+01 -3.275000000000000000e+01 5.312500000000000000e+00 -2.562500000000000000e+00 -4.000000000000000000e+00
4.489999771118164062e+00 -1.490000009536743164e+00 6.940000057220458984e+00 -3.506250000000000000e+01 2.506250000000000000e+01 -3.275000000000000000e+01 1.687500000000000000e+00 -6.312500000000000000e+00 -4.687500000000000000e+00
4.599999904632568359e+00 -1.470000028610229492e+00 6.989999771118164062e+00 -3.506250000000000000e+01 2.506250000000000000e+01 -3.275000000000000000e+01 1.687500000000000000e+00 -6.312500000000000000e+00 -4.687500000000000000e+00
4.559999942779541016e+00 -1.460000038146972656e+00 7.019999980926513672e+00 -3.468750000000000000e+01 2.537500000000000000e+01 -3.400000000000000000e+01 -1.437500000000000000e+00 -9.375000000000000000e+00 -5.437500000000000000e+00
4.340000152587890625e+00 -1.519999980926513672e+00 7.059999942779541016e+00 -3.468750000000000000e+01 2.537500000000000000e+01 -3.400000000000000000e+01 -6.812500000000000000e+00 -1.637500000000000000e+01 -6.812500000000000000e+00
3.930000066757202148e+00 -1.750000000000000000e+00 7.139999866485595703e+00 -3.468750000000000000e+01 2.537500000000000000e+01 -3.400000000000000000e+01 -7.562500000000000000e+00 -2.131250000000000000e+01 -8.312500000000000000e+00
3.880000114440917969e+00 -1.809999942779541016e+00 7.179999828338623047e+00 -3.468750000000000000e+01 2.537500000000000000e+01 -3.400000000000000000e+01 -6.750000000000000000e+00 -2.662500000000000000e+01 -1.006250000000000000e+01
3.880000114440917969e+00 -1.700000047683715820e+00 7.199999809265136719e+00 -3.468750000000000000e+01 2.537500000000000000e+01 -3.400000000000000000e+01 -6.750000000000000000e+00 -2.662500000000000000e+01 -1.006250000000000000e+01
3.900000095367431641e+00 -1.750000000000000000e+00 7.429999828338623047e+00 -3.537500000000000000e+01 2.506250000000000000e+01 -3.368750000000000000e+01 -5.937500000000000000e+00 -3.218750000000000000e+01 -1.168750000000000000e+01
3.920000076293945312e+00 -1.840000033378601074e+00 7.510000228881835938e+00 -3.537500000000000000e+01 2.506250000000000000e+01 -3.368750000000000000e+01 -2.500000000000000000e+00 -4.150000000000000000e+01 -1.481250000000000000e+01
3.829999923706054688e+00 -1.990000009536743164e+00 7.579999923706054688e+00 -3.537500000000000000e+01 2.506250000000000000e+01 -3.368750000000000000e+01 1.000000000000000000e+00 -4.443750000000000000e+01 -1.668750000000000000e+01
3.599999904632568359e+00 -2.089999914169311523e+00 7.739999771118164062e+00 -3.537500000000000000e+01 2.506250000000000000e+01 -3.368750000000000000e+01 4.687500000000000000e+00 -4.743750000000000000e+01 -1.906250000000000000e+01
3.619999885559082031e+00 -2.150000095367431641e+00 8.029999732971191406e+00 -3.537500000000000000e+01 2.506250000000000000e+01 -3.368750000000000000e+01 4.687500000000000000e+00 -4.743750000000000000e+01 -1.906250000000000000e+01
3.559999942779541016e+00 -2.210000038146972656e+00 8.140000343322753906e+00 -3.725000000000000000e+01 2.468750000000000000e+01 -3.450000000000000000e+01 8.937500000000000000e+00 -5.006250000000000000e+01 -2.087500000000000000e+01
3.269999980926513672e+00 -2.150000095367431641e+00 8.369999885559082031e+00 -3.725000000000000000e+01 2.468750000000000000e+01 -3.450000000000000000e+01 1.450000000000000000e+01 -5.168750000000000000e+01 -2.368750000000000000e+01
3.150000095367431641e+00 -1.830000042915344238e+00 8.630000114440917969e+00 -3.725000000000000000e+01 2.468750000000000000e+01 -3.450000000000000000e+01 1.281250000000000000e+01 -5.181250000000000000e+01 -2.287500000000000000e+01
3.250000000000000000e+00 -1.370000004768371582e+00 8.920000076293945312e+00 -3.725000000000000000e+01 2.468750000000000000e+01 -3.450000000000000000e+01 7.000000000000000000e+00 -5.068750000000000000e+01 -2.050000000000000000e+01
3.039999961853027344e+00 -1.490000009536743164e+00 9.029999732971191406e+00 -3.725000000000000000e+01 2.468750000000000000e+01 -3.450000000000000000e+01 7.000000000000000000e+00 -5.068750000000000000e+01 -2.050000000000000000e+01
3.259999990463256836e+00 -1.399999976158142090e+00 9.159999847412109375e+00 -3.918750000000000000e+01 2.425000000000000000e+01 -3.200000000000000000e+01 -4.375000000000000000e-01 -4.718750000000000000e+01 -1.837500000000000000e+01
2.460000038146972656e+00 -2.130000114440917969e+00 9.279999732971191406e+00 -3.918750000000000000e+01 2.425000000000000000e+01 -3.200000000000000000e+01 -9.937500000000000000e+00 -3.937500000000000000e+01 -1.543750000000000000e+01
2.140000104904174805e+00 -2.450000047683715820e+00 9.369999885559082031e+00 -3.918750000000000000e+01 2.425000000000000000e+01 -3.200000000000000000e+01 -9.125000000000000000e+00 -3.650000000000000000e+01 -1.731250000000000000e+01
1.659999966621398926e+00 -2.660000085830688477e+00 9.460000038146972656e+00 -3.918750000000000000e+01 2.425000000000000000e+01 -3.200000000000000000e+01 -6.000000000000000000e+00 -3.650000000000000000e+01 -1.937500000000000000e+01
1.590000033378601074e+00 -2.670000076293945312e+00 9.430000305175781250e+00 -3.918750000000000000e+01 2.425000000000000000e+01 -3.200000000000000000e+01 -6.000000000000000000e+00 -3.650000000000000000e+01 -1.937500000000000000e+01
1.490000009536743164e+00 -2.250000000000000000e+00 9.630000114440917969e+00 -4.137500000000000000e+01 2.425000000000000000e+01 -3.200000000000000000e+01 -3.875000000000000000e+00 -3.443750000000000000e+01 -2.168750000000000000e+01
1.460000038146972656e+00 -2.130000114440917969e+00 9.729999542236328125e+00 -4.137500000000000000e+01 2.425000000000000000e+01 -3.200000000000000000e+01 -8.500000000000000000e+00 -2.950000000000000000e+01 -1.800000000000000000e+01
1.330000042915344238e+00 -2.269999980926513672e+00 9.779999732971191406e+00 -4.137500000000000000e+01 2.425000000000000000e+01 -3.200000000000000000e+01 -1.168750000000000000e+01 -2.631250000000000000e+01 -1.487500000000000000e+01
1.279999971389770508e+00 -2.849999904632568359e+00 9.899999618530273438e+00 -4.137500000000000000e+01 2.425000000000000000e+01 -3.200000000000000000e+01 -1.293750000000000000e+01 -2.325000000000000000e+01 -1.268750000000000000e+01
1.320000052452087402e+00 -3.089999914169311523e+00 9.989999771118164062e+00 -4.137500000000000000e+01 2.425000000000000000e+01 -3.200000000000000000e+01 -1.293750000000000000e+01 -2.325000000000000000e+01 -1.268750000000000000e+01
1.500000000000000000e+00 -3.130000114440917969e+00 1.031999969482421875e+01 -4.468750000000000000e+01 2.425000000000000000e+01 -2.906250000000000000e+01 -1.275000000000000000e+01 -1.956250000000000000e+01 -1.018750000000000000e+01
3.000000000000000000e+00 -4.159999847412109375e+00 1.293999958038330078e+01 -4.468750000000000000e+01 2.425000000000000000e+01 -2.906250000000000000e+01 -2.143750000000000000e+01 1.837500000000000000e+01 1.725000000000000000e+01
9.149999618530273438e+00 -8.310000419616699219e+00 1.582999992370605469e+01 -4.468750000000000000e+01 2.425000000000000000e+01 -2.906250000000000000e+01 -2.387500000000000000e+01 8.493750000000000000e+01 4.593750000000000000e+01
