4.440000057220458984e+00 -3.849999904632568359e+00 7.849999904632568359e+00 -4.550000000000000000e+01 2.200000000000000000e+01 -3.075000000000000000e+01 6.250000000000000000e-02 3.750000000000000000e-01 -2.500000000000000000e-01
4.400000095367431641e+00 -3.980000019073486328e+00 7.769999980926513672e+00 -4.550000000000000000e+01 2.200000000000000000e+01 -3.075000000000000000e+01 1.250000000000000000e-01 1.000000000000000000e+00 -2.500000000000000000e-01
4.530000209808349609e+00 -3.839999914169311523e+00 7.860000133514404297e+00 -4.550000000000000000e+01 2.200000000000000000e+01 -3.075000000000000000e+01 4.375000000000000000e-01 1.187500000000000000e+00 -6.250000000000000000e-01
4.360000133514404297e+00 -3.869999885559082031e+00 7.900000095367431641e+00 -4.550000000000000000e+01 2.200000000000000000e+01 -3.075000000000000000e+01 6.875000000000000000e-01 1.437500000000000000e+00 -5.000000000000000000e-01
4.489999771118164062e+00 -3.950000047683715820e+00 7.710000038146972656e+00 -4.550000000000000000e+01 2.200000000000000000e+01 -3.075000000000000000e+01 8.125000000000000000e-01 2.000000000000000000e+00 -5.000000000000000000e-01
4.280000209808349609e+00 -3.400000095367431641e+00 8.199999809265136719e+00 -4.468750000000000000e+01 2.125000000000000000e+01 -3.118750000000000000e+01 -9.375000000000000000e-01 1.250000000000000000e+00 7.500000000000000000e-01
4.320000171661376953e+00 -3.539999961853027344e+00 7.929999828338623047e+00 -4.468750000000000000e+01 2.125000000000000000e+01 -3.118750000000000000e+01 -3.187500000000000000e+00 6.250000000000000000e-01 1.500000000000000000e+00
4.500000000000000000e+00 -4.090000152587890625e+00 8.050000190734863281e+00 -4.468750000000000000e+01 2.125000000000000000e+01 -3.118750000000000000e+01 -3.375000000000000000e+00 -3.750000000000000000e-01 2.500000000000000000e+00
4.840000152587890625e+00 -4.079999923706054688e+00 8.210000038146972656e+00 -4.468750000000000000e+01 2.125000000000000000e+01 -3.118750000000000000e+01 -5.875000000000000000e+00 1.250000000000000000e-01 5.187500000000000000e+00
4.920000076293945312e+00 -4.639999866485595703e+00 7.610000133514404297e+00 -4.506250000000000000e+01 2.087500000000000000e+01 -3.156250000000000000e+01 -4.187500000000000000e+00 3.187500000000000000e+00 6.062500000000000000e+00
5.139999866485595703e+00 -5.300000190734863281e+00 7.219999790191650391e+00 -4.506250000000000000e+01 2.087500000000000000e+01 -3.156250000000000000e+01 -4.375000000000000000e-01 4.625000000000000000e+00 8.625000000000000000e+00
4.829999923706054688e+00 -5.940000057220458984e+00 6.760000228881835938e+00 -4.506250000000000000e+01 2.087500000000000000e+01 -3.156250000000000000e+01 7.562500000000000000e+00 -3.187500000000000000e+00 1.281250000000000000e+01
5.050000190734863281e+00 -6.789999961853027344e+00 5.409999847412109375e+00 -4.506250000000000000e+01 2.087500000000000000e+01 -3.156250000000000000e+01 1.618750000000000000e+01 -1.437500000000000000e+01 1.962500000000000000e+01
5.590000152587890625e+00 -7.360000133514404297e+00 4.840000152587890625e+00 -4.506250000000000000e+01 2.087500000000000000e+01 -3.156250000000000000e+01 1.962500000000000000e+01 -2.268750000000000000e+01 2.631250000000000000e+01
5.949999809265136719e+00 -8.250000000000000000e+00 4.510000228881835938e+00 -4.506250000000000000e+01 2.087500000000000000e+01 -3.156250000000000000e+01 3.012500000000000000e+01 -3.106250000000000000e+01 3.825000000000000000e+01
6.019999980926513672e+00 -9.329999923706054688e+00 4.130000114440917969e+00 -4.368750000000000000e+01 2.125000000000000000e+01 -3.118750000000000000e+01 4.537500000000000000e+01 -3.256250000000000000e+01 5.237500000000000000e+01
7.510000228881835938e+00 -1.043999958038330078e+01 2.759999990463256836e+00 -4.368750000000000000e+01 2.125000000000000000e+01 -3.118750000000000000e+01 5.131250000000000000e+01 -4.725000000000000000e+01 7.706250000000000000e+01
7.949999809265136719e+00 -1.146000003814697266e+01 2.910000085830688477e+00 -4.368750000000000000e+01 2.125000000000000000e+01 -3.118750000000000000e+01 8.662500000000000000e+01 -5.325000000000000000e+01 1.026875000000000000e+02
8.619999885559082031e+00 -1.160999965667724609e+01 4.400000095367431641e+00 -4.368750000000000000e+01 2.125000000000000000e+01 -3.118750000000000000e+01 8.937500000000000000e+01 -4.800000000000000000e+01 1.348125000000000000e+02
8.729999542236328125e+00 -1.096000003814697266e+01 4.499999880790710449e-01 -4.437500000000000000e+01 2.050000000000000000e+01 -3.037500000000000000e+01 8.875000000000000000e+01 -8.493750000000000000e+01 1.858125000000000000e+02
8.329999923706054688e+00 -1.114000034332275391e+01 3.000000000000000000e+00 -4.437500000000000000e+01 2.050000000000000000e+01 -3.037500000000000000e+01 1.393750000000000000e+02 -1.113750000000000000e+02 2.312500000000000000e+02
9.130000114440917969e+00 -8.750000000000000000e+00 3.500000000000000000e+00 -4.437500000000000000e+01 2.050000000000000000e+01 -3.037500000000000000e+01 1.586875000000000000e+02 -1.139375000000000000e+02 2.731250000000000000e+02
7.090000152587890625e+00 -4.369999885559082031e+00 2.759999990463256836e+00 -4.437500000000000000e+01 2.050000000000000000e+01 -3.037500000000000000e+01 1.705000000000000000e+02 -1.120000000000000000e+02 3.043750000000000000e+02
6.849999904632568359e+00 -1.779999971389770508e+00 5.829999923706054688e+00 -4.437500000000000000e+01 2.050000000000000000e+01 -3.037500000000000000e+01 1.605000000000000000e+02 -1.166250000000000000e+02 3.247500000000000000e+02
7.010000228881835938e+00 -9.399999976158142090e-01 9.340000152587890625e+00 -4.437500000000000000e+01 2.050000000000000000e+01 -3.037500000000000000e+01 1.588125000000000000e+02 -1.110000000000000000e+02 3.383125000000000000e+02
5.769999980926513672e+00 1.500000000000000000e+00 8.819999694824218750e+00 -4.325000000000000000e+01 2.606250000000000000e+01 -2.875000000000000000e+01 1.246875000000000000e+02 -1.103750000000000000e+02 3.516250000000000000e+02
5.340000152587890625e+00 2.170000076293945312e+00 1.067000007629394531e+01 -4.325000000000000000e+01 2.606250000000000000e+01 -2.875000000000000000e+01 1.132500000000000000e+02 -1.177500000000000000e+02 3.565625000000000000e+02
3.910000085830688477e+00 8.439999580383300781e+00 1.205000019073486328e+01 -4.325000000000000000e+01 2.606250000000000000e+01 -2.875000000000000000e+01 1.155625000000000000e+02 -9.893750000000000000e+01 3.058750000000000000e+02
8.409999847412109375e+00 4.010000228881835938e+00 9.199999809265136719e+00 -4.325000000000000000e+01 2.606250000000000000e+01 -2.875000000000000000e+01 9.506250000000000000e+01 -6.937500000000000000e+01 2.341250000000000000e+02
7.050000190734863281e+00 7.139999866485595703e+00 1.305000019073486328e+01 -3.768750000000000000e+01 3.606250000000000000e+01 -2.906250000000000000e+01 6.275000000000000000e+01 -3.275000000000000000e+01 1.438125000000000000e+02
2.730000019073486328e+00 2.380999946594238281e+01 2.650000000000000000e+01 -3.768750000000000000e+01 3.606250000000000000e+01 -2.906250000000000000e+01 8.018750000000000000e+01 9.431250000000000000e+01 -7.675000000000000000e+01
4.590000152587890625e+00 1.730000019073486328e+00 3.309999942779541016e+00 -3.768750000000000000e+01 3.606250000000000000e+01 -2.906250000000000000e+01 -2.175000000000000000e+01 4.950000000000000000e+01 -8.225000000000000000e+01
6.499999761581420898e-01 -6.260000228881835938e+00 -7.710000038146972656e+00 -3.768750000000000000e+01 3.606250000000000000e+01 -2.906250000000000000e+01 -1.264375000000000000e+02 7.750000000000000000e+01 -5.893750000000000000e+01
3.990000009536743164e+00 -6.389999866485595703e+00 2.890000104904174805e+00 -3.768750000000000000e+01 3.606250000000000000e+01 -2.906250000000000000e+01 -1.526250000000000000e+02 2.031250000000000000e+01 -5.212500000000000000e+01
-9.499999880790710449e-01 -9.289999961853027344e+00 7.360000133514404297e+00 -3.768750000000000000e+01 3.606250000000000000e+01 -2.906250000000000000e+01 -5.462500000000000000e+01 -8.725000000000000000e+01 -6.631250000000000000e+01
9.200000166893005371e-01 -8.319999694824218750e+00 8.260000228881835938e+00 -3.487500000000000000e+01 3.856250000000000000e+01 -3.025000000000000000e+01 9.875000000000000000e+00 -1.158125000000000000e+02 -5.950000000000000000e+01
1.077000045776367188e+01 -7.480000019073486328e+00 1.629999923706054688e+01 -3.487500000000000000e+01 3.856250000000000000e+01 -3.025000000000000000e+01 5.062500000000000000e+00 -1.387500000000000000e+01 1.437500000000000000e+00
9.119999885559082031e+00 -2.450000047683715820e+00 4.639999866485595703e+00 -3.487500000000000000e+01 3.856250000000000000e+01 -3.025000000000000000e+01 -3.375000000000000000e+01 1.650000000000000000e+01 2.037500000000000000e+01
5.829999923706054688e+00 -4.809999942779541016e+00 1.239000034332275391e+01 -3.487500000000000000e+01 3.856250000000000000e+01 -3.025000000000000000e+01 -6.062500000000000000e+01 2.400000000000000000e+01 1.600000000000000000e+01
5.860000133514404297e+00 -4.690000057220458984e+00 1.207999992370605469e+01 -3.487500000000000000e+01 3.856250000000000000e+01 -3.025000000000000000e+01 -4.925000000000000000e+01 2.275000000000000000e+01 4.937500000000000000e+00
6.300000190734863281e+00 -3.730000019073486328e+00 1.077999973297119141e+01 -3.768750000000000000e+01 3.825000000000000000e+01 -2.775000000000000000e+01 -3.193750000000000000e+01 4.450000000000000000e+01 1.493750000000000000e+01
6.000000000000000000e+00 -3.829999923706054688e+00 1.072000026702880859e+01 -3.768750000000000000e+01 3.825000000000000000e+01 -2.775000000000000000e+01 -9.625000000000000000e+00 6.900000000000000000e+01 1.287500000000000000e+01
4.699999809265136719e+00 -2.700000047683715820e+00 9.359999656677246094e+00 -3.768750000000000000e+01 3.825000000000000000e+01 -2.775000000000000000e+01 4.187500000000000000e+00 8.768750000000000000e+01 4.812500000000000000e+00
3.869999885559082031e+00 -2.140000104904174805e+00 8.689999580383300781e+00 -3.768750000000000000e+01 3.825000000000000000e+01 -2.775000000000000000e+01 1.375000000000000000e+00 9.575000000000000000e+01 -5.875000000000000000e+00
3.130000114440917969e+00 -1.710000038146972656e+00 8.300000190734863281e+00 -3.768750000000000000e+01 3.825000000000000000e+01 -2.775000000000000000e+01 -1.018750000000000000e+01 9.512500000000000000e+01 -1.437500000000000000e+01
2.180000066757202148e+00 -1.879999995231628418e+00 8.130000114440917969e+00 -3.650000000000000000e+01 3.925000000000000000e+01 -2.700000000000000000e+01 -2.043750000000000000e+01 8.881250000000000000e+01 -1.687500000000000000e+01
2.079999923706054688e+00 -2.059999942779541016e+00 8.170000076293945312e+00 -3.650000000000000000e+01 3.925000000000000000e+01 -2.700000000000000000e+01 -2.225000000000000000e+01 8.225000000000000000e+01 -2.025000000000000000e+01
2.069999933242797852e+00 -2.069999933242797852e+00 7.820000171661376953e+00 -3.650000000000000000e+01 3.925000000000000000e+01 -2.700000000000000000e+01 -2.150000000000000000e+01 8.025000000000000000e+01 -2.750000000000000000e+01
2.190000057220458984e+00 -2.170000076293945312e+00 7.630000114440917969e+00 -3.650000000000000000e+01 3.925000000000000000e+01 -2.700000000000000000e+01 -2.118750000000000000e+01 8.087500000000000000e+01 -3.893750000000000000e+01
1.860000014305114746e+00 -2.420000076293945312e+00 7.329999923706054688e+00 -3.650000000000000000e+01 3.925000000000000000e+01 -2.700000000000000000e+01 -2.050000000000000000e+01 8.000000000000000000e+01 -5.150000000000000000e+01
2.049999952316284180e+00 -2.619999885559082031e+00 7.360000133514404297e+00 -3.356250000000000000e+01 3.925000000000000000e+01 -2.868750000000000000e+01 -2.231250000000000000e+01 7.850000000000000000e+01 -6.050000000000000000e+01
2.150000095367431641e+00 -3.089999914169311523e+00 7.489999771118164062e+00 -3.356250000000000000e+01 3.925000000000000000e+01 -2.868750000000000000e+01 -2.687500000000000000e+01 7.375000000000000000e+01 -6.537500000000000000e+01
2.359999895095825195e+00 -3.490000009536743164e+00 7.719999790191650391e+00 -3.356250000000000000e+01 3.925000000000000000e+01 -2.868750000000000000e+01 -3.268750000000000000e+01 6.656250000000000000e+01 -6.618750000000000000e+01
2.789999961853027344e+00 -4.389999866485595703e+00 7.940000057220458984e+00 -3.356250000000000000e+01 3.925000000000000000e+01 -2.868750000000000000e+01 -3.887500000000000000e+01 5.981250000000000000e+01 -6.418750000000000000e+01
3.109999895095825195e+00 -4.820000171661376953e+00 7.849999904632568359e+00 -3.356250000000000000e+01 3.925000000000000000e+01 -2.868750000000000000e+01 -4.081250000000000000e+01 5.612500000000000000e+01 -6.175000000000000000e+01
3.359999895095825195e+00 -5.159999847412109375e+00 7.840000152587890625e+00 -3.256250000000000000e+01 3.850000000000000000e+01 -3.068750000000000000e+01 -3.793750000000000000e+01 5.531250000000000000e+01 -6.006250000000000000e+01
3.630000114440917969e+00 -5.360000133514404297e+00 7.809999942779541016e+00 -3.256250000000000000e+01 3.850000000000000000e+01 -3.068750000000000000e+01 -3.500000000000000000e+01 5.737500000000000000e+01 -5.893750000000000000e+01
3.490000009536743164e+00 -5.369999885559082031e+00 7.719999790191650391e+00 -3.256250000000000000e+01 3.850000000000000000e+01 -3.068750000000000000e+01 -3.362500000000000000e+01 5.856250000000000000e+01 -5.643750000000000000e+01
3.329999923706054688e+00 -5.389999866485595703e+00 7.670000076293945312e+00 -3.256250000000000000e+01 3.850000000000000000e+01 -3.068750000000000000e+01 -3.212500000000000000e+01 5.656250000000000000e+01 -5.293750000000000000e+01
2.809999942779541016e+00 -5.230000019073486328e+00 7.530000209808349609e+00 -3.256250000000000000e+01 3.850000000000000000e+01 -3.068750000000000000e+01 -3.006250000000000000e+01 5.237500000000000000e+01 -4.981250000000000000e+01
2.549999952316284180e+00 -4.679999828338623047e+00 7.139999866485595703e+00 -3.325000000000000000e+01 3.818750000000000000e+01 -3.225000000000000000e+01 -2.925000000000000000e+01 4.737500000000000000e+01 -4.906250000000000000e+01
2.390000104904174805e+00 -4.769999980926513672e+00 7.260000228881835938e+00 -3.325000000000000000e+01 3.818750000000000000e+01 -3.225000000000000000e+01 -2.881250000000000000e+01 4.343750000000000000e+01 -4.931250000000000000e+01
2.319999933242797852e+00 -4.800000190734863281e+00 7.380000114440917969e+00 -3.325000000000000000e+01 3.818750000000000000e+01 -3.225000000000000000e+01 -2.693750000000000000e+01 4.025000000000000000e+01 -4.956250000000000000e+01
2.079999923706054688e+00 -4.469999790191650391e+00 7.199999809265136719e+00 -3.325000000000000000e+01 3.818750000000000000e+01 -3.225000000000000000e+01 -2.500000000000000000e+01 3.718750000000000000e+01 -5.075000000000000000e+01
1.879999995231628418e+00 -4.400000095367431641e+00 7.059999942779541016e+00 -3.325000000000000000e+01 3.818750000000000000e+01 -3.225000000000000000e+01 -2.418750000000000000e+01 3.337500000000000000e+01 -5.281250000000000000e+01
1.830000042915344238e+00 -4.360000133514404297e+00 6.960000038146972656e+00 -3.356250000000000000e+01 3.625000000000000000e+01 -3.225000000000000000e+01 -2.406250000000000000e+01 2.837500000000000000e+01 -5.468750000000000000e+01
1.730000019073486328e+00 -4.309999942779541016e+00 6.849999904632568359e+00 -3.356250000000000000e+01 3.625000000000000000e+01 -3.225000000000000000e+01 -2.443750000000000000e+01 2.281250000000000000e+01 -5.637500000000000000e+01
1.679999947547912598e+00 -4.659999847412109375e+00 6.780000209808349609e+00 -3.356250000000000000e+01 3.625000000000000000e+01 -3.225000000000000000e+01 -2.468750000000000000e+01 1.643750000000000000e+01 -5.756250000000000000e+01
1.850000023841857910e+00 -4.820000171661376953e+00 6.940000057220458984e+00 -3.356250000000000000e+01 3.625000000000000000e+01 -3.225000000000000000e+01 -2.350000000000000000e+01 1.118750000000000000e+01 -5.831250000000000000e+01
2.150000095367431641e+00 -4.920000076293945312e+00 6.849999904632568359e+00 -3.356250000000000000e+01 3.625000000000000000e+01 -3.225000000000000000e+01 -2.350000000000000000e+01 1.118750000000000000e+01 -5.831250000000000000e+01
2.329999923706054688e+00 -5.119999885559082031e+00 7.050000190734863281e+00 -3.356250000000000000e+01 3.475000000000000000e+01 -3.187500000000000000e+01 -1.931250000000000000e+01 3.937500000000000000e+00 -5.975000000000000000e+01
2.730000019073486328e+00 -5.360000133514404297e+00 7.130000114440917969e+00 -3.356250000000000000e+01 3.475000000000000000e+01 -3.187500000000000000e+01 -1.543750000000000000e+01 1.437500000000000000e+00 -5.862500000000000000e+01
2.750000000000000000e+00 -5.340000152587890625e+00 7.070000171661376953e+00 -3.356250000000000000e+01 3.475000000000000000e+01 -3.187500000000000000e+01 -9.750000000000000000e+00 -6.250000000000000000e-02 -5.825000000000000000e+01
2.829999923706054688e+00 -5.170000076293945312e+00 7.139999866485595703e+00 -3.356250000000000000e+01 3.475000000000000000e+01 -3.187500000000000000e+01 -5.437500000000000000e+00 -1.187500000000000000e+00 -5.906250000000000000e+01
3.019999980926513672e+00 -5.030000209808349609e+00 7.309999942779541016e+00 -3.356250000000000000e+01 3.475000000000000000e+01 -3.187500000000000000e+01 -7.187500000000000000e+00 -3.687500000000000000e+00 -5.981250000000000000e+01
3.470000028610229492e+00 -5.369999885559082031e+00 8.239999771118164062e+00 -3.550000000000000000e+01 3.368750000000000000e+01 -3.106250000000000000e+01 -1.143750000000000000e+01 -6.500000000000000000e+00 -5.631250000000000000e+01
3.789999961853027344e+00 -5.469999790191650391e+00 8.109999656677246094e+00 -3.550000000000000000e+01 3.368750000000000000e+01 -3.106250000000000000e+01 -1.350000000000000000e+01 -8.250000000000000000e+00 -5.093750000000000000e+01
3.809999942779541016e+00 -5.469999790191650391e+00 8.029999732971191406e+00 -3.550000000000000000e+01 3.368750000000000000e+01 -3.106250000000000000e+01 -1.250000000000000000e+01 -8.000000000000000000e+00 -4.568750000000000000e+01
3.589999914169311523e+00 -5.090000152587890625e+00 8.020000457763671875e+00 -3.550000000000000000e+01 3.368750000000000000e+01 -3.106250000000000000e+01 -9.750000000000000000e+00 -6.750000000000000000e+00 -4.268750000000000000e+01
3.549999952316284180e+00 -4.750000000000000000e+00 7.980000019073486328e+00 -3.550000000000000000e+01 3.368750000000000000e+01 -3.106250000000000000e+01 -7.187500000000000000e+00 -4.062500000000000000e+00 -4.300000000000000000e+01
3.509999990463256836e+00 -4.570000171661376953e+00 8.180000305175781250e+00 -3.656250000000000000e+01 3.256250000000000000e+01 -3.318750000000000000e+01 -6.000000000000000000e+00 -6.875000000000000000e-01 -4.493750000000000000e+01
3.509999990463256836e+00 -4.369999885559082031e+00 8.260000228881835938e+00 -3.656250000000000000e+01 3.256250000000000000e+01 -3.318750000000000000e+01 -3.937500000000000000e+00 4.062500000000000000e+00 -4.737500000000000000e+01
2.839999914169311523e+00 -3.549999952316284180e+00 7.909999847412109375e+00 -3.656250000000000000e+01 3.256250000000000000e+01 -3.318750000000000000e+01 -1.375000000000000000e+00 1.025000000000000000e+01 -5.250000000000000000e+01
2.460000038146972656e+00 -3.309999942779541016e+00 7.500000000000000000e+00 -3.656250000000000000e+01 3.256250000000000000e+01 -3.318750000000000000e+01 2.312500000000000000e+00 1.356250000000000000e+01 -5.987500000000000000e+01
1.879999995231628418e+00 -2.910000085830688477e+00 7.340000152587890625e+00 -3.656250000000000000e+01 3.256250000000000000e+01 -3.318750000000000000e+01 8.500000000000000000e+00 1.181250000000000000e+01 -6.800000000000000000e+01
1.919999957084655762e+00 -2.579999923706054688e+00 7.250000000000000000e+00 -3.806250000000000000e+01 3.068750000000000000e+01 -3.025000000000000000e+01 1.418750000000000000e+01 8.937500000000000000e+00 -7.675000000000000000e+01
1.850000023841857910e+00 -2.559999942779541016e+00 7.219999790191650391e+00 -3.806250000000000000e+01 3.068750000000000000e+01 -3.025000000000000000e+01 1.756250000000000000e+01 7.375000000000000000e+00 -8.918750000000000000e+01
1.840000033378601074e+00 -2.650000095367431641e+00 7.260000228881835938e+00 -3.806250000000000000e+01 3.068750000000000000e+01 -3.025000000000000000e+01 1.568750000000000000e+01 2.062500000000000000e+00 -1.045625000000000000e+02
2.289999961853027344e+00 -2.390000104904174805e+00 7.300000190734863281e+00 -3.806250000000000000e+01 3.068750000000000000e+01 -3.025000000000000000e+01 3.312500000000000000e+00 -2.062500000000000000e+00 -1.116250000000000000e+02
3.609999895095825195e+00 -4.590000152587890625e+00 7.829999923706054688e+00 -3.806250000000000000e+01 3.068750000000000000e+01 -3.025000000000000000e+01 3.312500000000000000e+00 -2.062500000000000000e+00 -1.116250000000000000e+02
3.390000104904174805e+00 -5.239999771118164062e+00 7.030000209808349609e+00 -3.918750000000000000e+01 2.918750000000000000e+01 -3.106250000000000000e+01 -4.062500000000000000e+00 -2.306250000000000000e+01 -1.027500000000000000e+02
4.000000000000000000e+00 -5.230000019073486328e+00 6.670000076293945312e+00 -3.918750000000000000e+01 2.918750000000000000e+01 -3.106250000000000000e+01 -1.325000000000000000e+01 -3.281250000000000000e+01 -9.418750000000000000e+01
3.960000038146972656e+00 -5.869999885559082031e+00 6.989999771118164062e+00 -3.918750000000000000e+01 2.918750000000000000e+01 -3.106250000000000000e+01 -4.881250000000000000e+01 -6.175000000000000000e+01 -8.362500000000000000e+01
8.220000267028808594e+00 -1.086999988555908203e+01 7.590000152587890625e+00 -3.918750000000000000e+01 2.918750000000000000e+01 -3.106250000000000000e+01 -7.206250000000000000e+01 -1.145625000000000000e+02 -7.062500000000000000e+01
1.378999996185302734e+01 -1.267000007629394531e+01 7.559999942779541016e+00 -3.918750000000000000e+01 2.918750000000000000e+01 -3.106250000000000000e+01 7.187500000000000000e+00 -5.837500000000000000e+01 -1.762500000000000000e+01
1.629999923706054688e+01 -1.181000041961669922e+01 1.276000022888183594e+01 -4.218750000000000000e+01 2.475000000000000000e+01 -3.106250000000000000e+01 2.937500000000000000e+01 1.118750000000000000e+01 1.687500000000000000e+01
3.910000085830688477e+00 -5.799999833106994629e-01 5.719999790191650391e+00 -4.218750000000000000e+01 2.475000000000000000e+01 -3.106250000000000000e+01 6.125000000000000000e+00 2.937500000000000000e+00 2.325000000000000000e+01
1.960000038146972656e+00 -3.900000095367431641e+00 7.710000038146972656e+00 -4.218750000000000000e+01 2.475000000000000000e+01 -3.106250000000000000e+01 2.168750000000000000e+01 -3.250000000000000000e+00 1.062500000000000000e+01
4.590000152587890625e+00 -2.920000076293945312e+00 7.949999809265136719e+00 -4.218750000000000000e+01 2.475000000000000000e+01 -3.106250000000000000e+01 1.575000000000000000e+01 2.000000000000000000e+00 -5.000000000000000000e-01
5.159999847412109375e+00 -3.920000076293945312e+00 7.599999904632568359e+00 -4.218750000000000000e+01 2.475000000000000000e+01 -3.106250000000000000e+01 1.425000000000000000e+01 6.750000000000000000e+00 2.812500000000000000e+00
