3.569999933242797852e+00 -2.470000028610229492e+00 8.729999542236328125e+00 -4.218750000000000000e+01 2.125000000000000000e+01 -3.718750000000000000e+01 -1.250000000000000000e-01 -6.250000000000000000e-02 -6.250000000000000000e-02
3.579999923706054688e+00 -2.470000028610229492e+00 8.720000267028808594e+00 -4.218750000000000000e+01 2.125000000000000000e+01 -3.718750000000000000e+01 0.000000000000000000e+00 -1.875000000000000000e-01 0.000000000000000000e+00
3.579999923706054688e+00 -2.470000028610229492e+00 8.770000457763671875e+00 -4.218750000000000000e+01 2.125000000000000000e+01 -3.718750000000000000e+01 6.250000000000000000e-02 -6.250000000000000000e-02 -6.250000000000000000e-02
3.519999980926513672e+00 -2.450000047683715820e+00 8.720000267028808594e+00 -4.218750000000000000e+01 2.006250000000000000e+01 -3.637500000000000000e+01 -2.500000000000000000e-01 -1.250000000000000000e-01 1.250000000000000000e-01
3.529999971389770508e+00 -2.470000028610229492e+00 8.770000457763671875e+00 -4.218750000000000000e+01 2.006250000000000000e+01 -3.637500000000000000e+01 -3.750000000000000000e-01 -4.375000000000000000e-01 0.000000000000000000e+00
3.619999885559082031e+00 -2.470000028610229492e+00 8.760000228881835938e+00 -4.218750000000000000e+01 2.006250000000000000e+01 -3.637500000000000000e+01 -3.125000000000000000e-01 -3.750000000000000000e-01 1.250000000000000000e-01
3.569999933242797852e+00 -2.410000085830688477e+00 8.770000457763671875e+00 -4.218750000000000000e+01 2.006250000000000000e+01 -3.637500000000000000e+01 -4.375000000000000000e-01 -5.000000000000000000e-01 2.500000000000000000e-01
3.579999923706054688e+00 -2.369999885559082031e+00 8.770000457763671875e+00 -4.218750000000000000e+01 2.006250000000000000e+01 -3.637500000000000000e+01 -1.062500000000000000e+00 -5.000000000000000000e-01 3.750000000000000000e-01
3.549999952316284180e+00 -2.349999904632568359e+00 8.850000381469726562e+00 -4.150000000000000000e+01 1.975000000000000000e+01 -3.600000000000000000e+01 -1.750000000000000000e+00 -1.375000000000000000e+00 9.375000000000000000e-01
3.529999971389770508e+00 -2.339999914169311523e+00 8.869999885559082031e+00 -4.150000000000000000e+01 1.975000000000000000e+01 -3.600000000000000000e+01 -2.875000000000000000e+00 -2.812500000000000000e+00 1.375000000000000000e+00
3.480000019073486328e+00 -2.059999942779541016e+00 9.079999923706054688e+00 -4.150000000000000000e+01 1.975000000000000000e+01 -3.600000000000000000e+01 -3.375000000000000000e+00 -5.062500000000000000e+00 2.562500000000000000e+00
3.579999923706054688e+00 -2.220000028610229492e+00 8.949999809265136719e+00 -4.150000000000000000e+01 1.975000000000000000e+01 -3.600000000000000000e+01 -6.000000000000000000e+00 -7.125000000000000000e+00 3.562500000000000000e+00
3.440000057220458984e+00 -2.160000085830688477e+00 9.310000419616699219e+00 -4.150000000000000000e+01 1.975000000000000000e+01 -3.600000000000000000e+01 -6.000000000000000000e+00 -7.125000000000000000e+00 3.562500000000000000e+00
3.299999952316284180e+00 -1.899999976158142090e+00 9.649999618530273438e+00 -4.218750000000000000e+01 2.006250000000000000e+01 -3.556250000000000000e+01 -9.750000000000000000e+00 -1.062500000000000000e+01 5.250000000000000000e+00
3.869999885559082031e+00 -1.009999990463256836e+00 1.002000045776367188e+01 -4.218750000000000000e+01 2.006250000000000000e+01 -3.556250000000000000e+01 -2.393750000000000000e+01 -2.100000000000000000e+01 1.262500000000000000e+01
4.019999980926513672e+00 -6.100000143051147461e-01 1.011999988555908203e+01 -4.218750000000000000e+01 2.006250000000000000e+01 -3.556250000000000000e+01 -3.725000000000000000e+01 -2.425000000000000000e+01 2.106250000000000000e+01
4.380000114440917969e+00 -2.000000029802322388e-01 9.829999923706054688e+00 -4.218750000000000000e+01 2.006250000000000000e+01 -3.556250000000000000e+01 -5.343750000000000000e+01 -2.562500000000000000e+01 3.250000000000000000e+01
4.829999923706054688e+00 -1.599999964237213135e-01 9.630000114440917969e+00 -4.218750000000000000e+01 2.006250000000000000e+01 -3.556250000000000000e+01 -5.343750000000000000e+01 -2.562500000000000000e+01 3.250000000000000000e+01
4.320000171661376953e+00 -1.190000057220458984e+00 9.460000038146972656e+00 -4.268750000000000000e+01 2.087500000000000000e+01 -3.518750000000000000e+01 -7.050000000000000000e+01 -2.056250000000000000e+01 4.306250000000000000e+01
4.119999885559082031e+00 -1.460000038146972656e+00 9.090000152587890625e+00 -4.268750000000000000e+01 2.087500000000000000e+01 -3.518750000000000000e+01 -9.268750000000000000e+01 -1.275000000000000000e+01 5.081250000000000000e+01
3.950000047683715820e+00 -1.929999947547912598e+00 8.590000152587890625e+00 -4.268750000000000000e+01 2.087500000000000000e+01 -3.518750000000000000e+01 -9.831250000000000000e+01 -1.075000000000000000e+01 5.243750000000000000e+01
3.599999904632568359e+00 -2.359999895095825195e+00 8.649999618530273438e+00 -4.268750000000000000e+01 2.087500000000000000e+01 -3.518750000000000000e+01 -1.010000000000000000e+02 -1.181250000000000000e+01 5.406250000000000000e+01
3.670000076293945312e+00 -2.400000095367431641e+00 8.439999580383300781e+00 -4.268750000000000000e+01 2.087500000000000000e+01 -3.518750000000000000e+01 -1.010000000000000000e+02 -1.181250000000000000e+01 5.406250000000000000e+01
3.480000019073486328e+00 -2.380000114440917969e+00 8.279999732971191406e+00 -4.306250000000000000e+01 2.456250000000000000e+01 -3.356250000000000000e+01 -1.050625000000000000e+02 -1.268750000000000000e+01 5.625000000000000000e+01
3.299999952316284180e+00 -2.349999904632568359e+00 8.500000000000000000e+00 -4.306250000000000000e+01 2.456250000000000000e+01 -3.356250000000000000e+01 -1.203125000000000000e+02 -1.637500000000000000e+01 6.243750000000000000e+01
3.019999980926513672e+00 -1.990000009536743164e+00 8.979999542236328125e+00 -4.306250000000000000e+01 2.456250000000000000e+01 -3.356250000000000000e+01 -1.326250000000000000e+02 -2.087500000000000000e+01 6.768750000000000000e+01
2.940000057220458984e+00 -1.649999976158142090e+00 9.039999961853027344e+00 -4.306250000000000000e+01 2.456250000000000000e+01 -3.356250000000000000e+01 -1.495625000000000000e+02 -2.581250000000000000e+01 7.237500000000000000e+01
2.960000038146972656e+00 -1.019999980926513672e+00 9.020000457763671875e+00 -4.306250000000000000e+01 2.456250000000000000e+01 -3.356250000000000000e+01 -1.495625000000000000e+02 -2.581250000000000000e+01 7.237500000000000000e+01
3.059999942779541016e+00 -6.899999976158142090e-01 8.890000343322753906e+00 -4.075000000000000000e+01 2.900000000000000000e+01 -3.068750000000000000e+01 -1.701250000000000000e+02 -2.987500000000000000e+01 7.918750000000000000e+01
3.819999933242797852e+00 -1.820000052452087402e+00 8.369999885559082031e+00 -4.075000000000000000e+01 2.900000000000000000e+01 -3.068750000000000000e+01 -2.183750000000000000e+02 -3.162500000000000000e+01 9.606250000000000000e+01
3.650000095367431641e+00 -2.519999980926513672e+00 7.690000057220458984e+00 -4.075000000000000000e+01 2.900000000000000000e+01 -3.068750000000000000e+01 -2.369375000000000000e+02 -2.918750000000000000e+01 1.014375000000000000e+02
3.170000076293945312e+00 -3.569999933242797852e+00 6.769999980926513672e+00 -4.075000000000000000e+01 2.900000000000000000e+01 -3.068750000000000000e+01 -2.482500000000000000e+02 -2.725000000000000000e+01 1.013125000000000000e+02
2.720000028610229492e+00 -7.010000228881835938e+00 4.659999847412109375e+00 -4.075000000000000000e+01 2.900000000000000000e+01 -3.068750000000000000e+01 -2.482500000000000000e+02 -2.725000000000000000e+01 1.013125000000000000e+02
2.859999895095825195e+00 -9.390000343322753906e+00 2.950000047683715820e+00 -4.050000000000000000e+01 3.568750000000000000e+01 -2.456250000000000000e+01 -2.474375000000000000e+02 -2.437500000000000000e+01 9.525000000000000000e+01
2.890000104904174805e+00 -1.123999977111816406e+01 8.999999761581420898e-01 -4.050000000000000000e+01 3.568750000000000000e+01 -2.456250000000000000e+01 -1.877500000000000000e+02 -1.012500000000000000e+01 4.981250000000000000e+01
2.400000095367431641e+00 -1.275000000000000000e+01 0.000000000000000000e+00 -4.050000000000000000e+01 3.568750000000000000e+01 -2.456250000000000000e+01 -1.360000000000000000e+02 -9.187500000000000000e+00 1.368750000000000000e+01
1.600000023841857910e+00 -1.519999980926513672e+01 1.019999980926513672e+00 -4.050000000000000000e+01 3.568750000000000000e+01 -2.456250000000000000e+01 -8.481250000000000000e+01 -1.081250000000000000e+01 -1.287500000000000000e+01
1.649999976158142090e+00 -1.528999996185302734e+01 2.220000028610229492e+00 -4.050000000000000000e+01 3.568750000000000000e+01 -2.456250000000000000e+01 -8.481250000000000000e+01 -1.081250000000000000e+01 -1.287500000000000000e+01
1.659999966621398926e+00 -1.271000003814697266e+01 4.000000000000000000e+00 -3.706250000000000000e+01 4.156250000000000000e+01 -1.587500000000000000e+01 -4.250000000000000000e+01 -1.068750000000000000e+01 -1.831250000000000000e+01
2.430000066757202148e+00 -9.930000305175781250e+00 5.579999923706054688e+00 -3.706250000000000000e+01 4.156250000000000000e+01 -1.587500000000000000e+01 1.300000000000000000e+01 -9.375000000000000000e+00 5.750000000000000000e+00
3.440000057220458984e+00 -4.960000038146972656e+00 7.019999980926513672e+00 -3.706250000000000000e+01 4.156250000000000000e+01 -1.587500000000000000e+01 1.500000000000000000e+00 -8.000000000000000000e+00 3.187500000000000000e+00
3.509999990463256836e+00 -4.809999942779541016e+00 7.699999809265136719e+00 -3.706250000000000000e+01 4.156250000000000000e+01 -1.587500000000000000e+01 -1.356250000000000000e+01 -6.312500000000000000e+00 5.875000000000000000e+00
3.569999933242797852e+00 -4.460000038146972656e+00 7.190000057220458984e+00 -3.706250000000000000e+01 4.156250000000000000e+01 -1.587500000000000000e+01 -1.356250000000000000e+01 -6.312500000000000000e+00 5.875000000000000000e+00
3.309999942779541016e+00 -6.619999885559082031e+00 6.329999923706054688e+00 -3.675000000000000000e+01 4.318750000000000000e+01 -1.475000000000000000e+01 -3.206250000000000000e+01 -6.812500000000000000e+00 1.018750000000000000e+01
3.309999942779541016e+00 -7.489999771118164062e+00 5.599999904632568359e+00 -3.675000000000000000e+01 4.318750000000000000e+01 -1.475000000000000000e+01 -4.737500000000000000e+01 -7.937500000000000000e+00 1.456250000000000000e+01
3.349999904632568359e+00 -8.399999618530273438e+00 5.070000171661376953e+00 -3.675000000000000000e+01 4.318750000000000000e+01 -1.475000000000000000e+01 -4.375000000000000000e+01 -6.937500000000000000e+00 1.375000000000000000e+01
3.369999885559082031e+00 -8.880000114440917969e+00 4.639999866485595703e+00 -3.675000000000000000e+01 4.318750000000000000e+01 -1.475000000000000000e+01 -3.468750000000000000e+01 -4.875000000000000000e+00 1.106250000000000000e+01
2.890000104904174805e+00 -9.460000038146972656e+00 4.289999961853027344e+00 -3.675000000000000000e+01 4.318750000000000000e+01 -1.475000000000000000e+01 -3.468750000000000000e+01 -4.875000000000000000e+00 1.106250000000000000e+01
2.799999952316284180e+00 -9.310000419616699219e+00 4.469999790191650391e+00 -3.518750000000000000e+01 4.500000000000000000e+01 -1.256250000000000000e+01 -2.218750000000000000e+01 -3.437500000000000000e+00 7.187500000000000000e+00
3.019999980926513672e+00 -9.039999961853027344e+00 4.610000133514404297e+00 -3.518750000000000000e+01 4.500000000000000000e+01 -1.256250000000000000e+01 8.750000000000000000e-01 -3.562500000000000000e+00 1.000000000000000000e+00
3.259999990463256836e+00 -8.479999542236328125e+00 4.849999904632568359e+00 -3.518750000000000000e+01 4.500000000000000000e+01 -1.256250000000000000e+01 7.062500000000000000e+00 -1.812500000000000000e+00 -1.250000000000000000e+00
3.410000085830688477e+00 -7.690000057220458984e+00 5.460000038146972656e+00 -3.518750000000000000e+01 4.500000000000000000e+01 -1.256250000000000000e+01 9.437500000000000000e+00 -9.375000000000000000e-01 -2.000000000000000000e+00
3.400000095367431641e+00 -7.409999847412109375e+00 5.519999980926513672e+00 -3.518750000000000000e+01 4.500000000000000000e+01 -1.256250000000000000e+01 9.437500000000000000e+00 -9.375000000000000000e-01 -2.000000000000000000e+00
3.220000028610229492e+00 -7.440000057220458984e+00 5.610000133514404297e+00 -3.556250000000000000e+01 4.456250000000000000e+01 -1.218750000000000000e+01 8.875000000000000000e+00 3.125000000000000000e-01 -2.562500000000000000e+00
3.230000019073486328e+00 -7.659999847412109375e+00 5.489999771118164062e+00 -3.556250000000000000e+01 4.456250000000000000e+01 -1.218750000000000000e+01 9.062500000000000000e+00 4.375000000000000000e-01 -2.812500000000000000e+00
3.359999895095825195e+00 -7.730000019073486328e+00 5.389999866485595703e+00 -3.556250000000000000e+01 4.456250000000000000e+01 -1.218750000000000000e+01 1.006250000000000000e+01 5.625000000000000000e-01 -3.000000000000000000e+00
3.349999904632568359e+00 -7.800000190734863281e+00 5.369999885559082031e+00 -3.556250000000000000e+01 4.456250000000000000e+01 -1.218750000000000000e+01 1.181250000000000000e+01 1.750000000000000000e+00 -3.562500000000000000e+00
3.240000009536743164e+00 -7.829999923706054688e+00 5.369999885559082031e+00 -3.556250000000000000e+01 4.456250000000000000e+01 -1.218750000000000000e+01 1.181250000000000000e+01 1.750000000000000000e+00 -3.562500000000000000e+00
3.130000114440917969e+00 -7.869999885559082031e+00 5.349999904632568359e+00 -3.550000000000000000e+01 4.500000000000000000e+01 -1.175000000000000000e+01 1.425000000000000000e+01 2.437500000000000000e+00 -4.375000000000000000e+00
3.140000104904174805e+00 -7.889999866485595703e+00 5.349999904632568359e+00 -3.550000000000000000e+01 4.500000000000000000e+01 -1.175000000000000000e+01 2.018750000000000000e+01 2.562500000000000000e+00 -6.500000000000000000e+00
3.140000104904174805e+00 -7.840000152587890625e+00 5.329999923706054688e+00 -3.550000000000000000e+01 4.500000000000000000e+01 -1.175000000000000000e+01 2.387500000000000000e+01 2.875000000000000000e+00 -7.625000000000000000e+00
3.089999914169311523e+00 -7.789999961853027344e+00 5.400000095367431641e+00 -3.550000000000000000e+01 4.500000000000000000e+01 -1.175000000000000000e+01 2.725000000000000000e+01 3.000000000000000000e+00 -8.625000000000000000e+00
3.230000019073486328e+00 -7.610000133514404297e+00 5.489999771118164062e+00 -3.550000000000000000e+01 4.500000000000000000e+01 -1.175000000000000000e+01 2.725000000000000000e+01 3.000000000000000000e+00 -8.625000000000000000e+00
3.210000038146972656e+00 -7.539999961853027344e+00 5.579999923706054688e+00 -3.625000000000000000e+01 4.425000000000000000e+01 -1.300000000000000000e+01 3.012500000000000000e+01 3.062500000000000000e+00 -9.437500000000000000e+00
3.190000057220458984e+00 -7.480000019073486328e+00 5.610000133514404297e+00 -3.625000000000000000e+01 4.425000000000000000e+01 -1.300000000000000000e+01 3.487500000000000000e+01 3.750000000000000000e+00 -1.081250000000000000e+01
3.160000085830688477e+00 -7.489999771118164062e+00 5.670000076293945312e+00 -3.625000000000000000e+01 4.425000000000000000e+01 -1.300000000000000000e+01 3.712500000000000000e+01 3.312500000000000000e+00 -1.150000000000000000e+01
3.279999971389770508e+00 -7.429999828338623047e+00 5.670000076293945312e+00 -3.625000000000000000e+01 4.425000000000000000e+01 -1.300000000000000000e+01 3.931250000000000000e+01 3.062500000000000000e+00 -1.200000000000000000e+01
3.349999904632568359e+00 -7.420000076293945312e+00 5.710000038146972656e+00 -3.625000000000000000e+01 4.425000000000000000e+01 -1.300000000000000000e+01 3.931250000000000000e+01 3.062500000000000000e+00 -1.200000000000000000e+01
3.319999933242797852e+00 -7.409999847412109375e+00 5.760000228881835938e+00 -3.668750000000000000e+01 4.350000000000000000e+01 -1.468750000000000000e+01 4.137500000000000000e+01 3.625000000000000000e+00 -1.281250000000000000e+01
3.250000000000000000e+00 -7.489999771118164062e+00 5.739999771118164062e+00 -3.668750000000000000e+01 4.350000000000000000e+01 -1.468750000000000000e+01 4.693750000000000000e+01 4.562500000000000000e+00 -1.481250000000000000e+01
3.279999971389770508e+00 -7.550000190734863281e+00 5.760000228881835938e+00 -3.668750000000000000e+01 4.350000000000000000e+01 -1.468750000000000000e+01 5.018750000000000000e+01 4.625000000000000000e+00 -1.600000000000000000e+01
3.390000104904174805e+00 -7.579999923706054688e+00 5.769999980926513672e+00 -3.668750000000000000e+01 4.350000000000000000e+01 -1.468750000000000000e+01 5.450000000000000000e+01 5.125000000000000000e+00 -1.756250000000000000e+01
3.390000104904174805e+00 -7.559999942779541016e+00 5.710000038146972656e+00 -3.668750000000000000e+01 4.350000000000000000e+01 -1.468750000000000000e+01 5.450000000000000000e+01 5.125000000000000000e+00 -1.756250000000000000e+01
3.130000114440917969e+00 -7.690000057220458984e+00 5.650000095367431641e+00 -3.625000000000000000e+01 4.306250000000000000e+01 -1.500000000000000000e+01 5.975000000000000000e+01 6.375000000000000000e+00 -1.987500000000000000e+01
3.150000095367431641e+00 -7.820000171661376953e+00 5.599999904632568359e+00 -3.625000000000000000e+01 4.306250000000000000e+01 -1.500000000000000000e+01 7.412500000000000000e+01 7.000000000000000000e+00 -2.481250000000000000e+01
3.180000066757202148e+00 -7.840000152587890625e+00 5.599999904632568359e+00 -3.625000000000000000e+01 4.306250000000000000e+01 -1.500000000000000000e+01 8.318750000000000000e+01 7.500000000000000000e+00 -2.831250000000000000e+01
3.309999942779541016e+00 -7.730000019073486328e+00 5.650000095367431641e+00 -3.625000000000000000e+01 4.306250000000000000e+01 -1.500000000000000000e+01 9.218750000000000000e+01 8.437500000000000000e+00 -3.187500000000000000e+01
3.309999942779541016e+00 -7.639999866485595703e+00 5.670000076293945312e+00 -3.625000000000000000e+01 4.306250000000000000e+01 -1.500000000000000000e+01 9.218750000000000000e+01 8.437500000000000000e+00 -3.187500000000000000e+01
3.240000009536743164e+00 -7.539999961853027344e+00 5.639999866485595703e+00 -3.737500000000000000e+01 4.156250000000000000e+01 -1.868750000000000000e+01 1.018125000000000000e+02 1.000000000000000000e+01 -3.600000000000000000e+01
3.259999990463256836e+00 -7.639999866485595703e+00 5.590000152587890625e+00 -3.737500000000000000e+01 4.156250000000000000e+01 -1.868750000000000000e+01 1.239375000000000000e+02 1.375000000000000000e+01 -4.625000000000000000e+01
3.079999923706054688e+00 -7.920000076293945312e+00 5.349999904632568359e+00 -3.737500000000000000e+01 4.156250000000000000e+01 -1.868750000000000000e+01 1.382500000000000000e+02 1.562500000000000000e+01 -5.268750000000000000e+01
2.970000028610229492e+00 -8.069999694824218750e+00 5.199999809265136719e+00 -3.737500000000000000e+01 4.156250000000000000e+01 -1.868750000000000000e+01 1.545000000000000000e+02 1.718750000000000000e+01 -6.056250000000000000e+01
2.950000047683715820e+00 -8.250000000000000000e+00 4.969999790191650391e+00 -3.737500000000000000e+01 4.156250000000000000e+01 -1.868750000000000000e+01 1.545000000000000000e+02 1.718750000000000000e+01 -6.056250000000000000e+01
2.940000057220458984e+00 -8.430000305175781250e+00 4.769999980926513672e+00 -3.850000000000000000e+01 3.906250000000000000e+01 -2.118750000000000000e+01 1.744375000000000000e+02 1.975000000000000000e+01 -7.031250000000000000e+01
3.049999952316284180e+00 -8.189999580383300781e+00 4.340000152587890625e+00 -3.850000000000000000e+01 3.906250000000000000e+01 -2.118750000000000000e+01 2.236875000000000000e+02 2.806250000000000000e+01 -9.331250000000000000e+01
3.319999933242797852e+00 -7.579999923706054688e+00 4.280000209808349609e+00 -3.850000000000000000e+01 3.906250000000000000e+01 -2.118750000000000000e+01 2.476250000000000000e+02 3.500000000000000000e+01 -1.048125000000000000e+02
3.079999923706054688e+00 -6.889999866485595703e+00 4.530000209808349609e+00 -3.850000000000000000e+01 3.906250000000000000e+01 -2.118750000000000000e+01 2.677500000000000000e+02 4.093750000000000000e+01 -1.155000000000000000e+02
4.300000071525573730e-01 -1.620000004768371582e+00 7.909999847412109375e+00 -3.850000000000000000e+01 3.906250000000000000e+01 -2.118750000000000000e+01 2.677500000000000000e+02 4.093750000000000000e+01 -1.155000000000000000e+02
3.799999952316284180e-01 2.960000038146972656e+00 1.265999984741210938e+01 -4.037500000000000000e+01 3.387500000000000000e+01 -2.650000000000000000e+01 2.666875000000000000e+02 4.025000000000000000e+01 -1.235625000000000000e+02
3.880000114440917969e+00 4.719999790191650391e+00 1.612999916076660156e+01 -4.037500000000000000e+01 3.387500000000000000e+01 -2.650000000000000000e+01 1.641250000000000000e+02 9.375000000000000000e-01 -8.800000000000000000e+01
8.149999618530273438e+00 8.210000038146972656e+00 1.620000076293945312e+01 -4.037500000000000000e+01 3.387500000000000000e+01 -2.650000000000000000e+01 7.900000000000000000e+01 1.706250000000000000e+01 -4.118750000000000000e+01
4.539999961853027344e+00 6.809999942779541016e+00 7.579999923706054688e+00 -4.037500000000000000e+01 3.387500000000000000e+01 -2.650000000000000000e+01 2.068750000000000000e+01 2.731250000000000000e+01 1.518750000000000000e+01
3.240000009536743164e+00 2.700000047683715820e+00 1.022000026702880859e+01 -4.037500000000000000e+01 3.387500000000000000e+01 -2.650000000000000000e+01 2.068750000000000000e+01 2.731250000000000000e+01 1.518750000000000000e+01
4.019999980926513672e+00 9.700000286102294922e-01 1.135000038146972656e+01 -4.325000000000000000e+01 2.275000000000000000e+01 -3.300000000000000000e+01 -1.156250000000000000e+01 8.375000000000000000e+00 2.881250000000000000e+01
3.589999914169311523e+00 -4.900000095367431641e-01 9.550000190734863281e+00 -4.325000000000000000e+01 2.275000000000000000e+01 -3.300000000000000000e+01 -2.025000000000000000e+01 -1.187500000000000000e+00 8.375000000000000000e+00
4.380000114440917969e+00 -3.069999933242797852e+00 8.479999542236328125e+00 -4.325000000000000000e+01 2.275000000000000000e+01 -3.300000000000000000e+01 -2.187500000000000000e+01 -8.125000000000000000e-01 1.193750000000000000e+01
4.340000152587890625e+00 -3.829999923706054688e+00 8.439999580383300781e+00 -4.325000000000000000e+01 2.275000000000000000e+01 -3.300000000000000000e+01 -1.431250000000000000e+01 3.687500000000000000e+00 1.150000000000000000e+01
3.519999980926513672e+00 -4.269999980926513672e+00 8.310000419616699219e+00 -4.325000000000000000e+01 2.275000000000000000e+01 -3.300000000000000000e+01 -1.431250000000000000e+01 3.687500000000000000e+00 1.150000000000000000e+01
3.680000066757202148e+00 -3.730000019073486328e+00 8.390000343322753906e+00 -4.218750000000000000e+01 2.125000000000000000e+01 -3.468750000000000000e+01 -5.937500000000000000e+00 3.500000000000000000e+00 6.187500000000000000e+00
3.859999895095825195e+00 -3.059999942779541016e+00 8.470000267028808594e+00 -4.218750000000000000e+01 2.125000000000000000e+01 -3.468750000000000000e+01 4.187500000000000000e+00 2.875000000000000000e+00 -1.937500000000000000e+00
