4.300000190734863281e+00 -1.960000038146972656e+00 9.050000190734863281e+00 -4.056250000000000000e+01 2.450000000000000000e+01 -3.487500000000000000e+01 -4.825000000000000000e+01 -8.437500000000000000e+00 2.500000000000000000e+01
4.389999866485595703e+00 -2.269999980926513672e+00 9.159999847412109375e+00 -4.056250000000000000e+01 2.450000000000000000e+01 -3.487500000000000000e+01 -5.643750000000000000e+01 -6.187500000000000000e+00 2.818750000000000000e+01
4.349999904632568359e+00 -2.549999952316284180e+00 8.960000038146972656e+00 -4.056250000000000000e+01 2.450000000000000000e+01 -3.487500000000000000e+01 -6.393750000000000000e+01 -3.250000000000000000e+00 3.087500000000000000e+01
3.859999895095825195e+00 -2.670000076293945312e+00 8.680000305175781250e+00 -4.025000000000000000e+01 2.518750000000000000e+01 -3.318750000000000000e+01 -6.906250000000000000e+01 -1.687500000000000000e+00 3.312500000000000000e+01
3.630000114440917969e+00 -2.759999990463256836e+00 8.729999542236328125e+00 -4.025000000000000000e+01 2.518750000000000000e+01 -3.318750000000000000e+01 -7.400000000000000000e+01 -2.875000000000000000e+00 3.543750000000000000e+01
3.859999895095825195e+00 -3.170000076293945312e+00 8.479999542236328125e+00 -4.025000000000000000e+01 2.518750000000000000e+01 -3.318750000000000000e+01 -7.725000000000000000e+01 -3.937500000000000000e+00 3.743750000000000000e+01
3.789999961853027344e+00 -3.200000047683715820e+00 8.470000267028808594e+00 -4.025000000000000000e+01 2.518750000000000000e+01 -3.318750000000000000e+01 -7.956250000000000000e+01 -4.062500000000000000e+00 3.937500000000000000e+01
3.759999990463256836e+00 -3.200000047683715820e+00 8.300000190734863281e+00 -4.025000000000000000e+01 2.518750000000000000e+01 -3.318750000000000000e+01 -8.118750000000000000e+01 -3.375000000000000000e+00 4.100000000000000000e+01
3.579999923706054688e+00 -3.339999914169311523e+00 8.130000114440917969e+00 -4.025000000000000000e+01 2.787500000000000000e+01 -3.156250000000000000e+01 -8.206250000000000000e+01 -2.500000000000000000e+00 4.118750000000000000e+01
3.279999971389770508e+00 -3.809999942779541016e+00 8.000000000000000000e+00 -4.025000000000000000e+01 2.787500000000000000e+01 -3.156250000000000000e+01 -8.300000000000000000e+01 -2.500000000000000000e+00 4.093750000000000000e+01
3.349999904632568359e+00 -4.090000152587890625e+00 8.010000228881835938e+00 -4.025000000000000000e+01 2.787500000000000000e+01 -3.156250000000000000e+01 -8.362500000000000000e+01 -3.937500000000000000e+00 4.087500000000000000e+01
3.349999904632568359e+00 -4.119999885559082031e+00 8.039999961853027344e+00 -4.025000000000000000e+01 2.787500000000000000e+01 -3.156250000000000000e+01 -8.381250000000000000e+01 -4.687500000000000000e+00 4.150000000000000000e+01
3.500000000000000000e+00 -3.880000114440917969e+00 8.050000190734863281e+00 -4.025000000000000000e+01 2.787500000000000000e+01 -3.156250000000000000e+01 -8.712500000000000000e+01 -5.500000000000000000e+00 4.293750000000000000e+01
3.359999895095825195e+00 -3.869999885559082031e+00 8.159999847412109375e+00 -3.875000000000000000e+01 3.187500000000000000e+01 -3.006250000000000000e+01 -9.118750000000000000e+01 -5.062500000000000000e+00 4.387500000000000000e+01
3.109999895095825195e+00 -3.759999990463256836e+00 8.079999923706054688e+00 -3.875000000000000000e+01 3.187500000000000000e+01 -3.006250000000000000e+01 -9.693750000000000000e+01 -6.187500000000000000e+00 4.450000000000000000e+01
3.009999990463256836e+00 -3.710000038146972656e+00 8.189999580383300781e+00 -3.875000000000000000e+01 3.187500000000000000e+01 -3.006250000000000000e+01 -1.048125000000000000e+02 -8.875000000000000000e+00 4.637500000000000000e+01
3.289999961853027344e+00 -3.329999923706054688e+00 8.409999847412109375e+00 -3.875000000000000000e+01 3.187500000000000000e+01 -3.006250000000000000e+01 -1.148750000000000000e+02 -1.143750000000000000e+01 4.950000000000000000e+01
3.470000028610229492e+00 -3.349999904632568359e+00 8.359999656677246094e+00 -3.875000000000000000e+01 3.187500000000000000e+01 -3.006250000000000000e+01 -1.273125000000000000e+02 -1.312500000000000000e+01 5.337500000000000000e+01
3.410000085830688477e+00 -3.500000000000000000e+00 8.210000038146972656e+00 -3.768750000000000000e+01 3.450000000000000000e+01 -2.675000000000000000e+01 -1.396250000000000000e+02 -1.350000000000000000e+01 5.681250000000000000e+01
3.029999971389770508e+00 -3.650000095367431641e+00 7.889999866485595703e+00 -3.768750000000000000e+01 3.450000000000000000e+01 -2.675000000000000000e+01 -1.513750000000000000e+02 -1.493750000000000000e+01 5.912500000000000000e+01
2.720000028610229492e+00 -4.489999771118164062e+00 7.250000000000000000e+00 -3.768750000000000000e+01 3.450000000000000000e+01 -2.675000000000000000e+01 -1.619375000000000000e+02 -1.781250000000000000e+01 6.118750000000000000e+01
2.859999895095825195e+00 -5.099999904632568359e+00 6.889999866485595703e+00 -3.768750000000000000e+01 3.450000000000000000e+01 -2.675000000000000000e+01 -1.686875000000000000e+02 -1.981250000000000000e+01 6.187500000000000000e+01
2.769999980926513672e+00 -5.840000152587890625e+00 6.420000076293945312e+00 -3.768750000000000000e+01 3.450000000000000000e+01 -2.675000000000000000e+01 -1.705625000000000000e+02 -2.000000000000000000e+01 6.018750000000000000e+01
2.900000095367431641e+00 -6.550000190734863281e+00 5.880000114440917969e+00 -3.656250000000000000e+01 3.818750000000000000e+01 -2.225000000000000000e+01 -1.680000000000000000e+02 -1.956250000000000000e+01 5.600000000000000000e+01
2.769999980926513672e+00 -8.409999847412109375e+00 4.369999885559082031e+00 -3.656250000000000000e+01 3.818750000000000000e+01 -2.225000000000000000e+01 -1.549375000000000000e+02 -1.681250000000000000e+01 4.531250000000000000e+01
2.589999914169311523e+00 -9.039999961853027344e+00 3.619999885559082031e+00 -3.656250000000000000e+01 3.818750000000000000e+01 -2.225000000000000000e+01 -1.343750000000000000e+02 -1.575000000000000000e+01 3.250000000000000000e+01
2.450000047683715820e+00 -9.949999809265136719e+00 3.349999904632568359e+00 -3.656250000000000000e+01 3.818750000000000000e+01 -2.225000000000000000e+01 -1.105625000000000000e+02 -1.450000000000000000e+01 1.800000000000000000e+01
2.460000038146972656e+00 -1.097000026702880859e+01 3.230000019073486328e+00 -3.656250000000000000e+01 3.818750000000000000e+01 -2.225000000000000000e+01 -8.393750000000000000e+01 -1.293750000000000000e+01 5.250000000000000000e+00
2.519999980926513672e+00 -1.081000041961669922e+01 3.569999933242797852e+00 -3.506250000000000000e+01 4.350000000000000000e+01 -1.575000000000000000e+01 -5.975000000000000000e+01 -1.156250000000000000e+01 1.187500000000000000e+00
2.589999914169311523e+00 -1.039000034332275391e+01 4.219999790191650391e+00 -3.506250000000000000e+01 4.350000000000000000e+01 -1.575000000000000000e+01 -4.093750000000000000e+01 -1.062500000000000000e+01 5.812500000000000000e+00
2.829999923706054688e+00 -9.430000305175781250e+00 4.690000057220458984e+00 -3.506250000000000000e+01 4.350000000000000000e+01 -1.575000000000000000e+01 -2.750000000000000000e+01 -9.000000000000000000e+00 1.106250000000000000e+01
2.990000009536743164e+00 -7.469999790191650391e+00 5.550000190734863281e+00 -3.506250000000000000e+01 4.350000000000000000e+01 -1.575000000000000000e+01 -2.156250000000000000e+01 -8.062500000000000000e+00 8.750000000000000000e+00
3.180000066757202148e+00 -7.170000076293945312e+00 6.010000228881835938e+00 -3.506250000000000000e+01 4.350000000000000000e+01 -1.575000000000000000e+01 -2.125000000000000000e+01 -7.312500000000000000e+00 8.062500000000000000e+00
3.180000066757202148e+00 -6.800000190734863281e+00 6.079999923706054688e+00 -3.400000000000000000e+01 4.606250000000000000e+01 -1.287500000000000000e+01 -2.362500000000000000e+01 -6.437500000000000000e+00 8.375000000000000000e+00
3.079999923706054688e+00 -6.820000171661376953e+00 6.090000152587890625e+00 -3.400000000000000000e+01 4.606250000000000000e+01 -1.287500000000000000e+01 -2.806250000000000000e+01 -7.187500000000000000e+00 8.812500000000000000e+00
3.480000019073486328e+00 -7.280000209808349609e+00 5.860000133514404297e+00 -3.400000000000000000e+01 4.606250000000000000e+01 -1.287500000000000000e+01 -3.125000000000000000e+01 -7.187500000000000000e+00 9.312500000000000000e+00
3.500000000000000000e+00 -7.539999961853027344e+00 5.639999866485595703e+00 -3.400000000000000000e+01 4.606250000000000000e+01 -1.287500000000000000e+01 -3.362500000000000000e+01 -5.625000000000000000e+00 9.875000000000000000e+00
3.410000085830688477e+00 -7.610000133514404297e+00 5.420000076293945312e+00 -3.400000000000000000e+01 4.606250000000000000e+01 -1.287500000000000000e+01 -3.368750000000000000e+01 -3.687500000000000000e+00 1.081250000000000000e+01
3.130000114440917969e+00 -8.199999809265136719e+00 5.030000209808349609e+00 -3.318750000000000000e+01 4.568750000000000000e+01 -1.125000000000000000e+01 -3.168750000000000000e+01 -2.000000000000000000e+00 1.000000000000000000e+01
2.819999933242797852e+00 -8.449999809265136719e+00 4.880000114440917969e+00 -3.318750000000000000e+01 4.568750000000000000e+01 -1.125000000000000000e+01 -2.750000000000000000e+01 -1.187500000000000000e+00 8.562500000000000000e+00
2.880000114440917969e+00 -8.640000343322753906e+00 4.760000228881835938e+00 -3.318750000000000000e+01 4.568750000000000000e+01 -1.125000000000000000e+01 -2.181250000000000000e+01 -1.312500000000000000e+00 7.000000000000000000e+00
3.019999980926513672e+00 -8.710000038146972656e+00 4.789999961853027344e+00 -3.318750000000000000e+01 4.568750000000000000e+01 -1.125000000000000000e+01 -1.531250000000000000e+01 0.000000000000000000e+00 5.812500000000000000e+00
2.849999904632568359e+00 -8.460000038146972656e+00 4.860000133514404297e+00 -3.318750000000000000e+01 4.568750000000000000e+01 -1.125000000000000000e+01 -9.500000000000000000e+00 7.500000000000000000e-01 3.937500000000000000e+00
2.789999961853027344e+00 -8.340000152587890625e+00 4.989999771118164062e+00 -3.356250000000000000e+01 4.606250000000000000e+01 -1.050000000000000000e+01 -4.562500000000000000e+00 7.500000000000000000e-01 2.187500000000000000e+00
2.809999942779541016e+00 -8.159999847412109375e+00 5.070000171661376953e+00 -3.356250000000000000e+01 4.606250000000000000e+01 -1.050000000000000000e+01 -7.500000000000000000e-01 5.000000000000000000e-01 9.375000000000000000e-01
2.890000104904174805e+00 -8.020000457763671875e+00 5.170000076293945312e+00 -3.356250000000000000e+01 4.606250000000000000e+01 -1.050000000000000000e+01 2.000000000000000000e+00 3.125000000000000000e-01 -1.250000000000000000e-01
2.920000076293945312e+00 -7.980000019073486328e+00 5.179999828338623047e+00 -3.356250000000000000e+01 4.606250000000000000e+01 -1.050000000000000000e+01 4.125000000000000000e+00 3.125000000000000000e-01 -1.000000000000000000e+00
2.990000009536743164e+00 -8.060000419616699219e+00 5.199999809265136719e+00 -3.356250000000000000e+01 4.606250000000000000e+01 -1.050000000000000000e+01 5.937500000000000000e+00 8.125000000000000000e-01 -1.750000000000000000e+00
2.950000047683715820e+00 -8.060000419616699219e+00 5.150000095367431641e+00 -3.250000000000000000e+01 4.650000000000000000e+01 -1.000000000000000000e+01 8.562500000000000000e+00 8.750000000000000000e-01 -2.375000000000000000e+00
2.940000057220458984e+00 -8.140000343322753906e+00 5.079999923706054688e+00 -3.250000000000000000e+01 4.650000000000000000e+01 -1.000000000000000000e+01 1.137500000000000000e+01 9.375000000000000000e-01 -3.250000000000000000e+00
2.890000104904174805e+00 -8.100000381469726562e+00 5.070000171661376953e+00 -3.250000000000000000e+01 4.650000000000000000e+01 -1.000000000000000000e+01 1.468750000000000000e+01 1.312500000000000000e+00 -4.437500000000000000e+00
2.940000057220458984e+00 -8.109999656677246094e+00 5.099999904632568359e+00 -3.250000000000000000e+01 4.650000000000000000e+01 -1.000000000000000000e+01 1.781250000000000000e+01 1.500000000000000000e+00 -5.625000000000000000e+00
3.009999990463256836e+00 -8.140000343322753906e+00 5.119999885559082031e+00 -3.250000000000000000e+01 4.650000000000000000e+01 -1.000000000000000000e+01 2.118750000000000000e+01 1.937500000000000000e+00 -6.750000000000000000e+00
2.930000066757202148e+00 -8.050000190734863281e+00 5.219999790191650391e+00 -3.356250000000000000e+01 4.650000000000000000e+01 -1.050000000000000000e+01 2.450000000000000000e+01 2.187500000000000000e+00 -7.875000000000000000e+00
2.990000009536743164e+00 -7.980000019073486328e+00 5.260000228881835938e+00 -3.356250000000000000e+01 4.650000000000000000e+01 -1.050000000000000000e+01 2.737500000000000000e+01 2.250000000000000000e+00 -8.750000000000000000e+00
3.019999980926513672e+00 -7.920000076293945312e+00 5.309999942779541016e+00 -3.356250000000000000e+01 4.650000000000000000e+01 -1.050000000000000000e+01 3.000000000000000000e+01 2.312500000000000000e+00 -9.437500000000000000e+00
3.109999895095825195e+00 -7.840000152587890625e+00 5.380000114440917969e+00 -3.356250000000000000e+01 4.650000000000000000e+01 -1.050000000000000000e+01 3.175000000000000000e+01 2.312500000000000000e+00 -9.875000000000000000e+00
3.210000038146972656e+00 -7.570000171661376953e+00 5.590000152587890625e+00 -3.356250000000000000e+01 4.650000000000000000e+01 -1.050000000000000000e+01 3.262500000000000000e+01 3.125000000000000000e+00 -1.031250000000000000e+01
3.210000038146972656e+00 -7.480000019073486328e+00 5.630000114440917969e+00 -3.318750000000000000e+01 4.568750000000000000e+01 -1.156250000000000000e+01 3.300000000000000000e+01 3.937500000000000000e+00 -1.056250000000000000e+01
3.099999904632568359e+00 -7.510000228881835938e+00 5.619999885559082031e+00 -3.318750000000000000e+01 4.568750000000000000e+01 -1.156250000000000000e+01 3.350000000000000000e+01 4.250000000000000000e+00 -1.087500000000000000e+01
3.069999933242797852e+00 -7.480000019073486328e+00 5.659999847412109375e+00 -3.318750000000000000e+01 4.568750000000000000e+01 -1.156250000000000000e+01 3.468750000000000000e+01 4.062500000000000000e+00 -1.093750000000000000e+01
3.119999885559082031e+00 -7.500000000000000000e+00 5.699999809265136719e+00 -3.318750000000000000e+01 4.568750000000000000e+01 -1.156250000000000000e+01 3.575000000000000000e+01 3.750000000000000000e+00 -1.118750000000000000e+01
3.160000085830688477e+00 -7.519999980926513672e+00 5.670000076293945312e+00 -3.318750000000000000e+01 4.568750000000000000e+01 -1.156250000000000000e+01 3.731250000000000000e+01 4.125000000000000000e+00 -1.181250000000000000e+01
3.099999904632568359e+00 -7.539999961853027344e+00 5.630000114440917969e+00 -3.287500000000000000e+01 4.525000000000000000e+01 -1.325000000000000000e+01 3.950000000000000000e+01 4.875000000000000000e+00 -1.275000000000000000e+01
2.970000028610229492e+00 -7.690000057220458984e+00 5.510000228881835938e+00 -3.287500000000000000e+01 4.525000000000000000e+01 -1.325000000000000000e+01 4.343750000000000000e+01 5.062500000000000000e+00 -1.375000000000000000e+01
2.859999895095825195e+00 -7.699999809265136719e+00 5.480000019073486328e+00 -3.287500000000000000e+01 4.525000000000000000e+01 -1.325000000000000000e+01 4.862500000000000000e+01 5.125000000000000000e+00 -1.531250000000000000e+01
2.920000076293945312e+00 -7.780000209808349609e+00 5.579999923706054688e+00 -3.287500000000000000e+01 4.525000000000000000e+01 -1.325000000000000000e+01 5.331250000000000000e+01 4.375000000000000000e+00 -1.656250000000000000e+01
3.140000104904174805e+00 -7.710000038146972656e+00 5.769999980926513672e+00 -3.287500000000000000e+01 4.525000000000000000e+01 -1.325000000000000000e+01 5.693750000000000000e+01 4.437500000000000000e+00 -1.756250000000000000e+01
3.349999904632568359e+00 -7.199999809265136719e+00 5.980000019073486328e+00 -3.468750000000000000e+01 4.450000000000000000e+01 -1.368750000000000000e+01 5.693750000000000000e+01 4.437500000000000000e+00 -1.756250000000000000e+01
3.230000019073486328e+00 -7.170000076293945312e+00 6.039999961853027344e+00 -3.468750000000000000e+01 4.450000000000000000e+01 -1.368750000000000000e+01 6.175000000000000000e+01 7.000000000000000000e+00 -2.018750000000000000e+01
3.089999914169311523e+00 -7.219999790191650391e+00 6.000000000000000000e+00 -3.468750000000000000e+01 4.450000000000000000e+01 -1.368750000000000000e+01 6.418750000000000000e+01 7.312500000000000000e+00 -2.156250000000000000e+01
3.150000095367431641e+00 -7.349999904632568359e+00 5.949999809265136719e+00 -3.468750000000000000e+01 4.450000000000000000e+01 -1.368750000000000000e+01 6.706250000000000000e+01 7.125000000000000000e+00 -2.275000000000000000e+01
3.180000066757202148e+00 -7.289999961853027344e+00 5.960000038146972656e+00 -3.468750000000000000e+01 4.450000000000000000e+01 -1.368750000000000000e+01 7.200000000000000000e+01 7.750000000000000000e+00 -2.450000000000000000e+01
3.079999923706054688e+00 -7.230000019073486328e+00 5.940000057220458984e+00 -3.537500000000000000e+01 4.375000000000000000e+01 -1.656250000000000000e+01 7.812500000000000000e+01 8.312500000000000000e+00 -2.656250000000000000e+01
3.000000000000000000e+00 -7.280000209808349609e+00 5.960000038146972656e+00 -3.537500000000000000e+01 4.375000000000000000e+01 -1.656250000000000000e+01 8.500000000000000000e+01 8.375000000000000000e+00 -2.893750000000000000e+01
2.990000009536743164e+00 -7.380000114440917969e+00 5.789999961853027344e+00 -3.537500000000000000e+01 4.375000000000000000e+01 -1.656250000000000000e+01 9.312500000000000000e+01 8.812500000000000000e+00 -3.218750000000000000e+01
2.910000085830688477e+00 -7.530000209808349609e+00 5.650000095367431641e+00 -3.537500000000000000e+01 4.375000000000000000e+01 -1.656250000000000000e+01 1.035625000000000000e+02 9.437500000000000000e+00 -3.612500000000000000e+01
2.839999914169311523e+00 -7.829999923706054688e+00 5.469999790191650391e+00 -3.537500000000000000e+01 4.375000000000000000e+01 -1.656250000000000000e+01 1.172500000000000000e+02 1.050000000000000000e+01 -4.175000000000000000e+01
2.829999923706054688e+00 -8.079999923706054688e+00 5.269999980926513672e+00 -3.537500000000000000e+01 4.187500000000000000e+01 -1.950000000000000000e+01 1.343750000000000000e+02 1.200000000000000000e+01 -4.868750000000000000e+01
2.789999961853027344e+00 -8.590000152587890625e+00 4.809999942779541016e+00 -3.537500000000000000e+01 4.187500000000000000e+01 -1.950000000000000000e+01 1.548750000000000000e+02 1.331250000000000000e+01 -5.750000000000000000e+01
2.769999980926513672e+00 -8.739999771118164062e+00 4.599999904632568359e+00 -3.537500000000000000e+01 4.187500000000000000e+01 -1.950000000000000000e+01 1.786250000000000000e+02 1.656250000000000000e+01 -6.793750000000000000e+01
2.769999980926513672e+00 -8.739999771118164062e+00 4.320000171661376953e+00 -3.537500000000000000e+01 4.187500000000000000e+01 -1.950000000000000000e+01 2.046875000000000000e+02 2.056250000000000000e+01 -8.068750000000000000e+01
2.750000000000000000e+00 -7.840000152587890625e+00 4.190000057220458984e+00 -3.537500000000000000e+01 4.187500000000000000e+01 -1.950000000000000000e+01 2.327500000000000000e+02 2.531250000000000000e+01 -9.362500000000000000e+01
2.539999961853027344e+00 -6.869999885559082031e+00 4.719999790191650391e+00 -3.687500000000000000e+01 3.856250000000000000e+01 -2.218750000000000000e+01 2.582500000000000000e+02 3.062500000000000000e+01 -1.051875000000000000e+02
1.629999995231628418e+00 -4.980000019073486328e+00 5.789999961853027344e+00 -3.687500000000000000e+01 3.856250000000000000e+01 -2.218750000000000000e+01 2.684375000000000000e+02 3.143750000000000000e+01 -1.150625000000000000e+02
3.799999952316284180e-01 -7.200000286102294922e-01 8.529999732971191406e+00 -3.687500000000000000e+01 3.856250000000000000e+01 -2.218750000000000000e+01 2.415625000000000000e+02 2.068750000000000000e+01 -1.155625000000000000e+02
5.389999866485595703e+00 4.699999809265136719e+00 1.620999908447265625e+01 -3.687500000000000000e+01 3.856250000000000000e+01 -2.218750000000000000e+01 1.913750000000000000e+02 -4.250000000000000000e+00 -1.019375000000000000e+02
9.579999923706054688e+00 8.859999656677246094e+00 1.614999961853027344e+01 -3.687500000000000000e+01 3.856250000000000000e+01 -2.218750000000000000e+01 1.913750000000000000e+02 -4.250000000000000000e+00 -1.019375000000000000e+02
8.420000076293945312e+00 9.000000000000000000e+00 1.057999992370605469e+01 -3.956250000000000000e+01 3.118750000000000000e+01 -3.006250000000000000e+01 4.581250000000000000e+01 2.743750000000000000e+01 -3.400000000000000000e+01
3.500000000000000000e+00 4.440000057220458984e+00 7.369999885559082031e+00 -3.956250000000000000e+01 3.118750000000000000e+01 -3.006250000000000000e+01 8.062500000000000000e+00 1.606250000000000000e+01 -6.812500000000000000e+00
3.769999980926513672e+00 -2.300000041723251343e-01 1.086999988555908203e+01 -3.956250000000000000e+01 3.118750000000000000e+01 -3.006250000000000000e+01 -5.625000000000000000e+00 4.187500000000000000e+00 -3.250000000000000000e+00
3.579999923706054688e+00 -1.679999947547912598e+00 9.149999618530273438e+00 -3.956250000000000000e+01 3.118750000000000000e+01 -3.006250000000000000e+01 -7.812500000000000000e+00 1.250000000000000000e+00 2.437500000000000000e+00
3.660000085830688477e+00 -2.490000009536743164e+00 8.340000152587890625e+00 -3.956250000000000000e+01 3.118750000000000000e+01 -3.006250000000000000e+01 -9.000000000000000000e+00 -6.875000000000000000e-01 5.312500000000000000e+00
3.960000038146972656e+00 -3.720000028610229492e+00 8.579999923706054688e+00 -4.056250000000000000e+01 2.418750000000000000e+01 -3.375000000000000000e+01 -7.750000000000000000e+00 1.062500000000000000e+00 4.625000000000000000e+00
3.450000047683715820e+00 -3.710000038146972656e+00 8.409999847412109375e+00 -4.056250000000000000e+01 2.418750000000000000e+01 -3.375000000000000000e+01 -1.937500000000000000e+00 1.750000000000000000e+00 1.937500000000000000e+00
3.509999990463256836e+00 -3.519999980926513672e+00 8.369999885559082031e+00 -4.056250000000000000e+01 2.418750000000000000e+01 -3.375000000000000000e+01 3.000000000000000000e+00 8.125000000000000000e-01 -5.625000000000000000e-01
3.809999942779541016e+00 -3.220000028610229492e+00 8.390000343322753906e+00 -4.056250000000000000e+01 2.418750000000000000e+01 -3.375000000000000000e+01 6.000000000000000000e+00 2.000000000000000000e+00 -1.937500000000000000e+00
3.759999990463256836e+00 -3.299999952316284180e+00 8.439999580383300781e+00 -4.056250000000000000e+01 2.418750000000000000e+01 -3.375000000000000000e+01 6.937500000000000000e+00 3.562500000000000000e+00 -3.750000000000000000e+00
3.750000000000000000e+00 -3.400000095367431641e+00 8.439999580383300781e+00 -4.100000000000000000e+01 2.500000000000000000e+01 -3.375000000000000000e+01 6.937500000000000000e+00 3.562500000000000000e+00 -3.750000000000000000e+00
3.670000076293945312e+00 -3.299999952316284180e+00 8.529999732971191406e+00 -4.100000000000000000e+01 2.500000000000000000e+01 -3.375000000000000000e+01 8.625000000000000000e+00 5.125000000000000000e+00 -7.562500000000000000e+00
