3.980000019073486328e+00 -1.990000009536743164e+00 8.659999847412109375e+00 -4.306250000000000000e+01 1.850000000000000000e+01 -3.456250000000000000e+01 -1.250000000000000000e-01 1.250000000000000000e-01 0.000000000000000000e+00
4.030000209808349609e+00 -2.039999961853027344e+00 8.760000228881835938e+00 -4.387500000000000000e+01 1.956250000000000000e+01 -3.500000000000000000e+01 -2.500000000000000000e-01 -3.750000000000000000e-01 2.500000000000000000e-01
4.019999980926513672e+00 -1.929999947547912598e+00 8.729999542236328125e+00 -4.387500000000000000e+01 1.956250000000000000e+01 -3.500000000000000000e+01 -7.500000000000000000e-01 -9.375000000000000000e-01 7.500000000000000000e-01
3.920000076293945312e+00 -1.929999947547912598e+00 8.670000076293945312e+00 -4.387500000000000000e+01 1.956250000000000000e+01 -3.500000000000000000e+01 -1.937500000000000000e+00 -2.062500000000000000e+00 8.750000000000000000e-01
3.829999923706054688e+00 -2.000000000000000000e+00 8.819999694824218750e+00 -4.387500000000000000e+01 1.956250000000000000e+01 -3.500000000000000000e+01 -2.562500000000000000e+00 -4.687500000000000000e+00 1.562500000000000000e+00
4.019999980926513672e+00 -1.659999966621398926e+00 9.090000152587890625e+00 -4.387500000000000000e+01 1.956250000000000000e+01 -3.500000000000000000e+01 -2.562500000000000000e+00 -4.687500000000000000e+00 1.562500000000000000e+00
4.090000152587890625e+00 -1.710000038146972656e+00 9.109999656677246094e+00 -4.425000000000000000e+01 1.850000000000000000e+01 -3.375000000000000000e+01 -5.125000000000000000e+00 -7.375000000000000000e+00 2.375000000000000000e+00
3.869999885559082031e+00 -1.460000038146972656e+00 9.539999961853027344e+00 -4.425000000000000000e+01 1.850000000000000000e+01 -3.375000000000000000e+01 -2.043750000000000000e+01 -1.706250000000000000e+01 6.812500000000000000e+00
4.360000133514404297e+00 5.999999865889549255e-02 9.760000228881835938e+00 -4.425000000000000000e+01 1.850000000000000000e+01 -3.375000000000000000e+01 -3.243750000000000000e+01 -2.318750000000000000e+01 1.131250000000000000e+01
4.780000209808349609e+00 1.399999976158142090e+00 9.670000076293945312e+00 -4.425000000000000000e+01 1.850000000000000000e+01 -3.375000000000000000e+01 -4.493750000000000000e+01 -2.412500000000000000e+01 2.212500000000000000e+01
4.849999904632568359e+00 1.009999990463256836e+00 9.350000381469726562e+00 -4.425000000000000000e+01 1.850000000000000000e+01 -3.375000000000000000e+01 -4.493750000000000000e+01 -2.412500000000000000e+01 2.212500000000000000e+01
4.900000095367431641e+00 -3.799999952316284180e-01 9.199999809265136719e+00 -4.356250000000000000e+01 1.950000000000000000e+01 -3.218750000000000000e+01 -6.212500000000000000e+01 -2.075000000000000000e+01 3.575000000000000000e+01
4.639999866485595703e+00 -2.400000095367431641e+00 8.800000190734863281e+00 -4.356250000000000000e+01 1.950000000000000000e+01 -3.218750000000000000e+01 -8.112500000000000000e+01 -1.312500000000000000e+01 4.243750000000000000e+01
4.280000209808349609e+00 -2.289999961853027344e+00 8.939999580383300781e+00 -4.356250000000000000e+01 1.950000000000000000e+01 -3.218750000000000000e+01 -8.262500000000000000e+01 -1.425000000000000000e+01 4.531250000000000000e+01
4.349999904632568359e+00 -1.649999976158142090e+00 9.159999847412109375e+00 -4.356250000000000000e+01 1.950000000000000000e+01 -3.218750000000000000e+01 -8.931250000000000000e+01 -1.562500000000000000e+01 5.037500000000000000e+01
4.750000000000000000e+00 -1.220000028610229492e+00 8.869999885559082031e+00 -4.356250000000000000e+01 1.950000000000000000e+01 -3.218750000000000000e+01 -8.931250000000000000e+01 -1.562500000000000000e+01 5.037500000000000000e+01
3.670000076293945312e+00 -1.360000014305114746e+00 9.100000381469726562e+00 -4.318750000000000000e+01 2.225000000000000000e+01 -3.087500000000000000e+01 -9.937500000000000000e+01 -1.337500000000000000e+01 5.681250000000000000e+01
3.470000028610229492e+00 -9.100000262260437012e-01 9.000000000000000000e+00 -4.318750000000000000e+01 2.225000000000000000e+01 -3.087500000000000000e+01 -1.173750000000000000e+02 -1.806250000000000000e+01 6.706250000000000000e+01
3.400000095367431641e+00 -8.500000238418579102e-01 8.899999618530273438e+00 -4.318750000000000000e+01 2.225000000000000000e+01 -3.087500000000000000e+01 -1.291875000000000000e+02 -2.262500000000000000e+01 7.118750000000000000e+01
3.660000085830688477e+00 -1.340000033378601074e+00 9.109999656677246094e+00 -4.318750000000000000e+01 2.225000000000000000e+01 -3.087500000000000000e+01 -1.446875000000000000e+02 -2.768750000000000000e+01 7.318750000000000000e+01
3.920000076293945312e+00 -2.800000011920928955e-01 8.989999771118164062e+00 -4.318750000000000000e+01 2.225000000000000000e+01 -3.087500000000000000e+01 -1.446875000000000000e+02 -2.768750000000000000e+01 7.318750000000000000e+01
4.030000209808349609e+00 1.000000014901161194e-01 8.840000152587890625e+00 -4.206250000000000000e+01 2.700000000000000000e+01 -2.768750000000000000e+01 -1.593125000000000000e+02 -3.031250000000000000e+01 7.906250000000000000e+01
4.179999828338623047e+00 -3.799999952316284180e-01 8.390000343322753906e+00 -4.206250000000000000e+01 2.700000000000000000e+01 -2.768750000000000000e+01 -1.990625000000000000e+02 -3.137500000000000000e+01 1.019375000000000000e+02
4.139999866485595703e+00 -2.269999980926513672e+00 7.630000114440917969e+00 -4.206250000000000000e+01 2.700000000000000000e+01 -2.768750000000000000e+01 -2.172500000000000000e+02 -2.806250000000000000e+01 1.063750000000000000e+02
3.670000076293945312e+00 -3.380000114440917969e+00 6.630000114440917969e+00 -4.206250000000000000e+01 2.700000000000000000e+01 -2.768750000000000000e+01 -2.291875000000000000e+02 -2.487500000000000000e+01 1.063750000000000000e+02
3.029999971389770508e+00 -5.010000228881835938e+00 5.599999904632568359e+00 -4.206250000000000000e+01 2.700000000000000000e+01 -2.768750000000000000e+01 -2.291875000000000000e+02 -2.487500000000000000e+01 1.063750000000000000e+02
2.809999942779541016e+00 -7.210000038146972656e+00 4.550000190734863281e+00 -4.137500000000000000e+01 3.406250000000000000e+01 -2.337500000000000000e+01 -2.305000000000000000e+02 -2.331250000000000000e+01 1.001875000000000000e+02
2.569999933242797852e+00 -1.001000022888183594e+01 2.049999952316284180e+00 -4.137500000000000000e+01 3.406250000000000000e+01 -2.337500000000000000e+01 -1.896250000000000000e+02 -1.581250000000000000e+01 7.318750000000000000e+01
2.339999914169311523e+00 -1.139999961853027344e+01 1.610000014305114746e+00 -4.137500000000000000e+01 3.406250000000000000e+01 -2.337500000000000000e+01 -1.550000000000000000e+02 -1.100000000000000000e+01 6.031250000000000000e+01
2.480000019073486328e+00 -1.281999969482421875e+01 2.420000076293945312e+00 -4.137500000000000000e+01 3.406250000000000000e+01 -2.337500000000000000e+01 -1.183125000000000000e+02 -1.243750000000000000e+01 4.262500000000000000e+01
3.269999980926513672e+00 -1.192000007629394531e+01 3.559999942779541016e+00 -4.137500000000000000e+01 3.406250000000000000e+01 -2.337500000000000000e+01 -1.183125000000000000e+02 -1.243750000000000000e+01 4.262500000000000000e+01
3.150000095367431641e+00 -9.609999656677246094e+00 4.360000133514404297e+00 -3.706250000000000000e+01 4.006250000000000000e+01 -1.687500000000000000e+01 -8.868750000000000000e+01 -9.437500000000000000e+00 3.056250000000000000e+01
3.130000114440917969e+00 -7.940000057220458984e+00 5.030000209808349609e+00 -3.706250000000000000e+01 4.006250000000000000e+01 -1.687500000000000000e+01 -5.106250000000000000e+01 -5.500000000000000000e+00 2.400000000000000000e+01
3.279999971389770508e+00 -6.929999828338623047e+00 6.030000209808349609e+00 -3.706250000000000000e+01 4.006250000000000000e+01 -1.687500000000000000e+01 -5.000000000000000000e+01 -6.000000000000000000e+00 2.218750000000000000e+01
3.369999885559082031e+00 -5.929999828338623047e+00 6.340000152587890625e+00 -3.706250000000000000e+01 4.006250000000000000e+01 -1.687500000000000000e+01 -5.456250000000000000e+01 -6.875000000000000000e+00 2.287500000000000000e+01
3.339999914169311523e+00 -6.309999942779541016e+00 6.190000057220458984e+00 -3.706250000000000000e+01 4.006250000000000000e+01 -1.687500000000000000e+01 -5.456250000000000000e+01 -6.875000000000000000e+00 2.287500000000000000e+01
3.460000038146972656e+00 -6.829999923706054688e+00 5.940000057220458984e+00 -3.668750000000000000e+01 4.318750000000000000e+01 -1.218750000000000000e+01 -5.937500000000000000e+01 -9.250000000000000000e+00 2.443750000000000000e+01
3.420000076293945312e+00 -7.329999923706054688e+00 5.460000038146972656e+00 -3.668750000000000000e+01 4.318750000000000000e+01 -1.218750000000000000e+01 -6.075000000000000000e+01 -8.625000000000000000e+00 2.412500000000000000e+01
3.319999933242797852e+00 -8.140000343322753906e+00 4.920000076293945312e+00 -3.668750000000000000e+01 4.318750000000000000e+01 -1.218750000000000000e+01 -5.812500000000000000e+01 -7.437500000000000000e+00 2.187500000000000000e+01
3.359999895095825195e+00 -8.510000228881835938e+00 4.599999904632568359e+00 -3.668750000000000000e+01 4.318750000000000000e+01 -1.218750000000000000e+01 -5.175000000000000000e+01 -5.937500000000000000e+00 2.025000000000000000e+01
3.309999942779541016e+00 -8.899999618530273438e+00 4.500000000000000000e+00 -3.668750000000000000e+01 4.318750000000000000e+01 -1.218750000000000000e+01 -5.175000000000000000e+01 -5.937500000000000000e+00 2.025000000000000000e+01
3.359999895095825195e+00 -8.979999542236328125e+00 4.329999923706054688e+00 -3.550000000000000000e+01 4.456250000000000000e+01 -9.375000000000000000e+00 -4.400000000000000000e+01 -3.875000000000000000e+00 1.656250000000000000e+01
3.289999961853027344e+00 -9.100000381469726562e+00 4.360000133514404297e+00 -3.550000000000000000e+01 4.456250000000000000e+01 -9.375000000000000000e+00 -2.600000000000000000e+01 -1.750000000000000000e+00 1.150000000000000000e+01
3.230000019073486328e+00 -9.029999732971191406e+00 4.369999885559082031e+00 -3.550000000000000000e+01 4.456250000000000000e+01 -9.375000000000000000e+00 -1.693750000000000000e+01 -5.000000000000000000e-01 8.187500000000000000e+00
3.140000104904174805e+00 -8.920000076293945312e+00 4.500000000000000000e+00 -3.550000000000000000e+01 4.456250000000000000e+01 -9.375000000000000000e+00 -9.062500000000000000e+00 -4.375000000000000000e-01 5.750000000000000000e+00
3.230000019073486328e+00 -8.310000419616699219e+00 4.889999866485595703e+00 -3.550000000000000000e+01 4.456250000000000000e+01 -9.375000000000000000e+00 -9.062500000000000000e+00 -4.375000000000000000e-01 5.750000000000000000e+00
3.250000000000000000e+00 -8.119999885559082031e+00 4.969999790191650391e+00 -3.456250000000000000e+01 4.500000000000000000e+01 -9.000000000000000000e+00 -3.562500000000000000e+00 0.000000000000000000e+00 3.812500000000000000e+00
3.240000009536743164e+00 -8.000000000000000000e+00 5.070000171661376953e+00 -3.456250000000000000e+01 4.500000000000000000e+01 -9.000000000000000000e+00 2.000000000000000000e+00 5.000000000000000000e-01 8.125000000000000000e-01
3.230000019073486328e+00 -7.889999866485595703e+00 5.099999904632568359e+00 -3.456250000000000000e+01 4.500000000000000000e+01 -9.000000000000000000e+00 4.062500000000000000e+00 4.375000000000000000e-01 -3.750000000000000000e-01
3.210000038146972656e+00 -7.900000095367431641e+00 5.079999923706054688e+00 -3.456250000000000000e+01 4.500000000000000000e+01 -9.000000000000000000e+00 6.187500000000000000e+00 3.125000000000000000e-01 -1.750000000000000000e+00
3.180000066757202148e+00 -8.069999694824218750e+00 5.090000152587890625e+00 -3.456250000000000000e+01 4.500000000000000000e+01 -9.000000000000000000e+00 6.187500000000000000e+00 3.125000000000000000e-01 -1.750000000000000000e+00
3.309999942779541016e+00 -8.140000343322753906e+00 5.030000209808349609e+00 -3.475000000000000000e+01 4.600000000000000000e+01 -8.250000000000000000e+00 8.250000000000000000e+00 1.875000000000000000e-01 -3.562500000000000000e+00
3.269999980926513672e+00 -8.270000457763671875e+00 4.860000133514404297e+00 -3.475000000000000000e+01 4.600000000000000000e+01 -8.250000000000000000e+00 1.462500000000000000e+01 8.750000000000000000e-01 -5.875000000000000000e+00
3.150000095367431641e+00 -8.430000305175781250e+00 4.800000190734863281e+00 -3.475000000000000000e+01 4.600000000000000000e+01 -8.250000000000000000e+00 1.968750000000000000e+01 9.375000000000000000e-01 -8.875000000000000000e+00
3.230000019073486328e+00 -8.640000343322753906e+00 4.719999790191650391e+00 -3.475000000000000000e+01 4.600000000000000000e+01 -8.250000000000000000e+00 2.581250000000000000e+01 1.750000000000000000e+00 -1.137500000000000000e+01
3.220000028610229492e+00 -8.710000038146972656e+00 4.699999809265136719e+00 -3.475000000000000000e+01 4.600000000000000000e+01 -8.250000000000000000e+00 2.581250000000000000e+01 1.750000000000000000e+00 -1.137500000000000000e+01
3.339999914169311523e+00 -8.560000419616699219e+00 4.780000209808349609e+00 -3.450000000000000000e+01 4.606250000000000000e+01 -8.000000000000000000e+00 3.243750000000000000e+01 2.187500000000000000e+00 -1.393750000000000000e+01
3.339999914169311523e+00 -8.439999580383300781e+00 4.820000171661376953e+00 -3.450000000000000000e+01 4.606250000000000000e+01 -8.000000000000000000e+00 4.531250000000000000e+01 4.375000000000000000e+00 -1.868750000000000000e+01
3.309999942779541016e+00 -8.350000381469726562e+00 4.869999885559082031e+00 -3.450000000000000000e+01 4.606250000000000000e+01 -8.000000000000000000e+00 5.162500000000000000e+01 5.437500000000000000e+00 -2.081250000000000000e+01
3.269999980926513672e+00 -8.260000228881835938e+00 4.909999847412109375e+00 -3.450000000000000000e+01 4.606250000000000000e+01 -8.000000000000000000e+00 5.812500000000000000e+01 5.750000000000000000e+00 -2.331250000000000000e+01
3.329999923706054688e+00 -8.159999847412109375e+00 5.099999904632568359e+00 -3.450000000000000000e+01 4.606250000000000000e+01 -8.000000000000000000e+00 5.812500000000000000e+01 5.750000000000000000e+00 -2.331250000000000000e+01
3.490000009536743164e+00 -7.869999885559082031e+00 5.219999790191650391e+00 -3.475000000000000000e+01 4.456250000000000000e+01 -8.500000000000000000e+00 6.406250000000000000e+01 5.937500000000000000e+00 -2.531250000000000000e+01
3.630000114440917969e+00 -7.630000114440917969e+00 5.369999885559082031e+00 -3.475000000000000000e+01 4.456250000000000000e+01 -8.500000000000000000e+00 7.156250000000000000e+01 7.500000000000000000e+00 -2.837500000000000000e+01
3.400000095367431641e+00 -7.250000000000000000e+00 5.719999790191650391e+00 -3.475000000000000000e+01 4.456250000000000000e+01 -8.500000000000000000e+00 7.356250000000000000e+01 8.375000000000000000e+00 -3.000000000000000000e+01
3.339999914169311523e+00 -7.230000019073486328e+00 5.719999790191650391e+00 -3.475000000000000000e+01 4.456250000000000000e+01 -8.500000000000000000e+00 7.537500000000000000e+01 8.187500000000000000e+00 -3.131250000000000000e+01
3.380000114440917969e+00 -7.179999828338623047e+00 5.719999790191650391e+00 -3.475000000000000000e+01 4.456250000000000000e+01 -8.500000000000000000e+00 7.537500000000000000e+01 8.187500000000000000e+00 -3.131250000000000000e+01
3.390000104904174805e+00 -7.219999790191650391e+00 5.659999847412109375e+00 -3.587500000000000000e+01 4.400000000000000000e+01 -1.175000000000000000e+01 7.850000000000000000e+01 7.750000000000000000e+00 -3.262500000000000000e+01
3.240000009536743164e+00 -7.639999866485595703e+00 5.500000000000000000e+00 -3.587500000000000000e+01 4.400000000000000000e+01 -1.175000000000000000e+01 8.993750000000000000e+01 8.000000000000000000e+00 -3.775000000000000000e+01
3.259999990463256836e+00 -7.800000190734863281e+00 5.300000190734863281e+00 -3.587500000000000000e+01 4.400000000000000000e+01 -1.175000000000000000e+01 9.950000000000000000e+01 8.187500000000000000e+00 -4.150000000000000000e+01
3.299999952316284180e+00 -8.000000000000000000e+00 5.119999885559082031e+00 -3.587500000000000000e+01 4.400000000000000000e+01 -1.175000000000000000e+01 1.123750000000000000e+02 9.062500000000000000e+00 -4.656250000000000000e+01
3.230000019073486328e+00 -8.260000228881835938e+00 5.039999961853027344e+00 -3.587500000000000000e+01 4.400000000000000000e+01 -1.175000000000000000e+01 1.123750000000000000e+02 9.062500000000000000e+00 -4.656250000000000000e+01
3.119999885559082031e+00 -8.609999656677246094e+00 4.840000152587890625e+00 -3.625000000000000000e+01 4.168750000000000000e+01 -1.418750000000000000e+01 1.280000000000000000e+02 9.812500000000000000e+00 -5.293750000000000000e+01
3.089999914169311523e+00 -8.779999732971191406e+00 4.639999866485595703e+00 -3.625000000000000000e+01 4.168750000000000000e+01 -1.418750000000000000e+01 1.651250000000000000e+02 1.231250000000000000e+01 -7.050000000000000000e+01
3.140000104904174805e+00 -8.840000152587890625e+00 4.460000038146972656e+00 -3.625000000000000000e+01 4.168750000000000000e+01 -1.418750000000000000e+01 1.870000000000000000e+02 1.506250000000000000e+01 -8.206250000000000000e+01
2.940000057220458984e+00 -8.899999618530273438e+00 4.059999942779541016e+00 -3.625000000000000000e+01 4.168750000000000000e+01 -1.418750000000000000e+01 2.110625000000000000e+02 1.812500000000000000e+01 -9.575000000000000000e+01
2.950000047683715820e+00 -8.560000419616699219e+00 3.809999942779541016e+00 -3.625000000000000000e+01 4.168750000000000000e+01 -1.418750000000000000e+01 2.110625000000000000e+02 1.812500000000000000e+01 -9.575000000000000000e+01
3.140000104904174805e+00 -7.920000076293945312e+00 3.910000085830688477e+00 -3.887500000000000000e+01 3.837500000000000000e+01 -1.750000000000000000e+01 2.365625000000000000e+02 2.231250000000000000e+01 -1.110000000000000000e+02
3.309999942779541016e+00 -7.239999771118164062e+00 3.680000066757202148e+00 -3.887500000000000000e+01 3.837500000000000000e+01 -1.750000000000000000e+01 2.851250000000000000e+02 3.706250000000000000e+01 -1.421250000000000000e+02
2.680000066757202148e+00 -4.869999885559082031e+00 5.099999904632568359e+00 -3.887500000000000000e+01 3.837500000000000000e+01 -1.750000000000000000e+01 3.054375000000000000e+02 4.337500000000000000e+01 -1.536875000000000000e+02
1.830000042915344238e+00 -1.389999985694885254e+00 7.679999828338623047e+00 -3.887500000000000000e+01 3.837500000000000000e+01 -1.750000000000000000e+01 2.979375000000000000e+02 4.412500000000000000e+01 -1.533750000000000000e+02
7.300000190734863281e-01 4.460000038146972656e+00 1.392000007629394531e+01 -3.887500000000000000e+01 3.837500000000000000e+01 -1.750000000000000000e+01 2.979375000000000000e+02 4.412500000000000000e+01 -1.533750000000000000e+02
4.909999847412109375e+00 8.430000305175781250e+00 1.973999977111816406e+01 -4.218750000000000000e+01 3.018750000000000000e+01 -2.568750000000000000e+01 2.362500000000000000e+02 3.793750000000000000e+01 -1.349375000000000000e+02
9.579999923706054688e+00 1.168000030517578125e+01 7.389999866485595703e+00 -4.218750000000000000e+01 3.018750000000000000e+01 -2.568750000000000000e+01 3.950000000000000000e+01 3.125000000000000000e+01 -3.550000000000000000e+01
5.469999790191650391e+00 1.106000041961669922e+01 6.800000190734863281e+00 -4.218750000000000000e+01 3.018750000000000000e+01 -2.568750000000000000e+01 -1.012500000000000000e+01 3.281250000000000000e+01 1.800000000000000000e+01
1.080000042915344238e+00 6.860000133514404297e+00 1.189000034332275391e+01 -4.218750000000000000e+01 3.018750000000000000e+01 -2.568750000000000000e+01 -2.100000000000000000e+01 1.293750000000000000e+01 3.587500000000000000e+01
4.699999809265136719e+00 -9.100000262260437012e-01 8.520000457763671875e+00 -4.218750000000000000e+01 3.018750000000000000e+01 -2.568750000000000000e+01 -2.100000000000000000e+01 1.293750000000000000e+01 3.587500000000000000e+01
5.940000057220458984e+00 -2.180000066757202148e+00 8.229999542236328125e+00 -4.456250000000000000e+01 1.950000000000000000e+01 -3.275000000000000000e+01 -3.756250000000000000e+01 -8.125000000000000000e-01 1.912500000000000000e+01
4.760000228881835938e+00 -3.279999971389770508e+00 8.090000152587890625e+00 -4.456250000000000000e+01 1.950000000000000000e+01 -3.275000000000000000e+01 -3.281250000000000000e+01 8.875000000000000000e+00 2.331250000000000000e+01
3.420000076293945312e+00 -4.500000000000000000e+00 8.520000457763671875e+00 -4.456250000000000000e+01 1.950000000000000000e+01 -3.275000000000000000e+01 -1.956250000000000000e+01 4.250000000000000000e+00 1.643750000000000000e+01
3.799999952316284180e+00 -4.909999847412109375e+00 8.359999656677246094e+00 -4.456250000000000000e+01 1.950000000000000000e+01 -3.275000000000000000e+01 -2.500000000000000000e+00 -8.125000000000000000e-01 6.437500000000000000e+00
4.409999847412109375e+00 -3.950000047683715820e+00 8.079999923706054688e+00 -4.456250000000000000e+01 1.950000000000000000e+01 -3.275000000000000000e+01 -2.500000000000000000e+00 -8.125000000000000000e-01 6.437500000000000000e+00
4.260000228881835938e+00 -3.069999933242797852e+00 8.100000381469726562e+00 -4.337500000000000000e+01 2.118750000000000000e+01 -3.318750000000000000e+01 6.562500000000000000e+00 4.375000000000000000e-01 -1.875000000000000000e+00
4.079999923706054688e+00 -2.809999942779541016e+00 8.369999885559082031e+00 -4.337500000000000000e+01 2.118750000000000000e+01 -3.318750000000000000e+01 1.031250000000000000e+01 5.687500000000000000e+00 -7.750000000000000000e+00
4.030000209808349609e+00 -2.180000066757202148e+00 8.539999961853027344e+00 -4.337500000000000000e+01 2.118750000000000000e+01 -3.318750000000000000e+01 1.006250000000000000e+01 6.062500000000000000e+00 -7.750000000000000000e+00
4.039999961853027344e+00 -1.960000038146972656e+00 8.680000305175781250e+00 -4.337500000000000000e+01 2.118750000000000000e+01 -3.318750000000000000e+01 9.375000000000000000e+00 6.000000000000000000e+00 -7.062500000000000000e+00
4.070000171661376953e+00 -1.740000009536743164e+00 8.779999732971191406e+00 -4.337500000000000000e+01 2.118750000000000000e+01 -3.318750000000000000e+01 9.375000000000000000e+00 6.000000000000000000e+00 -7.062500000000000000e+00
3.990000009536743164e+00 -1.559999942779541016e+00 8.789999961853027344e+00 -4.306250000000000000e+01 2.125000000000000000e+01 -3.225000000000000000e+01 6.812500000000000000e+00 5.750000000000000000e+00 -5.937500000000000000e+00
4.010000228881835938e+00 -1.659999966621398926e+00 8.819999694824218750e+00 -4.306250000000000000e+01 2.125000000000000000e+01 -3.225000000000000000e+01 1.562500000000000000e+00 2.562500000000000000e+00 -1.562500000000000000e+00
4.039999961853027344e+00 -1.779999971389770508e+00 8.810000419616699219e+00 -4.306250000000000000e+01 2.125000000000000000e+01 -3.225000000000000000e+01 -1.250000000000000000e-01 1.312500000000000000e+00 6.250000000000000000e-02
4.010000228881835938e+00 -1.909999966621398926e+00 8.729999542236328125e+00 -4.306250000000000000e+01 2.125000000000000000e+01 -3.225000000000000000e+01 -1.375000000000000000e+00 5.625000000000000000e-01 9.375000000000000000e-01
