2.950000047683715820e+00 -4.730000019073486328e+00 8.069999694824218750e+00 -3.318750000000000000e+01 3.368750000000000000e+01 -3.175000000000000000e+01 6.250000000000000000e-02 6.250000000000000000e-02 0.000000000000000000e+00
2.900000095367431641e+00 -4.730000019073486328e+00 8.109999656677246094e+00 -3.318750000000000000e+01 3.368750000000000000e+01 -3.175000000000000000e+01 -2.500000000000000000e-01 6.250000000000000000e-02 -1.250000000000000000e-01
2.950000047683715820e+00 -4.719999790191650391e+00 8.090000152587890625e+00 -3.318750000000000000e+01 3.300000000000000000e+01 -3.175000000000000000e+01 -5.625000000000000000e-01 2.500000000000000000e-01 0.000000000000000000e+00
3.019999980926513672e+00 -4.719999790191650391e+00 8.100000381469726562e+00 -3.318750000000000000e+01 3.300000000000000000e+01 -3.175000000000000000e+01 -7.500000000000000000e-01 3.125000000000000000e-01 0.000000000000000000e+00
2.910000085830688477e+00 -4.710000038146972656e+00 8.090000152587890625e+00 -3.318750000000000000e+01 3.300000000000000000e+01 -3.175000000000000000e+01 -1.875000000000000000e+00 1.875000000000000000e-01 6.250000000000000000e-02
3.039999961853027344e+00 -4.699999809265136719e+00 8.010000228881835938e+00 -3.318750000000000000e+01 3.300000000000000000e+01 -3.175000000000000000e+01 -3.937500000000000000e+00 3.125000000000000000e-01 6.250000000000000000e-02
3.049999952316284180e+00 -4.750000000000000000e+00 8.140000343322753906e+00 -3.318750000000000000e+01 3.300000000000000000e+01 -3.175000000000000000e+01 -7.062500000000000000e+00 5.625000000000000000e-01 6.250000000000000000e-01
3.000000000000000000e+00 -4.530000209808349609e+00 8.199999809265136719e+00 -3.318750000000000000e+01 3.300000000000000000e+01 -3.175000000000000000e+01 -1.362500000000000000e+01 6.875000000000000000e-01 1.000000000000000000e+00
2.950000047683715820e+00 -4.179999828338623047e+00 8.050000190734863281e+00 -3.318750000000000000e+01 3.406250000000000000e+01 -3.175000000000000000e+01 -2.150000000000000000e+01 -6.250000000000000000e-01 2.687500000000000000e+00
2.789999961853027344e+00 -3.990000009536743164e+00 8.850000381469726562e+00 -3.318750000000000000e+01 3.406250000000000000e+01 -3.175000000000000000e+01 -1.906250000000000000e+01 -1.750000000000000000e+00 5.500000000000000000e+00
3.180000066757202148e+00 -4.349999904632568359e+00 9.229999542236328125e+00 -3.318750000000000000e+01 3.406250000000000000e+01 -3.175000000000000000e+01 -2.106250000000000000e+01 -1.562500000000000000e+00 8.625000000000000000e+00
3.130000114440917969e+00 -4.869999885559082031e+00 7.860000133514404297e+00 -3.318750000000000000e+01 3.406250000000000000e+01 -3.175000000000000000e+01 -2.000000000000000000e+01 1.125000000000000000e+00 8.000000000000000000e+00
2.670000076293945312e+00 -5.849999904632568359e+00 7.590000152587890625e+00 -3.318750000000000000e+01 3.406250000000000000e+01 -3.175000000000000000e+01 -6.687500000000000000e+00 5.625000000000000000e-01 5.250000000000000000e+00
2.779999971389770508e+00 -5.969999790191650391e+00 7.940000057220458984e+00 -3.318750000000000000e+01 3.450000000000000000e+01 -3.137500000000000000e+01 1.018750000000000000e+01 -1.875000000000000000e-01 6.250000000000000000e+00
3.460000038146972656e+00 -5.730000019073486328e+00 8.090000152587890625e+00 -3.318750000000000000e+01 3.450000000000000000e+01 -3.137500000000000000e+01 2.550000000000000000e+01 5.687500000000000000e+00 6.750000000000000000e+00
3.720000028610229492e+00 -3.930000066757202148e+00 9.149999618530273438e+00 -3.318750000000000000e+01 3.450000000000000000e+01 -3.137500000000000000e+01 3.393750000000000000e+01 1.293750000000000000e+01 4.437500000000000000e+00
3.640000104904174805e+00 -2.759999990463256836e+00 9.600000381469726562e+00 -3.318750000000000000e+01 3.450000000000000000e+01 -3.137500000000000000e+01 3.568750000000000000e+01 2.518750000000000000e+01 -6.000000000000000000e+00
3.730000019073486328e+00 -1.340000033378601074e+00 1.022999954223632812e+01 -3.318750000000000000e+01 3.450000000000000000e+01 -3.137500000000000000e+01 3.318750000000000000e+01 3.831250000000000000e+01 -2.375000000000000000e+01
3.170000076293945312e+00 1.740000009536743164e+00 1.190999984741210938e+01 -3.318750000000000000e+01 3.450000000000000000e+01 -3.175000000000000000e+01 3.537500000000000000e+01 5.231250000000000000e+01 -4.712500000000000000e+01
3.390000104904174805e+00 3.039999961853027344e+00 1.160999965667724609e+01 -3.318750000000000000e+01 3.450000000000000000e+01 -3.175000000000000000e+01 2.893750000000000000e+01 6.568750000000000000e+01 -6.806250000000000000e+01
3.480000019073486328e+00 4.349999904632568359e+00 1.125000000000000000e+01 -3.318750000000000000e+01 3.450000000000000000e+01 -3.175000000000000000e+01 7.187500000000000000e+00 7.762500000000000000e+01 -9.668750000000000000e+01
3.339999914169311523e+00 5.079999923706054688e+00 1.193999958038330078e+01 -3.318750000000000000e+01 3.450000000000000000e+01 -3.175000000000000000e+01 -2.600000000000000000e+01 8.381250000000000000e+01 -1.303750000000000000e+02
3.440000057220458984e+00 4.610000133514404297e+00 1.075000000000000000e+01 -3.318750000000000000e+01 3.450000000000000000e+01 -3.175000000000000000e+01 -5.912500000000000000e+01 8.875000000000000000e+01 -1.622500000000000000e+02
3.690000057220458984e+00 3.490000009536743164e+00 1.044999980926513672e+01 -3.287500000000000000e+01 3.256250000000000000e+01 -3.350000000000000000e+01 -7.475000000000000000e+01 9.662500000000000000e+01 -1.926250000000000000e+02
3.559999942779541016e+00 2.690000057220458984e+00 9.800000190734863281e+00 -3.287500000000000000e+01 3.256250000000000000e+01 -3.350000000000000000e+01 -7.943750000000000000e+01 1.030625000000000000e+02 -2.176250000000000000e+02
3.740000009536743164e+00 2.049999952316284180e+00 9.000000000000000000e+00 -3.287500000000000000e+01 3.256250000000000000e+01 -3.350000000000000000e+01 -8.893750000000000000e+01 1.049375000000000000e+02 -2.403750000000000000e+02
5.030000209808349609e+00 2.599999904632568359e-01 9.220000267028808594e+00 -3.287500000000000000e+01 3.256250000000000000e+01 -3.350000000000000000e+01 -1.071875000000000000e+02 1.012500000000000000e+02 -2.563125000000000000e+02
6.199999809265136719e+00 -1.269999980926513672e+00 8.470000267028808594e+00 -3.287500000000000000e+01 3.256250000000000000e+01 -3.350000000000000000e+01 -1.318750000000000000e+02 1.009375000000000000e+02 -2.593750000000000000e+02
7.070000171661376953e+00 -4.760000228881835938e+00 8.289999961853027344e+00 -3.468750000000000000e+01 2.925000000000000000e+01 -3.300000000000000000e+01 -1.373125000000000000e+02 1.052500000000000000e+02 -2.508125000000000000e+02
7.889999866485595703e+00 -1.106000041961669922e+01 5.349999904632568359e+00 -3.468750000000000000e+01 2.925000000000000000e+01 -3.300000000000000000e+01 -1.002500000000000000e+02 1.221875000000000000e+02 -2.390000000000000000e+02
7.170000076293945312e+00 -9.659999847412109375e+00 4.539999961853027344e+00 -3.468750000000000000e+01 2.925000000000000000e+01 -3.300000000000000000e+01 -7.537500000000000000e+01 1.282500000000000000e+02 -2.215625000000000000e+02
4.909999847412109375e+00 -7.849999904632568359e+00 4.230000019073486328e+00 -3.468750000000000000e+01 2.925000000000000000e+01 -3.300000000000000000e+01 -8.862500000000000000e+01 1.062500000000000000e+02 -1.975625000000000000e+02
4.699999809265136719e+00 -9.670000076293945312e+00 5.090000152587890625e+00 -3.468750000000000000e+01 2.925000000000000000e+01 -3.300000000000000000e+01 -9.575000000000000000e+01 9.012500000000000000e+01 -1.688750000000000000e+02
5.309999942779541016e+00 -1.240999984741210938e+01 5.820000171661376953e+00 -3.656250000000000000e+01 2.518750000000000000e+01 -3.375000000000000000e+01 -8.293750000000000000e+01 8.381250000000000000e+01 -1.429375000000000000e+02
5.349999904632568359e+00 -1.110999965667724609e+01 5.300000190734863281e+00 -3.656250000000000000e+01 2.518750000000000000e+01 -3.375000000000000000e+01 -6.781250000000000000e+01 8.093750000000000000e+01 -1.218125000000000000e+02
4.480000019073486328e+00 -1.031000041961669922e+01 5.400000095367431641e+00 -3.656250000000000000e+01 2.518750000000000000e+01 -3.375000000000000000e+01 -6.800000000000000000e+01 7.181250000000000000e+01 -9.656250000000000000e+01
3.700000047683715820e+00 -1.018000030517578125e+01 5.989999771118164062e+00 -3.656250000000000000e+01 2.518750000000000000e+01 -3.375000000000000000e+01 -6.668750000000000000e+01 6.150000000000000000e+01 -6.931250000000000000e+01
3.829999923706054688e+00 -1.119999980926513672e+01 5.809999942779541016e+00 -3.656250000000000000e+01 2.518750000000000000e+01 -3.375000000000000000e+01 -5.875000000000000000e+01 5.343750000000000000e+01 -4.850000000000000000e+01
4.110000133514404297e+00 -1.135999965667724609e+01 5.670000076293945312e+00 -3.737500000000000000e+01 2.068750000000000000e+01 -3.587500000000000000e+01 -4.693750000000000000e+01 5.162500000000000000e+01 -2.943750000000000000e+01
4.269999980926513672e+00 -1.119999980926513672e+01 5.659999847412109375e+00 -3.737500000000000000e+01 2.068750000000000000e+01 -3.587500000000000000e+01 -3.262500000000000000e+01 5.006250000000000000e+01 -1.143750000000000000e+01
4.019999980926513672e+00 -9.529999732971191406e+00 5.780000209808349609e+00 -3.737500000000000000e+01 2.068750000000000000e+01 -3.587500000000000000e+01 -1.931250000000000000e+01 4.900000000000000000e+01 2.312500000000000000e+00
3.460000038146972656e+00 -9.229999542236328125e+00 5.809999942779541016e+00 -3.737500000000000000e+01 2.068750000000000000e+01 -3.587500000000000000e+01 -8.750000000000000000e+00 4.543750000000000000e+01 1.181250000000000000e+01
2.680000066757202148e+00 -8.630000114440917969e+00 6.170000076293945312e+00 -3.737500000000000000e+01 2.068750000000000000e+01 -3.587500000000000000e+01 6.250000000000000000e-02 3.950000000000000000e+01 1.918750000000000000e+01
2.559999942779541016e+00 -7.769999980926513672e+00 6.309999942779541016e+00 -3.737500000000000000e+01 2.037500000000000000e+01 -3.706250000000000000e+01 5.062500000000000000e+00 3.631250000000000000e+01 2.406250000000000000e+01
2.309999942779541016e+00 -6.739999771118164062e+00 6.619999885559082031e+00 -3.737500000000000000e+01 2.037500000000000000e+01 -3.706250000000000000e+01 9.437500000000000000e+00 3.450000000000000000e+01 2.587500000000000000e+01
1.950000047683715820e+00 -6.340000152587890625e+00 6.800000190734863281e+00 -3.737500000000000000e+01 2.037500000000000000e+01 -3.706250000000000000e+01 1.156250000000000000e+01 3.106250000000000000e+01 2.693750000000000000e+01
1.940000057220458984e+00 -5.699999809265136719e+00 7.070000171661376953e+00 -3.737500000000000000e+01 2.037500000000000000e+01 -3.706250000000000000e+01 1.031250000000000000e+01 2.837500000000000000e+01 2.756250000000000000e+01
2.289999961853027344e+00 -4.730000019073486328e+00 8.010000228881835938e+00 -3.737500000000000000e+01 2.037500000000000000e+01 -3.706250000000000000e+01 6.250000000000000000e+00 2.818750000000000000e+01 2.706250000000000000e+01
2.420000076293945312e+00 -4.739999771118164062e+00 8.500000000000000000e+00 -3.600000000000000000e+01 2.156250000000000000e+01 -3.868750000000000000e+01 1.687500000000000000e+00 3.025000000000000000e+01 2.512500000000000000e+01
2.490000009536743164e+00 -4.809999942779541016e+00 8.729999542236328125e+00 -3.600000000000000000e+01 2.156250000000000000e+01 -3.868750000000000000e+01 -6.250000000000000000e-02 3.400000000000000000e+01 2.412500000000000000e+01
2.339999914169311523e+00 -4.869999885559082031e+00 8.640000343322753906e+00 -3.600000000000000000e+01 2.156250000000000000e+01 -3.868750000000000000e+01 -6.250000000000000000e-02 3.512500000000000000e+01 2.368750000000000000e+01
1.860000014305114746e+00 -5.239999771118164062e+00 8.000000000000000000e+00 -3.600000000000000000e+01 2.156250000000000000e+01 -3.868750000000000000e+01 -1.312500000000000000e+00 3.393750000000000000e+01 2.412500000000000000e+01
1.710000038146972656e+00 -5.590000152587890625e+00 7.550000190734863281e+00 -3.600000000000000000e+01 2.156250000000000000e+01 -3.868750000000000000e+01 -4.187500000000000000e+00 3.050000000000000000e+01 2.618750000000000000e+01
1.580000042915344238e+00 -6.010000228881835938e+00 7.260000228881835938e+00 -3.406250000000000000e+01 2.156250000000000000e+01 -3.787500000000000000e+01 -6.375000000000000000e+00 2.393750000000000000e+01 3.125000000000000000e+01
1.559999942779541016e+00 -6.630000114440917969e+00 6.900000095367431641e+00 -3.406250000000000000e+01 2.156250000000000000e+01 -3.787500000000000000e+01 -8.187500000000000000e+00 1.750000000000000000e+01 3.775000000000000000e+01
1.700000047683715820e+00 -7.570000171661376953e+00 6.539999961853027344e+00 -3.406250000000000000e+01 2.156250000000000000e+01 -3.787500000000000000e+01 -5.812500000000000000e+00 1.193750000000000000e+01 4.537500000000000000e+01
1.620000004768371582e+00 -8.100000381469726562e+00 6.170000076293945312e+00 -3.406250000000000000e+01 2.156250000000000000e+01 -3.787500000000000000e+01 2.812500000000000000e+00 4.875000000000000000e+00 5.468750000000000000e+01
1.279999971389770508e+00 -8.380000114440917969e+00 5.849999904632568359e+00 -3.406250000000000000e+01 2.156250000000000000e+01 -3.787500000000000000e+01 2.812500000000000000e+00 4.875000000000000000e+00 5.468750000000000000e+01
1.159999966621398926e+00 -7.920000076293945312e+00 5.360000133514404297e+00 -3.187500000000000000e+01 2.200000000000000000e+01 -3.868750000000000000e+01 1.450000000000000000e+01 -1.468750000000000000e+01 7.493750000000000000e+01
8.399999737739562988e-01 -7.699999809265136719e+00 5.010000228881835938e+00 -3.187500000000000000e+01 2.200000000000000000e+01 -3.868750000000000000e+01 1.287500000000000000e+01 -2.650000000000000000e+01 8.606250000000000000e+01
3.899999856948852539e-01 -7.449999809265136719e+00 4.789999961853027344e+00 -3.187500000000000000e+01 2.200000000000000000e+01 -3.868750000000000000e+01 8.062500000000000000e+00 -4.268750000000000000e+01 9.762500000000000000e+01
5.699999928474426270e-01 -7.400000095367431641e+00 4.500000000000000000e+00 -3.187500000000000000e+01 2.200000000000000000e+01 -3.868750000000000000e+01 1.312500000000000000e+00 -5.956250000000000000e+01 1.102500000000000000e+02
7.799999713897705078e-01 -7.550000190734863281e+00 4.440000057220458984e+00 -3.187500000000000000e+01 2.200000000000000000e+01 -3.868750000000000000e+01 -5.437500000000000000e+00 -7.843750000000000000e+01 1.234375000000000000e+02
1.110000014305114746e+00 -7.449999809265136719e+00 4.880000114440917969e+00 -3.150000000000000000e+01 2.418750000000000000e+01 -4.025000000000000000e+01 -1.000000000000000000e+01 -9.431250000000000000e+01 1.337500000000000000e+02
1.980000019073486328e+00 -7.599999904632568359e+00 5.280000209808349609e+00 -3.150000000000000000e+01 2.418750000000000000e+01 -4.025000000000000000e+01 -3.937500000000000000e+00 -1.025000000000000000e+02 1.419375000000000000e+02
2.450000047683715820e+00 -8.119999885559082031e+00 6.010000228881835938e+00 -3.150000000000000000e+01 2.418750000000000000e+01 -4.025000000000000000e+01 1.300000000000000000e+01 -1.059375000000000000e+02 1.477500000000000000e+02
3.349999904632568359e+00 -7.539999961853027344e+00 7.860000133514404297e+00 -3.150000000000000000e+01 2.418750000000000000e+01 -4.025000000000000000e+01 2.287500000000000000e+01 -1.038750000000000000e+02 1.520000000000000000e+02
3.869999885559082031e+00 -6.559999942779541016e+00 7.809999942779541016e+00 -3.150000000000000000e+01 2.418750000000000000e+01 -4.025000000000000000e+01 2.606250000000000000e+01 -9.737500000000000000e+01 1.551875000000000000e+02
3.599999904632568359e+00 -5.949999809265136719e+00 8.010000228881835938e+00 -3.075000000000000000e+01 2.750000000000000000e+01 -3.787500000000000000e+01 2.850000000000000000e+01 -9.350000000000000000e+01 1.554375000000000000e+02
2.920000076293945312e+00 -4.699999809265136719e+00 8.550000190734863281e+00 -3.075000000000000000e+01 2.750000000000000000e+01 -3.787500000000000000e+01 2.937500000000000000e+01 -9.337500000000000000e+01 1.526250000000000000e+02
2.470000028610229492e+00 -4.460000038146972656e+00 7.789999961853027344e+00 -3.075000000000000000e+01 2.750000000000000000e+01 -3.787500000000000000e+01 2.806250000000000000e+01 -9.375000000000000000e+01 1.506250000000000000e+02
2.359999895095825195e+00 -4.760000228881835938e+00 8.050000190734863281e+00 -3.075000000000000000e+01 2.750000000000000000e+01 -3.787500000000000000e+01 3.100000000000000000e+01 -9.737500000000000000e+01 1.476875000000000000e+02
1.690000057220458984e+00 -4.280000209808349609e+00 7.900000095367431641e+00 -3.075000000000000000e+01 2.750000000000000000e+01 -3.787500000000000000e+01 2.787500000000000000e+01 -1.019375000000000000e+02 1.442500000000000000e+02
2.400000095367431641e+00 -3.250000000000000000e+00 8.689999580383300781e+00 -3.075000000000000000e+01 3.075000000000000000e+01 -3.618750000000000000e+01 2.168750000000000000e+01 -1.018750000000000000e+02 1.386875000000000000e+02
2.769999980926513672e+00 -3.569999933242797852e+00 8.500000000000000000e+00 -3.075000000000000000e+01 3.075000000000000000e+01 -3.618750000000000000e+01 2.006250000000000000e+01 -9.500000000000000000e+01 1.318125000000000000e+02
2.789999961853027344e+00 -4.130000114440917969e+00 8.390000343322753906e+00 -3.075000000000000000e+01 3.075000000000000000e+01 -3.618750000000000000e+01 2.550000000000000000e+01 -8.668750000000000000e+01 1.238750000000000000e+02
2.609999895095825195e+00 -4.030000209808349609e+00 8.920000076293945312e+00 -3.075000000000000000e+01 3.075000000000000000e+01 -3.618750000000000000e+01 2.718750000000000000e+01 -8.162500000000000000e+01 1.156250000000000000e+02
1.799999952316284180e+00 -2.950000047683715820e+00 8.829999923706054688e+00 -3.075000000000000000e+01 3.075000000000000000e+01 -3.618750000000000000e+01 2.718750000000000000e+01 -8.162500000000000000e+01 1.156250000000000000e+02
1.820000052452087402e+00 -2.859999895095825195e+00 8.130000114440917969e+00 -2.850000000000000000e+01 3.350000000000000000e+01 -3.368750000000000000e+01 2.087500000000000000e+01 -7.606250000000000000e+01 9.943750000000000000e+01
1.669999957084655762e+00 -3.549999952316284180e+00 7.250000000000000000e+00 -2.850000000000000000e+01 3.350000000000000000e+01 -3.368750000000000000e+01 1.950000000000000000e+01 -7.737500000000000000e+01 9.337500000000000000e+01
6.499999761581420898e-01 -3.849999904632568359e+00 7.789999961853027344e+00 -2.850000000000000000e+01 3.350000000000000000e+01 -3.368750000000000000e+01 1.850000000000000000e+01 -8.412500000000000000e+01 8.906250000000000000e+01
1.090000033378601074e+00 -4.059999942779541016e+00 7.860000133514404297e+00 -2.850000000000000000e+01 3.350000000000000000e+01 -3.368750000000000000e+01 1.750000000000000000e+01 -8.725000000000000000e+01 8.281250000000000000e+01
2.009999990463256836e+00 -4.320000171661376953e+00 7.599999904632568359e+00 -2.850000000000000000e+01 3.350000000000000000e+01 -3.368750000000000000e+01 1.750000000000000000e+01 -8.725000000000000000e+01 8.281250000000000000e+01
1.990000009536743164e+00 -4.449999809265136719e+00 7.949999809265136719e+00 -2.806250000000000000e+01 3.637500000000000000e+01 -3.125000000000000000e+01 1.925000000000000000e+01 -8.462500000000000000e+01 7.643750000000000000e+01
2.230000019073486328e+00 -3.990000009536743164e+00 8.539999961853027344e+00 -2.806250000000000000e+01 3.637500000000000000e+01 -3.125000000000000000e+01 2.506250000000000000e+01 -8.137500000000000000e+01 6.668750000000000000e+01
2.339999914169311523e+00 -3.559999942779541016e+00 8.859999656677246094e+00 -2.806250000000000000e+01 3.637500000000000000e+01 -3.125000000000000000e+01 2.550000000000000000e+01 -7.556250000000000000e+01 5.850000000000000000e+01
2.460000038146972656e+00 -3.420000076293945312e+00 9.170000076293945312e+00 -2.806250000000000000e+01 3.637500000000000000e+01 -3.125000000000000000e+01 2.731250000000000000e+01 -6.793750000000000000e+01 4.925000000000000000e+01
2.680000066757202148e+00 -3.299999952316284180e+00 9.640000343322753906e+00 -2.806250000000000000e+01 3.637500000000000000e+01 -3.125000000000000000e+01 3.012500000000000000e+01 -5.762500000000000000e+01 3.893750000000000000e+01
2.769999980926513672e+00 -2.509999990463256836e+00 1.010000038146972656e+01 -2.750000000000000000e+01 3.787500000000000000e+01 -3.168750000000000000e+01 3.212500000000000000e+01 -4.625000000000000000e+01 2.818750000000000000e+01
2.579999923706054688e+00 -2.079999923706054688e+00 1.027000045776367188e+01 -2.750000000000000000e+01 3.787500000000000000e+01 -3.168750000000000000e+01 3.406250000000000000e+01 -3.506250000000000000e+01 1.556250000000000000e+01
2.400000095367431641e+00 -1.559999942779541016e+00 1.011999988555908203e+01 -2.750000000000000000e+01 3.787500000000000000e+01 -3.168750000000000000e+01 3.575000000000000000e+01 -2.531250000000000000e+01 2.312500000000000000e+00
1.539999961853027344e+00 -1.039999961853027344e+00 9.439999580383300781e+00 -2.750000000000000000e+01 3.787500000000000000e+01 -3.168750000000000000e+01 3.856250000000000000e+01 -1.900000000000000000e+01 -1.412500000000000000e+01
1.029999971389770508e+00 -1.139999985694885254e+00 9.050000190734863281e+00 -2.750000000000000000e+01 3.787500000000000000e+01 -3.168750000000000000e+01 3.662500000000000000e+01 -1.768750000000000000e+01 -3.050000000000000000e+01
6.899999976158142090e-01 -1.429999947547912598e+00 8.529999732971191406e+00 -2.787500000000000000e+01 3.868750000000000000e+01 -3.125000000000000000e+01 2.825000000000000000e+01 -2.293750000000000000e+01 -4.312500000000000000e+01
4.799999892711639404e-01 -2.029999971389770508e+00 7.900000095367431641e+00 -2.787500000000000000e+01 3.868750000000000000e+01 -3.125000000000000000e+01 1.493750000000000000e+01 -3.362500000000000000e+01 -5.143750000000000000e+01
1.059999942779541016e+00 -3.940000057220458984e+00 7.440000057220458984e+00 -2.787500000000000000e+01 3.868750000000000000e+01 -3.125000000000000000e+01 -1.875000000000000000e-01 -4.550000000000000000e+01 -5.400000000000000000e+01
1.929999947547912598e+00 -5.010000228881835938e+00 7.829999923706054688e+00 -2.787500000000000000e+01 3.868750000000000000e+01 -3.125000000000000000e+01 -8.750000000000000000e+00 -5.487500000000000000e+01 -5.043750000000000000e+01
2.759999990463256836e+00 -6.239999771118164062e+00 8.250000000000000000e+00 -2.787500000000000000e+01 3.868750000000000000e+01 -3.125000000000000000e+01 -8.750000000000000000e+00 -5.487500000000000000e+01 -5.043750000000000000e+01
3.700000047683715820e+00 -7.260000228881835938e+00 8.699999809265136719e+00 -2.856250000000000000e+01 3.750000000000000000e+01 -3.206250000000000000e+01 -1.300000000000000000e+01 -5.775000000000000000e+01 -2.668750000000000000e+01
7.679999828338623047e+00 -1.003999996185302734e+01 1.293000030517578125e+01 -2.856250000000000000e+01 3.750000000000000000e+01 -3.206250000000000000e+01 -9.937500000000000000e+00 -3.712500000000000000e+01 -7.937500000000000000e+00
