4.280000209808349609e+00 -2.299999952316284180e+00 8.470000267028808594e+00 -4.256250000000000000e+01 2.150000000000000000e+01 -3.406250000000000000e+01 -1.250000000000000000e-01 6.250000000000000000e-02 -1.250000000000000000e-01
4.280000209808349609e+00 -2.309999942779541016e+00 8.439999580383300781e+00 -4.256250000000000000e+01 2.150000000000000000e+01 -3.406250000000000000e+01 6.250000000000000000e-02 -6.250000000000000000e-02 -6.250000000000000000e-02
4.260000228881835938e+00 -2.359999895095825195e+00 8.449999809265136719e+00 -4.256250000000000000e+01 2.068750000000000000e+01 -3.406250000000000000e+01 4.375000000000000000e-01 1.250000000000000000e-01 -2.500000000000000000e-01
4.239999771118164062e+00 -2.400000095367431641e+00 8.420000076293945312e+00 -4.256250000000000000e+01 2.068750000000000000e+01 -3.406250000000000000e+01 3.125000000000000000e-01 1.250000000000000000e-01 -5.000000000000000000e-01
4.159999847412109375e+00 -2.390000104904174805e+00 8.380000114440917969e+00 -4.256250000000000000e+01 2.068750000000000000e+01 -3.406250000000000000e+01 1.000000000000000000e+00 3.750000000000000000e-01 -6.875000000000000000e-01
4.139999866485595703e+00 -2.369999885559082031e+00 8.560000419616699219e+00 -4.256250000000000000e+01 2.068750000000000000e+01 -3.406250000000000000e+01 1.250000000000000000e+00 -6.250000000000000000e-02 -1.250000000000000000e+00
4.159999847412109375e+00 -2.369999885559082031e+00 8.399999618530273438e+00 -4.256250000000000000e+01 2.068750000000000000e+01 -3.406250000000000000e+01 1.500000000000000000e+00 -5.000000000000000000e-01 -1.500000000000000000e+00
3.990000009536743164e+00 -2.490000009536743164e+00 8.510000228881835938e+00 -4.300000000000000000e+01 2.106250000000000000e+01 -3.275000000000000000e+01 1.750000000000000000e+00 -5.625000000000000000e-01 -2.187500000000000000e+00
4.059999942779541016e+00 -2.529999971389770508e+00 8.479999542236328125e+00 -4.300000000000000000e+01 2.106250000000000000e+01 -3.275000000000000000e+01 2.437500000000000000e+00 -1.312500000000000000e+00 -3.187500000000000000e+00
4.119999885559082031e+00 -2.309999942779541016e+00 8.590000152587890625e+00 -4.300000000000000000e+01 2.106250000000000000e+01 -3.275000000000000000e+01 3.187500000000000000e+00 -2.687500000000000000e+00 -3.812500000000000000e+00
4.019999980926513672e+00 -1.830000042915344238e+00 8.750000000000000000e+00 -4.300000000000000000e+01 2.106250000000000000e+01 -3.275000000000000000e+01 2.500000000000000000e+00 -4.250000000000000000e+00 -3.625000000000000000e+00
4.010000228881835938e+00 -1.659999966621398926e+00 8.729999542236328125e+00 -4.300000000000000000e+01 2.106250000000000000e+01 -3.275000000000000000e+01 5.000000000000000000e-01 -6.375000000000000000e+00 -2.562500000000000000e+00
4.010000228881835938e+00 -1.549999952316284180e+00 8.789999961853027344e+00 -4.218750000000000000e+01 2.106250000000000000e+01 -3.368750000000000000e+01 -1.875000000000000000e+00 -8.562500000000000000e+00 -1.312500000000000000e+00
4.139999866485595703e+00 -1.570000052452087402e+00 8.819999694824218750e+00 -4.218750000000000000e+01 2.106250000000000000e+01 -3.368750000000000000e+01 -4.750000000000000000e+00 -1.050000000000000000e+01 6.250000000000000000e-01
3.880000114440917969e+00 -1.919999957084655762e+00 8.779999732971191406e+00 -4.218750000000000000e+01 2.106250000000000000e+01 -3.368750000000000000e+01 -7.375000000000000000e+00 -1.256250000000000000e+01 2.312500000000000000e+00
4.059999942779541016e+00 -2.259999990463256836e+00 8.720000267028808594e+00 -4.218750000000000000e+01 2.106250000000000000e+01 -3.368750000000000000e+01 -9.187500000000000000e+00 -1.468750000000000000e+01 3.625000000000000000e+00
4.010000228881835938e+00 -2.640000104904174805e+00 8.720000267028808594e+00 -4.218750000000000000e+01 2.106250000000000000e+01 -3.368750000000000000e+01 -9.250000000000000000e+00 -1.500000000000000000e+01 4.125000000000000000e+00
3.180000066757202148e+00 -3.049999952316284180e+00 8.960000038146972656e+00 -4.250000000000000000e+01 2.150000000000000000e+01 -3.275000000000000000e+01 -7.875000000000000000e+00 -1.493750000000000000e+01 4.500000000000000000e+00
2.769999980926513672e+00 -3.150000095367431641e+00 9.180000305175781250e+00 -4.250000000000000000e+01 2.150000000000000000e+01 -3.275000000000000000e+01 -5.437500000000000000e+00 -1.487500000000000000e+01 5.187500000000000000e+00
2.569999933242797852e+00 -3.190000057220458984e+00 9.319999694824218750e+00 -4.250000000000000000e+01 2.150000000000000000e+01 -3.275000000000000000e+01 -2.062500000000000000e+00 -1.475000000000000000e+01 6.437500000000000000e+00
1.990000009536743164e+00 -2.990000009536743164e+00 9.710000038146972656e+00 -4.250000000000000000e+01 2.150000000000000000e+01 -3.275000000000000000e+01 1.500000000000000000e+00 -1.468750000000000000e+01 8.250000000000000000e+00
1.110000014305114746e+00 -3.019999980926513672e+00 9.989999771118164062e+00 -4.250000000000000000e+01 2.150000000000000000e+01 -3.275000000000000000e+01 5.062500000000000000e+00 -1.468750000000000000e+01 1.181250000000000000e+01
2.399999946355819702e-01 -3.950000047683715820e+00 1.034000015258789062e+01 -4.287500000000000000e+01 2.068750000000000000e+01 -3.237500000000000000e+01 9.125000000000000000e+00 -1.262500000000000000e+01 1.650000000000000000e+01
-2.500000000000000000e-01 -3.250000000000000000e+00 1.046000003814697266e+01 -4.287500000000000000e+01 2.068750000000000000e+01 -3.237500000000000000e+01 1.612500000000000000e+01 -1.168750000000000000e+01 2.156250000000000000e+01
-3.799999952316284180e-01 -3.470000028610229492e+00 1.022000026702880859e+01 -4.287500000000000000e+01 2.068750000000000000e+01 -3.237500000000000000e+01 1.737500000000000000e+01 -1.100000000000000000e+01 2.618750000000000000e+01
0.000000000000000000e+00 -3.710000038146972656e+00 1.060999965667724609e+01 -4.287500000000000000e+01 2.068750000000000000e+01 -3.237500000000000000e+01 1.987500000000000000e+01 -1.381250000000000000e+01 2.637500000000000000e+01
8.399999737739562988e-01 -3.309999942779541016e+00 1.068000030517578125e+01 -4.287500000000000000e+01 2.068750000000000000e+01 -3.237500000000000000e+01 1.968750000000000000e+01 -1.093750000000000000e+01 2.881250000000000000e+01
-2.800000011920928955e-01 -3.119999885559082031e+00 9.619999885559082031e+00 -4.250000000000000000e+01 2.150000000000000000e+01 -3.237500000000000000e+01 1.868750000000000000e+01 -8.000000000000000000e+00 2.700000000000000000e+01
2.029999971389770508e+00 -2.599999904632568359e+00 8.810000419616699219e+00 -4.250000000000000000e+01 2.150000000000000000e+01 -3.237500000000000000e+01 1.800000000000000000e+01 -1.331250000000000000e+01 2.593750000000000000e+01
3.700000047683715820e+00 -3.079999923706054688e+00 9.090000152587890625e+00 -4.250000000000000000e+01 2.150000000000000000e+01 -3.237500000000000000e+01 1.425000000000000000e+01 -8.625000000000000000e+00 2.343750000000000000e+01
3.170000076293945312e+00 -2.819999933242797852e+00 8.520000457763671875e+00 -4.250000000000000000e+01 2.150000000000000000e+01 -3.237500000000000000e+01 1.312500000000000000e+01 -6.062500000000000000e+00 1.900000000000000000e+01
4.840000152587890625e+00 -2.220000028610229492e+00 8.239999771118164062e+00 -4.250000000000000000e+01 2.150000000000000000e+01 -3.237500000000000000e+01 1.368750000000000000e+01 -4.375000000000000000e+00 1.468750000000000000e+01
5.420000076293945312e+00 -1.720000028610229492e+00 7.820000171661376953e+00 -4.218750000000000000e+01 2.150000000000000000e+01 -3.187500000000000000e+01 1.150000000000000000e+01 -4.312500000000000000e+00 1.131250000000000000e+01
6.639999866485595703e+00 -2.730000019073486328e+00 7.440000057220458984e+00 -4.218750000000000000e+01 2.150000000000000000e+01 -3.187500000000000000e+01 9.250000000000000000e+00 -5.875000000000000000e+00 8.500000000000000000e+00
6.199999809265136719e+00 -2.230000019073486328e+00 7.590000152587890625e+00 -4.218750000000000000e+01 2.150000000000000000e+01 -3.187500000000000000e+01 9.562500000000000000e+00 -2.625000000000000000e+00 6.250000000000000000e+00
5.659999847412109375e+00 -2.380000114440917969e+00 7.690000057220458984e+00 -4.218750000000000000e+01 2.150000000000000000e+01 -3.187500000000000000e+01 7.062500000000000000e+00 -1.062500000000000000e+00 5.625000000000000000e+00
6.400000095367431641e+00 -2.319999933242797852e+00 7.949999809265136719e+00 -4.218750000000000000e+01 2.150000000000000000e+01 -3.187500000000000000e+01 4.375000000000000000e+00 -1.250000000000000000e-01 6.750000000000000000e+00
4.829999923706054688e+00 -2.339999914169311523e+00 7.780000209808349609e+00 -4.137500000000000000e+01 2.300000000000000000e+01 -3.068750000000000000e+01 5.437500000000000000e+00 -1.625000000000000000e+00 5.437500000000000000e+00
5.539999961853027344e+00 -2.039999961853027344e+00 8.000000000000000000e+00 -4.137500000000000000e+01 2.300000000000000000e+01 -3.068750000000000000e+01 5.125000000000000000e+00 -4.437500000000000000e+00 4.875000000000000000e+00
5.480000019073486328e+00 -2.640000104904174805e+00 7.980000019073486328e+00 -4.137500000000000000e+01 2.300000000000000000e+01 -3.068750000000000000e+01 4.250000000000000000e+00 -2.937500000000000000e+00 3.875000000000000000e+00
3.990000009536743164e+00 -2.250000000000000000e+00 8.369999885559082031e+00 -4.137500000000000000e+01 2.300000000000000000e+01 -3.068750000000000000e+01 4.562500000000000000e+00 -1.500000000000000000e+00 3.000000000000000000e+00
4.969999790191650391e+00 -1.919999957084655762e+00 8.350000381469726562e+00 -4.137500000000000000e+01 2.300000000000000000e+01 -3.068750000000000000e+01 3.562500000000000000e+00 -3.750000000000000000e+00 2.000000000000000000e+00
4.239999771118164062e+00 -2.490000009536743164e+00 8.399999618530273438e+00 -4.025000000000000000e+01 2.175000000000000000e+01 -3.025000000000000000e+01 -1.250000000000000000e-01 -2.187500000000000000e+00 5.625000000000000000e-01
3.160000085830688477e+00 -1.899999976158142090e+00 8.750000000000000000e+00 -4.025000000000000000e+01 2.175000000000000000e+01 -3.025000000000000000e+01 -1.000000000000000000e+00 -2.250000000000000000e+00 -1.437500000000000000e+00
4.059999942779541016e+00 -2.359999895095825195e+00 8.859999656677246094e+00 -4.025000000000000000e+01 2.175000000000000000e+01 -3.025000000000000000e+01 -5.562500000000000000e+00 -2.312500000000000000e+00 -3.562500000000000000e+00
2.960000038146972656e+00 -2.170000076293945312e+00 9.119999885559082031e+00 -4.025000000000000000e+01 2.175000000000000000e+01 -3.025000000000000000e+01 -8.125000000000000000e+00 -1.437500000000000000e+00 -4.062500000000000000e+00
2.930000066757202148e+00 -2.470000028610229492e+00 8.970000267028808594e+00 -4.025000000000000000e+01 2.175000000000000000e+01 -3.025000000000000000e+01 -1.137500000000000000e+01 6.875000000000000000e-01 -5.562500000000000000e+00
3.339999914169311523e+00 -2.700000047683715820e+00 8.939999580383300781e+00 -3.918750000000000000e+01 2.218750000000000000e+01 -3.150000000000000000e+01 -1.237500000000000000e+01 4.125000000000000000e+00 -7.187500000000000000e+00
4.019999980926513672e+00 -2.089999914169311523e+00 8.689999580383300781e+00 -3.918750000000000000e+01 2.218750000000000000e+01 -3.150000000000000000e+01 -1.100000000000000000e+01 2.750000000000000000e+00 -9.687500000000000000e+00
4.289999961853027344e+00 -2.640000104904174805e+00 8.609999656677246094e+00 -3.918750000000000000e+01 2.218750000000000000e+01 -3.150000000000000000e+01 -1.193750000000000000e+01 2.562500000000000000e+00 -1.087500000000000000e+01
4.829999923706054688e+00 -1.600000023841857910e+00 8.520000457763671875e+00 -3.918750000000000000e+01 2.218750000000000000e+01 -3.150000000000000000e+01 -8.937500000000000000e+00 4.125000000000000000e+00 -1.206250000000000000e+01
4.570000171661376953e+00 -1.870000004768371582e+00 8.210000038146972656e+00 -3.918750000000000000e+01 2.218750000000000000e+01 -3.150000000000000000e+01 -1.237500000000000000e+01 4.937500000000000000e+00 -9.937500000000000000e+00
5.699999809265136719e+00 -1.990000009536743164e+00 8.239999771118164062e+00 -3.950000000000000000e+01 2.175000000000000000e+01 -2.987500000000000000e+01 -1.587500000000000000e+01 3.937500000000000000e+00 -8.687500000000000000e+00
5.940000057220458984e+00 -2.309999942779541016e+00 7.960000038146972656e+00 -3.950000000000000000e+01 2.175000000000000000e+01 -2.987500000000000000e+01 -1.662500000000000000e+01 4.875000000000000000e+00 -7.812500000000000000e+00
6.530000209808349609e+00 -1.730000019073486328e+00 7.409999847412109375e+00 -3.950000000000000000e+01 2.175000000000000000e+01 -2.987500000000000000e+01 -1.756250000000000000e+01 3.750000000000000000e+00 -6.250000000000000000e+00
7.550000190734863281e+00 -1.720000028610229492e+00 7.599999904632568359e+00 -3.950000000000000000e+01 2.175000000000000000e+01 -2.987500000000000000e+01 -2.193750000000000000e+01 4.812500000000000000e+00 -3.750000000000000000e+00
8.479999542236328125e+00 -1.909999966621398926e+00 7.389999866485595703e+00 -3.950000000000000000e+01 2.175000000000000000e+01 -2.987500000000000000e+01 -2.600000000000000000e+01 4.187500000000000000e+00 6.250000000000000000e-01
9.350000381469726562e+00 -2.519999980926513672e+00 6.860000133514404297e+00 -3.987500000000000000e+01 2.225000000000000000e+01 -2.950000000000000000e+01 -2.806250000000000000e+01 1.625000000000000000e+00 5.125000000000000000e+00
9.479999542236328125e+00 -2.789999961853027344e+00 6.530000209808349609e+00 -3.987500000000000000e+01 2.225000000000000000e+01 -2.950000000000000000e+01 -2.581250000000000000e+01 -1.062500000000000000e+00 7.750000000000000000e+00
9.479999542236328125e+00 -3.259999990463256836e+00 6.480000019073486328e+00 -3.987500000000000000e+01 2.225000000000000000e+01 -2.950000000000000000e+01 -2.031250000000000000e+01 -2.187500000000000000e+00 1.031250000000000000e+01
9.590000152587890625e+00 -3.430000066757202148e+00 6.320000171661376953e+00 -3.987500000000000000e+01 2.225000000000000000e+01 -2.950000000000000000e+01 -1.043750000000000000e+01 -4.062500000000000000e+00 1.193750000000000000e+01
1.006000041961669922e+01 -3.119999885559082031e+00 6.119999885559082031e+00 -3.987500000000000000e+01 2.225000000000000000e+01 -2.950000000000000000e+01 1.937500000000000000e+00 -3.312500000000000000e+00 1.268750000000000000e+01
1.014000034332275391e+01 -2.579999923706054688e+00 6.050000190734863281e+00 -4.025000000000000000e+01 2.268750000000000000e+01 -2.868750000000000000e+01 1.287500000000000000e+01 -4.375000000000000000e-01 1.450000000000000000e+01
1.011999988555908203e+01 -2.079999923706054688e+00 5.909999847412109375e+00 -4.025000000000000000e+01 2.268750000000000000e+01 -2.868750000000000000e+01 1.993750000000000000e+01 2.062500000000000000e+00 1.762500000000000000e+01
1.002999973297119141e+01 -1.580000042915344238e+00 5.869999885559082031e+00 -4.025000000000000000e+01 2.268750000000000000e+01 -2.868750000000000000e+01 2.156250000000000000e+01 5.187500000000000000e+00 2.031250000000000000e+01
9.550000190734863281e+00 -1.139999985694885254e+00 5.880000114440917969e+00 -4.025000000000000000e+01 2.268750000000000000e+01 -2.868750000000000000e+01 1.912500000000000000e+01 7.750000000000000000e+00 2.312500000000000000e+01
9.210000038146972656e+00 -1.070000052452087402e+00 5.940000057220458984e+00 -4.025000000000000000e+01 2.268750000000000000e+01 -2.868750000000000000e+01 1.518750000000000000e+01 9.562500000000000000e+00 2.512500000000000000e+01
8.949999809265136719e+00 -1.019999980926513672e+00 5.960000038146972656e+00 -3.875000000000000000e+01 2.337500000000000000e+01 -2.950000000000000000e+01 1.075000000000000000e+01 1.056250000000000000e+01 2.593750000000000000e+01
8.359999656677246094e+00 -1.200000047683715820e+00 6.050000190734863281e+00 -3.875000000000000000e+01 2.337500000000000000e+01 -2.950000000000000000e+01 6.187500000000000000e+00 1.175000000000000000e+01 2.568750000000000000e+01
8.010000228881835938e+00 -1.289999961853027344e+00 6.119999885559082031e+00 -3.875000000000000000e+01 2.337500000000000000e+01 -2.950000000000000000e+01 2.312500000000000000e+00 1.262500000000000000e+01 2.481250000000000000e+01
7.670000076293945312e+00 -1.299999952316284180e+00 6.190000057220458984e+00 -3.875000000000000000e+01 2.337500000000000000e+01 -2.950000000000000000e+01 -9.375000000000000000e-01 1.387500000000000000e+01 2.337500000000000000e+01
7.389999866485595703e+00 -1.340000033378601074e+00 6.300000190734863281e+00 -3.875000000000000000e+01 2.337500000000000000e+01 -2.950000000000000000e+01 -4.562500000000000000e+00 1.468750000000000000e+01 2.187500000000000000e+01
6.769999980926513672e+00 -1.700000047683715820e+00 6.389999866485595703e+00 -3.775000000000000000e+01 2.337500000000000000e+01 -2.987500000000000000e+01 -8.062500000000000000e+00 1.525000000000000000e+01 1.993750000000000000e+01
6.630000114440917969e+00 -1.879999995231628418e+00 6.510000228881835938e+00 -3.775000000000000000e+01 2.337500000000000000e+01 -2.987500000000000000e+01 -1.000000000000000000e+01 1.537500000000000000e+01 1.712500000000000000e+01
6.599999904632568359e+00 -1.960000038146972656e+00 6.659999847412109375e+00 -3.775000000000000000e+01 2.337500000000000000e+01 -2.987500000000000000e+01 -1.043750000000000000e+01 1.518750000000000000e+01 1.368750000000000000e+01
6.440000057220458984e+00 -1.950000047683715820e+00 6.730000019073486328e+00 -3.775000000000000000e+01 2.337500000000000000e+01 -2.987500000000000000e+01 -9.437500000000000000e+00 1.493750000000000000e+01 1.043750000000000000e+01
5.789999961853027344e+00 -2.119999885559082031e+00 6.849999904632568359e+00 -3.775000000000000000e+01 2.337500000000000000e+01 -2.987500000000000000e+01 -8.500000000000000000e+00 1.581250000000000000e+01 7.125000000000000000e+00
5.369999885559082031e+00 -2.170000076293945312e+00 6.969999790191650391e+00 -3.775000000000000000e+01 2.487500000000000000e+01 -2.987500000000000000e+01 -6.687500000000000000e+00 1.631250000000000000e+01 3.312500000000000000e+00
4.900000095367431641e+00 -2.089999914169311523e+00 7.079999923706054688e+00 -3.775000000000000000e+01 2.487500000000000000e+01 -2.987500000000000000e+01 -4.562500000000000000e+00 1.481250000000000000e+01 -4.375000000000000000e-01
4.489999771118164062e+00 -1.789999961853027344e+00 7.369999885559082031e+00 -3.775000000000000000e+01 2.487500000000000000e+01 -2.987500000000000000e+01 -3.187500000000000000e+00 1.118750000000000000e+01 -3.500000000000000000e+00
4.530000209808349609e+00 -1.840000033378601074e+00 7.460000038146972656e+00 -3.775000000000000000e+01 2.487500000000000000e+01 -2.987500000000000000e+01 -3.187500000000000000e+00 6.187500000000000000e+00 -6.187500000000000000e+00
4.469999790191650391e+00 -1.990000009536743164e+00 7.550000190734863281e+00 -3.775000000000000000e+01 2.487500000000000000e+01 -2.987500000000000000e+01 -3.937500000000000000e+00 1.687500000000000000e+00 -8.250000000000000000e+00
4.349999904632568359e+00 -2.089999914169311523e+00 7.699999809265136719e+00 -3.818750000000000000e+01 2.525000000000000000e+01 -3.025000000000000000e+01 -3.875000000000000000e+00 -1.312500000000000000e+00 -1.037500000000000000e+01
4.340000152587890625e+00 -2.269999980926513672e+00 8.109999656677246094e+00 -3.818750000000000000e+01 2.525000000000000000e+01 -3.025000000000000000e+01 -3.250000000000000000e+00 -3.687500000000000000e+00 -1.212500000000000000e+01
4.309999942779541016e+00 -2.380000114440917969e+00 8.310000419616699219e+00 -3.818750000000000000e+01 2.525000000000000000e+01 -3.025000000000000000e+01 -2.625000000000000000e+00 -5.875000000000000000e+00 -1.312500000000000000e+01
4.349999904632568359e+00 -2.380000114440917969e+00 8.380000114440917969e+00 -3.818750000000000000e+01 2.525000000000000000e+01 -3.025000000000000000e+01 -1.875000000000000000e+00 -6.062500000000000000e+00 -1.418750000000000000e+01
4.340000152587890625e+00 -2.559999942779541016e+00 8.630000114440917969e+00 -3.818750000000000000e+01 2.525000000000000000e+01 -3.025000000000000000e+01 -1.312500000000000000e+00 -3.062500000000000000e+00 -1.387500000000000000e+01
3.829999923706054688e+00 -2.789999961853027344e+00 9.010000228881835938e+00 -3.775000000000000000e+01 2.525000000000000000e+01 -3.068750000000000000e+01 1.125000000000000000e+00 -1.937500000000000000e+00 -1.337500000000000000e+01
3.609999895095825195e+00 -2.859999895095825195e+00 9.000000000000000000e+00 -3.775000000000000000e+01 2.525000000000000000e+01 -3.068750000000000000e+01 5.062500000000000000e+00 -8.750000000000000000e-01 -1.318750000000000000e+01
3.380000114440917969e+00 -2.819999933242797852e+00 9.000000000000000000e+00 -3.775000000000000000e+01 2.525000000000000000e+01 -3.068750000000000000e+01 9.500000000000000000e+00 4.375000000000000000e-01 -1.318750000000000000e+01
2.660000085830688477e+00 -2.500000000000000000e+00 9.090000152587890625e+00 -3.775000000000000000e+01 2.525000000000000000e+01 -3.068750000000000000e+01 1.300000000000000000e+01 8.125000000000000000e-01 -1.268750000000000000e+01
2.470000028610229492e+00 -2.410000085830688477e+00 9.119999885559082031e+00 -3.775000000000000000e+01 2.525000000000000000e+01 -3.068750000000000000e+01 1.500000000000000000e+01 -1.000000000000000000e+00 -1.243750000000000000e+01
2.240000009536743164e+00 -2.529999971389770508e+00 9.130000114440917969e+00 -4.000000000000000000e+01 2.487500000000000000e+01 -3.150000000000000000e+01 1.581250000000000000e+01 -3.875000000000000000e+00 -1.218750000000000000e+01
2.099999904632568359e+00 -2.500000000000000000e+00 9.119999885559082031e+00 -4.000000000000000000e+01 2.487500000000000000e+01 -3.150000000000000000e+01 1.643750000000000000e+01 -7.937500000000000000e+00 -1.250000000000000000e+01
1.659999966621398926e+00 -2.539999961853027344e+00 9.020000457763671875e+00 -4.000000000000000000e+01 2.487500000000000000e+01 -3.150000000000000000e+01 1.637500000000000000e+01 -1.112500000000000000e+01 -1.331250000000000000e+01
1.600000023841857910e+00 -2.420000076293945312e+00 9.090000152587890625e+00 -4.000000000000000000e+01 2.487500000000000000e+01 -3.150000000000000000e+01 1.593750000000000000e+01 -1.425000000000000000e+01 -1.418750000000000000e+01
1.639999985694885254e+00 -2.289999961853027344e+00 9.100000381469726562e+00 -4.000000000000000000e+01 2.487500000000000000e+01 -3.150000000000000000e+01 1.468750000000000000e+01 -1.637500000000000000e+01 -1.456250000000000000e+01
1.700000047683715820e+00 -2.240000009536743164e+00 9.069999694824218750e+00 -4.000000000000000000e+01 2.406250000000000000e+01 -3.150000000000000000e+01 1.187500000000000000e+01 -1.675000000000000000e+01 -1.456250000000000000e+01
1.500000000000000000e+00 -2.170000076293945312e+00 9.029999732971191406e+00 -4.000000000000000000e+01 2.406250000000000000e+01 -3.150000000000000000e+01 8.250000000000000000e+00 -1.475000000000000000e+01 -1.412500000000000000e+01
1.159999966621398926e+00 -2.279999971389770508e+00 8.960000038146972656e+00 -4.000000000000000000e+01 2.406250000000000000e+01 -3.150000000000000000e+01 4.500000000000000000e+00 -1.168750000000000000e+01 -1.368750000000000000e+01
