3.089999914169311523e+00 -4.519999980926513672e+00 8.109999656677246094e+00 -3.575000000000000000e+01 3.106250000000000000e+01 -3.206250000000000000e+01 0.000000000000000000e+00 -1.250000000000000000e-01 -3.125000000000000000e-01
2.940000057220458984e+00 -4.570000171661376953e+00 8.039999961853027344e+00 -3.500000000000000000e+01 3.037500000000000000e+01 -3.287500000000000000e+01 -6.250000000000000000e-02 -6.250000000000000000e-02 -6.250000000000000000e-02
2.680000066757202148e+00 -3.920000076293945312e+00 8.529999732971191406e+00 -3.500000000000000000e+01 3.037500000000000000e+01 -3.287500000000000000e+01 -6.250000000000000000e-02 -1.437500000000000000e+00 2.500000000000000000e-01
3.180000066757202148e+00 -3.920000076293945312e+00 8.090000152587890625e+00 -3.500000000000000000e+01 3.037500000000000000e+01 -3.287500000000000000e+01 -3.312500000000000000e+00 -2.937500000000000000e+00 5.000000000000000000e-01
2.730000019073486328e+00 -4.449999809265136719e+00 8.220000267028808594e+00 -3.500000000000000000e+01 3.037500000000000000e+01 -3.287500000000000000e+01 -3.312500000000000000e+00 -2.437500000000000000e+00 1.687500000000000000e+00
2.750000000000000000e+00 -4.340000152587890625e+00 7.960000038146972656e+00 -3.500000000000000000e+01 3.037500000000000000e+01 -3.287500000000000000e+01 -1.937500000000000000e+00 -4.187500000000000000e+00 1.625000000000000000e+00
2.849999904632568359e+00 -4.269999980926513672e+00 8.329999923706054688e+00 -3.500000000000000000e+01 3.037500000000000000e+01 -3.287500000000000000e+01 -1.812500000000000000e+00 -5.937500000000000000e+00 1.062500000000000000e+00
2.829999923706054688e+00 -4.860000133514404297e+00 7.929999828338623047e+00 -3.500000000000000000e+01 3.037500000000000000e+01 -3.287500000000000000e+01 -5.625000000000000000e-01 -7.687500000000000000e+00 1.937500000000000000e+00
2.690000057220458984e+00 -5.349999904632568359e+00 8.119999885559082031e+00 -3.500000000000000000e+01 3.037500000000000000e+01 -3.287500000000000000e+01 1.062500000000000000e+00 -8.437500000000000000e+00 6.250000000000000000e-01
2.559999942779541016e+00 -5.280000209808349609e+00 8.170000076293945312e+00 -3.500000000000000000e+01 3.037500000000000000e+01 -3.287500000000000000e+01 4.500000000000000000e+00 -1.043750000000000000e+01 -1.250000000000000000e+00
2.680000066757202148e+00 -4.789999961853027344e+00 8.260000228881835938e+00 -3.500000000000000000e+01 3.037500000000000000e+01 -3.287500000000000000e+01 6.500000000000000000e+00 -1.325000000000000000e+01 -3.125000000000000000e+00
1.960000038146972656e+00 -4.880000114440917969e+00 8.619999885559082031e+00 -3.456250000000000000e+01 3.037500000000000000e+01 -3.125000000000000000e+01 6.312500000000000000e+00 -1.662500000000000000e+01 -3.625000000000000000e+00
1.379999995231628418e+00 -5.010000228881835938e+00 8.890000343322753906e+00 -3.456250000000000000e+01 3.037500000000000000e+01 -3.125000000000000000e+01 9.062500000000000000e+00 -2.475000000000000000e+01 -1.562500000000000000e+00
1.429999947547912598e+00 -4.440000057220458984e+00 9.060000419616699219e+00 -3.456250000000000000e+01 3.037500000000000000e+01 -3.125000000000000000e+01 1.462500000000000000e+01 -3.868750000000000000e+01 -6.250000000000000000e-01
1.730000019073486328e+00 -3.490000009536743164e+00 9.289999961853027344e+00 -3.456250000000000000e+01 3.037500000000000000e+01 -3.125000000000000000e+01 1.431250000000000000e+01 -5.343750000000000000e+01 -5.250000000000000000e+00
2.339999914169311523e+00 -4.530000209808349609e+00 8.779999732971191406e+00 -3.456250000000000000e+01 3.037500000000000000e+01 -3.125000000000000000e+01 5.437500000000000000e+00 -6.743750000000000000e+01 -9.937500000000000000e+00
2.559999942779541016e+00 -4.860000133514404297e+00 9.029999732971191406e+00 -3.687500000000000000e+01 3.106250000000000000e+01 -3.087500000000000000e+01 2.875000000000000000e+00 -8.062500000000000000e+01 -1.312500000000000000e+01
2.980000019073486328e+00 -5.050000190734863281e+00 9.050000190734863281e+00 -3.687500000000000000e+01 3.106250000000000000e+01 -3.087500000000000000e+01 6.250000000000000000e+00 -8.893750000000000000e+01 -1.687500000000000000e+01
3.349999904632568359e+00 -5.280000209808349609e+00 8.199999809265136719e+00 -3.687500000000000000e+01 3.106250000000000000e+01 -3.087500000000000000e+01 1.387500000000000000e+01 -9.531250000000000000e+01 -1.906250000000000000e+01
4.159999847412109375e+00 -5.139999866485595703e+00 8.090000152587890625e+00 -3.687500000000000000e+01 3.106250000000000000e+01 -3.087500000000000000e+01 1.731250000000000000e+01 -1.001875000000000000e+02 -2.343750000000000000e+01
4.849999904632568359e+00 -4.829999923706054688e+00 8.300000190734863281e+00 -3.687500000000000000e+01 3.106250000000000000e+01 -3.087500000000000000e+01 1.756250000000000000e+01 -1.028750000000000000e+02 -2.637500000000000000e+01
4.719999790191650391e+00 -5.360000133514404297e+00 8.020000457763671875e+00 -3.725000000000000000e+01 2.956250000000000000e+01 -2.918750000000000000e+01 2.112500000000000000e+01 -1.016875000000000000e+02 -2.912500000000000000e+01
5.000000000000000000e+00 -4.869999885559082031e+00 7.670000076293945312e+00 -3.725000000000000000e+01 2.956250000000000000e+01 -2.918750000000000000e+01 3.050000000000000000e+01 -1.003750000000000000e+02 -3.306250000000000000e+01
5.349999904632568359e+00 -4.760000228881835938e+00 7.820000171661376953e+00 -3.725000000000000000e+01 2.956250000000000000e+01 -2.918750000000000000e+01 3.825000000000000000e+01 -9.662500000000000000e+01 -3.543750000000000000e+01
5.090000152587890625e+00 -4.309999942779541016e+00 7.920000076293945312e+00 -3.725000000000000000e+01 2.956250000000000000e+01 -2.918750000000000000e+01 4.531250000000000000e+01 -9.056250000000000000e+01 -3.606250000000000000e+01
4.480000019073486328e+00 -3.750000000000000000e+00 7.449999809265136719e+00 -3.725000000000000000e+01 2.956250000000000000e+01 -2.918750000000000000e+01 4.931250000000000000e+01 -8.475000000000000000e+01 -3.212500000000000000e+01
4.559999942779541016e+00 -3.289999961853027344e+00 7.070000171661376953e+00 -4.056250000000000000e+01 2.737500000000000000e+01 -2.468750000000000000e+01 4.593750000000000000e+01 -8.375000000000000000e+01 -2.456250000000000000e+01
4.679999828338623047e+00 -3.049999952316284180e+00 7.460000038146972656e+00 -4.056250000000000000e+01 2.737500000000000000e+01 -2.468750000000000000e+01 3.918750000000000000e+01 -8.518750000000000000e+01 -2.162500000000000000e+01
4.750000000000000000e+00 -2.970000028610229492e+00 7.480000019073486328e+00 -4.056250000000000000e+01 2.737500000000000000e+01 -2.468750000000000000e+01 3.143750000000000000e+01 -8.381250000000000000e+01 -1.812500000000000000e+01
5.119999885559082031e+00 -3.140000104904174805e+00 7.420000076293945312e+00 -4.056250000000000000e+01 2.737500000000000000e+01 -2.468750000000000000e+01 2.937500000000000000e+01 -8.237500000000000000e+01 -1.250000000000000000e+01
5.469999790191650391e+00 -3.089999914169311523e+00 7.329999923706054688e+00 -4.056250000000000000e+01 2.737500000000000000e+01 -2.468750000000000000e+01 2.656250000000000000e+01 -8.162500000000000000e+01 -9.187500000000000000e+00
5.440000057220458984e+00 -3.240000009536743164e+00 6.980000019073486328e+00 -4.275000000000000000e+01 2.625000000000000000e+01 -2.450000000000000000e+01 2.312500000000000000e+01 -7.981250000000000000e+01 -7.375000000000000000e+00
5.320000171661376953e+00 -3.460000038146972656e+00 7.159999847412109375e+00 -4.275000000000000000e+01 2.625000000000000000e+01 -2.450000000000000000e+01 2.137500000000000000e+01 -7.993750000000000000e+01 -6.000000000000000000e+00
6.150000095367431641e+00 -3.460000038146972656e+00 6.980000019073486328e+00 -4.275000000000000000e+01 2.625000000000000000e+01 -2.450000000000000000e+01 1.600000000000000000e+01 -8.050000000000000000e+01 -5.437500000000000000e+00
5.750000000000000000e+00 -3.759999990463256836e+00 7.309999942779541016e+00 -4.275000000000000000e+01 2.625000000000000000e+01 -2.450000000000000000e+01 1.293750000000000000e+01 -8.018750000000000000e+01 -7.750000000000000000e+00
5.929999828338623047e+00 -3.859999895095825195e+00 7.269999980926513672e+00 -4.275000000000000000e+01 2.625000000000000000e+01 -2.450000000000000000e+01 1.400000000000000000e+01 -8.075000000000000000e+01 -8.937500000000000000e+00
6.300000190734863281e+00 -3.789999961853027344e+00 6.929999828338623047e+00 -4.537500000000000000e+01 2.518750000000000000e+01 -2.150000000000000000e+01 1.718750000000000000e+01 -8.181250000000000000e+01 -7.437500000000000000e+00
6.489999771118164062e+00 -3.619999885559082031e+00 6.460000038146972656e+00 -4.537500000000000000e+01 2.518750000000000000e+01 -2.150000000000000000e+01 2.025000000000000000e+01 -7.900000000000000000e+01 -7.125000000000000000e+00
7.010000228881835938e+00 -2.970000028610229492e+00 6.340000152587890625e+00 -4.537500000000000000e+01 2.518750000000000000e+01 -2.150000000000000000e+01 2.081250000000000000e+01 -7.650000000000000000e+01 -8.250000000000000000e+00
7.150000095367431641e+00 -2.960000038146972656e+00 5.949999809265136719e+00 -4.537500000000000000e+01 2.518750000000000000e+01 -2.150000000000000000e+01 1.631250000000000000e+01 -7.212500000000000000e+01 -9.437500000000000000e+00
7.460000038146972656e+00 -3.009999990463256836e+00 5.440000057220458984e+00 -4.537500000000000000e+01 2.518750000000000000e+01 -2.150000000000000000e+01 1.675000000000000000e+01 -6.550000000000000000e+01 -8.937500000000000000e+00
7.440000057220458984e+00 -2.990000009536743164e+00 5.079999923706054688e+00 -4.575000000000000000e+01 2.437500000000000000e+01 -1.825000000000000000e+01 1.937500000000000000e+01 -5.475000000000000000e+01 -6.500000000000000000e+00
7.110000133514404297e+00 -3.039999961853027344e+00 4.719999790191650391e+00 -4.575000000000000000e+01 2.437500000000000000e+01 -1.825000000000000000e+01 2.243750000000000000e+01 -4.187500000000000000e+01 -2.812500000000000000e+00
7.429999828338623047e+00 -2.450000047683715820e+00 5.130000114440917969e+00 -4.575000000000000000e+01 2.437500000000000000e+01 -1.825000000000000000e+01 2.143750000000000000e+01 -3.206250000000000000e+01 3.750000000000000000e-01
7.170000076293945312e+00 -1.960000038146972656e+00 4.179999828338623047e+00 -4.575000000000000000e+01 2.437500000000000000e+01 -1.825000000000000000e+01 1.412500000000000000e+01 -1.812500000000000000e+01 3.687500000000000000e+00
7.400000095367431641e+00 -2.369999885559082031e+00 4.619999885559082031e+00 -4.575000000000000000e+01 2.437500000000000000e+01 -1.825000000000000000e+01 6.875000000000000000e-01 -9.625000000000000000e+00 3.625000000000000000e+00
7.500000000000000000e+00 -2.839999914169311523e+00 5.030000209808349609e+00 -4.756250000000000000e+01 2.437500000000000000e+01 -1.568750000000000000e+01 -9.375000000000000000e+00 -1.000000000000000000e+00 4.187500000000000000e+00
7.150000095367431641e+00 -2.910000085830688477e+00 5.349999904632568359e+00 -4.756250000000000000e+01 2.437500000000000000e+01 -1.568750000000000000e+01 -1.100000000000000000e+01 9.062500000000000000e+00 7.750000000000000000e+00
6.920000076293945312e+00 -2.960000038146972656e+00 5.840000152587890625e+00 -4.756250000000000000e+01 2.437500000000000000e+01 -1.568750000000000000e+01 -1.000000000000000000e+01 1.706250000000000000e+01 1.156250000000000000e+01
6.829999923706054688e+00 -2.970000028610229492e+00 6.190000057220458984e+00 -4.756250000000000000e+01 2.437500000000000000e+01 -1.568750000000000000e+01 -8.812500000000000000e+00 2.275000000000000000e+01 1.500000000000000000e+01
6.659999847412109375e+00 -2.970000028610229492e+00 6.389999866485595703e+00 -4.756250000000000000e+01 2.437500000000000000e+01 -1.568750000000000000e+01 -7.875000000000000000e+00 2.656250000000000000e+01 1.800000000000000000e+01
6.690000057220458984e+00 -3.640000104904174805e+00 6.389999866485595703e+00 -4.887500000000000000e+01 2.406250000000000000e+01 -1.656250000000000000e+01 -8.062500000000000000e+00 2.868750000000000000e+01 1.956250000000000000e+01
6.880000114440917969e+00 -4.110000133514404297e+00 6.610000133514404297e+00 -4.887500000000000000e+01 2.406250000000000000e+01 -1.656250000000000000e+01 -7.125000000000000000e+00 3.012500000000000000e+01 1.856250000000000000e+01
7.039999961853027344e+00 -4.289999961853027344e+00 6.579999923706054688e+00 -4.887500000000000000e+01 2.406250000000000000e+01 -1.656250000000000000e+01 -3.125000000000000000e+00 3.218750000000000000e+01 1.506250000000000000e+01
6.840000152587890625e+00 -4.150000095367431641e+00 6.480000019073486328e+00 -4.887500000000000000e+01 2.406250000000000000e+01 -1.656250000000000000e+01 1.000000000000000000e+00 3.462500000000000000e+01 9.687500000000000000e+00
6.590000152587890625e+00 -3.930000066757202148e+00 6.530000209808349609e+00 -4.887500000000000000e+01 2.406250000000000000e+01 -1.656250000000000000e+01 2.000000000000000000e+00 3.593750000000000000e+01 4.687500000000000000e+00
6.449999809265136719e+00 -3.779999971389770508e+00 6.780000209808349609e+00 -4.687500000000000000e+01 2.475000000000000000e+01 -1.668750000000000000e+01 1.187500000000000000e+00 3.700000000000000000e+01 5.000000000000000000e-01
6.280000209808349609e+00 -3.440000057220458984e+00 6.869999885559082031e+00 -4.687500000000000000e+01 2.475000000000000000e+01 -1.668750000000000000e+01 -1.250000000000000000e-01 3.725000000000000000e+01 -2.562500000000000000e+00
6.050000190734863281e+00 -3.140000104904174805e+00 6.750000000000000000e+00 -4.687500000000000000e+01 2.475000000000000000e+01 -1.668750000000000000e+01 -2.000000000000000000e+00 3.775000000000000000e+01 -2.812500000000000000e+00
6.050000190734863281e+00 -3.039999961853027344e+00 6.769999980926513672e+00 -4.687500000000000000e+01 2.475000000000000000e+01 -1.668750000000000000e+01 -4.562500000000000000e+00 3.787500000000000000e+01 -6.250000000000000000e-01
6.139999866485595703e+00 -3.190000057220458984e+00 6.860000133514404297e+00 -4.687500000000000000e+01 2.475000000000000000e+01 -1.668750000000000000e+01 -4.812500000000000000e+00 3.806250000000000000e+01 1.687500000000000000e+00
6.079999923706054688e+00 -3.200000047683715820e+00 6.699999809265136719e+00 -4.656250000000000000e+01 2.475000000000000000e+01 -1.868750000000000000e+01 -2.812500000000000000e+00 4.037500000000000000e+01 4.937500000000000000e+00
6.019999980926513672e+00 -3.319999933242797852e+00 6.570000171661376953e+00 -4.656250000000000000e+01 2.475000000000000000e+01 -1.868750000000000000e+01 6.250000000000000000e-02 4.325000000000000000e+01 7.625000000000000000e+00
6.190000057220458984e+00 -3.160000085830688477e+00 6.269999980926513672e+00 -4.656250000000000000e+01 2.475000000000000000e+01 -1.868750000000000000e+01 1.625000000000000000e+00 4.600000000000000000e+01 1.043750000000000000e+01
6.019999980926513672e+00 -3.220000028610229492e+00 6.610000133514404297e+00 -4.656250000000000000e+01 2.475000000000000000e+01 -1.868750000000000000e+01 1.750000000000000000e+00 5.075000000000000000e+01 1.243750000000000000e+01
5.800000190734863281e+00 -3.250000000000000000e+00 6.480000019073486328e+00 -4.656250000000000000e+01 2.475000000000000000e+01 -1.868750000000000000e+01 -1.500000000000000000e+00 5.375000000000000000e+01 1.306250000000000000e+01
6.190000057220458984e+00 -3.420000076293945312e+00 6.739999771118164062e+00 -4.587500000000000000e+01 2.475000000000000000e+01 -2.025000000000000000e+01 -4.312500000000000000e+00 5.631250000000000000e+01 1.400000000000000000e+01
6.110000133514404297e+00 -3.630000114440917969e+00 6.889999866485595703e+00 -4.587500000000000000e+01 2.475000000000000000e+01 -2.025000000000000000e+01 -4.937500000000000000e+00 5.968750000000000000e+01 1.312500000000000000e+01
5.710000038146972656e+00 -3.799999952316284180e+00 7.059999942779541016e+00 -4.587500000000000000e+01 2.475000000000000000e+01 -2.025000000000000000e+01 -3.750000000000000000e+00 6.393750000000000000e+01 1.225000000000000000e+01
5.559999942779541016e+00 -3.799999952316284180e+00 7.059999942779541016e+00 -4.587500000000000000e+01 2.475000000000000000e+01 -2.025000000000000000e+01 -1.500000000000000000e+00 6.775000000000000000e+01 1.275000000000000000e+01
5.619999885559082031e+00 -3.660000085830688477e+00 7.000000000000000000e+00 -4.587500000000000000e+01 2.475000000000000000e+01 -2.025000000000000000e+01 -1.875000000000000000e+00 7.237500000000000000e+01 1.318750000000000000e+01
6.309999942779541016e+00 -3.390000104904174805e+00 6.960000038146972656e+00 -4.550000000000000000e+01 2.625000000000000000e+01 -2.237500000000000000e+01 -5.875000000000000000e+00 7.725000000000000000e+01 1.156250000000000000e+01
5.309999942779541016e+00 -2.750000000000000000e+00 7.309999942779541016e+00 -4.550000000000000000e+01 2.625000000000000000e+01 -2.237500000000000000e+01 -8.187500000000000000e+00 8.006250000000000000e+01 1.231250000000000000e+01
4.480000019073486328e+00 -3.750000000000000000e+00 7.679999828338623047e+00 -4.550000000000000000e+01 2.625000000000000000e+01 -2.237500000000000000e+01 -1.281250000000000000e+01 8.106250000000000000e+01 1.506250000000000000e+01
4.380000114440917969e+00 -3.950000047683715820e+00 7.900000095367431641e+00 -4.550000000000000000e+01 2.625000000000000000e+01 -2.237500000000000000e+01 -2.031250000000000000e+01 7.693750000000000000e+01 1.475000000000000000e+01
4.300000190734863281e+00 -3.960000038146972656e+00 8.039999961853027344e+00 -4.550000000000000000e+01 2.625000000000000000e+01 -2.237500000000000000e+01 -2.437500000000000000e+01 7.437500000000000000e+01 1.562500000000000000e+01
4.840000152587890625e+00 -3.349999904632568359e+00 8.060000419616699219e+00 -4.250000000000000000e+01 2.706250000000000000e+01 -2.556250000000000000e+01 -2.012500000000000000e+01 7.368750000000000000e+01 1.881250000000000000e+01
4.019999980926513672e+00 -4.349999904632568359e+00 8.390000343322753906e+00 -4.250000000000000000e+01 2.706250000000000000e+01 -2.556250000000000000e+01 -1.818750000000000000e+01 7.312500000000000000e+01 1.918750000000000000e+01
4.210000038146972656e+00 -4.320000171661376953e+00 7.940000057220458984e+00 -4.250000000000000000e+01 2.706250000000000000e+01 -2.556250000000000000e+01 -2.362500000000000000e+01 6.743750000000000000e+01 1.337500000000000000e+01
4.619999885559082031e+00 -4.389999866485595703e+00 8.210000038146972656e+00 -4.250000000000000000e+01 2.706250000000000000e+01 -2.556250000000000000e+01 -2.487500000000000000e+01 6.175000000000000000e+01 1.193750000000000000e+01
4.260000228881835938e+00 -4.710000038146972656e+00 8.779999732971191406e+00 -4.250000000000000000e+01 2.706250000000000000e+01 -2.556250000000000000e+01 -2.325000000000000000e+01 5.825000000000000000e+01 8.375000000000000000e+00
4.639999866485595703e+00 -4.400000095367431641e+00 7.780000209808349609e+00 -4.025000000000000000e+01 2.706250000000000000e+01 -2.768750000000000000e+01 -1.612500000000000000e+01 5.587500000000000000e+01 5.000000000000000000e+00
4.610000133514404297e+00 -3.599999904632568359e+00 8.329999923706054688e+00 -4.025000000000000000e+01 2.706250000000000000e+01 -2.768750000000000000e+01 -7.062500000000000000e+00 5.862500000000000000e+01 7.625000000000000000e+00
4.230000019073486328e+00 -3.039999961853027344e+00 8.470000267028808594e+00 -4.025000000000000000e+01 2.706250000000000000e+01 -2.768750000000000000e+01 -2.625000000000000000e+00 6.068750000000000000e+01 9.312500000000000000e+00
3.960000038146972656e+00 -2.299999952316284180e+00 7.500000000000000000e+00 -4.025000000000000000e+01 2.706250000000000000e+01 -2.768750000000000000e+01 -6.375000000000000000e+00 6.268750000000000000e+01 1.206250000000000000e+01
3.619999885559082031e+00 -2.130000114440917969e+00 8.220000267028808594e+00 -4.025000000000000000e+01 2.706250000000000000e+01 -2.768750000000000000e+01 -1.900000000000000000e+01 6.225000000000000000e+01 1.550000000000000000e+01
3.309999942779541016e+00 -2.890000104904174805e+00 8.770000457763671875e+00 -3.850000000000000000e+01 2.887500000000000000e+01 -2.900000000000000000e+01 -3.518750000000000000e+01 5.681250000000000000e+01 2.068750000000000000e+01
3.259999990463256836e+00 -4.190000057220458984e+00 8.319999694824218750e+00 -3.850000000000000000e+01 2.887500000000000000e+01 -2.900000000000000000e+01 -4.237500000000000000e+01 5.200000000000000000e+01 2.406250000000000000e+01
3.339999914169311523e+00 -5.579999923706054688e+00 8.529999732971191406e+00 -3.850000000000000000e+01 2.887500000000000000e+01 -2.900000000000000000e+01 -3.650000000000000000e+01 4.943750000000000000e+01 2.512500000000000000e+01
3.359999895095825195e+00 -5.860000133514404297e+00 8.739999771118164062e+00 -3.850000000000000000e+01 2.887500000000000000e+01 -2.900000000000000000e+01 -2.375000000000000000e+01 4.750000000000000000e+01 2.475000000000000000e+01
3.390000104904174805e+00 -6.039999961853027344e+00 8.180000305175781250e+00 -3.850000000000000000e+01 2.887500000000000000e+01 -2.900000000000000000e+01 -7.500000000000000000e+00 4.812500000000000000e+01 2.012500000000000000e+01
3.470000028610229492e+00 -5.739999771118164062e+00 7.969999790191650391e+00 -3.700000000000000000e+01 2.887500000000000000e+01 -2.975000000000000000e+01 3.000000000000000000e+00 4.943750000000000000e+01 1.362500000000000000e+01
3.509999990463256836e+00 -4.699999809265136719e+00 8.010000228881835938e+00 -3.700000000000000000e+01 2.887500000000000000e+01 -2.975000000000000000e+01 5.187500000000000000e+00 5.068750000000000000e+01 6.375000000000000000e+00
3.519999980926513672e+00 -4.260000228881835938e+00 8.329999923706054688e+00 -3.700000000000000000e+01 2.887500000000000000e+01 -2.975000000000000000e+01 3.562500000000000000e+00 5.112500000000000000e+01 3.750000000000000000e-01
3.440000057220458984e+00 -3.779999971389770508e+00 8.539999961853027344e+00 -3.700000000000000000e+01 2.887500000000000000e+01 -2.975000000000000000e+01 1.250000000000000000e-01 5.250000000000000000e+01 -2.625000000000000000e+00
1.800000071525573730e-01 -3.740000009536743164e+00 7.260000228881835938e+00 -3.700000000000000000e+01 2.887500000000000000e+01 -2.975000000000000000e+01 -2.937500000000000000e+00 5.568750000000000000e+01 -2.062500000000000000e+00
-5.699999928474426270e-01 -4.769999980926513672e+00 8.949999809265136719e+00 -3.587500000000000000e+01 3.037500000000000000e+01 -3.175000000000000000e+01 4.250000000000000000e+00 4.912500000000000000e+01 4.500000000000000000e+00
-3.199999928474426270e-01 -2.700000047683715820e+00 1.034000015258789062e+01 -3.587500000000000000e+01 3.037500000000000000e+01 -3.175000000000000000e+01 4.250000000000000000e+00 4.912500000000000000e+01 4.500000000000000000e+00
1.129999995231628418e+00 -1.679999947547912598e+00 1.047000026702880859e+01 -3.587500000000000000e+01 3.037500000000000000e+01 -3.175000000000000000e+01 1.312500000000000000e+00 1.200000000000000000e+01 1.131250000000000000e+01
3.869999885559082031e+00 -4.349999904632568359e+00 7.309999942779541016e+00 -3.587500000000000000e+01 3.037500000000000000e+01 -3.175000000000000000e+01 -2.887500000000000000e+01 -1.812500000000000000e+01 7.125000000000000000e+00
