3.529999971389770508e+00 -3.619999885559082031e+00 8.369999885559082031e+00 -3.975000000000000000e+01 2.737500000000000000e+01 -3.368750000000000000e+01 -1.250000000000000000e-01 0.000000000000000000e+00 -6.250000000000000000e-02
3.549999952316284180e+00 -3.650000095367431641e+00 8.390000343322753906e+00 -3.975000000000000000e+01 2.737500000000000000e+01 -3.368750000000000000e+01 0.000000000000000000e+00 -6.250000000000000000e-02 0.000000000000000000e+00
3.569999933242797852e+00 -3.599999904632568359e+00 8.369999885559082031e+00 -3.975000000000000000e+01 2.737500000000000000e+01 -3.368750000000000000e+01 1.250000000000000000e-01 3.125000000000000000e-01 -6.250000000000000000e-02
3.509999990463256836e+00 -3.619999885559082031e+00 8.369999885559082031e+00 -3.975000000000000000e+01 2.737500000000000000e+01 -3.368750000000000000e+01 -6.250000000000000000e-02 1.250000000000000000e-01 -1.875000000000000000e-01
3.569999933242797852e+00 -3.670000076293945312e+00 8.380000114440917969e+00 -3.975000000000000000e+01 2.737500000000000000e+01 -3.368750000000000000e+01 -6.250000000000000000e-02 1.250000000000000000e-01 -1.875000000000000000e-01
3.579999923706054688e+00 -3.619999885559082031e+00 8.380000114440917969e+00 -3.975000000000000000e+01 2.775000000000000000e+01 -3.318750000000000000e+01 6.250000000000000000e-02 6.250000000000000000e-02 0.000000000000000000e+00
3.519999980926513672e+00 -3.549999952316284180e+00 8.430000305175781250e+00 -3.975000000000000000e+01 2.775000000000000000e+01 -3.318750000000000000e+01 -5.000000000000000000e-01 -2.500000000000000000e-01 -1.250000000000000000e-01
3.650000095367431641e+00 -3.359999895095825195e+00 8.840000152587890625e+00 -3.975000000000000000e+01 2.775000000000000000e+01 -3.318750000000000000e+01 -3.000000000000000000e+00 -8.125000000000000000e-01 2.500000000000000000e-01
3.740000009536743164e+00 -3.150000095367431641e+00 9.100000381469726562e+00 -3.975000000000000000e+01 2.775000000000000000e+01 -3.318750000000000000e+01 -9.937500000000000000e+00 -1.937500000000000000e+00 1.437500000000000000e+00
3.829999923706054688e+00 -2.789999961853027344e+00 9.279999732971191406e+00 -3.975000000000000000e+01 2.775000000000000000e+01 -3.318750000000000000e+01 -9.937500000000000000e+00 -1.937500000000000000e+00 1.437500000000000000e+00
4.489999771118164062e+00 -3.150000095367431641e+00 9.649999618530273438e+00 -3.937500000000000000e+01 2.856250000000000000e+01 -3.400000000000000000e+01 -2.075000000000000000e+01 -2.687500000000000000e+00 3.875000000000000000e+00
6.099999904632568359e+00 -3.400000095367431641e+00 9.710000038146972656e+00 -3.937500000000000000e+01 2.856250000000000000e+01 -3.400000000000000000e+01 -4.687500000000000000e+01 1.193750000000000000e+01 1.106250000000000000e+01
6.780000209808349609e+00 -3.960000038146972656e+00 1.018000030517578125e+01 -3.937500000000000000e+01 2.856250000000000000e+01 -3.400000000000000000e+01 -5.981250000000000000e+01 2.881250000000000000e+01 1.731250000000000000e+01
7.280000209808349609e+00 -4.789999961853027344e+00 1.038000011444091797e+01 -3.937500000000000000e+01 2.856250000000000000e+01 -3.400000000000000000e+01 -6.543750000000000000e+01 4.637500000000000000e+01 2.637500000000000000e+01
7.929999828338623047e+00 -6.929999828338623047e+00 1.177999973297119141e+01 -3.937500000000000000e+01 2.856250000000000000e+01 -3.400000000000000000e+01 -6.543750000000000000e+01 4.637500000000000000e+01 2.637500000000000000e+01
9.619999885559082031e+00 -7.579999923706054688e+00 1.164000034332275391e+01 -3.937500000000000000e+01 2.818750000000000000e+01 -3.368750000000000000e+01 -6.256250000000000000e+01 6.281250000000000000e+01 3.725000000000000000e+01
9.329999923706054688e+00 -7.750000000000000000e+00 1.096000003814697266e+01 -3.937500000000000000e+01 2.818750000000000000e+01 -3.368750000000000000e+01 -9.500000000000000000e+00 1.189375000000000000e+02 5.425000000000000000e+01
7.710000038146972656e+00 -6.760000228881835938e+00 1.053999996185302734e+01 -3.937500000000000000e+01 2.818750000000000000e+01 -3.368750000000000000e+01 3.437500000000000000e+00 1.363750000000000000e+02 6.175000000000000000e+01
5.780000209808349609e+00 -5.010000228881835938e+00 9.460000038146972656e+00 -3.937500000000000000e+01 2.818750000000000000e+01 -3.368750000000000000e+01 8.750000000000000000e-01 1.450000000000000000e+02 6.943750000000000000e+01
4.590000152587890625e+00 -4.909999847412109375e+00 8.880000114440917969e+00 -3.937500000000000000e+01 2.818750000000000000e+01 -3.368750000000000000e+01 8.750000000000000000e-01 1.450000000000000000e+02 6.943750000000000000e+01
3.160000085830688477e+00 -4.599999904632568359e+00 8.039999961853027344e+00 -3.675000000000000000e+01 3.106250000000000000e+01 -3.368750000000000000e+01 1.625000000000000000e+00 1.493750000000000000e+02 7.562500000000000000e+01
2.059999942779541016e+00 -3.700000047683715820e+00 7.800000190734863281e+00 -3.675000000000000000e+01 3.106250000000000000e+01 -3.368750000000000000e+01 -3.750000000000000000e+00 1.418125000000000000e+02 7.931250000000000000e+01
5.899999737739562988e-01 -2.720000028610229492e+00 7.579999923706054688e+00 -3.675000000000000000e+01 3.106250000000000000e+01 -3.368750000000000000e+01 -1.343750000000000000e+01 1.319375000000000000e+02 7.987500000000000000e+01
6.000000238418579102e-01 -2.630000114440917969e+00 7.599999904632568359e+00 -3.675000000000000000e+01 3.106250000000000000e+01 -3.368750000000000000e+01 -1.906250000000000000e+01 1.241875000000000000e+02 7.837500000000000000e+01
2.199999988079071045e-01 -2.740000009536743164e+00 7.420000076293945312e+00 -3.675000000000000000e+01 3.106250000000000000e+01 -3.368750000000000000e+01 -1.906250000000000000e+01 1.241875000000000000e+02 7.837500000000000000e+01
-7.900000214576721191e-01 -2.410000085830688477e+00 7.340000152587890625e+00 -3.087500000000000000e+01 3.218750000000000000e+01 -3.650000000000000000e+01 -2.000000000000000000e+01 1.178750000000000000e+02 7.356250000000000000e+01
-7.400000095367431641e-01 -2.349999904632568359e+00 7.449999809265136719e+00 -3.087500000000000000e+01 3.218750000000000000e+01 -3.650000000000000000e+01 -2.481250000000000000e+01 1.040000000000000000e+02 5.850000000000000000e+01
-7.599999904632568359e-01 -2.809999942779541016e+00 7.420000076293945312e+00 -3.087500000000000000e+01 3.218750000000000000e+01 -3.650000000000000000e+01 -2.400000000000000000e+01 9.925000000000000000e+01 4.918750000000000000e+01
-1.110000014305114746e+00 -3.079999923706054688e+00 7.300000190734863281e+00 -3.087500000000000000e+01 3.218750000000000000e+01 -3.650000000000000000e+01 -2.281250000000000000e+01 9.412500000000000000e+01 3.975000000000000000e+01
-1.120000004768371582e+00 -3.220000028610229492e+00 7.460000038146972656e+00 -3.087500000000000000e+01 3.218750000000000000e+01 -3.650000000000000000e+01 -2.281250000000000000e+01 9.412500000000000000e+01 3.975000000000000000e+01
-1.370000004768371582e+00 -3.650000095367431641e+00 7.269999980926513672e+00 -2.525000000000000000e+01 3.518750000000000000e+01 -3.818750000000000000e+01 -2.368750000000000000e+01 8.906250000000000000e+01 3.281250000000000000e+01
-1.629999995231628418e+00 -3.759999990463256836e+00 7.170000076293945312e+00 -2.525000000000000000e+01 3.518750000000000000e+01 -3.818750000000000000e+01 -1.843750000000000000e+01 7.750000000000000000e+01 1.931250000000000000e+01
-1.879999995231628418e+00 -3.819999933242797852e+00 6.980000019073486328e+00 -2.525000000000000000e+01 3.518750000000000000e+01 -3.818750000000000000e+01 -1.600000000000000000e+01 7.043750000000000000e+01 1.381250000000000000e+01
-2.599999904632568359e+00 -4.030000209808349609e+00 6.639999866485595703e+00 -2.525000000000000000e+01 3.518750000000000000e+01 -3.818750000000000000e+01 -1.506250000000000000e+01 6.125000000000000000e+01 7.750000000000000000e+00
-2.069999933242797852e+00 -4.079999923706054688e+00 7.289999961853027344e+00 -2.525000000000000000e+01 3.518750000000000000e+01 -3.818750000000000000e+01 -1.506250000000000000e+01 6.125000000000000000e+01 7.750000000000000000e+00
-1.090000033378601074e+00 -4.619999885559082031e+00 7.590000152587890625e+00 -2.000000000000000000e+01 3.706250000000000000e+01 -3.900000000000000000e+01 -1.818750000000000000e+01 5.368750000000000000e+01 4.312500000000000000e+00
-1.580000042915344238e+00 -5.230000019073486328e+00 7.360000133514404297e+00 -2.000000000000000000e+01 3.706250000000000000e+01 -3.900000000000000000e+01 -6.500000000000000000e+00 5.006250000000000000e+01 -3.125000000000000000e-01
-1.919999957084655762e+00 -4.769999980926513672e+00 7.219999790191650391e+00 -2.000000000000000000e+01 3.706250000000000000e+01 -3.900000000000000000e+01 -2.500000000000000000e+00 4.437500000000000000e+01 -2.125000000000000000e+00
-2.039999961853027344e+00 -4.650000095367431641e+00 7.090000152587890625e+00 -2.000000000000000000e+01 3.706250000000000000e+01 -3.900000000000000000e+01 -3.625000000000000000e+00 3.712500000000000000e+01 -2.312500000000000000e+00
-2.150000095367431641e+00 -4.860000133514404297e+00 7.030000209808349609e+00 -2.000000000000000000e+01 3.706250000000000000e+01 -3.900000000000000000e+01 -3.625000000000000000e+00 3.712500000000000000e+01 -2.312500000000000000e+00
-1.940000057220458984e+00 -5.170000076293945312e+00 7.230000019073486328e+00 -1.737500000000000000e+01 3.737500000000000000e+01 -3.900000000000000000e+01 -3.625000000000000000e+00 2.962500000000000000e+01 -2.437500000000000000e+00
-1.789999961853027344e+00 -5.309999942779541016e+00 7.300000190734863281e+00 -1.737500000000000000e+01 3.737500000000000000e+01 -3.900000000000000000e+01 -2.562500000000000000e+00 1.706250000000000000e+01 0.000000000000000000e+00
-1.590000033378601074e+00 -5.349999904632568359e+00 7.570000171661376953e+00 -1.737500000000000000e+01 3.737500000000000000e+01 -3.900000000000000000e+01 -2.062500000000000000e+00 1.243750000000000000e+01 1.875000000000000000e+00
-1.360000014305114746e+00 -5.349999904632568359e+00 7.710000038146972656e+00 -1.737500000000000000e+01 3.737500000000000000e+01 -3.900000000000000000e+01 -7.500000000000000000e-01 8.937500000000000000e+00 3.875000000000000000e+00
-1.519999980926513672e+00 -5.139999866485595703e+00 7.860000133514404297e+00 -1.737500000000000000e+01 3.737500000000000000e+01 -3.900000000000000000e+01 -7.500000000000000000e-01 8.937500000000000000e+00 3.875000000000000000e+00
-1.600000023841857910e+00 -4.880000114440917969e+00 7.880000114440917969e+00 -1.656250000000000000e+01 3.775000000000000000e+01 -4.056250000000000000e+01 4.375000000000000000e-01 5.312500000000000000e+00 5.437500000000000000e+00
-1.580000042915344238e+00 -4.789999961853027344e+00 7.780000209808349609e+00 -1.656250000000000000e+01 3.775000000000000000e+01 -4.056250000000000000e+01 -5.000000000000000000e-01 -2.500000000000000000e+00 6.562500000000000000e+00
-1.649999976158142090e+00 -4.650000095367431641e+00 7.960000038146972656e+00 -1.656250000000000000e+01 3.775000000000000000e+01 -4.056250000000000000e+01 -1.000000000000000000e+00 -5.937500000000000000e+00 6.187500000000000000e+00
-1.320000052452087402e+00 -4.639999866485595703e+00 8.100000381469726562e+00 -1.656250000000000000e+01 3.775000000000000000e+01 -4.056250000000000000e+01 -1.562500000000000000e+00 -8.312500000000000000e+00 5.812500000000000000e+00
-1.179999947547912598e+00 -4.789999961853027344e+00 8.199999809265136719e+00 -1.656250000000000000e+01 3.775000000000000000e+01 -4.056250000000000000e+01 -1.562500000000000000e+00 -8.312500000000000000e+00 5.812500000000000000e+00
-1.389999985694885254e+00 -4.780000209808349609e+00 8.189999580383300781e+00 -1.587500000000000000e+01 3.737500000000000000e+01 -4.056250000000000000e+01 9.375000000000000000e-01 -8.375000000000000000e+00 4.750000000000000000e+00
-1.320000052452087402e+00 -4.469999790191650391e+00 8.109999656677246094e+00 -1.587500000000000000e+01 3.737500000000000000e+01 -4.056250000000000000e+01 4.000000000000000000e+00 -1.018750000000000000e+01 1.062500000000000000e+00
-1.500000000000000000e+00 -4.530000209808349609e+00 8.149999618530273438e+00 -1.587500000000000000e+01 3.737500000000000000e+01 -4.056250000000000000e+01 5.750000000000000000e+00 -1.181250000000000000e+01 -1.437500000000000000e+00
-1.580000042915344238e+00 -4.449999809265136719e+00 8.090000152587890625e+00 -1.587500000000000000e+01 3.737500000000000000e+01 -4.056250000000000000e+01 5.187500000000000000e+00 -1.400000000000000000e+01 -3.250000000000000000e+00
-1.309999942779541016e+00 -4.360000133514404297e+00 8.340000152587890625e+00 -1.587500000000000000e+01 3.737500000000000000e+01 -4.056250000000000000e+01 5.187500000000000000e+00 -1.400000000000000000e+01 -3.250000000000000000e+00
-7.599999904632568359e-01 -4.980000019073486328e+00 8.600000381469726562e+00 -1.587500000000000000e+01 3.706250000000000000e+01 -3.850000000000000000e+01 3.062500000000000000e+00 -1.487500000000000000e+01 -3.937500000000000000e+00
-9.499999880790710449e-01 -4.780000209808349609e+00 8.479999542236328125e+00 -1.587500000000000000e+01 3.706250000000000000e+01 -3.850000000000000000e+01 7.437500000000000000e+00 -1.375000000000000000e+01 -5.250000000000000000e+00
-1.149999976158142090e+00 -4.570000171661376953e+00 8.319999694824218750e+00 -1.587500000000000000e+01 3.706250000000000000e+01 -3.850000000000000000e+01 7.062500000000000000e+00 -1.550000000000000000e+01 -5.437500000000000000e+00
-1.559999942779541016e+00 -4.619999885559082031e+00 7.889999866485595703e+00 -1.587500000000000000e+01 3.706250000000000000e+01 -3.850000000000000000e+01 7.125000000000000000e+00 -1.875000000000000000e+01 -6.250000000000000000e+00
-1.299999952316284180e+00 -4.679999828338623047e+00 8.060000419616699219e+00 -1.587500000000000000e+01 3.706250000000000000e+01 -3.850000000000000000e+01 7.125000000000000000e+00 -1.875000000000000000e+01 -6.250000000000000000e+00
-8.399999737739562988e-01 -4.739999771118164062e+00 8.260000228881835938e+00 -1.756250000000000000e+01 3.750000000000000000e+01 -3.987500000000000000e+01 6.312500000000000000e+00 -2.212500000000000000e+01 -6.750000000000000000e+00
-7.300000190734863281e-01 -5.030000209808349609e+00 8.260000228881835938e+00 -1.756250000000000000e+01 3.750000000000000000e+01 -3.987500000000000000e+01 1.068750000000000000e+01 -2.200000000000000000e+01 -8.187500000000000000e+00
-6.399999856948852539e-01 -4.630000114440917969e+00 8.560000419616699219e+00 -1.756250000000000000e+01 3.750000000000000000e+01 -3.987500000000000000e+01 1.206250000000000000e+01 -2.193750000000000000e+01 -9.187500000000000000e+00
-7.400000095367431641e-01 -4.579999923706054688e+00 8.369999885559082031e+00 -1.756250000000000000e+01 3.750000000000000000e+01 -3.987500000000000000e+01 1.218750000000000000e+01 -2.200000000000000000e+01 -9.875000000000000000e+00
-9.300000071525573730e-01 -4.570000171661376953e+00 8.359999656677246094e+00 -1.756250000000000000e+01 3.750000000000000000e+01 -3.987500000000000000e+01 1.218750000000000000e+01 -2.200000000000000000e+01 -9.875000000000000000e+00
-9.300000071525573730e-01 -4.440000057220458984e+00 8.220000267028808594e+00 -1.800000000000000000e+01 3.706250000000000000e+01 -3.950000000000000000e+01 1.312500000000000000e+01 -2.337500000000000000e+01 -1.087500000000000000e+01
-1.559999942779541016e+00 -4.320000171661376953e+00 7.460000038146972656e+00 -1.800000000000000000e+01 3.706250000000000000e+01 -3.950000000000000000e+01 1.968750000000000000e+01 -2.656250000000000000e+01 -1.656250000000000000e+01
-1.850000023841857910e+00 -4.150000095367431641e+00 7.300000190734863281e+00 -1.800000000000000000e+01 3.706250000000000000e+01 -3.950000000000000000e+01 2.068750000000000000e+01 -3.281250000000000000e+01 -2.068750000000000000e+01
-2.019999980926513672e+00 -3.910000085830688477e+00 7.559999942779541016e+00 -1.800000000000000000e+01 3.706250000000000000e+01 -3.950000000000000000e+01 1.562500000000000000e+01 -4.212500000000000000e+01 -2.300000000000000000e+01
-2.200000047683715820e+00 -4.010000228881835938e+00 6.429999828338623047e+00 -1.800000000000000000e+01 3.706250000000000000e+01 -3.950000000000000000e+01 1.562500000000000000e+01 -4.212500000000000000e+01 -2.300000000000000000e+01
-3.089999914169311523e+00 -3.980000019073486328e+00 5.840000152587890625e+00 -1.868750000000000000e+01 3.668750000000000000e+01 -4.025000000000000000e+01 1.412500000000000000e+01 -5.131250000000000000e+01 -2.456250000000000000e+01
-3.619999885559082031e+00 -3.599999904632568359e+00 5.719999790191650391e+00 -1.868750000000000000e+01 3.668750000000000000e+01 -4.025000000000000000e+01 8.375000000000000000e+00 -8.662500000000000000e+01 -2.931250000000000000e+01
-2.910000085830688477e+00 -3.519999980926513672e+00 5.599999904632568359e+00 -1.868750000000000000e+01 3.668750000000000000e+01 -4.025000000000000000e+01 5.625000000000000000e+00 -1.021875000000000000e+02 -2.943750000000000000e+01
-7.699999809265136719e-01 -5.050000190734863281e+00 6.869999885559082031e+00 -1.868750000000000000e+01 3.668750000000000000e+01 -4.025000000000000000e+01 1.012500000000000000e+01 -1.105000000000000000e+02 -3.387500000000000000e+01
2.000000029802322388e-01 -4.710000038146972656e+00 7.739999771118164062e+00 -1.868750000000000000e+01 3.668750000000000000e+01 -4.025000000000000000e+01 1.012500000000000000e+01 -1.105000000000000000e+02 -3.387500000000000000e+01
6.100000143051147461e-01 -4.130000114440917969e+00 7.690000057220458984e+00 -2.125000000000000000e+01 3.518750000000000000e+01 -3.950000000000000000e+01 1.218750000000000000e+01 -1.139375000000000000e+02 -3.650000000000000000e+01
3.300000131130218506e-01 -3.839999914169311523e+00 7.690000057220458984e+00 -2.125000000000000000e+01 3.518750000000000000e+01 -3.950000000000000000e+01 1.031250000000000000e+01 -1.206250000000000000e+02 -3.412500000000000000e+01
1.840000033378601074e+00 -4.099999904632568359e+00 8.369999885559082031e+00 -2.125000000000000000e+01 3.518750000000000000e+01 -3.950000000000000000e+01 1.643750000000000000e+01 -1.171875000000000000e+02 -3.812500000000000000e+01
1.909999966621398926e+00 -3.960000038146972656e+00 8.420000076293945312e+00 -2.125000000000000000e+01 3.518750000000000000e+01 -3.950000000000000000e+01 2.725000000000000000e+01 -1.099375000000000000e+02 -4.550000000000000000e+01
1.590000033378601074e+00 -3.579999923706054688e+00 8.529999732971191406e+00 -2.125000000000000000e+01 3.518750000000000000e+01 -3.950000000000000000e+01 2.725000000000000000e+01 -1.099375000000000000e+02 -4.550000000000000000e+01
2.920000076293945312e+00 -2.730000019073486328e+00 9.579999923706054688e+00 -2.537500000000000000e+01 3.487500000000000000e+01 -3.825000000000000000e+01 3.143750000000000000e+01 -1.074375000000000000e+02 -5.275000000000000000e+01
3.190000057220458984e+00 -3.430000066757202148e+00 9.180000305175781250e+00 -2.537500000000000000e+01 3.487500000000000000e+01 -3.825000000000000000e+01 2.425000000000000000e+01 -1.010000000000000000e+02 -5.393750000000000000e+01
2.500000000000000000e+00 -3.880000114440917969e+00 8.550000190734863281e+00 -2.537500000000000000e+01 3.487500000000000000e+01 -3.825000000000000000e+01 2.831250000000000000e+01 -1.008125000000000000e+02 -5.650000000000000000e+01
1.830000042915344238e+00 -3.660000085830688477e+00 8.119999885559082031e+00 -2.537500000000000000e+01 3.487500000000000000e+01 -3.825000000000000000e+01 2.687500000000000000e+01 -1.076250000000000000e+02 -5.700000000000000000e+01
1.730000019073486328e+00 -3.599999904632568359e+00 7.599999904632568359e+00 -2.537500000000000000e+01 3.487500000000000000e+01 -3.825000000000000000e+01 2.687500000000000000e+01 -1.076250000000000000e+02 -5.700000000000000000e+01
2.519999980926513672e+00 -3.779999971389770508e+00 7.769999980926513672e+00 -3.018750000000000000e+01 3.187500000000000000e+01 -3.700000000000000000e+01 1.981250000000000000e+01 -1.164375000000000000e+02 -5.600000000000000000e+01
3.019999980926513672e+00 -4.210000038146972656e+00 7.619999885559082031e+00 -3.018750000000000000e+01 3.187500000000000000e+01 -3.700000000000000000e+01 1.081250000000000000e+01 -1.215000000000000000e+02 -5.562500000000000000e+01
4.250000000000000000e+00 -4.010000228881835938e+00 8.069999694824218750e+00 -3.018750000000000000e+01 3.187500000000000000e+01 -3.700000000000000000e+01 1.987500000000000000e+01 -1.221875000000000000e+02 -5.287500000000000000e+01
4.199999809265136719e+00 -5.780000209808349609e+00 1.064999961853027344e+01 -3.018750000000000000e+01 3.187500000000000000e+01 -3.700000000000000000e+01 2.875000000000000000e+01 -1.065625000000000000e+02 -3.600000000000000000e+01
1.729999923706054688e+01 -8.859999656677246094e+00 2.685000038146972656e+01 -3.018750000000000000e+01 3.187500000000000000e+01 -3.700000000000000000e+01 2.875000000000000000e+01 -1.065625000000000000e+02 -3.600000000000000000e+01
2.435000038146972656e+01 -9.439999580383300781e+00 1.543999958038330078e+01 -3.500000000000000000e+01 3.156250000000000000e+01 -3.537500000000000000e+01 -4.162500000000000000e+01 -6.331250000000000000e+01 -6.250000000000000000e+00
-1.199999973177909851e-01 -4.039999961853027344e+00 5.679999828338623047e+00 -3.500000000000000000e+01 3.156250000000000000e+01 -3.537500000000000000e+01 9.650000000000000000e+01 3.618750000000000000e+01 -2.812500000000000000e+00
4.099999964237213135e-01 1.879999995231628418e+00 1.169999980926513672e+01 -3.500000000000000000e+01 3.156250000000000000e+01 -3.537500000000000000e+01 4.550000000000000000e+01 1.518750000000000000e+01 9.812500000000000000e+00
1.669999957084655762e+00 5.199999809265136719e-01 9.079999923706054688e+00 -3.500000000000000000e+01 3.156250000000000000e+01 -3.537500000000000000e+01 -7.187500000000000000e+00 7.500000000000000000e-01 6.250000000000000000e+00
1.870000004768371582e+00 -1.039999961853027344e+00 7.500000000000000000e+00 -3.500000000000000000e+01 3.156250000000000000e+01 -3.537500000000000000e+01 -7.187500000000000000e+00 7.500000000000000000e-01 6.250000000000000000e+00
3.779999971389770508e+00 -5.489999771118164062e+00 8.510000228881835938e+00 -3.856250000000000000e+01 2.900000000000000000e+01 -3.487500000000000000e+01 -2.125000000000000000e+01 -7.187500000000000000e+00 1.562500000000000000e+00
4.610000133514404297e+00 -5.500000000000000000e+00 8.180000305175781250e+00 -3.856250000000000000e+01 2.900000000000000000e+01 -3.487500000000000000e+01 3.125000000000000000e-01 -1.750000000000000000e+00 6.875000000000000000e-01
3.630000114440917969e+00 -4.579999923706054688e+00 8.010000228881835938e+00 -3.856250000000000000e+01 2.900000000000000000e+01 -3.487500000000000000e+01 5.062500000000000000e+00 1.000000000000000000e+00 -1.875000000000000000e-01
3.230000019073486328e+00 -3.839999914169311523e+00 7.940000057220458984e+00 -3.856250000000000000e+01 2.900000000000000000e+01 -3.487500000000000000e+01 4.062500000000000000e+00 6.250000000000000000e-02 -1.687500000000000000e+00
3.210000038146972656e+00 -3.640000104904174805e+00 8.489999771118164062e+00 -3.856250000000000000e+01 2.900000000000000000e+01 -3.487500000000000000e+01 4.062500000000000000e+00 6.250000000000000000e-02 -1.687500000000000000e+00
