3.700000047683715820e+00 -2.900000095367431641e+00 8.579999923706054688e+00 -3.937500000000000000e+01 2.650000000000000000e+01 -3.418750000000000000e+01 -1.875000000000000000e-01 6.250000000000000000e-02 -1.250000000000000000e-01
3.700000047683715820e+00 -2.900000095367431641e+00 8.550000190734863281e+00 -3.937500000000000000e+01 2.650000000000000000e+01 -3.418750000000000000e+01 -6.250000000000000000e-02 6.250000000000000000e-02 -6.250000000000000000e-02
3.740000009536743164e+00 -2.890000104904174805e+00 8.539999961853027344e+00 -3.937500000000000000e+01 2.650000000000000000e+01 -3.418750000000000000e+01 -6.250000000000000000e-02 0.000000000000000000e+00 -1.250000000000000000e-01
3.640000104904174805e+00 -2.869999885559082031e+00 8.569999694824218750e+00 -3.937500000000000000e+01 2.650000000000000000e+01 -3.418750000000000000e+01 0.000000000000000000e+00 2.500000000000000000e-01 6.250000000000000000e-02
3.690000057220458984e+00 -2.869999885559082031e+00 8.590000152587890625e+00 -3.937500000000000000e+01 2.650000000000000000e+01 -3.418750000000000000e+01 -6.250000000000000000e-02 0.000000000000000000e+00 -1.250000000000000000e-01
3.710000038146972656e+00 -2.869999885559082031e+00 8.560000419616699219e+00 -3.900000000000000000e+01 2.718750000000000000e+01 -3.506250000000000000e+01 0.000000000000000000e+00 -6.250000000000000000e-02 -6.250000000000000000e-02
3.680000066757202148e+00 -2.940000057220458984e+00 8.609999656677246094e+00 -3.900000000000000000e+01 2.718750000000000000e+01 -3.506250000000000000e+01 -1.250000000000000000e-01 -1.250000000000000000e-01 1.250000000000000000e-01
3.690000057220458984e+00 -2.910000085830688477e+00 8.550000190734863281e+00 -3.900000000000000000e+01 2.718750000000000000e+01 -3.506250000000000000e+01 -1.250000000000000000e-01 0.000000000000000000e+00 0.000000000000000000e+00
3.710000038146972656e+00 -2.819999933242797852e+00 8.560000419616699219e+00 -3.900000000000000000e+01 2.718750000000000000e+01 -3.506250000000000000e+01 6.250000000000000000e-02 -1.875000000000000000e-01 0.000000000000000000e+00
3.710000038146972656e+00 -2.890000104904174805e+00 8.600000381469726562e+00 -3.900000000000000000e+01 2.718750000000000000e+01 -3.506250000000000000e+01 -1.875000000000000000e-01 -1.250000000000000000e-01 6.250000000000000000e-02
3.700000047683715820e+00 -2.869999885559082031e+00 8.579999923706054688e+00 -3.900000000000000000e+01 2.718750000000000000e+01 -3.468750000000000000e+01 -1.875000000000000000e-01 -6.250000000000000000e-02 6.250000000000000000e-02
3.700000047683715820e+00 -2.869999885559082031e+00 8.609999656677246094e+00 -3.900000000000000000e+01 2.718750000000000000e+01 -3.468750000000000000e+01 -1.250000000000000000e-01 -1.250000000000000000e-01 1.875000000000000000e-01
3.720000028610229492e+00 -2.900000095367431641e+00 8.560000419616699219e+00 -3.900000000000000000e+01 2.718750000000000000e+01 -3.468750000000000000e+01 -6.250000000000000000e-02 -3.750000000000000000e-01 1.875000000000000000e-01
3.700000047683715820e+00 -2.880000114440917969e+00 8.569999694824218750e+00 -3.900000000000000000e+01 2.718750000000000000e+01 -3.468750000000000000e+01 -1.250000000000000000e-01 0.000000000000000000e+00 0.000000000000000000e+00
3.700000047683715820e+00 -2.900000095367431641e+00 8.590000152587890625e+00 -3.900000000000000000e+01 2.718750000000000000e+01 -3.468750000000000000e+01 0.000000000000000000e+00 6.250000000000000000e-02 -6.250000000000000000e-02
3.710000038146972656e+00 -2.859999895095825195e+00 8.579999923706054688e+00 -3.937500000000000000e+01 2.568750000000000000e+01 -3.418750000000000000e+01 0.000000000000000000e+00 1.875000000000000000e-01 0.000000000000000000e+00
3.690000057220458984e+00 -2.930000066757202148e+00 8.569999694824218750e+00 -3.937500000000000000e+01 2.568750000000000000e+01 -3.418750000000000000e+01 1.250000000000000000e-01 2.500000000000000000e-01 -1.250000000000000000e-01
3.700000047683715820e+00 -2.859999895095825195e+00 8.569999694824218750e+00 -3.937500000000000000e+01 2.568750000000000000e+01 -3.418750000000000000e+01 1.875000000000000000e-01 2.500000000000000000e-01 -1.875000000000000000e-01
3.710000038146972656e+00 -2.849999904632568359e+00 8.569999694824218750e+00 -3.937500000000000000e+01 2.568750000000000000e+01 -3.418750000000000000e+01 1.875000000000000000e-01 1.250000000000000000e-01 0.000000000000000000e+00
3.690000057220458984e+00 -2.880000114440917969e+00 8.590000152587890625e+00 -3.937500000000000000e+01 2.568750000000000000e+01 -3.418750000000000000e+01 -6.250000000000000000e-02 0.000000000000000000e+00 -6.250000000000000000e-02
3.710000038146972656e+00 -2.859999895095825195e+00 8.579999923706054688e+00 -3.900000000000000000e+01 2.718750000000000000e+01 -3.468750000000000000e+01 0.000000000000000000e+00 0.000000000000000000e+00 0.000000000000000000e+00
3.690000057220458984e+00 -2.869999885559082031e+00 8.590000152587890625e+00 -3.900000000000000000e+01 2.718750000000000000e+01 -3.468750000000000000e+01 0.000000000000000000e+00 1.250000000000000000e-01 -6.250000000000000000e-02
3.700000047683715820e+00 -2.849999904632568359e+00 8.590000152587890625e+00 -3.900000000000000000e+01 2.718750000000000000e+01 -3.468750000000000000e+01 -1.250000000000000000e-01 -6.250000000000000000e-02 0.000000000000000000e+00
3.690000057220458984e+00 -2.809999942779541016e+00 8.590000152587890625e+00 -3.900000000000000000e+01 2.718750000000000000e+01 -3.468750000000000000e+01 -1.875000000000000000e-01 -1.250000000000000000e-01 2.500000000000000000e-01
3.700000047683715820e+00 -2.890000104904174805e+00 8.689999580383300781e+00 -3.900000000000000000e+01 2.718750000000000000e+01 -3.468750000000000000e+01 -6.250000000000000000e-01 -2.500000000000000000e-01 1.250000000000000000e-01
3.670000076293945312e+00 -2.680000066757202148e+00 8.970000267028808594e+00 -3.900000000000000000e+01 2.650000000000000000e+01 -3.625000000000000000e+01 -1.312500000000000000e+00 -8.750000000000000000e-01 8.125000000000000000e-01
3.569999933242797852e+00 -2.109999895095825195e+00 9.029999732971191406e+00 -3.900000000000000000e+01 2.650000000000000000e+01 -3.625000000000000000e+01 -3.062500000000000000e+00 -3.250000000000000000e+00 2.062500000000000000e+00
3.759999990463256836e+00 -2.640000104904174805e+00 9.359999656677246094e+00 -3.900000000000000000e+01 2.650000000000000000e+01 -3.625000000000000000e+01 -7.437500000000000000e+00 -5.437500000000000000e+00 3.750000000000000000e+00
3.990000009536743164e+00 -2.549999952316284180e+00 9.420000076293945312e+00 -3.900000000000000000e+01 2.650000000000000000e+01 -3.625000000000000000e+01 -1.456250000000000000e+01 -8.625000000000000000e+00 5.375000000000000000e+00
3.970000028610229492e+00 -1.919999957084655762e+00 9.170000076293945312e+00 -3.900000000000000000e+01 2.650000000000000000e+01 -3.625000000000000000e+01 -1.906250000000000000e+01 -1.131250000000000000e+01 8.187500000000000000e+00
4.059999942779541016e+00 -1.220000028610229492e+00 9.590000152587890625e+00 -3.937500000000000000e+01 2.606250000000000000e+01 -3.468750000000000000e+01 -2.706250000000000000e+01 -1.331250000000000000e+01 1.168750000000000000e+01
4.829999923706054688e+00 -9.599999785423278809e-01 9.899999618530273438e+00 -3.937500000000000000e+01 2.606250000000000000e+01 -3.468750000000000000e+01 -4.287500000000000000e+01 -1.575000000000000000e+01 1.793750000000000000e+01
4.130000114440917969e+00 -8.000000119209289551e-01 9.270000457763671875e+00 -3.937500000000000000e+01 2.606250000000000000e+01 -3.468750000000000000e+01 -5.806250000000000000e+01 -1.450000000000000000e+01 2.662500000000000000e+01
3.329999923706054688e+00 -1.019999980926513672e+00 9.239999771118164062e+00 -3.937500000000000000e+01 2.606250000000000000e+01 -3.468750000000000000e+01 -7.112500000000000000e+01 -1.200000000000000000e+01 3.443750000000000000e+01
3.400000095367431641e+00 -1.500000000000000000e+00 9.220000267028808594e+00 -3.937500000000000000e+01 2.606250000000000000e+01 -3.468750000000000000e+01 -8.212500000000000000e+01 -1.525000000000000000e+01 3.893750000000000000e+01
3.960000038146972656e+00 -1.860000014305114746e+00 8.880000114440917969e+00 -3.937500000000000000e+01 2.837500000000000000e+01 -3.306250000000000000e+01 -9.143750000000000000e+01 -1.950000000000000000e+01 4.325000000000000000e+01
3.950000047683715820e+00 -1.600000023841857910e+00 8.779999732971191406e+00 -3.937500000000000000e+01 2.837500000000000000e+01 -3.306250000000000000e+01 -1.002500000000000000e+02 -2.137500000000000000e+01 4.906250000000000000e+01
3.630000114440917969e+00 -1.710000038146972656e+00 8.689999580383300781e+00 -3.937500000000000000e+01 2.837500000000000000e+01 -3.306250000000000000e+01 -1.111875000000000000e+02 -2.187500000000000000e+01 5.437500000000000000e+01
3.349999904632568359e+00 -2.400000095367431641e+00 8.529999732971191406e+00 -3.937500000000000000e+01 2.837500000000000000e+01 -3.306250000000000000e+01 -1.236875000000000000e+02 -2.312500000000000000e+01 5.862500000000000000e+01
3.230000019073486328e+00 -2.559999942779541016e+00 8.300000190734863281e+00 -3.937500000000000000e+01 2.837500000000000000e+01 -3.306250000000000000e+01 -1.350000000000000000e+02 -2.456250000000000000e+01 6.181250000000000000e+01
3.019999980926513672e+00 -2.680000066757202148e+00 8.260000228881835938e+00 -3.825000000000000000e+01 3.050000000000000000e+01 -3.018750000000000000e+01 -1.460625000000000000e+02 -2.581250000000000000e+01 6.443750000000000000e+01
3.059999942779541016e+00 -2.690000057220458984e+00 8.439999580383300781e+00 -3.825000000000000000e+01 3.050000000000000000e+01 -3.018750000000000000e+01 -1.583750000000000000e+02 -2.943750000000000000e+01 6.687500000000000000e+01
3.859999895095825195e+00 -2.690000057220458984e+00 8.149999618530273438e+00 -3.825000000000000000e+01 3.050000000000000000e+01 -3.018750000000000000e+01 -1.734375000000000000e+02 -3.306250000000000000e+01 7.112500000000000000e+01
3.490000009536743164e+00 -2.799999952316284180e+00 7.809999942779541016e+00 -3.825000000000000000e+01 3.050000000000000000e+01 -3.018750000000000000e+01 -1.890000000000000000e+02 -3.275000000000000000e+01 7.606250000000000000e+01
3.470000028610229492e+00 -3.130000114440917969e+00 7.320000171661376953e+00 -3.825000000000000000e+01 3.050000000000000000e+01 -3.018750000000000000e+01 -2.041250000000000000e+02 -3.300000000000000000e+01 8.156250000000000000e+01
3.069999933242797852e+00 -3.779999971389770508e+00 6.889999866485595703e+00 -3.750000000000000000e+01 3.650000000000000000e+01 -2.568750000000000000e+01 -2.187500000000000000e+02 -3.300000000000000000e+01 8.506250000000000000e+01
2.690000057220458984e+00 -5.719999790191650391e+00 5.519999980926513672e+00 -3.750000000000000000e+01 3.650000000000000000e+01 -2.568750000000000000e+01 -2.286250000000000000e+02 -3.412500000000000000e+01 8.562500000000000000e+01
2.829999923706054688e+00 -7.210000038146972656e+00 4.570000171661376953e+00 -3.750000000000000000e+01 3.650000000000000000e+01 -2.568750000000000000e+01 -2.321875000000000000e+02 -3.625000000000000000e+01 8.343750000000000000e+01
2.730000019073486328e+00 -8.569999694824218750e+00 3.700000047683715820e+00 -3.750000000000000000e+01 3.650000000000000000e+01 -2.568750000000000000e+01 -2.262500000000000000e+02 -3.475000000000000000e+01 7.806250000000000000e+01
3.009999990463256836e+00 -1.081999969482421875e+01 2.119999885559082031e+00 -3.750000000000000000e+01 3.650000000000000000e+01 -2.568750000000000000e+01 -2.091250000000000000e+02 -3.193750000000000000e+01 7.125000000000000000e+01
3.369999885559082031e+00 -1.222999954223632812e+01 1.730000019073486328e+00 -3.487500000000000000e+01 4.237500000000000000e+01 -1.706250000000000000e+01 -1.833125000000000000e+02 -2.656250000000000000e+01 6.287500000000000000e+01
3.240000009536743164e+00 -1.302000045776367188e+01 1.340000033378601074e+00 -3.487500000000000000e+01 4.237500000000000000e+01 -1.706250000000000000e+01 -1.506875000000000000e+02 -1.818750000000000000e+01 5.031250000000000000e+01
2.450000047683715820e+00 -1.263000011444091797e+01 1.399999976158142090e+00 -3.487500000000000000e+01 4.237500000000000000e+01 -1.706250000000000000e+01 -1.112500000000000000e+02 -1.150000000000000000e+01 3.656250000000000000e+01
2.569999933242797852e+00 -1.152999973297119141e+01 2.539999961853027344e+00 -3.487500000000000000e+01 4.237500000000000000e+01 -1.706250000000000000e+01 -7.337500000000000000e+01 -8.937500000000000000e+00 2.556250000000000000e+01
2.579999923706054688e+00 -1.022000026702880859e+01 3.559999942779541016e+00 -3.487500000000000000e+01 4.237500000000000000e+01 -1.706250000000000000e+01 -4.131250000000000000e+01 -8.062500000000000000e+00 1.681250000000000000e+01
2.859999895095825195e+00 -8.800000190734863281e+00 4.489999771118164062e+00 -3.225000000000000000e+01 4.718750000000000000e+01 -9.687500000000000000e+00 -1.950000000000000000e+01 -6.812500000000000000e+00 1.018750000000000000e+01
3.170000076293945312e+00 -7.619999885559082031e+00 5.230000019073486328e+00 -3.225000000000000000e+01 4.718750000000000000e+01 -9.687500000000000000e+00 -1.112500000000000000e+01 -7.375000000000000000e+00 6.562500000000000000e+00
3.599999904632568359e+00 -6.349999904632568359e+00 6.090000152587890625e+00 -3.225000000000000000e+01 4.718750000000000000e+01 -9.687500000000000000e+00 -1.281250000000000000e+01 -6.937500000000000000e+00 5.937500000000000000e+00
3.650000095367431641e+00 -6.130000114440917969e+00 6.119999885559082031e+00 -3.225000000000000000e+01 4.718750000000000000e+01 -9.687500000000000000e+00 -2.150000000000000000e+01 -6.562500000000000000e+00 7.625000000000000000e+00
3.390000104904174805e+00 -6.610000133514404297e+00 5.949999809265136719e+00 -3.225000000000000000e+01 4.718750000000000000e+01 -9.687500000000000000e+00 -3.287500000000000000e+01 -6.062500000000000000e+00 1.037500000000000000e+01
3.190000057220458984e+00 -7.699999809265136719e+00 5.030000209808349609e+00 -3.087500000000000000e+01 4.837500000000000000e+01 -6.375000000000000000e+00 -4.237500000000000000e+01 -6.937500000000000000e+00 1.300000000000000000e+01
3.140000104904174805e+00 -8.319999694824218750e+00 4.650000095367431641e+00 -3.087500000000000000e+01 4.837500000000000000e+01 -6.375000000000000000e+00 -4.681250000000000000e+01 -7.125000000000000000e+00 1.462500000000000000e+01
3.220000028610229492e+00 -8.739999771118164062e+00 4.250000000000000000e+00 -3.087500000000000000e+01 4.837500000000000000e+01 -6.375000000000000000e+00 -4.625000000000000000e+01 -6.750000000000000000e+00 1.443750000000000000e+01
3.059999942779541016e+00 -9.159999847412109375e+00 3.950000047683715820e+00 -3.087500000000000000e+01 4.837500000000000000e+01 -6.375000000000000000e+00 -4.168750000000000000e+01 -5.687500000000000000e+00 1.318750000000000000e+01
3.039999961853027344e+00 -9.579999923706054688e+00 3.680000066757202148e+00 -3.087500000000000000e+01 4.837500000000000000e+01 -6.375000000000000000e+00 -3.381250000000000000e+01 -4.375000000000000000e+00 1.068750000000000000e+01
3.089999914169311523e+00 -9.720000267028808594e+00 3.710000038146972656e+00 -3.125000000000000000e+01 4.868750000000000000e+01 -7.000000000000000000e+00 -2.331250000000000000e+01 -2.875000000000000000e+00 7.875000000000000000e+00
3.009999990463256836e+00 -9.479999542236328125e+00 3.710000038146972656e+00 -3.125000000000000000e+01 4.868750000000000000e+01 -7.000000000000000000e+00 -1.268750000000000000e+01 -1.125000000000000000e+00 4.750000000000000000e+00
3.049999952316284180e+00 -9.250000000000000000e+00 3.910000085830688477e+00 -3.125000000000000000e+01 4.868750000000000000e+01 -7.000000000000000000e+00 -2.875000000000000000e+00 1.875000000000000000e-01 1.687500000000000000e+00
3.160000085830688477e+00 -8.630000114440917969e+00 4.349999904632568359e+00 -3.125000000000000000e+01 4.868750000000000000e+01 -7.000000000000000000e+00 4.250000000000000000e+00 8.750000000000000000e-01 -2.500000000000000000e-01
3.119999885559082031e+00 -8.420000076293945312e+00 4.510000228881835938e+00 -3.125000000000000000e+01 4.868750000000000000e+01 -7.000000000000000000e+00 8.687500000000000000e+00 1.812500000000000000e+00 -2.062500000000000000e+00
3.089999914169311523e+00 -8.250000000000000000e+00 4.619999885559082031e+00 -3.056250000000000000e+01 4.906250000000000000e+01 -5.187500000000000000e+00 1.150000000000000000e+01 2.625000000000000000e+00 -3.312500000000000000e+00
3.160000085830688477e+00 -8.189999580383300781e+00 4.690000057220458984e+00 -3.056250000000000000e+01 4.906250000000000000e+01 -5.187500000000000000e+00 1.293750000000000000e+01 2.437500000000000000e+00 -3.875000000000000000e+00
3.180000066757202148e+00 -8.189999580383300781e+00 4.690000057220458984e+00 -3.056250000000000000e+01 4.906250000000000000e+01 -5.187500000000000000e+00 1.387500000000000000e+01 2.625000000000000000e+00 -4.250000000000000000e+00
3.099999904632568359e+00 -8.210000038146972656e+00 4.639999866485595703e+00 -3.056250000000000000e+01 4.906250000000000000e+01 -5.187500000000000000e+00 1.450000000000000000e+01 2.875000000000000000e+00 -4.375000000000000000e+00
3.009999990463256836e+00 -8.229999542236328125e+00 4.619999885559082031e+00 -3.056250000000000000e+01 4.906250000000000000e+01 -5.187500000000000000e+00 1.562500000000000000e+01 2.875000000000000000e+00 -4.687500000000000000e+00
3.019999980926513672e+00 -8.329999923706054688e+00 4.579999923706054688e+00 -3.087500000000000000e+01 4.906250000000000000e+01 -6.062500000000000000e+00 1.762500000000000000e+01 2.937500000000000000e+00 -5.500000000000000000e+00
3.069999933242797852e+00 -8.409999847412109375e+00 4.570000171661376953e+00 -3.087500000000000000e+01 4.906250000000000000e+01 -6.062500000000000000e+00 2.012500000000000000e+01 2.812500000000000000e+00 -6.562500000000000000e+00
3.180000066757202148e+00 -8.369999885559082031e+00 4.590000152587890625e+00 -3.087500000000000000e+01 4.906250000000000000e+01 -6.062500000000000000e+00 2.306250000000000000e+01 2.812500000000000000e+00 -7.437500000000000000e+00
3.150000095367431641e+00 -8.310000419616699219e+00 4.610000133514404297e+00 -3.087500000000000000e+01 4.906250000000000000e+01 -6.062500000000000000e+00 2.606250000000000000e+01 3.250000000000000000e+00 -8.125000000000000000e+00
3.200000047683715820e+00 -8.220000267028808594e+00 4.739999771118164062e+00 -3.087500000000000000e+01 4.906250000000000000e+01 -6.062500000000000000e+00 2.881250000000000000e+01 3.750000000000000000e+00 -9.125000000000000000e+00
3.170000076293945312e+00 -8.189999580383300781e+00 4.789999961853027344e+00 -3.087500000000000000e+01 4.837500000000000000e+01 -7.250000000000000000e+00 3.125000000000000000e+01 4.062500000000000000e+00 -9.812500000000000000e+00
3.130000114440917969e+00 -8.180000305175781250e+00 4.789999961853027344e+00 -3.087500000000000000e+01 4.837500000000000000e+01 -7.250000000000000000e+00 3.343750000000000000e+01 4.500000000000000000e+00 -1.062500000000000000e+01
3.259999990463256836e+00 -8.180000305175781250e+00 4.820000171661376953e+00 -3.087500000000000000e+01 4.837500000000000000e+01 -7.250000000000000000e+00 3.600000000000000000e+01 4.687500000000000000e+00 -1.131250000000000000e+01
3.240000009536743164e+00 -8.079999923706054688e+00 4.860000133514404297e+00 -3.087500000000000000e+01 4.837500000000000000e+01 -7.250000000000000000e+00 3.862500000000000000e+01 5.312500000000000000e+00 -1.193750000000000000e+01
3.200000047683715820e+00 -8.060000419616699219e+00 4.929999828338623047e+00 -3.087500000000000000e+01 4.837500000000000000e+01 -7.250000000000000000e+00 4.150000000000000000e+01 5.937500000000000000e+00 -1.268750000000000000e+01
3.230000019073486328e+00 -8.069999694824218750e+00 4.980000019073486328e+00 -3.168750000000000000e+01 4.800000000000000000e+01 -9.250000000000000000e+00 4.425000000000000000e+01 6.500000000000000000e+00 -1.368750000000000000e+01
3.259999990463256836e+00 -8.010000228881835938e+00 5.019999980926513672e+00 -3.168750000000000000e+01 4.800000000000000000e+01 -9.250000000000000000e+00 4.693750000000000000e+01 7.000000000000000000e+00 -1.456250000000000000e+01
3.210000038146972656e+00 -8.000000000000000000e+00 5.010000228881835938e+00 -3.168750000000000000e+01 4.800000000000000000e+01 -9.250000000000000000e+00 5.006250000000000000e+01 7.625000000000000000e+00 -1.531250000000000000e+01
3.190000057220458984e+00 -8.029999732971191406e+00 4.969999790191650391e+00 -3.168750000000000000e+01 4.800000000000000000e+01 -9.250000000000000000e+00 5.393750000000000000e+01 8.375000000000000000e+00 -1.656250000000000000e+01
3.180000066757202148e+00 -8.090000152587890625e+00 4.940000057220458984e+00 -3.168750000000000000e+01 4.800000000000000000e+01 -9.250000000000000000e+00 5.906250000000000000e+01 8.937500000000000000e+00 -1.812500000000000000e+01
3.130000114440917969e+00 -8.180000305175781250e+00 4.949999809265136719e+00 -3.225000000000000000e+01 4.706250000000000000e+01 -1.056250000000000000e+01 6.531250000000000000e+01 9.437500000000000000e+00 -1.993750000000000000e+01
3.200000047683715820e+00 -8.199999809265136719e+00 4.929999828338623047e+00 -3.225000000000000000e+01 4.706250000000000000e+01 -1.056250000000000000e+01 7.262500000000000000e+01 1.025000000000000000e+01 -2.218750000000000000e+01
3.170000076293945312e+00 -8.239999771118164062e+00 4.940000057220458984e+00 -3.225000000000000000e+01 4.706250000000000000e+01 -1.056250000000000000e+01 8.106250000000000000e+01 1.118750000000000000e+01 -2.468750000000000000e+01
3.170000076293945312e+00 -8.199999809265136719e+00 5.039999961853027344e+00 -3.225000000000000000e+01 4.706250000000000000e+01 -1.056250000000000000e+01 9.062500000000000000e+01 1.250000000000000000e+01 -2.718750000000000000e+01
3.210000038146972656e+00 -8.100000381469726562e+00 5.030000209808349609e+00 -3.225000000000000000e+01 4.706250000000000000e+01 -1.056250000000000000e+01 1.004375000000000000e+02 1.337500000000000000e+01 -3.006250000000000000e+01
3.240000009536743164e+00 -8.229999542236328125e+00 5.070000171661376953e+00 -3.268750000000000000e+01 4.556250000000000000e+01 -1.218750000000000000e+01 1.093125000000000000e+02 1.431250000000000000e+01 -3.337500000000000000e+01
3.259999990463256836e+00 -8.340000152587890625e+00 5.090000152587890625e+00 -3.268750000000000000e+01 4.556250000000000000e+01 -1.218750000000000000e+01 1.187500000000000000e+02 1.606250000000000000e+01 -3.775000000000000000e+01
3.279999971389770508e+00 -8.399999618530273438e+00 4.840000152587890625e+00 -3.268750000000000000e+01 4.556250000000000000e+01 -1.218750000000000000e+01 1.298125000000000000e+02 1.812500000000000000e+01 -4.312500000000000000e+01
3.220000028610229492e+00 -8.479999542236328125e+00 4.730000019073486328e+00 -3.268750000000000000e+01 4.556250000000000000e+01 -1.218750000000000000e+01 1.428125000000000000e+02 2.075000000000000000e+01 -4.937500000000000000e+01
3.119999885559082031e+00 -8.510000228881835938e+00 4.610000133514404297e+00 -3.268750000000000000e+01 4.556250000000000000e+01 -1.218750000000000000e+01 1.587500000000000000e+02 2.406250000000000000e+01 -5.631250000000000000e+01
