4.389999866485595703e+00 -2.309999942779541016e+00 8.420000076293945312e+00 -3.968750000000000000e+01 2.525000000000000000e+01 -3.368750000000000000e+01 -6.250000000000000000e-02 1.250000000000000000e-01 6.250000000000000000e-02
4.400000095367431641e+00 -2.309999942779541016e+00 8.420000076293945312e+00 -3.968750000000000000e+01 2.525000000000000000e+01 -3.368750000000000000e+01 6.250000000000000000e-02 1.250000000000000000e-01 2.500000000000000000e-01
4.389999866485595703e+00 -2.309999942779541016e+00 8.399999618530273438e+00 -3.968750000000000000e+01 2.525000000000000000e+01 -3.368750000000000000e+01 1.250000000000000000e-01 0.000000000000000000e+00 6.250000000000000000e-02
4.389999866485595703e+00 -2.299999952316284180e+00 8.420000076293945312e+00 -3.968750000000000000e+01 2.525000000000000000e+01 -3.368750000000000000e+01 6.250000000000000000e-02 -1.250000000000000000e-01 1.875000000000000000e-01
4.409999847412109375e+00 -2.329999923706054688e+00 8.409999847412109375e+00 -3.968750000000000000e+01 2.525000000000000000e+01 -3.368750000000000000e+01 0.000000000000000000e+00 6.250000000000000000e-02 6.250000000000000000e-02
4.400000095367431641e+00 -2.329999923706054688e+00 8.399999618530273438e+00 -4.118750000000000000e+01 2.556250000000000000e+01 -3.456250000000000000e+01 0.000000000000000000e+00 6.250000000000000000e-02 0.000000000000000000e+00
4.389999866485595703e+00 -2.339999914169311523e+00 8.369999885559082031e+00 -4.118750000000000000e+01 2.556250000000000000e+01 -3.456250000000000000e+01 -6.250000000000000000e-02 1.875000000000000000e-01 0.000000000000000000e+00
4.409999847412109375e+00 -2.339999914169311523e+00 8.350000381469726562e+00 -4.118750000000000000e+01 2.556250000000000000e+01 -3.456250000000000000e+01 0.000000000000000000e+00 6.250000000000000000e-02 6.250000000000000000e-02
4.380000114440917969e+00 -2.319999933242797852e+00 8.380000114440917969e+00 -4.118750000000000000e+01 2.556250000000000000e+01 -3.456250000000000000e+01 6.250000000000000000e-02 1.875000000000000000e-01 0.000000000000000000e+00
4.400000095367431641e+00 -2.319999933242797852e+00 8.390000343322753906e+00 -4.118750000000000000e+01 2.556250000000000000e+01 -3.456250000000000000e+01 -6.250000000000000000e-02 1.875000000000000000e-01 0.000000000000000000e+00
4.400000095367431641e+00 -2.329999923706054688e+00 8.409999847412109375e+00 -4.050000000000000000e+01 2.556250000000000000e+01 -3.418750000000000000e+01 6.250000000000000000e-02 1.875000000000000000e-01 0.000000000000000000e+00
4.400000095367431641e+00 -2.319999933242797852e+00 8.359999656677246094e+00 -4.050000000000000000e+01 2.556250000000000000e+01 -3.418750000000000000e+01 0.000000000000000000e+00 3.125000000000000000e-01 6.250000000000000000e-02
4.460000038146972656e+00 -2.369999885559082031e+00 8.340000152587890625e+00 -4.050000000000000000e+01 2.556250000000000000e+01 -3.418750000000000000e+01 0.000000000000000000e+00 3.125000000000000000e-01 -6.250000000000000000e-02
4.400000095367431641e+00 -2.349999904632568359e+00 8.390000343322753906e+00 -4.050000000000000000e+01 2.556250000000000000e+01 -3.418750000000000000e+01 3.125000000000000000e-01 5.625000000000000000e-01 -2.500000000000000000e-01
4.510000228881835938e+00 -2.250000000000000000e+00 8.500000000000000000e+00 -4.050000000000000000e+01 2.556250000000000000e+01 -3.418750000000000000e+01 5.000000000000000000e-01 6.250000000000000000e-01 -2.500000000000000000e-01
4.519999980926513672e+00 -2.079999923706054688e+00 8.500000000000000000e+00 -3.968750000000000000e+01 2.487500000000000000e+01 -3.368750000000000000e+01 7.500000000000000000e-01 3.125000000000000000e-01 0.000000000000000000e+00
4.500000000000000000e+00 -2.430000066757202148e+00 8.329999923706054688e+00 -3.968750000000000000e+01 2.487500000000000000e+01 -3.368750000000000000e+01 7.500000000000000000e-01 6.250000000000000000e-01 6.875000000000000000e-01
4.519999980926513672e+00 -2.420000076293945312e+00 8.319999694824218750e+00 -3.968750000000000000e+01 2.487500000000000000e+01 -3.368750000000000000e+01 8.125000000000000000e-01 8.125000000000000000e-01 1.000000000000000000e+00
4.530000209808349609e+00 -2.470000028610229492e+00 8.329999923706054688e+00 -3.968750000000000000e+01 2.487500000000000000e+01 -3.368750000000000000e+01 1.125000000000000000e+00 1.250000000000000000e+00 1.000000000000000000e+00
4.489999771118164062e+00 -2.470000028610229492e+00 8.390000343322753906e+00 -3.968750000000000000e+01 2.487500000000000000e+01 -3.368750000000000000e+01 1.625000000000000000e+00 2.062500000000000000e+00 4.375000000000000000e-01
4.619999885559082031e+00 -2.180000066757202148e+00 8.520000457763671875e+00 -4.050000000000000000e+01 2.525000000000000000e+01 -3.337500000000000000e+01 2.187500000000000000e+00 2.062500000000000000e+00 3.750000000000000000e-01
4.730000019073486328e+00 -2.069999933242797852e+00 8.500000000000000000e+00 -4.050000000000000000e+01 2.525000000000000000e+01 -3.337500000000000000e+01 2.375000000000000000e+00 1.625000000000000000e+00 9.375000000000000000e-01
5.030000209808349609e+00 -2.160000085830688477e+00 8.369999885559082031e+00 -4.050000000000000000e+01 2.525000000000000000e+01 -3.337500000000000000e+01 1.937500000000000000e+00 1.250000000000000000e+00 1.812500000000000000e+00
5.280000209808349609e+00 -2.380000114440917969e+00 8.359999656677246094e+00 -4.050000000000000000e+01 2.525000000000000000e+01 -3.337500000000000000e+01 1.437500000000000000e+00 2.062500000000000000e+00 3.312500000000000000e+00
6.199999809265136719e+00 -2.759999990463256836e+00 8.479999542236328125e+00 -4.050000000000000000e+01 2.525000000000000000e+01 -3.337500000000000000e+01 1.937500000000000000e+00 3.750000000000000000e+00 4.187500000000000000e+00
7.400000095367431641e+00 -2.609999895095825195e+00 8.239999771118164062e+00 -4.006250000000000000e+01 2.450000000000000000e+01 -3.206250000000000000e+01 4.062500000000000000e+00 3.937500000000000000e+00 3.812500000000000000e+00
9.800000190734863281e+00 -1.700000047683715820e+00 7.340000152587890625e+00 -4.006250000000000000e+01 2.450000000000000000e+01 -3.206250000000000000e+01 7.250000000000000000e+00 2.312500000000000000e+00 2.375000000000000000e+00
1.086999988555908203e+01 -4.099999964237213135e-01 2.509999990463256836e+00 -4.006250000000000000e+01 2.450000000000000000e+01 -3.206250000000000000e+01 6.562500000000000000e+00 -6.250000000000000000e-01 9.375000000000000000e-01
1.002000045776367188e+01 -5.799999833106994629e-01 1.789999961853027344e+00 -4.006250000000000000e+01 2.450000000000000000e+01 -3.206250000000000000e+01 6.187500000000000000e+00 -3.812500000000000000e+00 2.062500000000000000e+00
1.051000022888183594e+01 -5.500000119209289551e-01 3.190000057220458984e+00 -4.006250000000000000e+01 2.450000000000000000e+01 -3.206250000000000000e+01 1.356250000000000000e+01 -1.387500000000000000e+01 1.500000000000000000e+00
1.110000038146972656e+01 -8.000000119209289551e-01 6.010000228881835938e+00 -3.968750000000000000e+01 2.450000000000000000e+01 -3.287500000000000000e+01 2.068750000000000000e+01 -2.406250000000000000e+01 1.687500000000000000e+00
1.118000030517578125e+01 -8.700000047683715820e-01 6.610000133514404297e+00 -3.968750000000000000e+01 2.450000000000000000e+01 -3.287500000000000000e+01 2.293750000000000000e+01 -2.025000000000000000e+01 5.937500000000000000e+00
8.119999885559082031e+00 -4.399999976158142090e-01 5.940000057220458984e+00 -3.968750000000000000e+01 2.450000000000000000e+01 -3.287500000000000000e+01 1.906250000000000000e+01 4.375000000000000000e-01 1.218750000000000000e+01
6.599999904632568359e+00 -3.499999940395355225e-01 6.179999828338623047e+00 -3.968750000000000000e+01 2.450000000000000000e+01 -3.287500000000000000e+01 1.562500000000000000e+01 1.006250000000000000e+01 1.237500000000000000e+01
6.570000171661376953e+00 -3.400000035762786865e-01 7.210000038146972656e+00 -3.968750000000000000e+01 2.450000000000000000e+01 -3.287500000000000000e+01 1.168750000000000000e+01 3.875000000000000000e+00 1.025000000000000000e+01
6.670000076293945312e+00 -1.610000014305114746e+00 8.550000190734863281e+00 -4.075000000000000000e+01 2.487500000000000000e+01 -3.250000000000000000e+01 4.875000000000000000e+00 1.312500000000000000e+00 8.875000000000000000e+00
4.599999904632568359e+00 -2.279999971389770508e+00 8.350000381469726562e+00 -4.075000000000000000e+01 2.487500000000000000e+01 -3.250000000000000000e+01 -1.000000000000000000e+00 9.375000000000000000e+00 7.312500000000000000e+00
4.260000228881835938e+00 -2.529999971389770508e+00 8.670000076293945312e+00 -4.075000000000000000e+01 2.487500000000000000e+01 -3.250000000000000000e+01 -2.250000000000000000e+00 1.400000000000000000e+01 2.187500000000000000e+00
3.069999933242797852e+00 -2.650000095367431641e+00 9.159999847412109375e+00 -4.075000000000000000e+01 2.487500000000000000e+01 -3.250000000000000000e+01 -2.187500000000000000e+00 1.406250000000000000e+01 -4.812500000000000000e+00
3.250000000000000000e+00 -3.079999923706054688e+00 9.369999885559082031e+00 -4.075000000000000000e+01 2.487500000000000000e+01 -3.250000000000000000e+01 -2.750000000000000000e+00 1.606250000000000000e+01 -9.000000000000000000e+00
2.950000047683715820e+00 -3.309999942779541016e+00 1.046000003814697266e+01 -4.118750000000000000e+01 2.487500000000000000e+01 -3.250000000000000000e+01 -3.437500000000000000e+00 1.793750000000000000e+01 -1.150000000000000000e+01
1.700000047683715820e+00 -3.369999885559082031e+00 1.035999965667724609e+01 -4.118750000000000000e+01 2.487500000000000000e+01 -3.250000000000000000e+01 -2.875000000000000000e+00 2.268750000000000000e+01 -1.256250000000000000e+01
9.300000071525573730e-01 -3.220000028610229492e+00 1.180000019073486328e+01 -4.118750000000000000e+01 2.487500000000000000e+01 -3.250000000000000000e+01 -2.000000000000000000e+00 2.693750000000000000e+01 -1.237500000000000000e+01
6.100000143051147461e-01 -3.349999904632568359e+00 1.198999977111816406e+01 -4.118750000000000000e+01 2.487500000000000000e+01 -3.250000000000000000e+01 -2.625000000000000000e+00 3.037500000000000000e+01 -9.875000000000000000e+00
7.300000190734863281e-01 -3.440000057220458984e+00 1.165999984741210938e+01 -4.118750000000000000e+01 2.487500000000000000e+01 -3.250000000000000000e+01 -4.937500000000000000e+00 3.612500000000000000e+01 -6.562500000000000000e+00
1.159999966621398926e+00 -3.349999904632568359e+00 1.089000034332275391e+01 -4.268750000000000000e+01 2.637500000000000000e+01 -3.418750000000000000e+01 -5.812500000000000000e+00 3.925000000000000000e+01 -5.625000000000000000e+00
9.100000262260437012e-01 -3.259999990463256836e+00 8.710000038146972656e+00 -4.268750000000000000e+01 2.637500000000000000e+01 -3.418750000000000000e+01 -4.375000000000000000e+00 3.931250000000000000e+01 -6.500000000000000000e+00
1.570000052452087402e+00 -2.410000085830688477e+00 7.980000019073486328e+00 -4.268750000000000000e+01 2.637500000000000000e+01 -3.418750000000000000e+01 4.375000000000000000e-01 3.512500000000000000e+01 -9.750000000000000000e+00
2.089999914169311523e+00 -1.710000038146972656e+00 7.739999771118164062e+00 -4.268750000000000000e+01 2.637500000000000000e+01 -3.418750000000000000e+01 3.125000000000000000e+00 2.625000000000000000e+01 -1.462500000000000000e+01
2.609999895095825195e+00 -1.460000038146972656e+00 7.980000019073486328e+00 -4.268750000000000000e+01 2.637500000000000000e+01 -3.418750000000000000e+01 5.000000000000000000e-01 1.550000000000000000e+01 -1.750000000000000000e+01
2.519999980926513672e+00 -1.590000033378601074e+00 7.820000171661376953e+00 -4.118750000000000000e+01 2.518750000000000000e+01 -3.418750000000000000e+01 -4.437500000000000000e+00 4.875000000000000000e+00 -1.856250000000000000e+01
2.589999914169311523e+00 -1.919999957084655762e+00 8.380000114440917969e+00 -4.118750000000000000e+01 2.518750000000000000e+01 -3.418750000000000000e+01 -1.075000000000000000e+01 -3.750000000000000000e+00 -1.775000000000000000e+01
3.099999904632568359e+00 -2.329999923706054688e+00 8.380000114440917969e+00 -4.118750000000000000e+01 2.518750000000000000e+01 -3.418750000000000000e+01 -1.531250000000000000e+01 -1.093750000000000000e+01 -1.681250000000000000e+01
3.289999961853027344e+00 -2.349999904632568359e+00 8.550000190734863281e+00 -4.118750000000000000e+01 2.518750000000000000e+01 -3.418750000000000000e+01 -1.593750000000000000e+01 -1.537500000000000000e+01 -1.543750000000000000e+01
3.210000038146972656e+00 -2.109999895095825195e+00 8.470000267028808594e+00 -4.118750000000000000e+01 2.518750000000000000e+01 -3.418750000000000000e+01 -1.481250000000000000e+01 -1.818750000000000000e+01 -1.481250000000000000e+01
3.039999961853027344e+00 -1.730000019073486328e+00 8.350000381469726562e+00 -4.200000000000000000e+01 2.550000000000000000e+01 -3.418750000000000000e+01 -1.443750000000000000e+01 -2.075000000000000000e+01 -1.568750000000000000e+01
2.940000057220458984e+00 -1.580000042915344238e+00 8.289999961853027344e+00 -4.200000000000000000e+01 2.550000000000000000e+01 -3.418750000000000000e+01 -1.675000000000000000e+01 -2.468750000000000000e+01 -1.743750000000000000e+01
3.230000019073486328e+00 -2.009999990463256836e+00 8.229999542236328125e+00 -4.200000000000000000e+01 2.550000000000000000e+01 -3.418750000000000000e+01 -2.006250000000000000e+01 -3.050000000000000000e+01 -1.956250000000000000e+01
3.420000076293945312e+00 -2.420000076293945312e+00 8.199999809265136719e+00 -4.200000000000000000e+01 2.550000000000000000e+01 -3.418750000000000000e+01 -2.075000000000000000e+01 -3.718750000000000000e+01 -2.162500000000000000e+01
3.619999885559082031e+00 -2.829999923706054688e+00 8.430000305175781250e+00 -4.200000000000000000e+01 2.550000000000000000e+01 -3.418750000000000000e+01 -1.668750000000000000e+01 -4.243750000000000000e+01 -2.331250000000000000e+01
4.039999961853027344e+00 -2.980000019073486328e+00 9.100000381469726562e+00 -4.200000000000000000e+01 2.518750000000000000e+01 -3.250000000000000000e+01 -8.875000000000000000e+00 -4.506250000000000000e+01 -2.487500000000000000e+01
4.030000209808349609e+00 -2.740000009536743164e+00 9.460000038146972656e+00 -4.200000000000000000e+01 2.518750000000000000e+01 -3.250000000000000000e+01 -4.375000000000000000e-01 -4.487500000000000000e+01 -2.506250000000000000e+01
4.039999961853027344e+00 -2.420000076293945312e+00 9.750000000000000000e+00 -4.200000000000000000e+01 2.518750000000000000e+01 -3.250000000000000000e+01 4.562500000000000000e+00 -4.231250000000000000e+01 -2.300000000000000000e+01
3.940000057220458984e+00 -2.450000047683715820e+00 1.003999996185302734e+01 -4.200000000000000000e+01 2.518750000000000000e+01 -3.250000000000000000e+01 4.750000000000000000e+00 -3.737500000000000000e+01 -1.862500000000000000e+01
4.179999828338623047e+00 -2.809999942779541016e+00 1.053999996185302734e+01 -4.200000000000000000e+01 2.518750000000000000e+01 -3.250000000000000000e+01 2.562500000000000000e+00 -3.081250000000000000e+01 -1.318750000000000000e+01
3.869999885559082031e+00 -3.000000000000000000e+00 1.057999992370605469e+01 -4.375000000000000000e+01 2.518750000000000000e+01 -3.050000000000000000e+01 -3.125000000000000000e-01 -2.050000000000000000e+01 -7.875000000000000000e+00
3.170000076293945312e+00 -3.240000009536743164e+00 1.056000041961669922e+01 -4.375000000000000000e+01 2.518750000000000000e+01 -3.050000000000000000e+01 -1.312500000000000000e+00 -6.562500000000000000e+00 -2.562500000000000000e+00
2.250000000000000000e+00 -3.279999971389770508e+00 1.056999969482421875e+01 -4.375000000000000000e+01 2.518750000000000000e+01 -3.050000000000000000e+01 -1.250000000000000000e-01 6.500000000000000000e+00 7.500000000000000000e-01
4.900000095367431641e-01 -3.250000000000000000e+00 1.043000030517578125e+01 -4.375000000000000000e+01 2.518750000000000000e+01 -3.050000000000000000e+01 2.750000000000000000e+00 1.456250000000000000e+01 1.937500000000000000e+00
9.999999776482582092e-03 -3.009999990463256836e+00 1.034000015258789062e+01 -4.375000000000000000e+01 2.518750000000000000e+01 -3.050000000000000000e+01 6.125000000000000000e+00 1.750000000000000000e+01 1.250000000000000000e+00
-1.899999976158142090e-01 -2.799999952316284180e+00 1.039999961853027344e+01 -4.568750000000000000e+01 2.406250000000000000e+01 -2.968750000000000000e+01 7.250000000000000000e+00 1.850000000000000000e+01 -7.500000000000000000e-01
-5.199999809265136719e-01 -2.680000066757202148e+00 1.046000003814697266e+01 -4.568750000000000000e+01 2.406250000000000000e+01 -2.968750000000000000e+01 5.125000000000000000e+00 1.812500000000000000e+01 -2.375000000000000000e+00
-5.199999809265136719e-01 -2.799999952316284180e+00 1.036999988555908203e+01 -4.568750000000000000e+01 2.406250000000000000e+01 -2.968750000000000000e+01 1.375000000000000000e+00 1.737500000000000000e+01 -3.750000000000000000e+00
-3.600000143051147461e-01 -2.980000019073486328e+00 1.038000011444091797e+01 -4.568750000000000000e+01 2.406250000000000000e+01 -2.968750000000000000e+01 -2.812500000000000000e+00 1.706250000000000000e+01 -4.437500000000000000e+00
-4.000000059604644775e-01 -3.140000104904174805e+00 1.031999969482421875e+01 -4.568750000000000000e+01 2.406250000000000000e+01 -2.968750000000000000e+01 -5.375000000000000000e+00 1.800000000000000000e+01 -5.812500000000000000e+00
-1.500000059604644775e-01 -3.160000085830688477e+00 1.023999977111816406e+01 -4.450000000000000000e+01 2.450000000000000000e+01 -3.125000000000000000e+01 -6.625000000000000000e+00 1.850000000000000000e+01 -6.687500000000000000e+00
-1.500000059604644775e-01 -3.029999971389770508e+00 1.015999984741210938e+01 -4.450000000000000000e+01 2.450000000000000000e+01 -3.125000000000000000e+01 -7.375000000000000000e+00 1.981250000000000000e+01 -7.250000000000000000e+00
-2.999999932944774628e-02 -3.109999895095825195e+00 1.006000041961669922e+01 -4.450000000000000000e+01 2.450000000000000000e+01 -3.125000000000000000e+01 -7.875000000000000000e+00 2.050000000000000000e+01 -7.312500000000000000e+00
7.000000029802322388e-02 -3.299999952316284180e+00 9.880000114440917969e+00 -4.450000000000000000e+01 2.450000000000000000e+01 -3.125000000000000000e+01 -6.750000000000000000e+00 2.012500000000000000e+01 -7.437500000000000000e+00
1.299999952316284180e-01 -3.619999885559082031e+00 9.640000343322753906e+00 -4.450000000000000000e+01 2.450000000000000000e+01 -3.125000000000000000e+01 -2.937500000000000000e+00 1.850000000000000000e+01 -8.937500000000000000e+00
4.300000071525573730e-01 -3.359999895095825195e+00 9.630000114440917969e+00 -4.418750000000000000e+01 2.337500000000000000e+01 -3.125000000000000000e+01 2.625000000000000000e+00 1.481250000000000000e+01 -1.193750000000000000e+01
9.399999976158142090e-01 -2.890000104904174805e+00 9.579999923706054688e+00 -4.418750000000000000e+01 2.337500000000000000e+01 -3.125000000000000000e+01 7.812500000000000000e+00 1.081250000000000000e+01 -1.468750000000000000e+01
1.519999980926513672e+00 -2.250000000000000000e+00 9.380000114440917969e+00 -4.418750000000000000e+01 2.337500000000000000e+01 -3.125000000000000000e+01 8.625000000000000000e+00 8.937500000000000000e+00 -1.468750000000000000e+01
1.659999966621398926e+00 -2.079999923706054688e+00 9.239999771118164062e+00 -4.418750000000000000e+01 2.337500000000000000e+01 -3.125000000000000000e+01 5.500000000000000000e+00 7.875000000000000000e+00 -1.275000000000000000e+01
1.789999961853027344e+00 -2.099999904632568359e+00 9.069999694824218750e+00 -4.418750000000000000e+01 2.337500000000000000e+01 -3.125000000000000000e+01 2.500000000000000000e-01 6.375000000000000000e+00 -9.687500000000000000e+00
2.309999942779541016e+00 -2.240000009536743164e+00 8.989999771118164062e+00 -4.375000000000000000e+01 2.337500000000000000e+01 -3.168750000000000000e+01 -5.000000000000000000e+00 4.000000000000000000e+00 -7.187500000000000000e+00
3.529999971389770508e+00 -2.650000095367431641e+00 8.750000000000000000e+00 -4.375000000000000000e+01 2.337500000000000000e+01 -3.168750000000000000e+01 -8.125000000000000000e+00 1.500000000000000000e+00 -4.625000000000000000e+00
4.019999980926513672e+00 -2.930000066757202148e+00 8.520000457763671875e+00 -4.375000000000000000e+01 2.337500000000000000e+01 -3.168750000000000000e+01 -7.937500000000000000e+00 3.750000000000000000e-01 -2.187500000000000000e+00
4.599999904632568359e+00 -3.069999933242797852e+00 8.239999771118164062e+00 -4.375000000000000000e+01 2.337500000000000000e+01 -3.168750000000000000e+01 -3.562500000000000000e+00 1.687500000000000000e+00 -7.500000000000000000e-01
5.070000171661376953e+00 -3.089999914169311523e+00 8.029999732971191406e+00 -4.375000000000000000e+01 2.337500000000000000e+01 -3.168750000000000000e+01 3.812500000000000000e+00 7.062500000000000000e+00 -5.625000000000000000e-01
4.599999904632568359e+00 -2.569999933242797852e+00 7.469999790191650391e+00 -4.375000000000000000e+01 2.268750000000000000e+01 -3.250000000000000000e+01 1.275000000000000000e+01 1.187500000000000000e+01 -1.687500000000000000e+00
4.099999904632568359e+00 -2.230000019073486328e+00 7.340000152587890625e+00 -4.375000000000000000e+01 2.268750000000000000e+01 -3.250000000000000000e+01 2.075000000000000000e+01 1.300000000000000000e+01 -5.437500000000000000e+00
4.179999828338623047e+00 -1.509999990463256836e+00 7.010000228881835938e+00 -4.375000000000000000e+01 2.268750000000000000e+01 -3.250000000000000000e+01 2.643750000000000000e+01 7.062500000000000000e+00 -1.037500000000000000e+01
4.989999771118164062e+00 4.000000059604644775e-01 6.719999790191650391e+00 -4.375000000000000000e+01 2.268750000000000000e+01 -3.250000000000000000e+01 2.593750000000000000e+01 -1.812500000000000000e+00 -1.575000000000000000e+01
5.769999980926513672e+00 9.700000286102294922e-01 6.909999847412109375e+00 -4.375000000000000000e+01 2.268750000000000000e+01 -3.250000000000000000e+01 1.468750000000000000e+01 -1.100000000000000000e+01 -2.081250000000000000e+01
6.719999790191650391e+00 1.000000000000000000e+00 6.860000133514404297e+00 -4.306250000000000000e+01 2.187500000000000000e+01 -3.337500000000000000e+01 -7.125000000000000000e+00 -1.831250000000000000e+01 -2.243750000000000000e+01
7.570000171661376953e+00 6.700000166893005371e-01 6.699999809265136719e+00 -4.306250000000000000e+01 2.187500000000000000e+01 -3.337500000000000000e+01 -3.243750000000000000e+01 -2.118750000000000000e+01 -2.162500000000000000e+01
8.149999618530273438e+00 -2.700000107288360596e-01 6.329999923706054688e+00 -4.306250000000000000e+01 2.187500000000000000e+01 -3.337500000000000000e+01 -5.562500000000000000e+01 -1.787500000000000000e+01 -1.893750000000000000e+01
8.189999580383300781e+00 -7.699999809265136719e-01 6.050000190734863281e+00 -4.306250000000000000e+01 2.187500000000000000e+01 -3.337500000000000000e+01 -7.350000000000000000e+01 -1.318750000000000000e+01 -1.468750000000000000e+01
8.189999580383300781e+00 -9.900000095367431641e-01 5.699999809265136719e+00 -4.306250000000000000e+01 2.187500000000000000e+01 -3.337500000000000000e+01 -8.475000000000000000e+01 -1.106250000000000000e+01 -8.875000000000000000e+00
