3.569999933242797852e+00 -2.539999961853027344e+00 8.750000000000000000e+00 -3.900000000000000000e+01 2.468750000000000000e+01 -3.587500000000000000e+01 -9.375000000000000000e-01 -1.687500000000000000e+00 1.062500000000000000e+00
3.619999885559082031e+00 -2.720000028610229492e+00 8.569999694824218750e+00 -3.900000000000000000e+01 2.468750000000000000e+01 -3.587500000000000000e+01 -9.375000000000000000e-01 -1.687500000000000000e+00 1.062500000000000000e+00
3.500000000000000000e+00 -2.819999933242797852e+00 8.680000305175781250e+00 -3.900000000000000000e+01 2.468750000000000000e+01 -3.587500000000000000e+01 -1.750000000000000000e+00 -1.812500000000000000e+00 1.187500000000000000e+00
3.569999933242797852e+00 -2.569999933242797852e+00 8.829999923706054688e+00 -3.900000000000000000e+01 2.468750000000000000e+01 -3.587500000000000000e+01 -8.750000000000000000e-01 -3.062500000000000000e+00 1.937500000000000000e+00
3.640000104904174805e+00 -2.509999990463256836e+00 8.739999771118164062e+00 -3.900000000000000000e+01 2.468750000000000000e+01 -3.550000000000000000e+01 -8.750000000000000000e-01 -3.062500000000000000e+00 1.937500000000000000e+00
3.549999952316284180e+00 -2.519999980926513672e+00 8.789999961853027344e+00 -3.900000000000000000e+01 2.468750000000000000e+01 -3.550000000000000000e+01 -1.812500000000000000e+00 -3.375000000000000000e+00 2.687500000000000000e+00
3.619999885559082031e+00 -2.519999980926513672e+00 8.760000228881835938e+00 -3.900000000000000000e+01 2.468750000000000000e+01 -3.550000000000000000e+01 -3.562500000000000000e+00 -3.625000000000000000e+00 3.875000000000000000e+00
3.710000038146972656e+00 -2.640000104904174805e+00 8.750000000000000000e+00 -3.900000000000000000e+01 2.468750000000000000e+01 -3.550000000000000000e+01 -3.562500000000000000e+00 -3.625000000000000000e+00 3.875000000000000000e+00
3.599999904632568359e+00 -2.609999895095825195e+00 8.770000457763671875e+00 -3.900000000000000000e+01 2.468750000000000000e+01 -3.550000000000000000e+01 -4.500000000000000000e+00 -3.375000000000000000e+00 4.375000000000000000e+00
3.710000038146972656e+00 -2.589999914169311523e+00 8.770000457763671875e+00 -4.000000000000000000e+01 2.468750000000000000e+01 -3.506250000000000000e+01 -4.500000000000000000e+00 -3.375000000000000000e+00 4.375000000000000000e+00
3.700000047683715820e+00 -2.529999971389770508e+00 8.760000228881835938e+00 -4.000000000000000000e+01 2.468750000000000000e+01 -3.506250000000000000e+01 -5.812500000000000000e+00 -2.812500000000000000e+00 4.062500000000000000e+00
3.710000038146972656e+00 -2.190000057220458984e+00 8.989999771118164062e+00 -4.000000000000000000e+01 2.468750000000000000e+01 -3.506250000000000000e+01 -8.062500000000000000e+00 -2.687500000000000000e+00 4.250000000000000000e+00
3.509999990463256836e+00 -2.049999952316284180e+00 9.220000267028808594e+00 -4.000000000000000000e+01 2.468750000000000000e+01 -3.506250000000000000e+01 -1.368750000000000000e+01 -5.062500000000000000e+00 4.625000000000000000e+00
3.630000114440917969e+00 -1.740000009536743164e+00 8.909999847412109375e+00 -4.000000000000000000e+01 2.468750000000000000e+01 -3.506250000000000000e+01 -1.368750000000000000e+01 -5.062500000000000000e+00 4.625000000000000000e+00
4.059999942779541016e+00 -1.580000042915344238e+00 9.060000419616699219e+00 -4.037500000000000000e+01 2.387500000000000000e+01 -3.625000000000000000e+01 -1.756250000000000000e+01 -4.812500000000000000e+00 3.250000000000000000e+00
4.050000190734863281e+00 -1.470000028610229492e+00 8.880000114440917969e+00 -4.037500000000000000e+01 2.387500000000000000e+01 -3.625000000000000000e+01 -2.100000000000000000e+01 -1.437500000000000000e+00 -1.125000000000000000e+00
3.720000028610229492e+00 -1.269999980926513672e+00 8.850000381469726562e+00 -4.037500000000000000e+01 2.387500000000000000e+01 -3.625000000000000000e+01 -2.331250000000000000e+01 1.437500000000000000e+00 -9.000000000000000000e+00
3.619999885559082031e+00 -1.049999952316284180e+00 9.140000343322753906e+00 -4.037500000000000000e+01 2.387500000000000000e+01 -3.625000000000000000e+01 -2.387500000000000000e+01 5.500000000000000000e+00 -2.212500000000000000e+01
3.750000000000000000e+00 -5.000000074505805969e-02 9.420000076293945312e+00 -4.037500000000000000e+01 2.387500000000000000e+01 -3.625000000000000000e+01 -2.387500000000000000e+01 5.500000000000000000e+00 -2.212500000000000000e+01
3.599999904632568359e+00 9.200000166893005371e-01 9.630000114440917969e+00 -3.968750000000000000e+01 2.506250000000000000e+01 -3.468750000000000000e+01 -2.675000000000000000e+01 1.700000000000000000e+01 -5.562500000000000000e+01
3.970000028610229492e+00 1.529999971389770508e+00 9.369999885559082031e+00 -3.968750000000000000e+01 2.506250000000000000e+01 -3.468750000000000000e+01 -3.237500000000000000e+01 2.343750000000000000e+01 -7.381250000000000000e+01
4.610000133514404297e+00 1.509999990463256836e+00 9.539999961853027344e+00 -3.968750000000000000e+01 2.506250000000000000e+01 -3.468750000000000000e+01 -4.093750000000000000e+01 3.075000000000000000e+01 -9.362500000000000000e+01
4.059999942779541016e+00 1.529999971389770508e+00 9.359999656677246094e+00 -3.968750000000000000e+01 2.506250000000000000e+01 -3.468750000000000000e+01 -4.981250000000000000e+01 3.862500000000000000e+01 -1.184375000000000000e+02
4.260000228881835938e+00 2.140000104904174805e+00 9.800000190734863281e+00 -3.968750000000000000e+01 2.506250000000000000e+01 -3.468750000000000000e+01 -6.850000000000000000e+01 5.275000000000000000e+01 -1.614375000000000000e+02
4.409999847412109375e+00 1.889999985694885254e+00 9.600000381469726562e+00 -4.037500000000000000e+01 2.506250000000000000e+01 -3.337500000000000000e+01 -6.850000000000000000e+01 5.275000000000000000e+01 -1.614375000000000000e+02
4.360000133514404297e+00 -3.499999940395355225e-01 9.239999771118164062e+00 -4.037500000000000000e+01 2.506250000000000000e+01 -3.337500000000000000e+01 -7.943750000000000000e+01 5.800000000000000000e+01 -1.726875000000000000e+02
4.900000095367431641e+00 -8.500000238418579102e-01 8.390000343322753906e+00 -4.037500000000000000e+01 2.506250000000000000e+01 -3.337500000000000000e+01 -8.418750000000000000e+01 6.193750000000000000e+01 -1.825000000000000000e+02
4.989999771118164062e+00 -1.570000052452087402e+00 8.260000228881835938e+00 -4.037500000000000000e+01 2.506250000000000000e+01 -3.337500000000000000e+01 -8.656250000000000000e+01 6.556250000000000000e+01 -1.901875000000000000e+02
5.300000190734863281e+00 -2.529999971389770508e+00 8.020000457763671875e+00 -4.037500000000000000e+01 2.506250000000000000e+01 -3.337500000000000000e+01 -8.706250000000000000e+01 6.725000000000000000e+01 -1.942500000000000000e+02
5.480000019073486328e+00 -3.289999961853027344e+00 7.809999942779541016e+00 -4.075000000000000000e+01 2.056250000000000000e+01 -3.418750000000000000e+01 -9.006250000000000000e+01 6.831250000000000000e+01 -1.895625000000000000e+02
6.099999904632568359e+00 -5.860000133514404297e+00 7.889999866485595703e+00 -4.075000000000000000e+01 2.056250000000000000e+01 -3.418750000000000000e+01 -8.975000000000000000e+01 6.887500000000000000e+01 -1.791875000000000000e+02
5.809999942779541016e+00 -5.989999771118164062e+00 8.189999580383300781e+00 -4.075000000000000000e+01 2.056250000000000000e+01 -3.418750000000000000e+01 -8.350000000000000000e+01 6.856250000000000000e+01 -1.750000000000000000e+02
5.559999942779541016e+00 -5.389999866485595703e+00 7.460000038146972656e+00 -4.075000000000000000e+01 2.056250000000000000e+01 -3.418750000000000000e+01 -8.106250000000000000e+01 6.881250000000000000e+01 -1.618125000000000000e+02
5.250000000000000000e+00 -5.750000000000000000e+00 7.769999980926513672e+00 -4.075000000000000000e+01 2.056250000000000000e+01 -3.418750000000000000e+01 -7.831250000000000000e+01 6.862500000000000000e+01 -1.488125000000000000e+02
5.659999847412109375e+00 -5.670000076293945312e+00 8.199999809265136719e+00 -4.256250000000000000e+01 1.768750000000000000e+01 -3.506250000000000000e+01 -6.943750000000000000e+01 6.768750000000000000e+01 -1.390625000000000000e+02
5.820000171661376953e+00 -5.170000076293945312e+00 8.850000381469726562e+00 -4.256250000000000000e+01 1.768750000000000000e+01 -3.506250000000000000e+01 -6.187500000000000000e+01 7.237500000000000000e+01 -1.314375000000000000e+02
5.650000095367431641e+00 -6.400000095367431641e+00 8.340000152587890625e+00 -4.256250000000000000e+01 1.768750000000000000e+01 -3.506250000000000000e+01 -5.587500000000000000e+01 8.093750000000000000e+01 -1.215000000000000000e+02
5.170000076293945312e+00 -6.449999809265136719e+00 8.069999694824218750e+00 -4.256250000000000000e+01 1.768750000000000000e+01 -3.506250000000000000e+01 -4.293750000000000000e+01 8.806250000000000000e+01 -1.176875000000000000e+02
4.269999980926513672e+00 -5.769999980926513672e+00 7.489999771118164062e+00 -4.256250000000000000e+01 1.768750000000000000e+01 -3.506250000000000000e+01 -3.375000000000000000e+01 8.912500000000000000e+01 -1.134375000000000000e+02
3.859999895095825195e+00 -6.300000190734863281e+00 7.389999866485595703e+00 -4.375000000000000000e+01 1.468750000000000000e+01 -3.625000000000000000e+01 -2.906250000000000000e+01 8.593750000000000000e+01 -1.047500000000000000e+02
3.680000066757202148e+00 -7.059999942779541016e+00 7.099999904632568359e+00 -4.375000000000000000e+01 1.468750000000000000e+01 -3.625000000000000000e+01 -2.181250000000000000e+01 8.200000000000000000e+01 -9.256250000000000000e+01
3.289999961853027344e+00 -7.130000114440917969e+00 6.750000000000000000e+00 -4.375000000000000000e+01 1.468750000000000000e+01 -3.625000000000000000e+01 -1.687500000000000000e+01 7.475000000000000000e+01 -7.687500000000000000e+01
3.349999904632568359e+00 -7.900000095367431641e+00 6.659999847412109375e+00 -4.375000000000000000e+01 1.468750000000000000e+01 -3.625000000000000000e+01 -1.306250000000000000e+01 6.537500000000000000e+01 -5.925000000000000000e+01
3.380000114440917969e+00 -8.979999542236328125e+00 6.460000038146972656e+00 -4.375000000000000000e+01 1.468750000000000000e+01 -3.625000000000000000e+01 -1.306250000000000000e+01 6.537500000000000000e+01 -5.925000000000000000e+01
3.009999990463256836e+00 -8.989999771118164062e+00 6.719999790191650391e+00 -4.106250000000000000e+01 1.150000000000000000e+01 -3.837500000000000000e+01 -4.687500000000000000e+00 5.600000000000000000e+01 -4.168750000000000000e+01
2.569999933242797852e+00 -8.520000457763671875e+00 7.090000152587890625e+00 -4.106250000000000000e+01 1.150000000000000000e+01 -3.837500000000000000e+01 1.381250000000000000e+01 3.825000000000000000e+01 1.812500000000000000e+00
2.779999971389770508e+00 -7.619999885559082031e+00 7.659999847412109375e+00 -4.106250000000000000e+01 1.150000000000000000e+01 -3.837500000000000000e+01 2.081250000000000000e+01 3.156250000000000000e+01 2.568750000000000000e+01
3.240000009536743164e+00 -4.489999771118164062e+00 8.510000228881835938e+00 -4.106250000000000000e+01 1.150000000000000000e+01 -3.837500000000000000e+01 2.931250000000000000e+01 2.987500000000000000e+01 3.593750000000000000e+01
2.960000038146972656e+00 -3.250000000000000000e+00 8.949999809265136719e+00 -4.106250000000000000e+01 1.150000000000000000e+01 -3.837500000000000000e+01 2.931250000000000000e+01 2.987500000000000000e+01 3.593750000000000000e+01
2.849999904632568359e+00 -2.359999895095825195e+00 9.029999732971191406e+00 -3.968750000000000000e+01 9.187500000000000000e+00 -4.156250000000000000e+01 3.187500000000000000e+01 3.425000000000000000e+01 3.687500000000000000e+01
2.630000114440917969e+00 -1.879999995231628418e+00 9.170000076293945312e+00 -3.968750000000000000e+01 9.187500000000000000e+00 -4.156250000000000000e+01 2.925000000000000000e+01 3.612500000000000000e+01 3.475000000000000000e+01
2.269999980926513672e+00 -2.009999990463256836e+00 9.029999732971191406e+00 -3.968750000000000000e+01 9.187500000000000000e+00 -4.156250000000000000e+01 2.431250000000000000e+01 3.656250000000000000e+01 3.250000000000000000e+01
2.220000028610229492e+00 -2.430000066757202148e+00 8.880000114440917969e+00 -3.968750000000000000e+01 9.187500000000000000e+00 -4.156250000000000000e+01 1.925000000000000000e+01 3.612500000000000000e+01 3.456250000000000000e+01
2.150000095367431641e+00 -3.109999895095825195e+00 8.630000114440917969e+00 -3.968750000000000000e+01 9.187500000000000000e+00 -4.156250000000000000e+01 1.925000000000000000e+01 3.612500000000000000e+01 3.456250000000000000e+01
2.309999942779541016e+00 -4.409999847412109375e+00 8.649999618530273438e+00 -3.775000000000000000e+01 8.750000000000000000e+00 -4.237500000000000000e+01 1.581250000000000000e+01 3.412500000000000000e+01 3.900000000000000000e+01
2.140000104904174805e+00 -4.489999771118164062e+00 8.569999694824218750e+00 -3.775000000000000000e+01 8.750000000000000000e+00 -4.237500000000000000e+01 1.837500000000000000e+01 2.987500000000000000e+01 5.118750000000000000e+01
1.950000047683715820e+00 -4.460000038146972656e+00 8.439999580383300781e+00 -3.775000000000000000e+01 8.750000000000000000e+00 -4.237500000000000000e+01 1.975000000000000000e+01 2.493750000000000000e+01 5.925000000000000000e+01
1.850000023841857910e+00 -4.599999904632568359e+00 8.140000343322753906e+00 -3.775000000000000000e+01 8.750000000000000000e+00 -4.237500000000000000e+01 1.962500000000000000e+01 1.875000000000000000e+01 6.893750000000000000e+01
1.250000000000000000e+00 -4.780000209808349609e+00 7.730000019073486328e+00 -3.775000000000000000e+01 8.750000000000000000e+00 -4.237500000000000000e+01 1.962500000000000000e+01 1.875000000000000000e+01 6.893750000000000000e+01
1.230000019073486328e+00 -4.710000038146972656e+00 7.590000152587890625e+00 -3.756250000000000000e+01 1.000000000000000000e+01 -4.237500000000000000e+01 1.887500000000000000e+01 1.150000000000000000e+01 8.131250000000000000e+01
1.269999980926513672e+00 -4.820000171661376953e+00 7.300000190734863281e+00 -3.756250000000000000e+01 1.000000000000000000e+01 -4.237500000000000000e+01 1.531250000000000000e+01 -9.375000000000000000e+00 1.073750000000000000e+02
7.400000095367431641e-01 -4.920000076293945312e+00 7.360000133514404297e+00 -3.756250000000000000e+01 1.000000000000000000e+01 -4.237500000000000000e+01 1.506250000000000000e+01 -2.187500000000000000e+01 1.190000000000000000e+02
1.190000057220458984e+00 -4.019999980926513672e+00 7.500000000000000000e+00 -3.756250000000000000e+01 1.000000000000000000e+01 -4.237500000000000000e+01 1.481250000000000000e+01 -3.575000000000000000e+01 1.294375000000000000e+02
1.610000014305114746e+00 -4.320000171661376953e+00 7.570000171661376953e+00 -3.756250000000000000e+01 1.000000000000000000e+01 -4.237500000000000000e+01 1.481250000000000000e+01 -3.575000000000000000e+01 1.294375000000000000e+02
1.490000009536743164e+00 -4.380000114440917969e+00 8.369999885559082031e+00 -3.518750000000000000e+01 1.300000000000000000e+01 -4.368750000000000000e+01 1.143750000000000000e+01 -4.656250000000000000e+01 1.391250000000000000e+02
2.529999971389770508e+00 -3.109999895095825195e+00 8.560000419616699219e+00 -3.518750000000000000e+01 1.300000000000000000e+01 -4.368750000000000000e+01 1.668750000000000000e+01 -6.062500000000000000e+01 1.481875000000000000e+02
2.750000000000000000e+00 -2.970000028610229492e+00 9.069999694824218750e+00 -3.518750000000000000e+01 1.300000000000000000e+01 -4.368750000000000000e+01 1.675000000000000000e+01 -6.112500000000000000e+01 1.505000000000000000e+02
3.059999942779541016e+00 -2.819999933242797852e+00 9.329999923706054688e+00 -3.518750000000000000e+01 1.300000000000000000e+01 -4.368750000000000000e+01 1.906250000000000000e+01 -5.831250000000000000e+01 1.496875000000000000e+02
3.000000000000000000e+00 -2.240000009536743164e+00 9.409999847412109375e+00 -3.518750000000000000e+01 1.300000000000000000e+01 -4.368750000000000000e+01 1.906250000000000000e+01 -5.831250000000000000e+01 1.496875000000000000e+02
2.619999885559082031e+00 -1.350000023841857910e+00 9.720000267028808594e+00 -3.518750000000000000e+01 1.625000000000000000e+01 -4.156250000000000000e+01 2.256250000000000000e+01 -5.400000000000000000e+01 1.445000000000000000e+02
2.609999895095825195e+00 -1.070000052452087402e+00 9.729999542236328125e+00 -3.518750000000000000e+01 1.625000000000000000e+01 -4.156250000000000000e+01 2.075000000000000000e+01 -4.587500000000000000e+01 1.300625000000000000e+02
2.569999933242797852e+00 -7.400000095367431641e-01 9.470000267028808594e+00 -3.518750000000000000e+01 1.625000000000000000e+01 -4.156250000000000000e+01 1.850000000000000000e+01 -4.206250000000000000e+01 1.203750000000000000e+02
2.349999904632568359e+00 -4.799999892711639404e-01 9.449999809265136719e+00 -3.518750000000000000e+01 1.625000000000000000e+01 -4.156250000000000000e+01 1.625000000000000000e+01 -3.850000000000000000e+01 1.088750000000000000e+02
2.240000009536743164e+00 -9.399999976158142090e-01 9.109999656677246094e+00 -3.518750000000000000e+01 1.625000000000000000e+01 -4.156250000000000000e+01 1.625000000000000000e+01 -3.850000000000000000e+01 1.088750000000000000e+02
2.289999961853027344e+00 -1.409999966621398926e+00 9.380000114440917969e+00 -3.450000000000000000e+01 1.918750000000000000e+01 -4.075000000000000000e+01 1.406250000000000000e+01 -3.487500000000000000e+01 9.881250000000000000e+01
2.200000047683715820e+00 -1.440000057220458984e+00 9.409999847412109375e+00 -3.450000000000000000e+01 1.918750000000000000e+01 -4.075000000000000000e+01 1.562500000000000000e+01 -2.687500000000000000e+01 7.700000000000000000e+01
1.889999985694885254e+00 -2.190000057220458984e+00 8.840000152587890625e+00 -3.450000000000000000e+01 1.918750000000000000e+01 -4.075000000000000000e+01 1.681250000000000000e+01 -2.331250000000000000e+01 6.837500000000000000e+01
1.559999942779541016e+00 -2.400000095367431641e+00 8.729999542236328125e+00 -3.450000000000000000e+01 1.918750000000000000e+01 -4.075000000000000000e+01 1.968750000000000000e+01 -2.212500000000000000e+01 6.018750000000000000e+01
1.250000000000000000e+00 -2.630000114440917969e+00 8.630000114440917969e+00 -3.450000000000000000e+01 1.918750000000000000e+01 -4.075000000000000000e+01 1.968750000000000000e+01 -2.212500000000000000e+01 6.018750000000000000e+01
1.379999995231628418e+00 -3.180000066757202148e+00 8.079999923706054688e+00 -3.475000000000000000e+01 2.300000000000000000e+01 -4.037500000000000000e+01 2.268750000000000000e+01 -2.362500000000000000e+01 5.631250000000000000e+01
1.350000023841857910e+00 -3.869999885559082031e+00 8.279999732971191406e+00 -3.475000000000000000e+01 2.300000000000000000e+01 -4.037500000000000000e+01 2.293750000000000000e+01 -3.468750000000000000e+01 6.062500000000000000e+01
1.730000019073486328e+00 -4.000000000000000000e+00 8.500000000000000000e+00 -3.475000000000000000e+01 2.300000000000000000e+01 -4.037500000000000000e+01 2.462500000000000000e+01 -4.012500000000000000e+01 6.400000000000000000e+01
2.299999952316284180e+00 -4.000000000000000000e+00 8.699999809265136719e+00 -3.475000000000000000e+01 2.300000000000000000e+01 -4.037500000000000000e+01 2.543750000000000000e+01 -4.368750000000000000e+01 6.731250000000000000e+01
2.430000066757202148e+00 -4.139999866485595703e+00 8.770000457763671875e+00 -3.475000000000000000e+01 2.300000000000000000e+01 -4.037500000000000000e+01 2.543750000000000000e+01 -4.368750000000000000e+01 6.731250000000000000e+01
2.410000085830688477e+00 -3.470000028610229492e+00 8.770000457763671875e+00 -3.375000000000000000e+01 2.250000000000000000e+01 -4.037500000000000000e+01 2.650000000000000000e+01 -4.550000000000000000e+01 7.175000000000000000e+01
2.390000104904174805e+00 -3.200000047683715820e+00 8.920000076293945312e+00 -3.375000000000000000e+01 2.250000000000000000e+01 -4.037500000000000000e+01 2.675000000000000000e+01 -5.081250000000000000e+01 8.037500000000000000e+01
2.220000028610229492e+00 -2.630000114440917969e+00 8.970000267028808594e+00 -3.375000000000000000e+01 2.250000000000000000e+01 -4.037500000000000000e+01 2.806250000000000000e+01 -5.187500000000000000e+01 7.831250000000000000e+01
1.919999957084655762e+00 -1.399999976158142090e+00 8.880000114440917969e+00 -3.375000000000000000e+01 2.250000000000000000e+01 -4.037500000000000000e+01 2.493750000000000000e+01 -5.362500000000000000e+01 7.675000000000000000e+01
1.779999971389770508e+00 -1.330000042915344238e+00 8.859999656677246094e+00 -3.375000000000000000e+01 2.250000000000000000e+01 -4.037500000000000000e+01 2.493750000000000000e+01 -5.362500000000000000e+01 7.675000000000000000e+01
1.870000004768371582e+00 -1.250000000000000000e+00 8.720000267028808594e+00 -3.406250000000000000e+01 2.518750000000000000e+01 -4.037500000000000000e+01 1.956250000000000000e+01 -5.731250000000000000e+01 7.462500000000000000e+01
1.809999942779541016e+00 -1.080000042915344238e+00 8.609999656677246094e+00 -3.406250000000000000e+01 2.518750000000000000e+01 -4.037500000000000000e+01 1.562500000000000000e+01 -6.187500000000000000e+01 6.012500000000000000e+01
1.779999971389770508e+00 -1.210000038146972656e+00 8.699999809265136719e+00 -3.406250000000000000e+01 2.518750000000000000e+01 -4.037500000000000000e+01 1.762500000000000000e+01 -6.312500000000000000e+01 4.931250000000000000e+01
1.690000057220458984e+00 -1.049999952316284180e+00 8.569999694824218750e+00 -3.406250000000000000e+01 2.518750000000000000e+01 -4.037500000000000000e+01 2.062500000000000000e+01 -6.375000000000000000e+01 3.818750000000000000e+01
1.450000047683715820e+00 -1.019999980926513672e+00 8.380000114440917969e+00 -3.406250000000000000e+01 2.518750000000000000e+01 -4.037500000000000000e+01 2.062500000000000000e+01 -6.375000000000000000e+01 3.818750000000000000e+01
1.649999976158142090e+00 -8.700000047683715820e-01 8.680000305175781250e+00 -3.475000000000000000e+01 2.550000000000000000e+01 -3.918750000000000000e+01 2.362500000000000000e+01 -6.543750000000000000e+01 2.687500000000000000e+01
2.720000028610229492e+00 -1.570000052452087402e+00 8.880000114440917969e+00 -3.475000000000000000e+01 2.550000000000000000e+01 -3.918750000000000000e+01 2.162500000000000000e+01 -6.893750000000000000e+01 6.312500000000000000e+00
2.569999933242797852e+00 -1.679999947547912598e+00 8.539999961853027344e+00 -3.475000000000000000e+01 2.550000000000000000e+01 -3.918750000000000000e+01 2.237500000000000000e+01 -6.806250000000000000e+01 -2.375000000000000000e+00
2.769999980926513672e+00 -1.549999952316284180e+00 8.899999618530273438e+00 -3.475000000000000000e+01 2.550000000000000000e+01 -3.918750000000000000e+01 2.268750000000000000e+01 -6.706250000000000000e+01 -8.437500000000000000e+00
4.840000152587890625e+00 -1.009999990463256836e+00 1.398999977111816406e+01 -3.475000000000000000e+01 2.550000000000000000e+01 -3.918750000000000000e+01 2.268750000000000000e+01 -6.706250000000000000e+01 -8.437500000000000000e+00
1.085000038146972656e+01 -7.900000214576721191e-01 1.629000091552734375e+01 -3.668750000000000000e+01 2.625000000000000000e+01 -3.756250000000000000e+01 1.806250000000000000e+01 -6.956250000000000000e+01 -1.212500000000000000e+01
