5.630000114440917969e+00 -2.710000038146972656e+00 7.539999961853027344e+00 -3.956250000000000000e+01 3.500000000000000000e+01 -2.618750000000000000e+01 3.750000000000000000e-01 1.250000000000000000e-01 -1.250000000000000000e-01
5.630000114440917969e+00 -2.720000028610229492e+00 7.550000190734863281e+00 -3.956250000000000000e+01 3.500000000000000000e+01 -2.618750000000000000e+01 5.625000000000000000e-01 4.375000000000000000e-01 -1.875000000000000000e-01
5.639999866485595703e+00 -2.740000009536743164e+00 7.539999961853027344e+00 -3.956250000000000000e+01 3.500000000000000000e+01 -2.618750000000000000e+01 5.625000000000000000e-01 5.000000000000000000e-01 -3.125000000000000000e-01
5.639999866485595703e+00 -2.720000028610229492e+00 7.510000228881835938e+00 -3.956250000000000000e+01 3.500000000000000000e+01 -2.618750000000000000e+01 6.875000000000000000e-01 5.000000000000000000e-01 -3.750000000000000000e-01
5.599999904632568359e+00 -2.740000009536743164e+00 7.559999942779541016e+00 -3.956250000000000000e+01 3.500000000000000000e+01 -2.618750000000000000e+01 6.250000000000000000e-01 8.125000000000000000e-01 -3.125000000000000000e-01
5.559999942779541016e+00 -2.799999952316284180e+00 7.550000190734863281e+00 -3.956250000000000000e+01 3.425000000000000000e+01 -2.650000000000000000e+01 9.375000000000000000e-01 5.625000000000000000e-01 -8.750000000000000000e-01
5.590000152587890625e+00 -2.769999980926513672e+00 7.590000152587890625e+00 -3.956250000000000000e+01 3.425000000000000000e+01 -2.650000000000000000e+01 1.000000000000000000e+00 3.125000000000000000e-01 -1.000000000000000000e+00
5.599999904632568359e+00 -2.740000009536743164e+00 7.590000152587890625e+00 -3.956250000000000000e+01 3.425000000000000000e+01 -2.650000000000000000e+01 1.125000000000000000e+00 4.375000000000000000e-01 -1.062500000000000000e+00
5.670000076293945312e+00 -2.650000095367431641e+00 7.550000190734863281e+00 -3.956250000000000000e+01 3.425000000000000000e+01 -2.650000000000000000e+01 9.375000000000000000e-01 3.750000000000000000e-01 -8.750000000000000000e-01
5.670000076293945312e+00 -2.609999895095825195e+00 7.610000133514404297e+00 -3.956250000000000000e+01 3.425000000000000000e+01 -2.650000000000000000e+01 7.500000000000000000e-01 3.750000000000000000e-01 -6.250000000000000000e-01
5.630000114440917969e+00 -2.660000085830688477e+00 7.590000152587890625e+00 -3.918750000000000000e+01 3.468750000000000000e+01 -2.737500000000000000e+01 6.250000000000000000e-01 5.000000000000000000e-01 -5.625000000000000000e-01
5.639999866485595703e+00 -2.740000009536743164e+00 7.559999942779541016e+00 -3.918750000000000000e+01 3.468750000000000000e+01 -2.737500000000000000e+01 1.000000000000000000e+00 6.250000000000000000e-01 -6.875000000000000000e-01
5.599999904632568359e+00 -2.730000019073486328e+00 7.570000171661376953e+00 -3.918750000000000000e+01 3.468750000000000000e+01 -2.737500000000000000e+01 9.375000000000000000e-01 5.625000000000000000e-01 -1.062500000000000000e+00
5.639999866485595703e+00 -2.670000076293945312e+00 7.559999942779541016e+00 -3.918750000000000000e+01 3.468750000000000000e+01 -2.737500000000000000e+01 1.062500000000000000e+00 5.000000000000000000e-01 -1.000000000000000000e+00
5.630000114440917969e+00 -2.680000066757202148e+00 7.559999942779541016e+00 -3.918750000000000000e+01 3.468750000000000000e+01 -2.737500000000000000e+01 9.375000000000000000e-01 3.750000000000000000e-01 -6.875000000000000000e-01
5.630000114440917969e+00 -2.650000095367431641e+00 7.570000171661376953e+00 -3.918750000000000000e+01 3.500000000000000000e+01 -2.618750000000000000e+01 8.125000000000000000e-01 5.625000000000000000e-01 -8.125000000000000000e-01
5.610000133514404297e+00 -2.690000057220458984e+00 7.579999923706054688e+00 -3.918750000000000000e+01 3.500000000000000000e+01 -2.618750000000000000e+01 8.125000000000000000e-01 3.750000000000000000e-01 -8.750000000000000000e-01
5.610000133514404297e+00 -2.710000038146972656e+00 7.570000171661376953e+00 -3.918750000000000000e+01 3.500000000000000000e+01 -2.618750000000000000e+01 7.500000000000000000e-01 6.250000000000000000e-01 -9.375000000000000000e-01
5.619999885559082031e+00 -2.690000057220458984e+00 7.550000190734863281e+00 -3.918750000000000000e+01 3.500000000000000000e+01 -2.618750000000000000e+01 6.875000000000000000e-01 4.375000000000000000e-01 -1.000000000000000000e+00
5.650000095367431641e+00 -2.630000114440917969e+00 7.590000152587890625e+00 -3.918750000000000000e+01 3.500000000000000000e+01 -2.618750000000000000e+01 3.125000000000000000e-01 3.125000000000000000e-01 -9.375000000000000000e-01
5.659999847412109375e+00 -2.630000114440917969e+00 7.559999942779541016e+00 -3.918750000000000000e+01 3.500000000000000000e+01 -2.618750000000000000e+01 3.750000000000000000e-01 5.625000000000000000e-01 -8.125000000000000000e-01
5.619999885559082031e+00 -2.660000085830688477e+00 7.630000114440917969e+00 -3.887500000000000000e+01 3.400000000000000000e+01 -2.650000000000000000e+01 3.750000000000000000e-01 3.125000000000000000e-01 -8.125000000000000000e-01
5.639999866485595703e+00 -2.670000076293945312e+00 7.590000152587890625e+00 -3.887500000000000000e+01 3.400000000000000000e+01 -2.650000000000000000e+01 4.375000000000000000e-01 1.250000000000000000e-01 -6.250000000000000000e-01
5.619999885559082031e+00 -2.650000095367431641e+00 7.570000171661376953e+00 -3.887500000000000000e+01 3.400000000000000000e+01 -2.650000000000000000e+01 4.375000000000000000e-01 1.875000000000000000e-01 -6.250000000000000000e-01
5.630000114440917969e+00 -2.630000114440917969e+00 7.559999942779541016e+00 -3.887500000000000000e+01 3.400000000000000000e+01 -2.650000000000000000e+01 3.750000000000000000e-01 1.875000000000000000e-01 -5.000000000000000000e-01
5.639999866485595703e+00 -2.630000114440917969e+00 7.570000171661376953e+00 -3.918750000000000000e+01 3.400000000000000000e+01 -2.618750000000000000e+01 3.750000000000000000e-01 1.250000000000000000e-01 -5.625000000000000000e-01
5.639999866485595703e+00 -2.619999885559082031e+00 7.599999904632568359e+00 -3.918750000000000000e+01 3.400000000000000000e+01 -2.618750000000000000e+01 3.125000000000000000e-01 0.000000000000000000e+00 -3.750000000000000000e-01
5.619999885559082031e+00 -2.619999885559082031e+00 7.599999904632568359e+00 -3.918750000000000000e+01 3.400000000000000000e+01 -2.618750000000000000e+01 1.875000000000000000e-01 1.250000000000000000e-01 -3.125000000000000000e-01
5.610000133514404297e+00 -2.599999904632568359e+00 7.550000190734863281e+00 -3.918750000000000000e+01 3.400000000000000000e+01 -2.618750000000000000e+01 1.250000000000000000e-01 0.000000000000000000e+00 -3.750000000000000000e-01
5.639999866485595703e+00 -2.619999885559082031e+00 7.570000171661376953e+00 -3.918750000000000000e+01 3.400000000000000000e+01 -2.618750000000000000e+01 1.250000000000000000e-01 6.250000000000000000e-02 -1.875000000000000000e-01
5.619999885559082031e+00 -2.630000114440917969e+00 7.579999923706054688e+00 -3.918750000000000000e+01 3.400000000000000000e+01 -2.618750000000000000e+01 6.250000000000000000e-02 -1.875000000000000000e-01 0.000000000000000000e+00
5.619999885559082031e+00 -2.609999895095825195e+00 7.579999923706054688e+00 -3.956250000000000000e+01 3.425000000000000000e+01 -2.568750000000000000e+01 -2.500000000000000000e-01 0.000000000000000000e+00 -6.250000000000000000e-02
5.650000095367431641e+00 -2.660000085830688477e+00 7.599999904632568359e+00 -3.956250000000000000e+01 3.425000000000000000e+01 -2.568750000000000000e+01 -1.875000000000000000e-01 -1.875000000000000000e-01 -1.875000000000000000e-01
5.820000171661376953e+00 -3.059999942779541016e+00 7.480000019073486328e+00 -3.956250000000000000e+01 3.425000000000000000e+01 -2.568750000000000000e+01 -6.875000000000000000e-01 -7.500000000000000000e-01 1.250000000000000000e-01
6.059999942779541016e+00 -2.559999942779541016e+00 7.789999961853027344e+00 -3.956250000000000000e+01 3.425000000000000000e+01 -2.568750000000000000e+01 -3.875000000000000000e+00 -2.625000000000000000e+00 1.250000000000000000e+00
6.030000209808349609e+00 -2.099999904632568359e+00 8.050000190734863281e+00 -3.956250000000000000e+01 3.425000000000000000e+01 -2.568750000000000000e+01 -8.187500000000000000e+00 -5.750000000000000000e+00 4.375000000000000000e+00
6.190000057220458984e+00 -2.119999885559082031e+00 7.949999809265136719e+00 -4.000000000000000000e+01 3.425000000000000000e+01 -2.618750000000000000e+01 -1.050000000000000000e+01 -7.125000000000000000e+00 7.875000000000000000e+00
6.570000171661376953e+00 -2.809999942779541016e+00 7.570000171661376953e+00 -4.000000000000000000e+01 3.425000000000000000e+01 -2.618750000000000000e+01 -1.137500000000000000e+01 -8.312500000000000000e+00 1.125000000000000000e+01
6.909999847412109375e+00 -2.779999971389770508e+00 7.480000019073486328e+00 -4.000000000000000000e+01 3.425000000000000000e+01 -2.618750000000000000e+01 -1.187500000000000000e+01 -7.625000000000000000e+00 1.512500000000000000e+01
7.090000152587890625e+00 -2.599999904632568359e+00 7.469999790191650391e+00 -4.000000000000000000e+01 3.425000000000000000e+01 -2.618750000000000000e+01 -1.231250000000000000e+01 -2.937500000000000000e+00 1.812500000000000000e+01
7.199999809265136719e+00 -2.710000038146972656e+00 7.469999790191650391e+00 -4.000000000000000000e+01 3.425000000000000000e+01 -2.618750000000000000e+01 -1.456250000000000000e+01 5.875000000000000000e+00 2.043750000000000000e+01
9.149999618530273438e+00 -2.940000057220458984e+00 7.800000190734863281e+00 -3.918750000000000000e+01 3.425000000000000000e+01 -2.618750000000000000e+01 -1.650000000000000000e+01 1.756250000000000000e+01 2.606250000000000000e+01
1.007999992370605469e+01 -3.369999885559082031e+00 7.860000133514404297e+00 -3.918750000000000000e+01 3.425000000000000000e+01 -2.618750000000000000e+01 -1.368750000000000000e+01 3.137500000000000000e+01 3.600000000000000000e+01
1.157999992370605469e+01 -4.380000114440917969e+00 7.280000209808349609e+00 -3.918750000000000000e+01 3.425000000000000000e+01 -2.618750000000000000e+01 -6.875000000000000000e+00 4.331250000000000000e+01 4.650000000000000000e+01
1.286999988555908203e+01 -4.409999847412109375e+00 3.099999904632568359e+00 -3.918750000000000000e+01 3.425000000000000000e+01 -2.618750000000000000e+01 -6.250000000000000000e-01 4.037500000000000000e+01 4.750000000000000000e+01
1.336999988555908203e+01 -3.569999933242797852e+00 -1.340000033378601074e+00 -3.918750000000000000e+01 3.425000000000000000e+01 -2.618750000000000000e+01 -6.250000000000000000e-01 4.037500000000000000e+01 4.750000000000000000e+01
1.081000041961669922e+01 -3.299999952316284180e+00 -3.000000000000000000e+00 -3.918750000000000000e+01 3.575000000000000000e+01 -2.650000000000000000e+01 3.212500000000000000e+01 -2.731250000000000000e+01 9.125000000000000000e+00
1.022000026702880859e+01 -1.779999971389770508e+00 -1.889999985694885254e+00 -3.918750000000000000e+01 3.575000000000000000e+01 -2.650000000000000000e+01 2.318750000000000000e+01 -5.575000000000000000e+01 -9.687500000000000000e+00
1.494999980926513672e+01 2.319999933242797852e+00 -3.300000131130218506e-01 -3.918750000000000000e+01 3.575000000000000000e+01 -2.650000000000000000e+01 -6.250000000000000000e+00 -6.050000000000000000e+01 -1.787500000000000000e+01
1.526000022888183594e+01 1.070000052452087402e+00 9.800000190734863281e-01 -3.918750000000000000e+01 3.575000000000000000e+01 -2.650000000000000000e+01 -3.206250000000000000e+01 -5.293750000000000000e+01 -2.581250000000000000e+01
1.452999973297119141e+01 -1.269999980926513672e+00 2.190000057220458984e+00 -3.918750000000000000e+01 3.575000000000000000e+01 -2.650000000000000000e+01 -3.206250000000000000e+01 -5.293750000000000000e+01 -2.581250000000000000e+01
1.239999961853027344e+01 -5.650000095367431641e+00 4.429999828338623047e+00 -3.706250000000000000e+01 3.687500000000000000e+01 -2.537500000000000000e+01 -3.850000000000000000e+01 -4.225000000000000000e+01 -3.700000000000000000e+01
1.081999969482421875e+01 -5.940000057220458984e+00 5.230000019073486328e+00 -3.706250000000000000e+01 3.687500000000000000e+01 -2.537500000000000000e+01 -7.187500000000000000e+00 -2.550000000000000000e+01 -5.637500000000000000e+01
8.949999809265136719e+00 -5.050000190734863281e+00 6.150000095367431641e+00 -3.706250000000000000e+01 3.687500000000000000e+01 -2.537500000000000000e+01 2.937500000000000000e+00 -2.343750000000000000e+01 -5.500000000000000000e+01
7.329999923706054688e+00 -3.759999990463256836e+00 6.719999790191650391e+00 -3.706250000000000000e+01 3.687500000000000000e+01 -2.537500000000000000e+01 2.187500000000000000e+00 -2.425000000000000000e+01 -4.581250000000000000e+01
4.190000057220458984e+00 -2.440000057220458984e+00 7.760000228881835938e+00 -3.706250000000000000e+01 3.687500000000000000e+01 -2.537500000000000000e+01 2.187500000000000000e+00 -2.425000000000000000e+01 -4.581250000000000000e+01
2.890000104904174805e+00 -2.809999942779541016e+00 8.229999542236328125e+00 -4.037500000000000000e+01 3.650000000000000000e+01 -2.450000000000000000e+01 -3.375000000000000000e+00 -2.806250000000000000e+01 -3.593750000000000000e+01
1.370000004768371582e+00 -3.289999961853027344e+00 8.850000381469726562e+00 -4.037500000000000000e+01 3.650000000000000000e+01 -2.450000000000000000e+01 -6.062500000000000000e+00 -4.962500000000000000e+01 -2.437500000000000000e+01
5.099999904632568359e-01 -3.029999971389770508e+00 9.210000038146972656e+00 -4.037500000000000000e+01 3.650000000000000000e+01 -2.450000000000000000e+01 -6.875000000000000000e+00 -6.093750000000000000e+01 -2.131250000000000000e+01
5.899999737739562988e-01 -2.660000085830688477e+00 1.077999973297119141e+01 -4.037500000000000000e+01 3.650000000000000000e+01 -2.450000000000000000e+01 -8.875000000000000000e+00 -6.525000000000000000e+01 -2.012500000000000000e+01
7.200000286102294922e-01 -2.569999933242797852e+00 1.143000030517578125e+01 -4.037500000000000000e+01 3.650000000000000000e+01 -2.450000000000000000e+01 -8.875000000000000000e+00 -6.525000000000000000e+01 -2.012500000000000000e+01
1.700000017881393433e-01 -2.440000057220458984e+00 1.227000045776367188e+01 -4.187500000000000000e+01 3.425000000000000000e+01 -2.287500000000000000e+01 -1.168750000000000000e+01 -5.950000000000000000e+01 -1.981250000000000000e+01
-1.360000014305114746e+00 -1.519999980926513672e+00 1.419999980926513672e+01 -4.187500000000000000e+01 3.425000000000000000e+01 -2.287500000000000000e+01 -8.187500000000000000e+00 -3.475000000000000000e+01 -1.087500000000000000e+01
-6.130000114440917969e+00 -1.740000009536743164e+00 1.814999961853027344e+01 -4.187500000000000000e+01 3.425000000000000000e+01 -2.287500000000000000e+01 1.275000000000000000e+01 -1.875000000000000000e+01 1.687500000000000000e+00
-4.659999847412109375e+00 -8.899999856948852539e-01 1.973999977111816406e+01 -4.187500000000000000e+01 3.425000000000000000e+01 -2.287500000000000000e+01 2.343750000000000000e+01 -1.062500000000000000e+00 1.131250000000000000e+01
-3.450000047683715820e+00 1.519999980926513672e+00 1.820000076293945312e+01 -4.187500000000000000e+01 3.425000000000000000e+01 -2.287500000000000000e+01 2.343750000000000000e+01 -1.062500000000000000e+00 1.131250000000000000e+01
-1.080000042915344238e+00 -1.240000009536743164e+00 1.467000007629394531e+01 -4.437500000000000000e+01 3.575000000000000000e+01 -2.037500000000000000e+01 9.937500000000000000e+00 2.025000000000000000e+01 7.750000000000000000e+00
-4.300000071525573730e-01 -4.079999923706054688e+00 1.375000000000000000e+01 -4.437500000000000000e+01 3.575000000000000000e+01 -2.037500000000000000e+01 3.875000000000000000e+00 6.037500000000000000e+01 -3.093750000000000000e+01
1.199999973177909851e-01 -6.289999961853027344e+00 1.310000038146972656e+01 -4.437500000000000000e+01 3.575000000000000000e+01 -2.037500000000000000e+01 1.962500000000000000e+01 7.256250000000000000e+01 -4.725000000000000000e+01
3.100000023841857910e-01 -5.710000038146972656e+00 1.269999980926513672e+01 -4.437500000000000000e+01 3.575000000000000000e+01 -2.037500000000000000e+01 1.831250000000000000e+01 8.268750000000000000e+01 -5.200000000000000000e+01
3.400000035762786865e-01 -2.740000009536743164e+00 1.185999965667724609e+01 -4.437500000000000000e+01 3.575000000000000000e+01 -2.037500000000000000e+01 1.831250000000000000e+01 8.268750000000000000e+01 -5.200000000000000000e+01
5.500000119209289551e-01 -4.079999923706054688e+00 1.172999954223632812e+01 -4.406250000000000000e+01 3.400000000000000000e+01 -1.956250000000000000e+01 3.062500000000000000e+00 9.075000000000000000e+01 -4.343750000000000000e+01
4.499999880790710449e-01 -6.050000190734863281e+00 1.135999965667724609e+01 -4.406250000000000000e+01 3.400000000000000000e+01 -1.956250000000000000e+01 -3.125000000000000000e-01 8.931250000000000000e+01 -1.331250000000000000e+01
5.799999833106994629e-01 -7.460000038146972656e+00 1.101000022888183594e+01 -4.406250000000000000e+01 3.400000000000000000e+01 -1.956250000000000000e+01 1.231250000000000000e+01 8.256250000000000000e+01 5.187500000000000000e+00
5.299999713897705078e-01 -6.949999809265136719e+00 1.038000011444091797e+01 -4.406250000000000000e+01 3.400000000000000000e+01 -1.956250000000000000e+01 2.137500000000000000e+01 7.175000000000000000e+01 2.781250000000000000e+01
2.700000107288360596e-01 -6.519999980926513672e+00 1.009000015258789062e+01 -4.406250000000000000e+01 3.400000000000000000e+01 -1.956250000000000000e+01 2.137500000000000000e+01 7.175000000000000000e+01 2.781250000000000000e+01
2.599999904632568359e-01 -6.389999866485595703e+00 9.720000267028808594e+00 -4.368750000000000000e+01 3.275000000000000000e+01 -2.368750000000000000e+01 2.562500000000000000e+01 5.875000000000000000e+01 4.975000000000000000e+01
1.070000052452087402e+00 -5.690000057220458984e+00 9.359999656677246094e+00 -4.368750000000000000e+01 3.275000000000000000e+01 -2.368750000000000000e+01 3.043750000000000000e+01 3.362500000000000000e+01 8.325000000000000000e+01
1.529999971389770508e+00 -5.340000152587890625e+00 9.159999847412109375e+00 -4.368750000000000000e+01 3.275000000000000000e+01 -2.368750000000000000e+01 3.125000000000000000e+01 2.306250000000000000e+01 8.950000000000000000e+01
1.899999976158142090e+00 -4.920000076293945312e+00 8.840000152587890625e+00 -4.368750000000000000e+01 3.275000000000000000e+01 -2.368750000000000000e+01 3.087500000000000000e+01 1.156250000000000000e+01 8.718750000000000000e+01
1.870000004768371582e+00 -4.409999847412109375e+00 8.430000305175781250e+00 -4.368750000000000000e+01 3.275000000000000000e+01 -2.368750000000000000e+01 3.087500000000000000e+01 1.156250000000000000e+01 8.718750000000000000e+01
3.410000085830688477e+00 -3.599999904632568359e+00 8.409999847412109375e+00 -4.068750000000000000e+01 3.468750000000000000e+01 -2.618750000000000000e+01 2.800000000000000000e+01 -6.250000000000000000e-02 7.706250000000000000e+01
5.280000209808349609e+00 -3.410000085830688477e+00 8.279999732971191406e+00 -4.068750000000000000e+01 3.468750000000000000e+01 -2.618750000000000000e+01 1.843750000000000000e+01 -8.000000000000000000e+00 5.556250000000000000e+01
6.460000038146972656e+00 -3.210000038146972656e+00 8.399999618530273438e+00 -4.068750000000000000e+01 3.468750000000000000e+01 -2.618750000000000000e+01 1.212500000000000000e+01 -2.250000000000000000e+00 4.943750000000000000e+01
8.640000343322753906e+00 -2.680000066757202148e+00 8.520000457763671875e+00 -4.068750000000000000e+01 3.468750000000000000e+01 -2.618750000000000000e+01 5.812500000000000000e+00 8.812500000000000000e+00 4.731250000000000000e+01
9.239999771118164062e+00 -2.670000076293945312e+00 7.909999847412109375e+00 -4.068750000000000000e+01 3.468750000000000000e+01 -2.618750000000000000e+01 5.812500000000000000e+00 8.812500000000000000e+00 4.731250000000000000e+01
8.880000114440917969e+00 -2.630000114440917969e+00 7.989999771118164062e+00 -3.837500000000000000e+01 3.537500000000000000e+01 -2.737500000000000000e+01 1.562500000000000000e+00 2.368750000000000000e+01 4.512500000000000000e+01
8.539999961853027344e+00 -2.430000066757202148e+00 7.570000171661376953e+00 -3.837500000000000000e+01 3.537500000000000000e+01 -2.737500000000000000e+01 -4.937500000000000000e+00 4.281250000000000000e+01 3.256250000000000000e+01
8.180000305175781250e+00 -1.970000028610229492e+00 6.699999809265136719e+00 -3.837500000000000000e+01 3.537500000000000000e+01 -2.737500000000000000e+01 -8.937500000000000000e+00 4.850000000000000000e+01 2.225000000000000000e+01
8.029999732971191406e+00 -1.759999990463256836e+00 6.420000076293945312e+00 -3.837500000000000000e+01 3.537500000000000000e+01 -2.737500000000000000e+01 -1.331250000000000000e+01 5.125000000000000000e+01 1.131250000000000000e+01
8.050000190734863281e+00 -1.730000019073486328e+00 5.869999885559082031e+00 -3.837500000000000000e+01 3.537500000000000000e+01 -2.737500000000000000e+01 -1.331250000000000000e+01 5.125000000000000000e+01 1.131250000000000000e+01
7.570000171661376953e+00 -1.840000033378601074e+00 5.500000000000000000e+00 -3.618750000000000000e+01 3.500000000000000000e+01 -2.856250000000000000e+01 -1.631250000000000000e+01 5.062500000000000000e+01 1.187500000000000000e+00
6.639999866485595703e+00 -1.860000014305114746e+00 4.769999980926513672e+00 -3.618750000000000000e+01 3.500000000000000000e+01 -2.856250000000000000e+01 -1.587500000000000000e+01 3.400000000000000000e+01 -1.493750000000000000e+01
6.239999771118164062e+00 -1.929999947547912598e+00 4.409999847412109375e+00 -3.618750000000000000e+01 3.500000000000000000e+01 -2.856250000000000000e+01 -1.312500000000000000e+01 1.950000000000000000e+01 -2.262500000000000000e+01
6.019999980926513672e+00 -1.889999985694885254e+00 4.119999885559082031e+00 -3.618750000000000000e+01 3.500000000000000000e+01 -2.856250000000000000e+01 -1.125000000000000000e+01 3.312500000000000000e+00 -2.737500000000000000e+01
6.460000038146972656e+00 -1.100000023841857910e+00 3.720000028610229492e+00 -3.618750000000000000e+01 3.500000000000000000e+01 -2.856250000000000000e+01 -1.125000000000000000e+01 3.312500000000000000e+00 -2.737500000000000000e+01
6.980000019073486328e+00 -8.199999928474426270e-01 3.490000009536743164e+00 -3.425000000000000000e+01 3.575000000000000000e+01 -2.900000000000000000e+01 -1.262500000000000000e+01 -1.237500000000000000e+01 -2.675000000000000000e+01
7.429999828338623047e+00 -7.400000095367431641e-01 3.450000047683715820e+00 -3.425000000000000000e+01 3.575000000000000000e+01 -2.900000000000000000e+01 -2.018750000000000000e+01 -3.612500000000000000e+01 -1.225000000000000000e+01
7.880000114440917969e+00 -8.500000238418579102e-01 3.349999904632568359e+00 -3.425000000000000000e+01 3.575000000000000000e+01 -2.900000000000000000e+01 -2.256250000000000000e+01 -4.243750000000000000e+01 -4.000000000000000000e+00
8.600000381469726562e+00 -1.309999942779541016e+00 3.519999980926513672e+00 -3.425000000000000000e+01 3.575000000000000000e+01 -2.900000000000000000e+01 -2.287500000000000000e+01 -4.525000000000000000e+01 2.500000000000000000e+00
