5.579999923706054688e+00 -2.710000038146972656e+00 7.590000152587890625e+00 -3.868750000000000000e+01 3.487500000000000000e+01 -2.725000000000000000e+01 5.625000000000000000e-01 4.375000000000000000e-01 -5.000000000000000000e-01
5.579999923706054688e+00 -2.720000028610229492e+00 7.599999904632568359e+00 -3.800000000000000000e+01 3.456250000000000000e+01 -2.606250000000000000e+01 5.625000000000000000e-01 1.875000000000000000e-01 -4.375000000000000000e-01
5.599999904632568359e+00 -2.730000019073486328e+00 7.590000152587890625e+00 -3.800000000000000000e+01 3.456250000000000000e+01 -2.606250000000000000e+01 3.750000000000000000e-01 6.250000000000000000e-02 -3.750000000000000000e-01
5.590000152587890625e+00 -2.710000038146972656e+00 7.570000171661376953e+00 -3.800000000000000000e+01 3.456250000000000000e+01 -2.606250000000000000e+01 4.375000000000000000e-01 1.875000000000000000e-01 -3.750000000000000000e-01
5.599999904632568359e+00 -2.730000019073486328e+00 7.590000152587890625e+00 -3.800000000000000000e+01 3.456250000000000000e+01 -2.606250000000000000e+01 3.750000000000000000e-01 1.875000000000000000e-01 -3.125000000000000000e-01
5.579999923706054688e+00 -2.700000047683715820e+00 7.619999885559082031e+00 -3.800000000000000000e+01 3.456250000000000000e+01 -2.606250000000000000e+01 3.750000000000000000e-01 1.875000000000000000e-01 -3.125000000000000000e-01
5.579999923706054688e+00 -2.710000038146972656e+00 7.610000133514404297e+00 -3.837500000000000000e+01 3.418750000000000000e+01 -2.687500000000000000e+01 1.875000000000000000e-01 2.500000000000000000e-01 -1.875000000000000000e-01
5.579999923706054688e+00 -2.690000057220458984e+00 7.570000171661376953e+00 -3.837500000000000000e+01 3.418750000000000000e+01 -2.687500000000000000e+01 2.500000000000000000e-01 -6.250000000000000000e-02 -6.250000000000000000e-02
5.590000152587890625e+00 -2.720000028610229492e+00 7.599999904632568359e+00 -3.837500000000000000e+01 3.418750000000000000e+01 -2.687500000000000000e+01 6.250000000000000000e-02 6.250000000000000000e-02 -1.875000000000000000e-01
5.570000171661376953e+00 -2.700000047683715820e+00 7.579999923706054688e+00 -3.837500000000000000e+01 3.418750000000000000e+01 -2.687500000000000000e+01 -1.875000000000000000e-01 6.250000000000000000e-02 0.000000000000000000e+00
5.610000133514404297e+00 -2.690000057220458984e+00 7.559999942779541016e+00 -3.837500000000000000e+01 3.418750000000000000e+01 -2.687500000000000000e+01 -1.875000000000000000e-01 6.250000000000000000e-02 0.000000000000000000e+00
5.570000171661376953e+00 -2.700000047683715820e+00 7.570000171661376953e+00 -3.837500000000000000e+01 3.525000000000000000e+01 -2.687500000000000000e+01 -2.500000000000000000e-01 -1.250000000000000000e-01 2.500000000000000000e-01
5.570000171661376953e+00 -2.710000038146972656e+00 7.559999942779541016e+00 -3.837500000000000000e+01 3.525000000000000000e+01 -2.687500000000000000e+01 -3.125000000000000000e-01 6.250000000000000000e-02 1.875000000000000000e-01
5.579999923706054688e+00 -2.700000047683715820e+00 7.559999942779541016e+00 -3.837500000000000000e+01 3.525000000000000000e+01 -2.687500000000000000e+01 -2.500000000000000000e-01 0.000000000000000000e+00 3.750000000000000000e-01
5.579999923706054688e+00 -2.710000038146972656e+00 7.579999923706054688e+00 -3.837500000000000000e+01 3.525000000000000000e+01 -2.687500000000000000e+01 -2.500000000000000000e-01 0.000000000000000000e+00 3.125000000000000000e-01
5.590000152587890625e+00 -2.740000009536743164e+00 7.570000171661376953e+00 -3.837500000000000000e+01 3.525000000000000000e+01 -2.687500000000000000e+01 -2.500000000000000000e-01 0.000000000000000000e+00 3.125000000000000000e-01
5.579999923706054688e+00 -2.730000019073486328e+00 7.570000171661376953e+00 -3.756250000000000000e+01 3.487500000000000000e+01 -2.556250000000000000e+01 -2.500000000000000000e-01 1.875000000000000000e-01 1.875000000000000000e-01
5.570000171661376953e+00 -2.730000019073486328e+00 7.590000152587890625e+00 -3.756250000000000000e+01 3.487500000000000000e+01 -2.556250000000000000e+01 -1.875000000000000000e-01 -6.250000000000000000e-02 1.875000000000000000e-01
5.579999923706054688e+00 -2.750000000000000000e+00 7.570000171661376953e+00 -3.756250000000000000e+01 3.487500000000000000e+01 -2.556250000000000000e+01 -1.250000000000000000e-01 1.250000000000000000e-01 0.000000000000000000e+00
5.579999923706054688e+00 -2.769999980926513672e+00 7.559999942779541016e+00 -3.756250000000000000e+01 3.487500000000000000e+01 -2.556250000000000000e+01 -6.250000000000000000e-02 0.000000000000000000e+00 0.000000000000000000e+00
5.599999904632568359e+00 -2.759999990463256836e+00 7.559999942779541016e+00 -3.756250000000000000e+01 3.487500000000000000e+01 -2.556250000000000000e+01 -6.250000000000000000e-02 0.000000000000000000e+00 0.000000000000000000e+00
5.570000171661376953e+00 -2.779999971389770508e+00 7.570000171661376953e+00 -3.837500000000000000e+01 3.456250000000000000e+01 -2.725000000000000000e+01 2.500000000000000000e-01 -6.250000000000000000e-02 -6.250000000000000000e-02
5.590000152587890625e+00 -2.789999961853027344e+00 7.559999942779541016e+00 -3.837500000000000000e+01 3.456250000000000000e+01 -2.725000000000000000e+01 5.000000000000000000e-01 2.500000000000000000e-01 -3.750000000000000000e-01
5.570000171661376953e+00 -2.779999971389770508e+00 7.550000190734863281e+00 -3.837500000000000000e+01 3.456250000000000000e+01 -2.725000000000000000e+01 7.500000000000000000e-01 3.125000000000000000e-01 -6.250000000000000000e-01
5.599999904632568359e+00 -2.750000000000000000e+00 7.519999980926513672e+00 -3.837500000000000000e+01 3.456250000000000000e+01 -2.725000000000000000e+01 1.062500000000000000e+00 2.500000000000000000e-01 -6.250000000000000000e-01
5.610000133514404297e+00 -2.869999885559082031e+00 7.530000209808349609e+00 -3.837500000000000000e+01 3.456250000000000000e+01 -2.725000000000000000e+01 1.062500000000000000e+00 2.500000000000000000e-01 -6.250000000000000000e-01
5.590000152587890625e+00 -2.920000076293945312e+00 7.519999980926513672e+00 -3.837500000000000000e+01 3.387500000000000000e+01 -2.525000000000000000e+01 2.000000000000000000e+00 3.750000000000000000e-01 -1.375000000000000000e+00
5.559999942779541016e+00 -2.970000028610229492e+00 7.489999771118164062e+00 -3.837500000000000000e+01 3.387500000000000000e+01 -2.525000000000000000e+01 2.625000000000000000e+00 6.250000000000000000e-01 -2.062500000000000000e+00
5.630000114440917969e+00 -3.019999980926513672e+00 7.400000095367431641e+00 -3.837500000000000000e+01 3.387500000000000000e+01 -2.525000000000000000e+01 3.625000000000000000e+00 1.062500000000000000e+00 -2.812500000000000000e+00
5.590000152587890625e+00 -3.130000114440917969e+00 7.469999790191650391e+00 -3.837500000000000000e+01 3.387500000000000000e+01 -2.525000000000000000e+01 4.750000000000000000e+00 1.500000000000000000e+00 -3.750000000000000000e+00
5.659999847412109375e+00 -3.250000000000000000e+00 7.480000019073486328e+00 -3.837500000000000000e+01 3.387500000000000000e+01 -2.525000000000000000e+01 4.750000000000000000e+00 1.500000000000000000e+00 -3.750000000000000000e+00
5.800000190734863281e+00 -3.490000009536743164e+00 7.480000019073486328e+00 -3.800000000000000000e+01 3.525000000000000000e+01 -2.687500000000000000e+01 5.187500000000000000e+00 1.500000000000000000e+00 -4.625000000000000000e+00
5.909999847412109375e+00 -3.430000066757202148e+00 7.380000114440917969e+00 -3.800000000000000000e+01 3.525000000000000000e+01 -2.687500000000000000e+01 4.625000000000000000e+00 1.937500000000000000e+00 -6.250000000000000000e+00
5.809999942779541016e+00 -3.029999971389770508e+00 7.679999828338623047e+00 -3.800000000000000000e+01 3.525000000000000000e+01 -2.687500000000000000e+01 3.125000000000000000e+00 0.000000000000000000e+00 -5.375000000000000000e+00
5.840000152587890625e+00 -2.960000038146972656e+00 7.750000000000000000e+00 -3.800000000000000000e+01 3.525000000000000000e+01 -2.687500000000000000e+01 2.187500000000000000e+00 -3.062500000000000000e+00 -2.562500000000000000e+00
5.860000133514404297e+00 -2.440000057220458984e+00 7.860000133514404297e+00 -3.800000000000000000e+01 3.525000000000000000e+01 -2.687500000000000000e+01 2.187500000000000000e+00 -3.062500000000000000e+00 -2.562500000000000000e+00
5.909999847412109375e+00 -3.279999971389770508e+00 7.650000095367431641e+00 -3.900000000000000000e+01 3.487500000000000000e+01 -2.650000000000000000e+01 8.125000000000000000e-01 -4.937500000000000000e+00 4.375000000000000000e-01
6.130000114440917969e+00 -3.700000047683715820e+00 7.260000228881835938e+00 -3.900000000000000000e+01 3.487500000000000000e+01 -2.650000000000000000e+01 2.500000000000000000e-01 -7.500000000000000000e+00 6.312500000000000000e+00
6.119999885559082031e+00 -4.489999771118164062e+00 7.130000114440917969e+00 -3.900000000000000000e+01 3.487500000000000000e+01 -2.650000000000000000e+01 3.687500000000000000e+00 -1.212500000000000000e+01 2.056250000000000000e+01
5.949999809265136719e+00 -6.519999980926513672e+00 6.659999847412109375e+00 -3.900000000000000000e+01 3.487500000000000000e+01 -2.650000000000000000e+01 7.562500000000000000e+00 -1.556250000000000000e+01 4.537500000000000000e+01
6.599999904632568359e+00 -7.480000019073486328e+00 6.840000152587890625e+00 -3.900000000000000000e+01 3.487500000000000000e+01 -2.650000000000000000e+01 1.812500000000000000e+01 -2.143750000000000000e+01 6.600000000000000000e+01
7.730000019073486328e+00 -7.489999771118164062e+00 6.280000209808349609e+00 -3.868750000000000000e+01 3.418750000000000000e+01 -2.650000000000000000e+01 2.893750000000000000e+01 -2.600000000000000000e+01 8.418750000000000000e+01
7.530000209808349609e+00 -7.380000114440917969e+00 6.730000019073486328e+00 -3.868750000000000000e+01 3.418750000000000000e+01 -2.650000000000000000e+01 3.975000000000000000e+01 -2.243750000000000000e+01 1.058125000000000000e+02
7.320000171661376953e+00 -8.029999732971191406e+00 6.590000152587890625e+00 -3.868750000000000000e+01 3.418750000000000000e+01 -2.650000000000000000e+01 4.975000000000000000e+01 -1.575000000000000000e+01 1.333750000000000000e+02
6.079999923706054688e+00 -8.119999885559082031e+00 5.599999904632568359e+00 -3.868750000000000000e+01 3.418750000000000000e+01 -2.650000000000000000e+01 6.793750000000000000e+01 -1.606250000000000000e+01 1.595625000000000000e+02
5.840000152587890625e+00 -8.850000381469726562e+00 4.780000209808349609e+00 -3.868750000000000000e+01 3.418750000000000000e+01 -2.650000000000000000e+01 8.281250000000000000e+01 -2.387500000000000000e+01 1.934375000000000000e+02
5.289999961853027344e+00 -9.500000000000000000e+00 4.050000190734863281e+00 -3.800000000000000000e+01 3.718750000000000000e+01 -2.687500000000000000e+01 9.450000000000000000e+01 -3.600000000000000000e+01 2.301250000000000000e+02
4.460000038146972656e+00 -8.810000419616699219e+00 4.449999809265136719e+00 -3.800000000000000000e+01 3.718750000000000000e+01 -2.687500000000000000e+01 1.102500000000000000e+02 -5.243750000000000000e+01 2.593125000000000000e+02
4.469999790191650391e+00 -7.230000019073486328e+00 4.300000190734863281e+00 -3.800000000000000000e+01 3.718750000000000000e+01 -2.687500000000000000e+01 1.253125000000000000e+02 -7.262500000000000000e+01 2.789375000000000000e+02
4.250000000000000000e+00 -5.789999961853027344e+00 5.369999885559082031e+00 -3.800000000000000000e+01 3.718750000000000000e+01 -2.687500000000000000e+01 1.344375000000000000e+02 -9.106250000000000000e+01 2.917500000000000000e+02
5.579999923706054688e+00 -4.000000000000000000e+00 5.719999790191650391e+00 -3.800000000000000000e+01 3.718750000000000000e+01 -2.687500000000000000e+01 1.382500000000000000e+02 -1.063750000000000000e+02 2.943125000000000000e+02
6.309999942779541016e+00 1.720000028610229492e+00 7.829999923706054688e+00 -3.237500000000000000e+01 4.006250000000000000e+01 -2.850000000000000000e+01 1.376875000000000000e+02 -1.113125000000000000e+02 2.826875000000000000e+02
7.670000076293945312e+00 4.969999790191650391e+00 8.329999923706054688e+00 -3.237500000000000000e+01 4.006250000000000000e+01 -2.850000000000000000e+01 1.284375000000000000e+02 -1.101250000000000000e+02 2.587500000000000000e+02
7.929999828338623047e+00 6.820000171661376953e+00 8.869999885559082031e+00 -3.237500000000000000e+01 4.006250000000000000e+01 -2.850000000000000000e+01 1.072500000000000000e+02 -1.022500000000000000e+02 2.318125000000000000e+02
8.500000000000000000e+00 8.020000457763671875e+00 8.640000343322753906e+00 -3.237500000000000000e+01 4.006250000000000000e+01 -2.850000000000000000e+01 8.143750000000000000e+01 -8.837500000000000000e+01 1.940625000000000000e+02
8.350000381469726562e+00 7.820000171661376953e+00 9.619999885559082031e+00 -3.237500000000000000e+01 4.006250000000000000e+01 -2.850000000000000000e+01 5.943750000000000000e+01 -7.168750000000000000e+01 1.441250000000000000e+02
7.909999847412109375e+00 7.869999885559082031e+00 9.470000267028808594e+00 -2.275000000000000000e+01 4.456250000000000000e+01 -3.056250000000000000e+01 4.343750000000000000e+01 -5.362500000000000000e+01 8.481250000000000000e+01
6.559999942779541016e+00 7.260000228881835938e+00 9.729999542236328125e+00 -2.275000000000000000e+01 4.456250000000000000e+01 -3.056250000000000000e+01 2.568750000000000000e+01 -3.425000000000000000e+01 2.662500000000000000e+01
5.510000228881835938e+00 1.629999995231628418e+00 8.390000343322753906e+00 -2.275000000000000000e+01 4.456250000000000000e+01 -3.056250000000000000e+01 6.875000000000000000e-01 -1.868750000000000000e+01 -1.612500000000000000e+01
5.400000095367431641e+00 -5.460000038146972656e+00 7.980000019073486328e+00 -2.275000000000000000e+01 4.456250000000000000e+01 -3.056250000000000000e+01 -2.168750000000000000e+01 -9.937500000000000000e+00 -2.925000000000000000e+01
6.090000152587890625e+00 -1.047000026702880859e+01 7.139999866485595703e+00 -2.275000000000000000e+01 4.456250000000000000e+01 -3.056250000000000000e+01 -1.800000000000000000e+01 -1.137500000000000000e+01 -1.900000000000000000e+01
6.570000171661376953e+00 -1.143000030517578125e+01 6.329999923706054688e+00 -1.987500000000000000e+01 4.637500000000000000e+01 -3.050000000000000000e+01 -2.000000000000000000e+00 -1.212500000000000000e+01 -1.500000000000000000e+00
5.820000171661376953e+00 -3.880000114440917969e+00 6.949999809265136719e+00 -1.987500000000000000e+01 4.637500000000000000e+01 -3.050000000000000000e+01 1.125000000000000000e+01 -1.200000000000000000e+01 6.062500000000000000e+00
6.079999923706054688e+00 -1.139999985694885254e+00 8.180000305175781250e+00 -1.987500000000000000e+01 4.637500000000000000e+01 -3.050000000000000000e+01 1.493750000000000000e+01 -9.687500000000000000e+00 -3.750000000000000000e-01
6.989999771118164062e+00 -5.000000000000000000e-01 8.250000000000000000e+00 -1.987500000000000000e+01 4.637500000000000000e+01 -3.050000000000000000e+01 4.875000000000000000e+00 -4.500000000000000000e+00 -3.250000000000000000e+00
7.500000000000000000e+00 -6.499999761581420898e-01 8.010000228881835938e+00 -1.987500000000000000e+01 4.637500000000000000e+01 -3.050000000000000000e+01 -8.000000000000000000e+00 6.562500000000000000e+00 -1.000000000000000000e+00
6.179999828338623047e+00 -3.069999933242797852e+00 7.480000019073486328e+00 -2.037500000000000000e+01 4.568750000000000000e+01 -3.037500000000000000e+01 -1.856250000000000000e+01 1.375000000000000000e+01 4.875000000000000000e+00
5.480000019073486328e+00 -3.509999990463256836e+00 7.530000209808349609e+00 -2.037500000000000000e+01 4.568750000000000000e+01 -3.037500000000000000e+01 -2.375000000000000000e+01 1.875000000000000000e+01 6.500000000000000000e+00
4.780000209808349609e+00 -3.430000066757202148e+00 7.590000152587890625e+00 -2.037500000000000000e+01 4.568750000000000000e+01 -3.037500000000000000e+01 -2.487500000000000000e+01 2.125000000000000000e+01 3.937500000000000000e+00
4.440000057220458984e+00 -2.200000047683715820e+00 8.010000228881835938e+00 -2.037500000000000000e+01 4.568750000000000000e+01 -3.037500000000000000e+01 -2.556250000000000000e+01 2.031250000000000000e+01 -2.000000000000000000e+00
4.920000076293945312e+00 -2.289999961853027344e+00 7.780000209808349609e+00 -2.037500000000000000e+01 4.568750000000000000e+01 -3.037500000000000000e+01 -2.856250000000000000e+01 1.993750000000000000e+01 -7.125000000000000000e+00
5.530000209808349609e+00 -2.839999914169311523e+00 7.369999885559082031e+00 -2.118750000000000000e+01 4.606250000000000000e+01 -3.068750000000000000e+01 -3.137500000000000000e+01 2.162500000000000000e+01 -1.143750000000000000e+01
5.610000133514404297e+00 -3.440000057220458984e+00 7.130000114440917969e+00 -2.118750000000000000e+01 4.606250000000000000e+01 -3.068750000000000000e+01 -3.150000000000000000e+01 2.531250000000000000e+01 -1.662500000000000000e+01
5.699999809265136719e+00 -3.700000047683715820e+00 7.230000019073486328e+00 -2.118750000000000000e+01 4.606250000000000000e+01 -3.068750000000000000e+01 -3.031250000000000000e+01 2.762500000000000000e+01 -2.362500000000000000e+01
6.309999942779541016e+00 -3.829999923706054688e+00 6.960000038146972656e+00 -2.118750000000000000e+01 4.606250000000000000e+01 -3.068750000000000000e+01 -3.050000000000000000e+01 3.125000000000000000e+01 -3.200000000000000000e+01
6.610000133514404297e+00 -4.050000190734863281e+00 7.119999885559082031e+00 -2.118750000000000000e+01 4.606250000000000000e+01 -3.068750000000000000e+01 -2.975000000000000000e+01 3.918750000000000000e+01 -4.231250000000000000e+01
6.530000209808349609e+00 -3.519999980926513672e+00 7.239999771118164062e+00 -2.075000000000000000e+01 4.637500000000000000e+01 -2.906250000000000000e+01 -2.862500000000000000e+01 4.750000000000000000e+01 -5.968750000000000000e+01
6.440000057220458984e+00 -7.099999785423278809e-01 8.090000152587890625e+00 -2.075000000000000000e+01 4.637500000000000000e+01 -2.906250000000000000e+01 -2.918750000000000000e+01 5.331250000000000000e+01 -7.968750000000000000e+01
7.289999961853027344e+00 -3.899999856948852539e-01 8.329999923706054688e+00 -2.075000000000000000e+01 4.637500000000000000e+01 -2.906250000000000000e+01 -3.275000000000000000e+01 5.825000000000000000e+01 -9.593750000000000000e+01
7.809999942779541016e+00 -2.999999932944774628e-02 8.229999542236328125e+00 -2.075000000000000000e+01 4.637500000000000000e+01 -2.906250000000000000e+01 -4.056250000000000000e+01 6.593750000000000000e+01 -1.069375000000000000e+02
8.670000076293945312e+00 -6.200000047683715820e-01 8.159999847412109375e+00 -2.075000000000000000e+01 4.637500000000000000e+01 -2.906250000000000000e+01 -4.762500000000000000e+01 7.625000000000000000e+01 -1.229375000000000000e+02
8.760000228881835938e+00 7.999999821186065674e-02 7.929999828338623047e+00 -2.156250000000000000e+01 4.525000000000000000e+01 -2.825000000000000000e+01 -5.100000000000000000e+01 8.812500000000000000e+01 -1.492500000000000000e+02
8.359999656677246094e+00 7.500000000000000000e-01 7.690000057220458984e+00 -2.156250000000000000e+01 4.525000000000000000e+01 -2.825000000000000000e+01 -5.587500000000000000e+01 9.981250000000000000e+01 -1.771250000000000000e+02
8.010000228881835938e+00 9.700000286102294922e-01 7.559999942779541016e+00 -2.156250000000000000e+01 4.525000000000000000e+01 -2.825000000000000000e+01 -6.506250000000000000e+01 1.081875000000000000e+02 -1.981875000000000000e+02
7.039999961853027344e+00 -5.899999737739562988e-01 7.389999866485595703e+00 -2.156250000000000000e+01 4.525000000000000000e+01 -2.825000000000000000e+01 -7.518750000000000000e+01 1.136875000000000000e+02 -2.112500000000000000e+02
6.849999904632568359e+00 -1.549999952316284180e+00 6.969999790191650391e+00 -2.156250000000000000e+01 4.525000000000000000e+01 -2.825000000000000000e+01 -8.318750000000000000e+01 1.160000000000000000e+02 -2.215625000000000000e+02
6.829999923706054688e+00 -1.759999990463256836e+00 6.699999809265136719e+00 -2.487500000000000000e+01 4.500000000000000000e+01 -2.987500000000000000e+01 -8.787500000000000000e+01 1.150625000000000000e+02 -2.317500000000000000e+02
6.769999980926513672e+00 -2.650000095367431641e+00 6.480000019073486328e+00 -2.487500000000000000e+01 4.500000000000000000e+01 -2.987500000000000000e+01 -9.250000000000000000e+01 1.125625000000000000e+02 -2.363750000000000000e+02
5.619999885559082031e+00 -3.980000019073486328e+00 6.559999942779541016e+00 -2.487500000000000000e+01 4.500000000000000000e+01 -2.987500000000000000e+01 -9.637500000000000000e+01 1.073750000000000000e+02 -2.338750000000000000e+02
5.059999942779541016e+00 -4.719999790191650391e+00 6.309999942779541016e+00 -2.487500000000000000e+01 4.500000000000000000e+01 -2.987500000000000000e+01 -9.737500000000000000e+01 9.887500000000000000e+01 -2.263125000000000000e+02
4.440000057220458984e+00 -5.000000000000000000e+00 6.269999980926513672e+00 -2.487500000000000000e+01 4.500000000000000000e+01 -2.987500000000000000e+01 -9.625000000000000000e+01 8.956250000000000000e+01 -2.158125000000000000e+02
3.630000114440917969e+00 -6.920000076293945312e+00 6.280000209808349609e+00 -3.006250000000000000e+01 4.118750000000000000e+01 -2.906250000000000000e+01 -9.481250000000000000e+01 7.837500000000000000e+01 -2.010625000000000000e+02
3.250000000000000000e+00 -7.050000190734863281e+00 6.389999866485595703e+00 -3.006250000000000000e+01 4.118750000000000000e+01 -2.906250000000000000e+01 -8.968750000000000000e+01 6.662500000000000000e+01 -1.833125000000000000e+02
2.640000104904174805e+00 -7.889999866485595703e+00 6.230000019073486328e+00 -3.006250000000000000e+01 4.118750000000000000e+01 -2.906250000000000000e+01 -8.287500000000000000e+01 5.456250000000000000e+01 -1.610000000000000000e+02
1.830000042915344238e+00 -8.250000000000000000e+00 6.070000171661376953e+00 -3.006250000000000000e+01 4.118750000000000000e+01 -2.906250000000000000e+01 -7.437500000000000000e+01 3.993750000000000000e+01 -1.361875000000000000e+02
1.500000059604644775e-01 -8.930000305175781250e+00 5.820000171661376953e+00 -3.006250000000000000e+01 4.118750000000000000e+01 -2.906250000000000000e+01 -6.306250000000000000e+01 2.143750000000000000e+01 -1.111250000000000000e+02
-7.599999904632568359e-01 -8.760000228881835938e+00 5.800000190734863281e+00 -3.487500000000000000e+01 3.756250000000000000e+01 -2.787500000000000000e+01 -5.062500000000000000e+01 1.875000000000000000e-01 -8.631250000000000000e+01
-1.210000038146972656e+00 -8.920000076293945312e+00 5.650000095367431641e+00 -3.487500000000000000e+01 3.756250000000000000e+01 -2.787500000000000000e+01 -3.843750000000000000e+01 -2.518750000000000000e+01 -6.187500000000000000e+01
-1.690000057220458984e+00 -8.180000305175781250e+00 5.500000000000000000e+00 -3.487500000000000000e+01 3.756250000000000000e+01 -2.787500000000000000e+01 -2.468750000000000000e+01 -5.131250000000000000e+01 -4.350000000000000000e+01
-1.269999980926513672e+00 -6.909999847412109375e+00 5.929999828338623047e+00 -3.487500000000000000e+01 3.756250000000000000e+01 -2.787500000000000000e+01 -1.118750000000000000e+01 -8.137500000000000000e+01 -2.650000000000000000e+01
