6.269999980926513672e+00 -1.159999966621398926e+00 7.389999866485595703e+00 -4.206250000000000000e+01 1.237500000000000000e+01 -2.550000000000000000e+01 -4.375000000000000000e-01 -3.125000000000000000e-01 4.375000000000000000e-01
6.289999961853027344e+00 -1.149999976158142090e+00 7.400000095367431641e+00 -4.318750000000000000e+01 1.275000000000000000e+01 -2.337500000000000000e+01 -3.750000000000000000e-01 -1.875000000000000000e-01 3.125000000000000000e-01
6.280000209808349609e+00 -1.100000023841857910e+00 7.400000095367431641e+00 -4.318750000000000000e+01 1.275000000000000000e+01 -2.337500000000000000e+01 -3.750000000000000000e-01 -3.125000000000000000e-01 3.125000000000000000e-01
6.269999980926513672e+00 -1.070000052452087402e+00 7.400000095367431641e+00 -4.318750000000000000e+01 1.275000000000000000e+01 -2.337500000000000000e+01 -4.375000000000000000e-01 -5.000000000000000000e-01 3.750000000000000000e-01
6.300000190734863281e+00 -1.149999976158142090e+00 7.360000133514404297e+00 -4.318750000000000000e+01 1.275000000000000000e+01 -2.337500000000000000e+01 -4.375000000000000000e-01 -3.750000000000000000e-01 5.000000000000000000e-01
6.280000209808349609e+00 -1.129999995231628418e+00 7.369999885559082031e+00 -4.318750000000000000e+01 1.275000000000000000e+01 -2.337500000000000000e+01 -5.625000000000000000e-01 -2.500000000000000000e-01 7.500000000000000000e-01
6.269999980926513672e+00 -1.149999976158142090e+00 7.409999847412109375e+00 -4.168750000000000000e+01 1.237500000000000000e+01 -2.418750000000000000e+01 -5.625000000000000000e-01 -6.250000000000000000e-02 4.375000000000000000e-01
6.320000171661376953e+00 -1.129999995231628418e+00 7.409999847412109375e+00 -4.168750000000000000e+01 1.237500000000000000e+01 -2.418750000000000000e+01 -3.125000000000000000e-01 0.000000000000000000e+00 2.500000000000000000e-01
6.320000171661376953e+00 -1.139999985694885254e+00 7.360000133514404297e+00 -4.168750000000000000e+01 1.237500000000000000e+01 -2.418750000000000000e+01 -4.375000000000000000e-01 0.000000000000000000e+00 4.375000000000000000e-01
6.300000190734863281e+00 -1.159999966621398926e+00 7.360000133514404297e+00 -4.168750000000000000e+01 1.237500000000000000e+01 -2.418750000000000000e+01 -3.750000000000000000e-01 0.000000000000000000e+00 4.375000000000000000e-01
6.289999961853027344e+00 -1.179999947547912598e+00 7.400000095367431641e+00 -4.168750000000000000e+01 1.237500000000000000e+01 -2.418750000000000000e+01 -4.375000000000000000e-01 -6.250000000000000000e-02 5.000000000000000000e-01
6.300000190734863281e+00 -1.159999966621398926e+00 7.380000114440917969e+00 -4.350000000000000000e+01 1.275000000000000000e+01 -2.468750000000000000e+01 -2.500000000000000000e-01 0.000000000000000000e+00 4.375000000000000000e-01
6.300000190734863281e+00 -1.149999976158142090e+00 7.369999885559082031e+00 -4.350000000000000000e+01 1.275000000000000000e+01 -2.468750000000000000e+01 0.000000000000000000e+00 -6.250000000000000000e-02 3.125000000000000000e-01
6.309999942779541016e+00 -1.120000004768371582e+00 7.360000133514404297e+00 -4.350000000000000000e+01 1.275000000000000000e+01 -2.468750000000000000e+01 -1.250000000000000000e-01 0.000000000000000000e+00 2.500000000000000000e-01
6.300000190734863281e+00 -1.149999976158142090e+00 7.369999885559082031e+00 -4.350000000000000000e+01 1.275000000000000000e+01 -2.468750000000000000e+01 -1.250000000000000000e-01 6.250000000000000000e-02 3.125000000000000000e-01
6.300000190734863281e+00 -1.179999947547912598e+00 7.369999885559082031e+00 -4.350000000000000000e+01 1.275000000000000000e+01 -2.468750000000000000e+01 -6.250000000000000000e-02 3.125000000000000000e-01 2.500000000000000000e-01
6.329999923706054688e+00 -1.210000038146972656e+00 7.380000114440917969e+00 -4.287500000000000000e+01 1.275000000000000000e+01 -2.337500000000000000e+01 6.250000000000000000e-02 2.500000000000000000e-01 -6.250000000000000000e-02
6.289999961853027344e+00 -1.250000000000000000e+00 7.369999885559082031e+00 -4.287500000000000000e+01 1.275000000000000000e+01 -2.337500000000000000e+01 6.250000000000000000e-02 0.000000000000000000e+00 0.000000000000000000e+00
6.289999961853027344e+00 -1.200000047683715820e+00 7.389999866485595703e+00 -4.287500000000000000e+01 1.275000000000000000e+01 -2.337500000000000000e+01 2.500000000000000000e-01 2.500000000000000000e-01 -1.875000000000000000e-01
6.409999847412109375e+00 -1.110000014305114746e+00 7.400000095367431641e+00 -4.287500000000000000e+01 1.275000000000000000e+01 -2.337500000000000000e+01 2.500000000000000000e-01 2.500000000000000000e-01 -4.375000000000000000e-01
6.599999904632568359e+00 -1.080000042915344238e+00 7.409999847412109375e+00 -4.287500000000000000e+01 1.275000000000000000e+01 -2.337500000000000000e+01 1.250000000000000000e-01 2.500000000000000000e-01 -5.000000000000000000e-01
6.670000076293945312e+00 -1.039999961853027344e+00 7.389999866485595703e+00 -4.206250000000000000e+01 1.275000000000000000e+01 -2.468750000000000000e+01 6.250000000000000000e-02 7.500000000000000000e-01 -4.375000000000000000e-01
7.340000152587890625e+00 -3.300000131130218506e-01 7.440000057220458984e+00 -4.206250000000000000e+01 1.275000000000000000e+01 -2.468750000000000000e+01 -1.375000000000000000e+00 1.750000000000000000e+00 3.125000000000000000e-01
7.250000000000000000e+00 -7.999999821186065674e-02 7.710000038146972656e+00 -4.206250000000000000e+01 1.275000000000000000e+01 -2.468750000000000000e+01 -5.250000000000000000e+00 4.437500000000000000e+00 1.187500000000000000e+00
7.570000171661376953e+00 3.100000023841857910e-01 7.769999980926513672e+00 -4.206250000000000000e+01 1.275000000000000000e+01 -2.468750000000000000e+01 -1.068750000000000000e+01 8.750000000000000000e+00 1.125000000000000000e+00
7.199999809265136719e+00 1.389999985694885254e+00 7.750000000000000000e+00 -4.206250000000000000e+01 1.275000000000000000e+01 -2.468750000000000000e+01 -1.781250000000000000e+01 1.518750000000000000e+01 -1.187500000000000000e+00
7.110000133514404297e+00 1.950000047683715820e+00 8.079999923706054688e+00 -4.287500000000000000e+01 1.318750000000000000e+01 -2.468750000000000000e+01 -2.662500000000000000e+01 2.056250000000000000e+01 -7.812500000000000000e+00
6.909999847412109375e+00 1.799999952316284180e+00 8.050000190734863281e+00 -4.287500000000000000e+01 1.318750000000000000e+01 -2.468750000000000000e+01 -3.437500000000000000e+01 2.618750000000000000e+01 -1.612500000000000000e+01
6.880000114440917969e+00 1.309999942779541016e+00 8.420000076293945312e+00 -4.287500000000000000e+01 1.318750000000000000e+01 -2.468750000000000000e+01 -4.181250000000000000e+01 3.193750000000000000e+01 -2.506250000000000000e+01
7.409999847412109375e+00 5.500000119209289551e-01 8.550000190734863281e+00 -4.287500000000000000e+01 1.318750000000000000e+01 -2.468750000000000000e+01 -4.725000000000000000e+01 3.668750000000000000e+01 -3.150000000000000000e+01
7.110000133514404297e+00 -5.799999833106994629e-01 7.860000133514404297e+00 -4.287500000000000000e+01 1.318750000000000000e+01 -2.468750000000000000e+01 -5.225000000000000000e+01 4.262500000000000000e+01 -3.537500000000000000e+01
7.300000190734863281e+00 2.300000041723251343e-01 7.630000114440917969e+00 -4.237500000000000000e+01 1.237500000000000000e+01 -2.337500000000000000e+01 -5.393750000000000000e+01 4.831250000000000000e+01 -4.400000000000000000e+01
7.010000228881835938e+00 8.199999928474426270e-01 7.849999904632568359e+00 -4.237500000000000000e+01 1.237500000000000000e+01 -2.337500000000000000e+01 -5.562500000000000000e+01 5.400000000000000000e+01 -5.543750000000000000e+01
6.849999904632568359e+00 2.890000104904174805e+00 8.109999656677246094e+00 -4.237500000000000000e+01 1.237500000000000000e+01 -2.337500000000000000e+01 -5.968750000000000000e+01 5.906250000000000000e+01 -6.943750000000000000e+01
6.570000171661376953e+00 4.050000190734863281e+00 8.149999618530273438e+00 -4.237500000000000000e+01 1.237500000000000000e+01 -2.337500000000000000e+01 -6.662500000000000000e+01 6.462500000000000000e+01 -8.668750000000000000e+01
5.710000038146972656e+00 4.909999847412109375e+00 8.250000000000000000e+00 -4.237500000000000000e+01 1.237500000000000000e+01 -2.337500000000000000e+01 -7.837500000000000000e+01 6.818750000000000000e+01 -1.055000000000000000e+02
5.530000209808349609e+00 5.300000190734863281e+00 8.050000190734863281e+00 -4.206250000000000000e+01 1.287500000000000000e+01 -2.456250000000000000e+01 -9.362500000000000000e+01 6.825000000000000000e+01 -1.277500000000000000e+02
5.110000133514404297e+00 7.320000171661376953e+00 7.670000076293945312e+00 -4.206250000000000000e+01 1.287500000000000000e+01 -2.456250000000000000e+01 -1.093125000000000000e+02 6.800000000000000000e+01 -1.579375000000000000e+02
4.829999923706054688e+00 7.440000057220458984e+00 7.409999847412109375e+00 -4.206250000000000000e+01 1.287500000000000000e+01 -2.456250000000000000e+01 -1.291250000000000000e+02 6.687500000000000000e+01 -1.900000000000000000e+02
5.429999828338623047e+00 7.019999980926513672e+00 6.949999809265136719e+00 -4.206250000000000000e+01 1.287500000000000000e+01 -2.456250000000000000e+01 -1.515000000000000000e+02 6.456250000000000000e+01 -2.211875000000000000e+02
5.460000038146972656e+00 5.329999923706054688e+00 6.670000076293945312e+00 -4.206250000000000000e+01 1.287500000000000000e+01 -2.456250000000000000e+01 -1.713750000000000000e+02 6.112500000000000000e+01 -2.465000000000000000e+02
6.360000133514404297e+00 1.610000014305114746e+00 5.820000171661376953e+00 -4.287500000000000000e+01 1.037500000000000000e+01 -2.618750000000000000e+01 -1.858125000000000000e+02 5.612500000000000000e+01 -2.654375000000000000e+02
6.239999771118164062e+00 -1.169999957084655762e+00 5.519999980926513672e+00 -4.287500000000000000e+01 1.037500000000000000e+01 -2.618750000000000000e+01 -1.933750000000000000e+02 5.225000000000000000e+01 -2.771875000000000000e+02
6.800000190734863281e+00 -3.819999933242797852e+00 4.929999828338623047e+00 -4.287500000000000000e+01 1.037500000000000000e+01 -2.618750000000000000e+01 -1.952500000000000000e+02 4.456250000000000000e+01 -2.755000000000000000e+02
6.659999847412109375e+00 -8.829999923706054688e+00 4.750000000000000000e+00 -4.287500000000000000e+01 1.037500000000000000e+01 -2.618750000000000000e+01 -1.869375000000000000e+02 3.681250000000000000e+01 -2.662500000000000000e+02
7.019999980926513672e+00 -1.200000000000000000e+01 3.680000066757202148e+00 -4.287500000000000000e+01 1.037500000000000000e+01 -2.618750000000000000e+01 -1.726875000000000000e+02 2.731250000000000000e+01 -2.459375000000000000e+02
6.480000019073486328e+00 -1.371000003814697266e+01 3.349999904632568359e+00 -4.537500000000000000e+01 4.187500000000000000e+00 -2.537500000000000000e+01 -1.456875000000000000e+02 1.612500000000000000e+01 -2.186250000000000000e+02
6.000000000000000000e+00 -1.422000026702880859e+01 3.910000085830688477e+00 -4.537500000000000000e+01 4.187500000000000000e+00 -2.537500000000000000e+01 -1.084375000000000000e+02 4.312500000000000000e+00 -1.869375000000000000e+02
4.599999904632568359e+00 -1.514999961853027344e+01 3.829999923706054688e+00 -4.537500000000000000e+01 4.187500000000000000e+00 -2.537500000000000000e+01 -7.262500000000000000e+01 -1.181250000000000000e+01 -1.478125000000000000e+02
4.510000228881835938e+00 -1.422999954223632812e+01 4.449999809265136719e+00 -4.537500000000000000e+01 4.187500000000000000e+00 -2.537500000000000000e+01 -3.093750000000000000e+01 -2.943750000000000000e+01 -1.149375000000000000e+02
5.019999980926513672e+00 -1.364999961853027344e+01 4.500000000000000000e+00 -4.537500000000000000e+01 4.187500000000000000e+00 -2.537500000000000000e+01 3.937500000000000000e+00 -4.850000000000000000e+01 -7.518750000000000000e+01
4.650000095367431641e+00 -1.178999996185302734e+01 5.219999790191650391e+00 -4.700000000000000000e+01 1.750000000000000000e+00 -2.125000000000000000e+01 3.550000000000000000e+01 -6.550000000000000000e+01 -3.031250000000000000e+01
2.859999895095825195e+00 -2.099999904632568359e+00 6.949999809265136719e+00 -4.700000000000000000e+01 1.750000000000000000e+00 -2.125000000000000000e+01 6.487500000000000000e+01 -8.081250000000000000e+01 -2.625000000000000000e+00
5.519999980926513672e+00 1.999999955296516418e-02 9.899999618530273438e+00 -4.700000000000000000e+01 1.750000000000000000e+00 -2.125000000000000000e+01 8.500000000000000000e+01 -9.381250000000000000e+01 -7.500000000000000000e+00
1.702000045776367188e+01 1.549999952316284180e+00 1.737999916076660156e+01 -4.700000000000000000e+01 1.750000000000000000e+00 -2.125000000000000000e+01 9.587500000000000000e+01 -9.425000000000000000e+01 -3.512500000000000000e+01
8.430000305175781250e+00 9.439999580383300781e+00 1.070000052452087402e+00 -4.700000000000000000e+01 1.750000000000000000e+00 -2.125000000000000000e+01 4.362500000000000000e+01 -5.275000000000000000e+01 -5.943750000000000000e+01
3.170000076293945312e+00 -1.610000014305114746e+00 1.030000019073486328e+01 -4.875000000000000000e+01 2.750000000000000000e+00 -1.956250000000000000e+01 -9.687500000000000000e+00 1.493750000000000000e+01 -5.375000000000000000e+00
9.880000114440917969e+00 1.769999980926513672e+00 7.409999847412109375e+00 -4.875000000000000000e+01 2.750000000000000000e+00 -1.956250000000000000e+01 -4.187500000000000000e+00 -1.437500000000000000e+00 1.175000000000000000e+01
7.489999771118164062e+00 -2.000000000000000000e+00 8.100000381469726562e+00 -4.875000000000000000e+01 2.750000000000000000e+00 -1.956250000000000000e+01 -1.137500000000000000e+01 1.937500000000000000e+00 1.593750000000000000e+01
5.650000095367431641e+00 -2.000000000000000000e+00 7.380000114440917969e+00 -4.875000000000000000e+01 2.750000000000000000e+00 -1.956250000000000000e+01 -1.168750000000000000e+01 7.812500000000000000e+00 1.262500000000000000e+01
7.639999866485595703e+00 -1.080000042915344238e+00 7.619999885559082031e+00 -4.875000000000000000e+01 2.750000000000000000e+00 -1.956250000000000000e+01 -8.562500000000000000e+00 1.250000000000000000e+00 1.037500000000000000e+01
8.689999580383300781e+00 -8.100000023841857910e-01 7.409999847412109375e+00 -4.968750000000000000e+01 1.500000000000000000e+00 -1.918750000000000000e+01 -1.143750000000000000e+01 3.750000000000000000e+00 1.281250000000000000e+01
8.340000152587890625e+00 -1.919999957084655762e+00 7.429999828338623047e+00 -4.968750000000000000e+01 1.500000000000000000e+00 -1.918750000000000000e+01 -1.681250000000000000e+01 1.231250000000000000e+01 2.081250000000000000e+01
9.699999809265136719e+00 -3.299999952316284180e+00 7.000000000000000000e+00 -4.968750000000000000e+01 1.500000000000000000e+00 -1.918750000000000000e+01 -1.881250000000000000e+01 1.731250000000000000e+01 3.106250000000000000e+01
1.022999954223632812e+01 -3.930000066757202148e+00 7.579999923706054688e+00 -4.968750000000000000e+01 1.500000000000000000e+00 -1.918750000000000000e+01 -1.775000000000000000e+01 2.581250000000000000e+01 4.000000000000000000e+01
9.699999809265136719e+00 -4.090000152587890625e+00 7.750000000000000000e+00 -4.968750000000000000e+01 1.500000000000000000e+00 -1.918750000000000000e+01 -9.000000000000000000e+00 4.181250000000000000e+01 4.281250000000000000e+01
7.480000019073486328e+00 -2.440000057220458984e+00 7.500000000000000000e+00 -4.918750000000000000e+01 4.000000000000000000e+00 -1.887500000000000000e+01 5.187500000000000000e+00 5.587500000000000000e+01 4.087500000000000000e+01
6.289999961853027344e+00 -2.650000095367431641e+00 7.269999980926513672e+00 -4.918750000000000000e+01 4.000000000000000000e+00 -1.887500000000000000e+01 1.325000000000000000e+01 6.200000000000000000e+01 4.418750000000000000e+01
5.670000076293945312e+00 -2.950000047683715820e+00 7.130000114440917969e+00 -4.918750000000000000e+01 4.000000000000000000e+00 -1.887500000000000000e+01 1.831250000000000000e+01 6.075000000000000000e+01 5.293750000000000000e+01
5.170000076293945312e+00 -2.890000104904174805e+00 7.289999961853027344e+00 -4.918750000000000000e+01 4.000000000000000000e+00 -1.887500000000000000e+01 2.450000000000000000e+01 5.656250000000000000e+01 6.118750000000000000e+01
5.760000228881835938e+00 -2.440000057220458984e+00 7.340000152587890625e+00 -4.918750000000000000e+01 4.000000000000000000e+00 -1.887500000000000000e+01 2.881250000000000000e+01 5.243750000000000000e+01 6.768750000000000000e+01
5.449999809265136719e+00 -2.259999990463256836e+00 7.300000190734863281e+00 -4.850000000000000000e+01 4.000000000000000000e+00 -2.137500000000000000e+01 3.175000000000000000e+01 5.062500000000000000e+01 7.300000000000000000e+01
4.880000114440917969e+00 -1.879999995231628418e+00 7.480000019073486328e+00 -4.850000000000000000e+01 4.000000000000000000e+00 -2.137500000000000000e+01 3.618750000000000000e+01 4.943750000000000000e+01 7.375000000000000000e+01
4.780000209808349609e+00 -1.720000028610229492e+00 7.500000000000000000e+00 -4.850000000000000000e+01 4.000000000000000000e+00 -2.137500000000000000e+01 3.918750000000000000e+01 4.518750000000000000e+01 7.475000000000000000e+01
4.380000114440917969e+00 -1.860000014305114746e+00 7.530000209808349609e+00 -4.850000000000000000e+01 4.000000000000000000e+00 -2.137500000000000000e+01 4.118750000000000000e+01 4.037500000000000000e+01 7.831250000000000000e+01
4.190000057220458984e+00 -2.210000038146972656e+00 7.329999923706054688e+00 -4.850000000000000000e+01 4.000000000000000000e+00 -2.137500000000000000e+01 4.087500000000000000e+01 3.468750000000000000e+01 8.493750000000000000e+01
4.099999904632568359e+00 -2.359999895095825195e+00 7.230000019073486328e+00 -4.637500000000000000e+01 7.375000000000000000e+00 -2.337500000000000000e+01 4.318750000000000000e+01 2.881250000000000000e+01 8.918750000000000000e+01
4.110000133514404297e+00 -2.450000047683715820e+00 7.179999828338623047e+00 -4.637500000000000000e+01 7.375000000000000000e+00 -2.337500000000000000e+01 4.643750000000000000e+01 2.243750000000000000e+01 9.212500000000000000e+01
3.980000019073486328e+00 -2.390000104904174805e+00 7.539999961853027344e+00 -4.637500000000000000e+01 7.375000000000000000e+00 -2.337500000000000000e+01 5.006250000000000000e+01 1.656250000000000000e+01 9.356250000000000000e+01
4.239999771118164062e+00 -2.299999952316284180e+00 7.349999904632568359e+00 -4.637500000000000000e+01 7.375000000000000000e+00 -2.337500000000000000e+01 5.300000000000000000e+01 1.100000000000000000e+01 9.518750000000000000e+01
3.789999961853027344e+00 -2.049999952316284180e+00 7.280000209808349609e+00 -4.637500000000000000e+01 7.375000000000000000e+00 -2.337500000000000000e+01 5.587500000000000000e+01 4.500000000000000000e+00 9.850000000000000000e+01
3.460000038146972656e+00 -2.809999942779541016e+00 6.739999771118164062e+00 -4.450000000000000000e+01 9.562500000000000000e+00 -2.506250000000000000e+01 5.700000000000000000e+01 -5.187500000000000000e+00 1.076250000000000000e+02
3.829999923706054688e+00 -3.329999923706054688e+00 6.679999828338623047e+00 -4.450000000000000000e+01 9.562500000000000000e+00 -2.506250000000000000e+01 5.856250000000000000e+01 -1.868750000000000000e+01 1.212500000000000000e+02
4.179999828338623047e+00 -4.250000000000000000e+00 6.500000000000000000e+00 -4.450000000000000000e+01 9.562500000000000000e+00 -2.506250000000000000e+01 6.181250000000000000e+01 -3.193750000000000000e+01 1.352500000000000000e+02
5.070000171661376953e+00 -4.760000228881835938e+00 6.349999904632568359e+00 -4.450000000000000000e+01 9.562500000000000000e+00 -2.506250000000000000e+01 6.956250000000000000e+01 -4.156250000000000000e+01 1.453125000000000000e+02
5.449999809265136719e+00 -4.769999980926513672e+00 6.500000000000000000e+00 -4.450000000000000000e+01 9.562500000000000000e+00 -2.506250000000000000e+01 7.981250000000000000e+01 -4.812500000000000000e+01 1.553125000000000000e+02
5.929999828338623047e+00 -4.210000038146972656e+00 6.550000190734863281e+00 -4.425000000000000000e+01 1.187500000000000000e+01 -2.618750000000000000e+01 8.875000000000000000e+01 -5.468750000000000000e+01 1.669375000000000000e+02
5.989999771118164062e+00 -3.430000066757202148e+00 6.489999771118164062e+00 -4.425000000000000000e+01 1.187500000000000000e+01 -2.618750000000000000e+01 9.906250000000000000e+01 -5.887500000000000000e+01 1.759375000000000000e+02
5.690000057220458984e+00 -3.500000000000000000e+00 6.130000114440917969e+00 -4.425000000000000000e+01 1.187500000000000000e+01 -2.618750000000000000e+01 1.050625000000000000e+02 -6.381250000000000000e+01 1.871875000000000000e+02
5.320000171661376953e+00 -2.329999923706054688e+00 6.570000171661376953e+00 -4.425000000000000000e+01 1.187500000000000000e+01 -2.618750000000000000e+01 1.137500000000000000e+02 -6.787500000000000000e+01 1.904375000000000000e+02
5.199999809265136719e+00 -1.429999947547912598e+00 6.730000019073486328e+00 -4.425000000000000000e+01 1.187500000000000000e+01 -2.618750000000000000e+01 1.219375000000000000e+02 -7.225000000000000000e+01 1.841875000000000000e+02
4.639999866485595703e+00 -5.299999713897705078e-01 6.699999809265136719e+00 -4.325000000000000000e+01 1.625000000000000000e+01 -2.575000000000000000e+01 1.270625000000000000e+02 -7.518750000000000000e+01 1.746250000000000000e+02
3.930000066757202148e+00 1.769999980926513672e+00 7.480000019073486328e+00 -4.325000000000000000e+01 1.625000000000000000e+01 -2.575000000000000000e+01 1.294375000000000000e+02 -7.868750000000000000e+01 1.605000000000000000e+02
3.410000085830688477e+00 2.509999990463256836e+00 7.380000114440917969e+00 -4.325000000000000000e+01 1.625000000000000000e+01 -2.575000000000000000e+01 1.273750000000000000e+02 -8.250000000000000000e+01 1.433750000000000000e+02
2.410000085830688477e+00 3.750000000000000000e+00 7.480000019073486328e+00 -4.325000000000000000e+01 1.625000000000000000e+01 -2.575000000000000000e+01 1.219375000000000000e+02 -8.737500000000000000e+01 1.223125000000000000e+02
2.029999971389770508e+00 4.329999923706054688e+00 7.610000133514404297e+00 -4.325000000000000000e+01 1.625000000000000000e+01 -2.575000000000000000e+01 1.142500000000000000e+02 -9.643750000000000000e+01 9.737500000000000000e+01
2.029999971389770508e+00 5.820000171661376953e+00 7.750000000000000000e+00 -4.150000000000000000e+01 2.075000000000000000e+01 -2.468750000000000000e+01 1.048750000000000000e+02 -1.065625000000000000e+02 6.762500000000000000e+01
2.710000038146972656e+00 5.789999961853027344e+00 8.359999656677246094e+00 -4.150000000000000000e+01 2.075000000000000000e+01 -2.468750000000000000e+01 9.506250000000000000e+01 -1.162500000000000000e+02 3.200000000000000000e+01
1.105000019073486328e+01 3.319999933242797852e+00 1.507999992370605469e+01 -4.150000000000000000e+01 2.075000000000000000e+01 -2.468750000000000000e+01 9.462500000000000000e+01 -1.190000000000000000e+02 -9.625000000000000000e+00
1.998999977111816406e+01 1.670000076293945312e+01 -3.490000009536743164e+00 -4.150000000000000000e+01 2.075000000000000000e+01 -2.468750000000000000e+01 8.318750000000000000e+01 -6.306250000000000000e+01 -7.018750000000000000e+01
