5.849999904632568359e+00 -2.190000057220458984e+00 7.539999961853027344e+00 -3.806250000000000000e+01 3.256250000000000000e+01 -2.806250000000000000e+01 0.000000000000000000e+00 0.000000000000000000e+00 1.250000000000000000e-01
5.869999885559082031e+00 -2.200000047683715820e+00 7.519999980926513672e+00 -3.806250000000000000e+01 3.256250000000000000e+01 -2.806250000000000000e+01 -1.250000000000000000e-01 -6.250000000000000000e-02 1.250000000000000000e-01
5.849999904632568359e+00 -2.210000038146972656e+00 7.510000228881835938e+00 -3.768750000000000000e+01 3.256250000000000000e+01 -2.806250000000000000e+01 -1.250000000000000000e-01 1.250000000000000000e-01 0.000000000000000000e+00
5.869999885559082031e+00 -2.220000028610229492e+00 7.530000209808349609e+00 -3.768750000000000000e+01 3.256250000000000000e+01 -2.806250000000000000e+01 -1.250000000000000000e-01 6.250000000000000000e-02 1.875000000000000000e-01
5.860000133514404297e+00 -2.190000057220458984e+00 7.489999771118164062e+00 -3.768750000000000000e+01 3.256250000000000000e+01 -2.806250000000000000e+01 -6.250000000000000000e-02 6.250000000000000000e-02 6.250000000000000000e-02
5.860000133514404297e+00 -2.200000047683715820e+00 7.519999980926513672e+00 -3.768750000000000000e+01 3.256250000000000000e+01 -2.806250000000000000e+01 -6.250000000000000000e-02 1.250000000000000000e-01 0.000000000000000000e+00
5.860000133514404297e+00 -2.190000057220458984e+00 7.539999961853027344e+00 -3.768750000000000000e+01 3.256250000000000000e+01 -2.806250000000000000e+01 -1.250000000000000000e-01 0.000000000000000000e+00 1.250000000000000000e-01
5.849999904632568359e+00 -2.200000047683715820e+00 7.539999961853027344e+00 -3.725000000000000000e+01 3.300000000000000000e+01 -2.850000000000000000e+01 -2.500000000000000000e-01 0.000000000000000000e+00 6.250000000000000000e-02
5.860000133514404297e+00 -2.220000028610229492e+00 7.539999961853027344e+00 -3.725000000000000000e+01 3.300000000000000000e+01 -2.850000000000000000e+01 -2.500000000000000000e-01 0.000000000000000000e+00 2.500000000000000000e-01
5.840000152587890625e+00 -2.180000066757202148e+00 7.519999980926513672e+00 -3.725000000000000000e+01 3.300000000000000000e+01 -2.850000000000000000e+01 -1.250000000000000000e-01 -1.875000000000000000e-01 1.250000000000000000e-01
5.900000095367431641e+00 -2.170000076293945312e+00 7.550000190734863281e+00 -3.725000000000000000e+01 3.300000000000000000e+01 -2.850000000000000000e+01 -6.250000000000000000e-02 0.000000000000000000e+00 1.875000000000000000e-01
5.860000133514404297e+00 -2.240000009536743164e+00 7.539999961853027344e+00 -3.725000000000000000e+01 3.300000000000000000e+01 -2.850000000000000000e+01 -2.500000000000000000e-01 3.125000000000000000e-01 3.125000000000000000e-01
5.860000133514404297e+00 -2.230000019073486328e+00 7.519999980926513672e+00 -3.768750000000000000e+01 3.325000000000000000e+01 -2.768750000000000000e+01 -1.875000000000000000e-01 2.500000000000000000e-01 3.125000000000000000e-01
5.900000095367431641e+00 -2.279999971389770508e+00 7.500000000000000000e+00 -3.768750000000000000e+01 3.325000000000000000e+01 -2.768750000000000000e+01 6.250000000000000000e-02 3.125000000000000000e-01 2.500000000000000000e-01
5.840000152587890625e+00 -2.299999952316284180e+00 7.489999771118164062e+00 -3.768750000000000000e+01 3.325000000000000000e+01 -2.768750000000000000e+01 2.500000000000000000e-01 2.500000000000000000e-01 1.250000000000000000e-01
5.849999904632568359e+00 -2.309999942779541016e+00 7.500000000000000000e+00 -3.768750000000000000e+01 3.325000000000000000e+01 -2.768750000000000000e+01 5.625000000000000000e-01 2.500000000000000000e-01 -6.250000000000000000e-02
5.860000133514404297e+00 -2.329999923706054688e+00 7.489999771118164062e+00 -3.768750000000000000e+01 3.325000000000000000e+01 -2.768750000000000000e+01 1.062500000000000000e+00 3.750000000000000000e-01 -3.750000000000000000e-01
5.880000114440917969e+00 -2.390000104904174805e+00 7.519999980926513672e+00 -3.806250000000000000e+01 3.300000000000000000e+01 -2.806250000000000000e+01 1.500000000000000000e+00 3.750000000000000000e-01 -5.625000000000000000e-01
5.909999847412109375e+00 -2.369999885559082031e+00 7.460000038146972656e+00 -3.806250000000000000e+01 3.300000000000000000e+01 -2.806250000000000000e+01 1.812500000000000000e+00 3.750000000000000000e-01 -1.000000000000000000e+00
5.989999771118164062e+00 -2.509999990463256836e+00 7.440000057220458984e+00 -3.806250000000000000e+01 3.300000000000000000e+01 -2.806250000000000000e+01 2.062500000000000000e+00 5.625000000000000000e-01 -1.062500000000000000e+00
6.219999790191650391e+00 -2.799999952316284180e+00 7.360000133514404297e+00 -3.806250000000000000e+01 3.300000000000000000e+01 -2.806250000000000000e+01 1.625000000000000000e+00 1.062500000000000000e+00 -1.437500000000000000e+00
6.150000095367431641e+00 -2.619999885559082031e+00 7.630000114440917969e+00 -3.806250000000000000e+01 3.300000000000000000e+01 -2.806250000000000000e+01 1.250000000000000000e+00 1.375000000000000000e+00 -1.312500000000000000e+00
6.150000095367431641e+00 -2.559999942779541016e+00 7.519999980926513672e+00 -3.806250000000000000e+01 3.325000000000000000e+01 -2.756250000000000000e+01 3.750000000000000000e-01 1.562500000000000000e+00 -1.500000000000000000e+00
5.989999771118164062e+00 -2.359999895095825195e+00 7.570000171661376953e+00 -3.806250000000000000e+01 3.325000000000000000e+01 -2.756250000000000000e+01 -5.625000000000000000e-01 9.375000000000000000e-01 -3.125000000000000000e-01
6.070000171661376953e+00 -2.490000009536743164e+00 7.429999828338623047e+00 -3.806250000000000000e+01 3.325000000000000000e+01 -2.756250000000000000e+01 -4.375000000000000000e-01 3.125000000000000000e-01 3.750000000000000000e-01
5.880000114440917969e+00 -4.539999961853027344e+00 7.260000228881835938e+00 -3.806250000000000000e+01 3.325000000000000000e+01 -2.756250000000000000e+01 1.437500000000000000e+00 1.875000000000000000e-01 5.625000000000000000e-01
5.900000095367431641e+00 -4.710000038146972656e+00 6.960000038146972656e+00 -3.806250000000000000e+01 3.325000000000000000e+01 -2.756250000000000000e+01 6.812500000000000000e+00 -2.187500000000000000e+00 1.687500000000000000e+00
6.030000209808349609e+00 -4.860000133514404297e+00 6.539999961853027344e+00 -3.768750000000000000e+01 3.325000000000000000e+01 -2.800000000000000000e+01 1.581250000000000000e+01 -6.750000000000000000e+00 7.625000000000000000e+00
5.949999809265136719e+00 -5.610000133514404297e+00 6.750000000000000000e+00 -3.768750000000000000e+01 3.325000000000000000e+01 -2.800000000000000000e+01 2.631250000000000000e+01 -1.031250000000000000e+01 1.825000000000000000e+01
6.449999809265136719e+00 -5.809999942779541016e+00 7.039999961853027344e+00 -3.768750000000000000e+01 3.325000000000000000e+01 -2.800000000000000000e+01 3.568750000000000000e+01 -1.750000000000000000e+01 3.843750000000000000e+01
6.949999809265136719e+00 -6.650000095367431641e+00 6.099999904632568359e+00 -3.768750000000000000e+01 3.325000000000000000e+01 -2.800000000000000000e+01 4.275000000000000000e+01 -2.331250000000000000e+01 7.056250000000000000e+01
6.380000114440917969e+00 -8.279999732971191406e+00 5.409999847412109375e+00 -3.768750000000000000e+01 3.325000000000000000e+01 -2.800000000000000000e+01 5.337500000000000000e+01 -2.243750000000000000e+01 1.061875000000000000e+02
5.900000095367431641e+00 -9.119999885559082031e+00 5.940000057220458984e+00 -3.806250000000000000e+01 3.218750000000000000e+01 -2.956250000000000000e+01 7.100000000000000000e+01 -2.850000000000000000e+01 1.408750000000000000e+02
7.000000000000000000e+00 -9.100000381469726562e+00 5.110000133514404297e+00 -3.806250000000000000e+01 3.218750000000000000e+01 -2.956250000000000000e+01 9.275000000000000000e+01 -4.231250000000000000e+01 1.763125000000000000e+02
7.179999828338623047e+00 -8.810000419616699219e+00 4.670000076293945312e+00 -3.806250000000000000e+01 3.218750000000000000e+01 -2.956250000000000000e+01 1.112500000000000000e+02 -5.006250000000000000e+01 2.058125000000000000e+02
6.510000228881835938e+00 -7.469999790191650391e+00 5.300000190734863281e+00 -3.806250000000000000e+01 3.218750000000000000e+01 -2.956250000000000000e+01 1.308125000000000000e+02 -5.343750000000000000e+01 2.249375000000000000e+02
6.380000114440917969e+00 -3.390000104904174805e+00 6.050000190734863281e+00 -3.806250000000000000e+01 3.218750000000000000e+01 -2.956250000000000000e+01 1.445625000000000000e+02 -6.093750000000000000e+01 2.293750000000000000e+02
6.789999961853027344e+00 -1.350000023841857910e+00 6.980000019073486328e+00 -3.625000000000000000e+01 3.518750000000000000e+01 -3.000000000000000000e+01 1.491875000000000000e+02 -6.631250000000000000e+01 2.278750000000000000e+02
8.010000228881835938e+00 -7.300000190734863281e-01 7.219999790191650391e+00 -3.625000000000000000e+01 3.518750000000000000e+01 -3.000000000000000000e+01 1.406875000000000000e+02 -7.118750000000000000e+01 2.283750000000000000e+02
9.149999618530273438e+00 3.400000035762786865e-01 7.070000171661376953e+00 -3.625000000000000000e+01 3.518750000000000000e+01 -3.000000000000000000e+01 1.300625000000000000e+02 -6.618750000000000000e+01 2.236250000000000000e+02
8.039999961853027344e+00 3.009999990463256836e+00 7.079999923706054688e+00 -3.625000000000000000e+01 3.518750000000000000e+01 -3.000000000000000000e+01 1.176875000000000000e+02 -5.281250000000000000e+01 2.150625000000000000e+02
6.829999923706054688e+00 3.259999990463256836e+00 8.029999732971191406e+00 -3.625000000000000000e+01 3.518750000000000000e+01 -3.000000000000000000e+01 1.020625000000000000e+02 -4.181250000000000000e+01 2.060625000000000000e+02
6.739999771118164062e+00 3.819999933242797852e+00 7.889999866485595703e+00 -3.106250000000000000e+01 3.850000000000000000e+01 -3.250000000000000000e+01 8.887500000000000000e+01 -4.375000000000000000e+01 1.898750000000000000e+02
6.869999885559082031e+00 2.619999885559082031e+00 7.960000038146972656e+00 -3.106250000000000000e+01 3.850000000000000000e+01 -3.250000000000000000e+01 7.518750000000000000e+01 -4.356250000000000000e+01 1.706875000000000000e+02
7.000000000000000000e+00 3.470000028610229492e+00 8.109999656677246094e+00 -3.106250000000000000e+01 3.850000000000000000e+01 -3.250000000000000000e+01 6.437500000000000000e+01 -3.618750000000000000e+01 1.418750000000000000e+02
6.360000133514404297e+00 3.609999895095825195e+00 8.739999771118164062e+00 -3.106250000000000000e+01 3.850000000000000000e+01 -3.250000000000000000e+01 5.006250000000000000e+01 -2.650000000000000000e+01 1.113125000000000000e+02
6.010000228881835938e+00 3.660000085830688477e+00 8.659999847412109375e+00 -3.106250000000000000e+01 3.850000000000000000e+01 -3.250000000000000000e+01 3.500000000000000000e+01 -1.800000000000000000e+01 8.025000000000000000e+01
5.449999809265136719e+00 3.660000085830688477e+00 8.649999618530273438e+00 -2.450000000000000000e+01 4.175000000000000000e+01 -3.250000000000000000e+01 2.025000000000000000e+01 -1.062500000000000000e+01 4.856250000000000000e+01
5.300000190734863281e+00 2.880000114440917969e+00 8.239999771118164062e+00 -2.450000000000000000e+01 4.175000000000000000e+01 -3.250000000000000000e+01 5.187500000000000000e+00 -5.312500000000000000e+00 1.825000000000000000e+01
4.960000038146972656e+00 9.399999976158142090e-01 7.699999809265136719e+00 -2.450000000000000000e+01 4.175000000000000000e+01 -3.250000000000000000e+01 -7.625000000000000000e+00 -1.875000000000000000e-01 -3.625000000000000000e+00
4.099999904632568359e+00 -3.809999942779541016e+00 7.139999866485595703e+00 -2.450000000000000000e+01 4.175000000000000000e+01 -3.250000000000000000e+01 -1.156250000000000000e+01 -9.375000000000000000e-01 -7.875000000000000000e+00
3.900000095367431641e+00 -7.019999980926513672e+00 6.849999904632568359e+00 -2.450000000000000000e+01 4.175000000000000000e+01 -3.250000000000000000e+01 1.375000000000000000e+00 -9.437500000000000000e+00 -6.187500000000000000e+00
4.760000228881835938e+00 -6.960000038146972656e+00 7.159999847412109375e+00 -2.268750000000000000e+01 4.206250000000000000e+01 -3.368750000000000000e+01 1.581250000000000000e+01 -1.950000000000000000e+01 -3.750000000000000000e+00
5.909999847412109375e+00 -5.030000209808349609e+00 7.329999923706054688e+00 -2.268750000000000000e+01 4.206250000000000000e+01 -3.368750000000000000e+01 2.681250000000000000e+01 -2.550000000000000000e+01 -8.437500000000000000e+00
9.000000000000000000e+00 -1.240000009536743164e+00 7.940000057220458984e+00 -2.268750000000000000e+01 4.206250000000000000e+01 -3.368750000000000000e+01 2.375000000000000000e+01 -2.281250000000000000e+01 -1.462500000000000000e+01
8.899999618530273438e+00 -1.700000017881393433e-01 7.610000133514404297e+00 -2.268750000000000000e+01 4.206250000000000000e+01 -3.368750000000000000e+01 1.131250000000000000e+01 -1.125000000000000000e+01 -1.375000000000000000e+01
7.500000000000000000e+00 -2.500000000000000000e-01 7.940000057220458984e+00 -2.268750000000000000e+01 4.206250000000000000e+01 -3.368750000000000000e+01 -1.437500000000000000e+00 2.812500000000000000e+00 -7.500000000000000000e+00
7.039999961853027344e+00 -6.999999880790710449e-01 8.140000343322753906e+00 -2.306250000000000000e+01 4.287500000000000000e+01 -3.275000000000000000e+01 -1.293750000000000000e+01 1.062500000000000000e+01 -1.750000000000000000e+00
6.380000114440917969e+00 -5.400000214576721191e-01 7.889999866485595703e+00 -2.306250000000000000e+01 4.287500000000000000e+01 -3.275000000000000000e+01 -2.287500000000000000e+01 1.687500000000000000e+01 -6.875000000000000000e-01
5.900000095367431641e+00 -7.799999713897705078e-01 8.229999542236328125e+00 -2.306250000000000000e+01 4.287500000000000000e+01 -3.275000000000000000e+01 -3.050000000000000000e+01 2.318750000000000000e+01 -3.375000000000000000e+00
5.909999847412109375e+00 -1.019999980926513672e+00 8.000000000000000000e+00 -2.306250000000000000e+01 4.287500000000000000e+01 -3.275000000000000000e+01 -3.543750000000000000e+01 2.512500000000000000e+01 -8.312500000000000000e+00
7.679999828338623047e+00 -2.150000095367431641e+00 7.179999828338623047e+00 -2.306250000000000000e+01 4.287500000000000000e+01 -3.275000000000000000e+01 -3.937500000000000000e+01 2.762500000000000000e+01 -1.306250000000000000e+01
8.039999961853027344e+00 -2.279999971389770508e+00 6.860000133514404297e+00 -2.275000000000000000e+01 4.168750000000000000e+01 -3.275000000000000000e+01 -4.206250000000000000e+01 3.631250000000000000e+01 -2.025000000000000000e+01
7.119999885559082031e+00 -2.200000047683715820e+00 7.090000152587890625e+00 -2.275000000000000000e+01 4.168750000000000000e+01 -3.275000000000000000e+01 -4.093750000000000000e+01 4.856250000000000000e+01 -3.387500000000000000e+01
5.949999809265136719e+00 -1.759999990463256836e+00 7.460000038146972656e+00 -2.275000000000000000e+01 4.168750000000000000e+01 -3.275000000000000000e+01 -3.868750000000000000e+01 5.631250000000000000e+01 -5.518750000000000000e+01
5.519999980926513672e+00 -1.480000019073486328e+00 7.519999980926513672e+00 -2.275000000000000000e+01 4.168750000000000000e+01 -3.275000000000000000e+01 -3.637500000000000000e+01 5.725000000000000000e+01 -7.856250000000000000e+01
6.010000228881835938e+00 -5.199999809265136719e-01 7.460000038146972656e+00 -2.275000000000000000e+01 4.168750000000000000e+01 -3.275000000000000000e+01 -3.368750000000000000e+01 5.475000000000000000e+01 -1.033750000000000000e+02
7.010000228881835938e+00 4.900000095367431641e-01 7.570000171661376953e+00 -2.318750000000000000e+01 4.168750000000000000e+01 -3.275000000000000000e+01 -3.637500000000000000e+01 5.600000000000000000e+01 -1.293125000000000000e+02
7.570000171661376953e+00 9.300000071525573730e-01 7.849999904632568359e+00 -2.318750000000000000e+01 4.168750000000000000e+01 -3.275000000000000000e+01 -4.625000000000000000e+01 6.093750000000000000e+01 -1.496250000000000000e+02
9.970000267028808594e+00 1.049999952316284180e+00 7.989999771118164062e+00 -2.318750000000000000e+01 4.168750000000000000e+01 -3.275000000000000000e+01 -5.612500000000000000e+01 6.875000000000000000e+01 -1.683125000000000000e+02
1.017000007629394531e+01 1.570000052452087402e+00 7.889999866485595703e+00 -2.318750000000000000e+01 4.168750000000000000e+01 -3.275000000000000000e+01 -6.375000000000000000e+01 8.031250000000000000e+01 -1.891875000000000000e+02
9.880000114440917969e+00 2.380000114440917969e+00 7.730000019073486328e+00 -2.318750000000000000e+01 4.168750000000000000e+01 -3.275000000000000000e+01 -7.175000000000000000e+01 9.193750000000000000e+01 -2.105000000000000000e+02
9.289999961853027344e+00 1.649999976158142090e+00 7.730000019073486328e+00 -2.506250000000000000e+01 4.137500000000000000e+01 -3.275000000000000000e+01 -8.237500000000000000e+01 1.011250000000000000e+02 -2.288750000000000000e+02
9.840000152587890625e+00 4.099999964237213135e-01 6.949999809265136719e+00 -2.506250000000000000e+01 4.137500000000000000e+01 -3.275000000000000000e+01 -9.200000000000000000e+01 1.093750000000000000e+02 -2.468125000000000000e+02
8.779999732971191406e+00 3.000000119209289551e-01 6.559999942779541016e+00 -2.506250000000000000e+01 4.137500000000000000e+01 -3.275000000000000000e+01 -9.700000000000000000e+01 1.170625000000000000e+02 -2.656875000000000000e+02
7.250000000000000000e+00 6.399999856948852539e-01 6.329999923706054688e+00 -2.506250000000000000e+01 4.137500000000000000e+01 -3.275000000000000000e+01 -1.034375000000000000e+02 1.203125000000000000e+02 -2.793125000000000000e+02
4.630000114440917969e+00 -1.340000033378601074e+00 5.820000171661376953e+00 -2.506250000000000000e+01 4.137500000000000000e+01 -3.275000000000000000e+01 -1.130625000000000000e+02 1.150000000000000000e+02 -2.769375000000000000e+02
3.509999990463256836e+00 -2.000000000000000000e+00 5.710000038146972656e+00 -3.025000000000000000e+01 3.768750000000000000e+01 -3.237500000000000000e+01 -1.188125000000000000e+02 1.026875000000000000e+02 -2.646875000000000000e+02
2.740000009536743164e+00 -4.059999942779541016e+00 5.570000171661376953e+00 -3.025000000000000000e+01 3.768750000000000000e+01 -3.237500000000000000e+01 -1.231250000000000000e+02 8.606250000000000000e+01 -2.451875000000000000e+02
1.639999985694885254e+00 -5.280000209808349609e+00 5.699999809265136719e+00 -3.025000000000000000e+01 3.768750000000000000e+01 -3.237500000000000000e+01 -1.215000000000000000e+02 6.750000000000000000e+01 -2.236250000000000000e+02
9.999999776482582092e-03 -7.719999790191650391e+00 5.630000114440917969e+00 -3.025000000000000000e+01 3.768750000000000000e+01 -3.237500000000000000e+01 -1.183750000000000000e+02 4.662500000000000000e+01 -1.997500000000000000e+02
-3.799999952316284180e-01 -8.699999809265136719e+00 5.800000190734863281e+00 -3.025000000000000000e+01 3.768750000000000000e+01 -3.237500000000000000e+01 -1.116875000000000000e+02 2.206250000000000000e+01 -1.754375000000000000e+02
-1.599999964237213135e-01 -8.939999580383300781e+00 5.760000228881835938e+00 -3.356250000000000000e+01 3.318750000000000000e+01 -3.068750000000000000e+01 -1.035000000000000000e+02 -3.625000000000000000e+00 -1.452500000000000000e+02
-1.000000000000000000e+00 -1.107999992370605469e+01 5.920000076293945312e+00 -3.356250000000000000e+01 3.318750000000000000e+01 -3.068750000000000000e+01 -9.306250000000000000e+01 -2.875000000000000000e+01 -1.071875000000000000e+02
-9.900000095367431641e-01 -1.118999958038330078e+01 6.389999866485595703e+00 -3.356250000000000000e+01 3.318750000000000000e+01 -3.068750000000000000e+01 -7.912500000000000000e+01 -5.568750000000000000e+01 -6.806250000000000000e+01
4.499999880790710449e-01 -1.189000034332275391e+01 5.599999904632568359e+00 -3.356250000000000000e+01 3.318750000000000000e+01 -3.068750000000000000e+01 -5.893750000000000000e+01 -8.687500000000000000e+01 -3.356250000000000000e+01
1.759999990463256836e+00 -1.173999977111816406e+01 5.670000076293945312e+00 -3.356250000000000000e+01 3.318750000000000000e+01 -3.068750000000000000e+01 -3.512500000000000000e+01 -1.112500000000000000e+02 1.250000000000000000e-01
1.759999990463256836e+00 -1.173999977111816406e+01 5.670000076293945312e+00 -3.756250000000000000e+01 2.975000000000000000e+01 -2.987500000000000000e+01 -4.375000000000000000e+00 -1.300000000000000000e+02 1.225000000000000000e+01
7.900000095367431641e+00 -1.044999980926513672e+01 8.369999885559082031e+00 -3.756250000000000000e+01 2.975000000000000000e+01 -2.987500000000000000e+01 4.225000000000000000e+01 -1.262500000000000000e+02 -4.250000000000000000e+00
3.256000137329101562e+01 -2.190000057220458984e+00 8.069999694824218750e+00 -3.756250000000000000e+01 2.975000000000000000e+01 -2.987500000000000000e+01 7.875000000000000000e+01 -6.687500000000000000e+01 -6.031250000000000000e+01
1.540999984741210938e+01 1.143999958038330078e+01 -2.019999980926513672e+00 -3.756250000000000000e+01 2.975000000000000000e+01 -2.987500000000000000e+01 5.937500000000000000e+00 5.068750000000000000e+01 -6.600000000000000000e+01
1.330000042915344238e+00 -2.349999904632568359e+00 1.123999977111816406e+01 -3.756250000000000000e+01 2.975000000000000000e+01 -2.987500000000000000e+01 -8.125000000000000000e+00 4.831250000000000000e+01 -8.062500000000000000e+00
1.330000042915344238e+00 -2.349999904632568359e+00 1.123999977111816406e+01 -4.187500000000000000e+01 2.975000000000000000e+01 -2.618750000000000000e+01 -6.750000000000000000e+00 -9.625000000000000000e+00 1.737500000000000000e+01
6.519999980926513672e+00 -2.240000009536743164e+00 6.920000076293945312e+00 -4.187500000000000000e+01 2.975000000000000000e+01 -2.618750000000000000e+01 -7.250000000000000000e+00 6.875000000000000000e-01 1.006250000000000000e+01
6.639999866485595703e+00 -3.180000066757202148e+00 6.800000190734863281e+00 -4.187500000000000000e+01 2.975000000000000000e+01 -2.618750000000000000e+01 -7.187500000000000000e+00 -4.000000000000000000e+00 4.937500000000000000e+00
6.320000171661376953e+00 -2.750000000000000000e+00 7.420000076293945312e+00 -4.187500000000000000e+01 2.975000000000000000e+01 -2.618750000000000000e+01 -1.750000000000000000e+00 -4.125000000000000000e+00 2.500000000000000000e+00
5.760000228881835938e+00 -2.329999923706054688e+00 7.449999809265136719e+00 -4.187500000000000000e+01 2.975000000000000000e+01 -2.618750000000000000e+01 7.500000000000000000e-01 -6.875000000000000000e-01 1.250000000000000000e+00
5.760000228881835938e+00 -2.329999923706054688e+00 7.449999809265136719e+00 -4.150000000000000000e+01 2.868750000000000000e+01 -2.656250000000000000e+01 2.062500000000000000e+00 0.000000000000000000e+00 -3.750000000000000000e-01
5.639999866485595703e+00 -1.769999980926513672e+00 7.630000114440917969e+00 -4.150000000000000000e+01 2.868750000000000000e+01 -2.656250000000000000e+01 3.000000000000000000e+00 3.750000000000000000e-01 -6.250000000000000000e-01
5.780000209808349609e+00 -1.919999957084655762e+00 7.590000152587890625e+00 -4.150000000000000000e+01 2.868750000000000000e+01 -2.656250000000000000e+01 3.062500000000000000e+00 3.750000000000000000e-01 -5.625000000000000000e-01
