6.179999828338623047e+00 -4.000000059604644775e-01 7.550000190734863281e+00 -5.168750000000000000e+01 1.456250000000000000e+01 -2.587500000000000000e+01 0.000000000000000000e+00 6.250000000000000000e-02 6.250000000000000000e-02
6.179999828338623047e+00 -4.099999964237213135e-01 7.539999961853027344e+00 -5.168750000000000000e+01 1.456250000000000000e+01 -2.587500000000000000e+01 6.250000000000000000e-02 3.125000000000000000e-01 0.000000000000000000e+00
6.170000076293945312e+00 -3.799999952316284180e-01 7.530000209808349609e+00 -5.168750000000000000e+01 1.456250000000000000e+01 -2.668750000000000000e+01 6.250000000000000000e-02 -6.250000000000000000e-02 6.250000000000000000e-02
6.170000076293945312e+00 -3.899999856948852539e-01 7.550000190734863281e+00 -5.168750000000000000e+01 1.456250000000000000e+01 -2.668750000000000000e+01 1.250000000000000000e-01 -1.875000000000000000e-01 0.000000000000000000e+00
6.170000076293945312e+00 -4.000000059604644775e-01 7.550000190734863281e+00 -5.168750000000000000e+01 1.456250000000000000e+01 -2.668750000000000000e+01 0.000000000000000000e+00 6.250000000000000000e-02 0.000000000000000000e+00
6.170000076293945312e+00 -3.799999952316284180e-01 7.559999942779541016e+00 -5.168750000000000000e+01 1.456250000000000000e+01 -2.668750000000000000e+01 1.250000000000000000e-01 1.875000000000000000e-01 0.000000000000000000e+00
6.170000076293945312e+00 -3.799999952316284180e-01 7.570000171661376953e+00 -5.168750000000000000e+01 1.456250000000000000e+01 -2.668750000000000000e+01 1.875000000000000000e-01 1.875000000000000000e-01 0.000000000000000000e+00
6.170000076293945312e+00 -4.000000059604644775e-01 7.539999961853027344e+00 -5.168750000000000000e+01 1.456250000000000000e+01 -2.668750000000000000e+01 6.250000000000000000e-02 1.875000000000000000e-01 6.250000000000000000e-02
6.199999809265136719e+00 -3.899999856948852539e-01 7.559999942779541016e+00 -5.168750000000000000e+01 1.456250000000000000e+01 -2.668750000000000000e+01 1.250000000000000000e-01 1.875000000000000000e-01 6.250000000000000000e-02
6.190000057220458984e+00 -4.000000059604644775e-01 7.530000209808349609e+00 -5.168750000000000000e+01 1.456250000000000000e+01 -2.668750000000000000e+01 1.250000000000000000e-01 1.250000000000000000e-01 0.000000000000000000e+00
6.159999847412109375e+00 -3.799999952316284180e-01 7.530000209808349609e+00 -5.168750000000000000e+01 1.456250000000000000e+01 -2.668750000000000000e+01 2.500000000000000000e-01 1.250000000000000000e-01 0.000000000000000000e+00
6.210000038146972656e+00 -3.600000143051147461e-01 7.559999942779541016e+00 -5.168750000000000000e+01 1.456250000000000000e+01 -2.668750000000000000e+01 1.250000000000000000e-01 6.250000000000000000e-02 0.000000000000000000e+00
6.179999828338623047e+00 -3.799999952316284180e-01 7.550000190734863281e+00 -5.168750000000000000e+01 1.456250000000000000e+01 -2.706250000000000000e+01 0.000000000000000000e+00 6.250000000000000000e-02 6.250000000000000000e-02
6.199999809265136719e+00 -4.399999976158142090e-01 7.570000171661376953e+00 -5.168750000000000000e+01 1.456250000000000000e+01 -2.706250000000000000e+01 -6.250000000000000000e-02 -6.250000000000000000e-02 0.000000000000000000e+00
6.199999809265136719e+00 -4.199999868869781494e-01 7.500000000000000000e+00 -5.168750000000000000e+01 1.456250000000000000e+01 -2.706250000000000000e+01 -6.250000000000000000e-02 6.250000000000000000e-02 -1.250000000000000000e-01
6.199999809265136719e+00 -4.099999964237213135e-01 7.539999961853027344e+00 -5.168750000000000000e+01 1.456250000000000000e+01 -2.706250000000000000e+01 1.875000000000000000e-01 6.250000000000000000e-02 -6.250000000000000000e-02
6.190000057220458984e+00 -4.000000059604644775e-01 7.539999961853027344e+00 -5.168750000000000000e+01 1.456250000000000000e+01 -2.706250000000000000e+01 2.500000000000000000e-01 5.000000000000000000e-01 -1.250000000000000000e-01
6.159999847412109375e+00 -3.600000143051147461e-01 7.570000171661376953e+00 -5.206250000000000000e+01 1.456250000000000000e+01 -2.668750000000000000e+01 2.500000000000000000e-01 3.125000000000000000e-01 -1.250000000000000000e-01
6.159999847412109375e+00 -3.899999856948852539e-01 7.559999942779541016e+00 -5.206250000000000000e+01 1.456250000000000000e+01 -2.668750000000000000e+01 3.125000000000000000e-01 3.750000000000000000e-01 0.000000000000000000e+00
6.199999809265136719e+00 -4.099999964237213135e-01 7.559999942779541016e+00 -5.206250000000000000e+01 1.456250000000000000e+01 -2.668750000000000000e+01 6.250000000000000000e-02 2.500000000000000000e-01 -1.250000000000000000e-01
6.179999828338623047e+00 -3.700000047683715820e-01 7.570000171661376953e+00 -5.206250000000000000e+01 1.456250000000000000e+01 -2.668750000000000000e+01 6.250000000000000000e-02 2.500000000000000000e-01 -1.875000000000000000e-01
6.179999828338623047e+00 -3.600000143051147461e-01 7.559999942779541016e+00 -5.206250000000000000e+01 1.456250000000000000e+01 -2.668750000000000000e+01 3.125000000000000000e-01 6.250000000000000000e-02 -1.875000000000000000e-01
6.159999847412109375e+00 -3.700000047683715820e-01 7.550000190734863281e+00 -5.237500000000000000e+01 1.425000000000000000e+01 -2.706250000000000000e+01 2.500000000000000000e-01 -6.250000000000000000e-02 -1.250000000000000000e-01
6.150000095367431641e+00 -3.700000047683715820e-01 7.550000190734863281e+00 -5.237500000000000000e+01 1.425000000000000000e+01 -2.706250000000000000e+01 0.000000000000000000e+00 -1.250000000000000000e-01 -6.250000000000000000e-02
6.170000076293945312e+00 -3.899999856948852539e-01 7.530000209808349609e+00 -5.237500000000000000e+01 1.425000000000000000e+01 -2.706250000000000000e+01 -6.250000000000000000e-02 -1.875000000000000000e-01 -1.875000000000000000e-01
6.170000076293945312e+00 -3.899999856948852539e-01 7.550000190734863281e+00 -5.237500000000000000e+01 1.425000000000000000e+01 -2.706250000000000000e+01 1.250000000000000000e-01 -3.750000000000000000e-01 -6.250000000000000000e-02
6.190000057220458984e+00 -3.899999856948852539e-01 7.590000152587890625e+00 -5.237500000000000000e+01 1.425000000000000000e+01 -2.706250000000000000e+01 1.250000000000000000e-01 -3.750000000000000000e-01 -1.250000000000000000e-01
6.110000133514404297e+00 -4.099999964237213135e-01 7.570000171661376953e+00 -5.275000000000000000e+01 1.500000000000000000e+01 -2.706250000000000000e+01 3.125000000000000000e-01 -6.250000000000000000e-01 -6.250000000000000000e-02
6.030000209808349609e+00 -2.500000000000000000e-01 7.639999866485595703e+00 -5.275000000000000000e+01 1.500000000000000000e+01 -2.706250000000000000e+01 3.750000000000000000e-01 -7.500000000000000000e-01 -2.500000000000000000e-01
5.980000019073486328e+00 -2.000000029802322388e-01 7.639999866485595703e+00 -5.275000000000000000e+01 1.500000000000000000e+01 -2.706250000000000000e+01 1.250000000000000000e-01 -1.500000000000000000e+00 -4.375000000000000000e-01
5.849999904632568359e+00 -3.000000119209289551e-01 7.739999771118164062e+00 -5.275000000000000000e+01 1.500000000000000000e+01 -2.706250000000000000e+01 -4.375000000000000000e-01 -2.812500000000000000e+00 -2.500000000000000000e-01
5.679999828338623047e+00 -1.700000017881393433e-01 7.960000038146972656e+00 -5.275000000000000000e+01 1.500000000000000000e+01 -2.706250000000000000e+01 -1.062500000000000000e+00 -5.062500000000000000e+00 2.500000000000000000e-01
5.800000190734863281e+00 1.299999952316284180e-01 7.960000038146972656e+00 -5.168750000000000000e+01 1.456250000000000000e+01 -2.668750000000000000e+01 -1.500000000000000000e+00 -8.500000000000000000e+00 7.500000000000000000e-01
5.929999828338623047e+00 -1.500000059604644775e-01 7.920000076293945312e+00 -5.168750000000000000e+01 1.456250000000000000e+01 -2.668750000000000000e+01 -2.625000000000000000e+00 -1.175000000000000000e+01 1.687500000000000000e+00
6.340000152587890625e+00 -1.009999990463256836e+00 7.599999904632568359e+00 -5.168750000000000000e+01 1.456250000000000000e+01 -2.668750000000000000e+01 -3.000000000000000000e+00 -1.406250000000000000e+01 2.312500000000000000e+00
6.219999790191650391e+00 -1.039999961853027344e+00 7.739999771118164062e+00 -5.168750000000000000e+01 1.456250000000000000e+01 -2.668750000000000000e+01 -1.687500000000000000e+00 -1.606250000000000000e+01 2.312500000000000000e+00
6.000000000000000000e+00 -1.120000004768371582e+00 8.020000457763671875e+00 -5.168750000000000000e+01 1.456250000000000000e+01 -2.668750000000000000e+01 1.250000000000000000e+00 -1.743750000000000000e+01 5.625000000000000000e-01
5.889999866485595703e+00 -1.710000038146972656e+00 8.250000000000000000e+00 -5.168750000000000000e+01 1.387500000000000000e+01 -2.506250000000000000e+01 4.500000000000000000e+00 -2.100000000000000000e+01 -2.062500000000000000e+00
5.460000038146972656e+00 -1.659999966621398926e+00 9.029999732971191406e+00 -5.168750000000000000e+01 1.387500000000000000e+01 -2.506250000000000000e+01 1.287500000000000000e+01 -2.650000000000000000e+01 -5.000000000000000000e+00
5.699999809265136719e+00 -2.800000011920928955e-01 9.220000267028808594e+00 -5.168750000000000000e+01 1.387500000000000000e+01 -2.506250000000000000e+01 2.518750000000000000e+01 -3.462500000000000000e+01 -8.000000000000000000e+00
5.969999790191650391e+00 -4.600000083446502686e-01 8.899999618530273438e+00 -5.168750000000000000e+01 1.387500000000000000e+01 -2.506250000000000000e+01 2.512500000000000000e+01 -4.200000000000000000e+01 -1.087500000000000000e+01
5.829999923706054688e+00 -1.070000052452087402e+00 8.729999542236328125e+00 -5.168750000000000000e+01 1.387500000000000000e+01 -2.506250000000000000e+01 2.162500000000000000e+01 -4.450000000000000000e+01 -1.456250000000000000e+01
5.039999961853027344e+00 -1.860000014305114746e+00 8.989999771118164062e+00 -5.237500000000000000e+01 1.425000000000000000e+01 -2.425000000000000000e+01 1.881250000000000000e+01 -4.456250000000000000e+01 -2.000000000000000000e+01
4.260000228881835938e+00 -1.679999947547912598e+00 9.550000190734863281e+00 -5.237500000000000000e+01 1.425000000000000000e+01 -2.425000000000000000e+01 1.637500000000000000e+01 -4.350000000000000000e+01 -2.537500000000000000e+01
3.410000085830688477e+00 -1.970000028610229492e+00 9.890000343322753906e+00 -5.237500000000000000e+01 1.425000000000000000e+01 -2.425000000000000000e+01 1.200000000000000000e+01 -4.156250000000000000e+01 -2.987500000000000000e+01
2.319999933242797852e+00 -2.069999933242797852e+00 1.018000030517578125e+01 -5.237500000000000000e+01 1.425000000000000000e+01 -2.425000000000000000e+01 5.625000000000000000e+00 -4.000000000000000000e+01 -3.331250000000000000e+01
1.909999966621398926e+00 -2.430000066757202148e+00 1.042000007629394531e+01 -5.237500000000000000e+01 1.425000000000000000e+01 -2.425000000000000000e+01 -2.062500000000000000e+00 -3.781250000000000000e+01 -3.525000000000000000e+01
1.629999995231628418e+00 -2.579999923706054688e+00 1.111999988555908203e+01 -5.350000000000000000e+01 1.306250000000000000e+01 -2.425000000000000000e+01 -5.875000000000000000e+00 -3.700000000000000000e+01 -3.800000000000000000e+01
2.390000104904174805e+00 -2.680000066757202148e+00 1.146000003814697266e+01 -5.350000000000000000e+01 1.306250000000000000e+01 -2.425000000000000000e+01 -9.562500000000000000e+00 -3.850000000000000000e+01 -3.881250000000000000e+01
3.150000095367431641e+00 -2.670000076293945312e+00 1.194999980926513672e+01 -5.350000000000000000e+01 1.306250000000000000e+01 -2.425000000000000000e+01 -1.187500000000000000e+01 -3.893750000000000000e+01 -3.731250000000000000e+01
3.220000028610229492e+00 -3.569999933242797852e+00 1.193000030517578125e+01 -5.350000000000000000e+01 1.306250000000000000e+01 -2.425000000000000000e+01 -1.225000000000000000e+01 -3.693750000000000000e+01 -3.381250000000000000e+01
3.299999952316284180e+00 -3.880000114440917969e+00 1.168999958038330078e+01 -5.350000000000000000e+01 1.306250000000000000e+01 -2.425000000000000000e+01 -8.750000000000000000e+00 -3.025000000000000000e+01 -2.875000000000000000e+01
3.240000009536743164e+00 -4.320000171661376953e+00 1.147999954223632812e+01 -5.375000000000000000e+01 1.156250000000000000e+01 -2.175000000000000000e+01 -4.437500000000000000e+00 -1.993750000000000000e+01 -2.500000000000000000e+01
3.839999914169311523e+00 -3.099999904632568359e+00 1.088000011444091797e+01 -5.375000000000000000e+01 1.156250000000000000e+01 -2.175000000000000000e+01 1.500000000000000000e+00 -8.937500000000000000e+00 -2.118750000000000000e+01
4.250000000000000000e+00 -1.889999985694885254e+00 1.097000026702880859e+01 -5.375000000000000000e+01 1.156250000000000000e+01 -2.175000000000000000e+01 3.250000000000000000e+00 2.625000000000000000e+00 -1.637500000000000000e+01
4.199999809265136719e+00 -6.700000166893005371e-01 1.090999984741210938e+01 -5.375000000000000000e+01 1.156250000000000000e+01 -2.175000000000000000e+01 -4.187500000000000000e+00 1.281250000000000000e+01 -8.000000000000000000e+00
2.799999952316284180e+00 -1.000000014901161194e-01 1.022999954223632812e+01 -5.375000000000000000e+01 1.156250000000000000e+01 -2.175000000000000000e+01 -2.006250000000000000e+01 1.900000000000000000e+01 4.437500000000000000e+00
2.470000028610229492e+00 -5.400000214576721191e-01 9.460000038146972656e+00 -5.500000000000000000e+01 1.050000000000000000e+01 -2.100000000000000000e+01 -3.725000000000000000e+01 1.893750000000000000e+01 1.656250000000000000e+01
1.940000057220458984e+00 -1.120000004768371582e+00 9.060000419616699219e+00 -5.500000000000000000e+01 1.050000000000000000e+01 -2.100000000000000000e+01 -4.993750000000000000e+01 1.668750000000000000e+01 2.431250000000000000e+01
1.440000057220458984e+00 -1.500000000000000000e+00 8.640000343322753906e+00 -5.500000000000000000e+01 1.050000000000000000e+01 -2.100000000000000000e+01 -5.506250000000000000e+01 1.137500000000000000e+01 2.618750000000000000e+01
6.299999952316284180e-01 -1.289999961853027344e+00 7.949999809265136719e+00 -5.500000000000000000e+01 1.050000000000000000e+01 -2.100000000000000000e+01 -5.418750000000000000e+01 1.312500000000000000e+00 2.437500000000000000e+01
5.699999928474426270e-01 -7.900000214576721191e-01 7.920000076293945312e+00 -5.500000000000000000e+01 1.050000000000000000e+01 -2.100000000000000000e+01 -5.162500000000000000e+01 -1.262500000000000000e+01 2.225000000000000000e+01
9.900000095367431641e-01 -3.199999928474426270e-01 7.599999904632568359e+00 -5.375000000000000000e+01 1.050000000000000000e+01 -2.256250000000000000e+01 -5.018750000000000000e+01 -3.275000000000000000e+01 2.393750000000000000e+01
1.710000038146972656e+00 -4.399999976158142090e-01 7.369999885559082031e+00 -5.375000000000000000e+01 1.050000000000000000e+01 -2.256250000000000000e+01 -4.925000000000000000e+01 -5.618750000000000000e+01 3.000000000000000000e+01
5.550000190734863281e+00 -6.600000262260437012e-01 6.949999809265136719e+00 -5.375000000000000000e+01 1.050000000000000000e+01 -2.256250000000000000e+01 -4.556250000000000000e+01 -7.775000000000000000e+01 3.587500000000000000e+01
1.255000019073486328e+01 -1.740000009536743164e+00 6.869999885559082031e+00 -5.375000000000000000e+01 1.050000000000000000e+01 -2.256250000000000000e+01 -3.850000000000000000e+01 -9.312500000000000000e+01 3.881250000000000000e+01
2.240999984741210938e+01 -9.100000262260437012e-01 8.130000114440917969e+00 -5.375000000000000000e+01 1.050000000000000000e+01 -2.256250000000000000e+01 -1.400000000000000000e+01 -8.775000000000000000e+01 2.262500000000000000e+01
6.920000076293945312e+00 4.599999904632568359e+00 7.570000171661376953e+00 -5.337500000000000000e+01 1.387500000000000000e+01 -1.937500000000000000e+01 7.500000000000000000e+00 -1.343750000000000000e+01 2.000000000000000000e+00
7.300000190734863281e+00 4.150000095367431641e+00 6.010000228881835938e+00 -5.337500000000000000e+01 1.387500000000000000e+01 -1.937500000000000000e+01 -5.000000000000000000e-01 3.762500000000000000e+01 2.662500000000000000e+01
8.800000190734863281e+00 2.740000009536743164e+00 4.530000209808349609e+00 -5.337500000000000000e+01 1.387500000000000000e+01 -1.937500000000000000e+01 -2.250000000000000000e+01 3.800000000000000000e+01 5.831250000000000000e+01
7.980000019073486328e+00 1.099999994039535522e-01 3.660000085830688477e+00 -5.337500000000000000e+01 1.387500000000000000e+01 -1.937500000000000000e+01 -3.043750000000000000e+01 3.175000000000000000e+01 7.468750000000000000e+01
8.689999580383300781e+00 -6.499999761581420898e-01 3.609999895095825195e+00 -5.337500000000000000e+01 1.387500000000000000e+01 -1.937500000000000000e+01 -1.706250000000000000e+01 2.568750000000000000e+01 6.862500000000000000e+01
1.118999958038330078e+01 6.999999880790710449e-01 2.980000019073486328e+00 -5.200000000000000000e+01 1.537500000000000000e+01 -1.650000000000000000e+01 6.812500000000000000e+00 1.718750000000000000e+01 4.887500000000000000e+01
1.235000038146972656e+01 1.710000038146972656e+00 2.710000038146972656e+00 -5.200000000000000000e+01 1.537500000000000000e+01 -1.650000000000000000e+01 2.368750000000000000e+01 1.825000000000000000e+01 3.075000000000000000e+01
1.303999996185302734e+01 1.990000009536743164e+00 2.720000028610229492e+00 -5.200000000000000000e+01 1.537500000000000000e+01 -1.650000000000000000e+01 2.875000000000000000e+01 2.687500000000000000e+01 2.225000000000000000e+01
1.530000019073486328e+01 1.259999990463256836e+00 1.669999957084655762e+00 -5.200000000000000000e+01 1.537500000000000000e+01 -1.650000000000000000e+01 2.925000000000000000e+01 3.725000000000000000e+01 1.962500000000000000e+01
1.543000030517578125e+01 1.099999994039535522e-01 1.309999942779541016e+00 -5.200000000000000000e+01 1.537500000000000000e+01 -1.650000000000000000e+01 3.006250000000000000e+01 5.125000000000000000e+01 2.275000000000000000e+01
1.559000015258789062e+01 -9.200000166893005371e-01 1.190000057220458984e+00 -5.018750000000000000e+01 1.825000000000000000e+01 -1.887500000000000000e+01 3.700000000000000000e+01 6.612500000000000000e+01 2.400000000000000000e+01
1.522999954223632812e+01 2.700000107288360596e-01 7.400000095367431641e-01 -5.018750000000000000e+01 1.825000000000000000e+01 -1.887500000000000000e+01 5.093750000000000000e+01 7.793750000000000000e+01 2.131250000000000000e+01
1.498999977111816406e+01 1.059999942779541016e+00 4.600000083446502686e-01 -5.018750000000000000e+01 1.825000000000000000e+01 -1.887500000000000000e+01 6.231250000000000000e+01 8.443750000000000000e+01 1.956250000000000000e+01
1.489000034332275391e+01 1.440000057220458984e+00 1.599999964237213135e-01 -5.018750000000000000e+01 1.825000000000000000e+01 -1.887500000000000000e+01 6.706250000000000000e+01 8.375000000000000000e+01 1.937500000000000000e+01
1.493999958038330078e+01 1.929999947547912598e+00 -5.000000074505805969e-02 -5.018750000000000000e+01 1.825000000000000000e+01 -1.887500000000000000e+01 6.743750000000000000e+01 7.687500000000000000e+01 2.043750000000000000e+01
1.464999961853027344e+01 2.309999942779541016e+00 -3.000000119209289551e-01 -4.868750000000000000e+01 1.950000000000000000e+01 -2.100000000000000000e+01 6.406250000000000000e+01 6.600000000000000000e+01 2.175000000000000000e+01
1.472000026702880859e+01 2.569999933242797852e+00 -3.899999856948852539e-01 -4.868750000000000000e+01 1.950000000000000000e+01 -2.100000000000000000e+01 5.856250000000000000e+01 5.300000000000000000e+01 2.025000000000000000e+01
1.451000022888183594e+01 2.650000095367431641e+00 -2.199999988079071045e-01 -4.868750000000000000e+01 1.950000000000000000e+01 -2.100000000000000000e+01 5.075000000000000000e+01 4.212500000000000000e+01 1.675000000000000000e+01
1.430000019073486328e+01 2.759999990463256836e+00 9.000000357627868652e-02 -4.868750000000000000e+01 1.950000000000000000e+01 -2.100000000000000000e+01 4.143750000000000000e+01 3.293750000000000000e+01 1.162500000000000000e+01
1.410999965667724609e+01 2.549999952316284180e+00 9.399999976158142090e-01 -4.868750000000000000e+01 1.950000000000000000e+01 -2.100000000000000000e+01 3.143750000000000000e+01 2.550000000000000000e+01 6.437500000000000000e+00
1.414999961853027344e+01 2.500000000000000000e+00 1.529999971389770508e+00 -4.725000000000000000e+01 1.950000000000000000e+01 -2.337500000000000000e+01 2.143750000000000000e+01 2.043750000000000000e+01 2.562500000000000000e+00
1.425000000000000000e+01 2.190000057220458984e+00 2.140000104904174805e+00 -4.725000000000000000e+01 1.950000000000000000e+01 -2.337500000000000000e+01 1.125000000000000000e+01 1.862500000000000000e+01 6.250000000000000000e-01
1.456999969482421875e+01 1.799999952316284180e+00 2.849999904632568359e+00 -4.725000000000000000e+01 1.950000000000000000e+01 -2.337500000000000000e+01 1.375000000000000000e+00 1.956250000000000000e+01 3.125000000000000000e-01
1.360000038146972656e+01 1.100000023841857910e+00 3.299999952316284180e+00 -4.725000000000000000e+01 1.950000000000000000e+01 -2.337500000000000000e+01 -7.187500000000000000e+00 2.318750000000000000e+01 2.187500000000000000e+00
1.210999965667724609e+01 1.400000005960464478e-01 3.750000000000000000e+00 -4.725000000000000000e+01 1.950000000000000000e+01 -2.337500000000000000e+01 -1.150000000000000000e+01 2.743750000000000000e+01 3.750000000000000000e+00
1.056000041961669922e+01 -3.600000143051147461e-01 4.139999866485595703e+00 -4.687500000000000000e+01 1.825000000000000000e+01 -2.506250000000000000e+01 -9.375000000000000000e+00 2.925000000000000000e+01 3.187500000000000000e+00
8.640000343322753906e+00 -2.999999932944774628e-02 4.940000057220458984e+00 -4.687500000000000000e+01 1.825000000000000000e+01 -2.506250000000000000e+01 -3.312500000000000000e+00 2.618750000000000000e+01 1.875000000000000000e+00
8.060000419616699219e+00 -1.599999964237213135e-01 5.059999942779541016e+00 -4.687500000000000000e+01 1.825000000000000000e+01 -2.506250000000000000e+01 2.437500000000000000e+00 1.868750000000000000e+01 3.312500000000000000e+00
7.199999809265136719e+00 -7.000000029802322388e-02 5.199999809265136719e+00 -4.687500000000000000e+01 1.825000000000000000e+01 -2.506250000000000000e+01 7.375000000000000000e+00 9.687500000000000000e+00 5.937500000000000000e+00
6.210000038146972656e+00 -2.999999932944774628e-02 5.280000209808349609e+00 -4.687500000000000000e+01 1.825000000000000000e+01 -2.506250000000000000e+01 1.143750000000000000e+01 2.500000000000000000e-01 9.375000000000000000e+00
4.329999923706054688e+00 -1.899999976158142090e-01 5.440000057220458984e+00 -4.687500000000000000e+01 1.756250000000000000e+01 -2.706250000000000000e+01 1.575000000000000000e+01 -1.150000000000000000e+01 1.187500000000000000e+01
3.789999961853027344e+00 -5.999999865889549255e-02 5.480000019073486328e+00 -4.687500000000000000e+01 1.756250000000000000e+01 -2.706250000000000000e+01 2.056250000000000000e+01 -2.612500000000000000e+01 1.268750000000000000e+01
3.869999885559082031e+00 3.899999856948852539e-01 5.530000209808349609e+00 -4.687500000000000000e+01 1.756250000000000000e+01 -2.706250000000000000e+01 2.425000000000000000e+01 -4.237500000000000000e+01 1.256250000000000000e+01
