5.570000171661376953e+00 -2.799999952316284180e+00 7.599999904632568359e+00 -3.450000000000000000e+01 3.718750000000000000e+01 -2.856250000000000000e+01 2.500000000000000000e-01 6.250000000000000000e-02 -3.750000000000000000e-01
5.570000171661376953e+00 -2.799999952316284180e+00 7.570000171661376953e+00 -3.450000000000000000e+01 3.718750000000000000e+01 -2.856250000000000000e+01 3.125000000000000000e-01 1.250000000000000000e-01 -1.250000000000000000e-01
5.559999942779541016e+00 -2.809999942779541016e+00 7.570000171661376953e+00 -3.450000000000000000e+01 3.718750000000000000e+01 -2.856250000000000000e+01 3.125000000000000000e-01 -6.250000000000000000e-02 -1.250000000000000000e-01
5.559999942779541016e+00 -2.789999961853027344e+00 7.579999923706054688e+00 -3.450000000000000000e+01 3.718750000000000000e+01 -2.856250000000000000e+01 1.875000000000000000e-01 -6.250000000000000000e-02 -3.125000000000000000e-01
5.570000171661376953e+00 -2.789999961853027344e+00 7.579999923706054688e+00 -3.487500000000000000e+01 3.787500000000000000e+01 -2.818750000000000000e+01 3.125000000000000000e-01 -1.250000000000000000e-01 -1.250000000000000000e-01
5.579999923706054688e+00 -2.839999914169311523e+00 7.530000209808349609e+00 -3.487500000000000000e+01 3.787500000000000000e+01 -2.818750000000000000e+01 3.125000000000000000e-01 2.500000000000000000e-01 -2.500000000000000000e-01
5.579999923706054688e+00 -2.769999980926513672e+00 7.530000209808349609e+00 -3.487500000000000000e+01 3.787500000000000000e+01 -2.818750000000000000e+01 3.125000000000000000e-01 6.250000000000000000e-02 -3.750000000000000000e-01
5.570000171661376953e+00 -2.789999961853027344e+00 7.590000152587890625e+00 -3.487500000000000000e+01 3.787500000000000000e+01 -2.818750000000000000e+01 4.375000000000000000e-01 -1.250000000000000000e-01 -1.875000000000000000e-01
5.559999942779541016e+00 -2.769999980926513672e+00 7.579999923706054688e+00 -3.487500000000000000e+01 3.787500000000000000e+01 -2.818750000000000000e+01 3.750000000000000000e-01 -1.875000000000000000e-01 -2.500000000000000000e-01
5.579999923706054688e+00 -2.779999971389770508e+00 7.579999923706054688e+00 -3.525000000000000000e+01 3.718750000000000000e+01 -2.818750000000000000e+01 1.875000000000000000e-01 1.250000000000000000e-01 -1.875000000000000000e-01
5.570000171661376953e+00 -2.789999961853027344e+00 7.579999923706054688e+00 -3.525000000000000000e+01 3.718750000000000000e+01 -2.818750000000000000e+01 2.500000000000000000e-01 1.875000000000000000e-01 -1.250000000000000000e-01
5.559999942779541016e+00 -2.809999942779541016e+00 7.570000171661376953e+00 -3.525000000000000000e+01 3.718750000000000000e+01 -2.818750000000000000e+01 1.250000000000000000e-01 0.000000000000000000e+00 -1.250000000000000000e-01
5.559999942779541016e+00 -2.799999952316284180e+00 7.579999923706054688e+00 -3.525000000000000000e+01 3.718750000000000000e+01 -2.818750000000000000e+01 1.875000000000000000e-01 -1.250000000000000000e-01 -1.250000000000000000e-01
5.550000190734863281e+00 -2.779999971389770508e+00 7.579999923706054688e+00 -3.525000000000000000e+01 3.718750000000000000e+01 -2.818750000000000000e+01 1.250000000000000000e-01 0.000000000000000000e+00 -1.250000000000000000e-01
5.570000171661376953e+00 -2.809999942779541016e+00 7.579999923706054688e+00 -3.418750000000000000e+01 3.675000000000000000e+01 -2.737500000000000000e+01 1.250000000000000000e-01 -6.250000000000000000e-02 -1.875000000000000000e-01
5.559999942779541016e+00 -2.779999971389770508e+00 7.599999904632568359e+00 -3.418750000000000000e+01 3.675000000000000000e+01 -2.737500000000000000e+01 1.875000000000000000e-01 -1.875000000000000000e-01 0.000000000000000000e+00
5.570000171661376953e+00 -2.769999980926513672e+00 7.539999961853027344e+00 -3.418750000000000000e+01 3.675000000000000000e+01 -2.737500000000000000e+01 6.250000000000000000e-02 -6.250000000000000000e-02 6.250000000000000000e-02
5.570000171661376953e+00 -2.779999971389770508e+00 7.610000133514404297e+00 -3.418750000000000000e+01 3.675000000000000000e+01 -2.737500000000000000e+01 0.000000000000000000e+00 1.250000000000000000e-01 -6.250000000000000000e-02
5.559999942779541016e+00 -2.789999961853027344e+00 7.570000171661376953e+00 -3.418750000000000000e+01 3.675000000000000000e+01 -2.737500000000000000e+01 6.250000000000000000e-02 0.000000000000000000e+00 1.250000000000000000e-01
5.559999942779541016e+00 -2.789999961853027344e+00 7.579999923706054688e+00 -3.450000000000000000e+01 3.750000000000000000e+01 -2.950000000000000000e+01 0.000000000000000000e+00 -1.875000000000000000e-01 0.000000000000000000e+00
5.570000171661376953e+00 -2.819999933242797852e+00 7.539999961853027344e+00 -3.450000000000000000e+01 3.750000000000000000e+01 -2.950000000000000000e+01 1.250000000000000000e-01 -1.250000000000000000e-01 0.000000000000000000e+00
5.559999942779541016e+00 -2.799999952316284180e+00 7.570000171661376953e+00 -3.450000000000000000e+01 3.750000000000000000e+01 -2.950000000000000000e+01 3.125000000000000000e-01 -6.250000000000000000e-02 0.000000000000000000e+00
5.559999942779541016e+00 -2.769999980926513672e+00 7.590000152587890625e+00 -3.450000000000000000e+01 3.750000000000000000e+01 -2.950000000000000000e+01 6.250000000000000000e-02 0.000000000000000000e+00 -6.250000000000000000e-02
5.559999942779541016e+00 -2.779999971389770508e+00 7.559999942779541016e+00 -3.450000000000000000e+01 3.750000000000000000e+01 -2.950000000000000000e+01 1.250000000000000000e-01 -6.250000000000000000e-02 0.000000000000000000e+00
5.550000190734863281e+00 -2.789999961853027344e+00 7.559999942779541016e+00 -3.487500000000000000e+01 3.787500000000000000e+01 -2.700000000000000000e+01 6.250000000000000000e-02 -6.250000000000000000e-02 -6.250000000000000000e-02
5.559999942779541016e+00 -2.809999942779541016e+00 7.599999904632568359e+00 -3.487500000000000000e+01 3.787500000000000000e+01 -2.700000000000000000e+01 1.250000000000000000e-01 -2.500000000000000000e-01 0.000000000000000000e+00
5.539999961853027344e+00 -2.779999971389770508e+00 7.550000190734863281e+00 -3.487500000000000000e+01 3.787500000000000000e+01 -2.700000000000000000e+01 0.000000000000000000e+00 0.000000000000000000e+00 -6.250000000000000000e-02
5.570000171661376953e+00 -2.779999971389770508e+00 7.590000152587890625e+00 -3.487500000000000000e+01 3.787500000000000000e+01 -2.700000000000000000e+01 0.000000000000000000e+00 -6.250000000000000000e-02 2.500000000000000000e-01
5.559999942779541016e+00 -2.779999971389770508e+00 7.559999942779541016e+00 -3.487500000000000000e+01 3.787500000000000000e+01 -2.700000000000000000e+01 -1.250000000000000000e-01 -6.250000000000000000e-02 -6.250000000000000000e-02
5.559999942779541016e+00 -2.759999990463256836e+00 7.599999904632568359e+00 -3.375000000000000000e+01 3.750000000000000000e+01 -2.900000000000000000e+01 -6.250000000000000000e-02 -1.250000000000000000e-01 6.250000000000000000e-02
5.610000133514404297e+00 -2.750000000000000000e+00 7.630000114440917969e+00 -3.375000000000000000e+01 3.750000000000000000e+01 -2.900000000000000000e+01 -3.750000000000000000e-01 -2.500000000000000000e-01 6.250000000000000000e-02
6.050000190734863281e+00 -2.529999971389770508e+00 7.829999923706054688e+00 -3.375000000000000000e+01 3.750000000000000000e+01 -2.900000000000000000e+01 -1.812500000000000000e+00 -6.250000000000000000e-01 5.000000000000000000e-01
5.980000019073486328e+00 -2.500000000000000000e+00 7.639999866485595703e+00 -3.375000000000000000e+01 3.750000000000000000e+01 -2.900000000000000000e+01 -4.562500000000000000e+00 -5.000000000000000000e-01 1.750000000000000000e+00
6.210000038146972656e+00 -2.390000104904174805e+00 7.739999771118164062e+00 -3.375000000000000000e+01 3.750000000000000000e+01 -2.900000000000000000e+01 -7.187500000000000000e+00 7.500000000000000000e-01 2.250000000000000000e+00
7.269999980926513672e+00 -1.509999990463256836e+00 7.980000019073486328e+00 -3.450000000000000000e+01 3.718750000000000000e+01 -2.737500000000000000e+01 -1.093750000000000000e+01 3.375000000000000000e+00 1.562500000000000000e+00
8.039999961853027344e+00 -1.400000005960464478e-01 8.180000305175781250e+00 -3.450000000000000000e+01 3.718750000000000000e+01 -2.737500000000000000e+01 -1.893750000000000000e+01 8.625000000000000000e+00 -3.562500000000000000e+00
8.949999809265136719e+00 1.809999942779541016e+00 8.380000114440917969e+00 -3.450000000000000000e+01 3.718750000000000000e+01 -2.737500000000000000e+01 -2.843750000000000000e+01 1.956250000000000000e+01 -1.975000000000000000e+01
9.960000038146972656e+00 2.720000028610229492e+00 8.680000305175781250e+00 -3.450000000000000000e+01 3.718750000000000000e+01 -2.737500000000000000e+01 -4.000000000000000000e+01 3.825000000000000000e+01 -3.825000000000000000e+01
1.025000000000000000e+01 2.899999916553497314e-01 9.590000152587890625e+00 -3.450000000000000000e+01 3.718750000000000000e+01 -2.737500000000000000e+01 -5.225000000000000000e+01 6.237500000000000000e+01 -4.975000000000000000e+01
1.077000045776367188e+01 -7.200000286102294922e-01 9.449999809265136719e+00 -3.487500000000000000e+01 3.750000000000000000e+01 -2.575000000000000000e+01 -5.712500000000000000e+01 8.500000000000000000e+01 -6.106250000000000000e+01
1.068999958038330078e+01 -1.070000052452087402e+00 8.750000000000000000e+00 -3.487500000000000000e+01 3.750000000000000000e+01 -2.575000000000000000e+01 -5.693750000000000000e+01 1.086875000000000000e+02 -7.768750000000000000e+01
9.689999580383300781e+00 -1.379999995231628418e+00 8.039999961853027344e+00 -3.487500000000000000e+01 3.750000000000000000e+01 -2.575000000000000000e+01 -5.700000000000000000e+01 1.278750000000000000e+02 -9.925000000000000000e+01
7.320000171661376953e+00 7.300000190734863281e-01 7.530000209808349609e+00 -3.487500000000000000e+01 3.750000000000000000e+01 -2.575000000000000000e+01 -5.487500000000000000e+01 1.360625000000000000e+02 -1.295625000000000000e+02
7.190000057220458984e+00 2.319999933242797852e+00 7.420000076293945312e+00 -3.487500000000000000e+01 3.750000000000000000e+01 -2.575000000000000000e+01 -5.718750000000000000e+01 1.393750000000000000e+02 -1.636875000000000000e+02
7.190000057220458984e+00 2.319999933242797852e+00 7.420000076293945312e+00 -3.375000000000000000e+01 3.787500000000000000e+01 -2.775000000000000000e+01 -6.693750000000000000e+01 1.406875000000000000e+02 -1.966250000000000000e+02
7.369999885559082031e+00 3.589999914169311523e+00 7.179999828338623047e+00 -3.375000000000000000e+01 3.787500000000000000e+01 -2.775000000000000000e+01 -8.275000000000000000e+01 1.408750000000000000e+02 -2.258125000000000000e+02
6.940000057220458984e+00 3.220000028610229492e+00 6.920000076293945312e+00 -3.375000000000000000e+01 3.787500000000000000e+01 -2.775000000000000000e+01 -9.700000000000000000e+01 1.426875000000000000e+02 -2.530625000000000000e+02
5.780000209808349609e+00 2.170000076293945312e+00 6.570000171661376953e+00 -3.375000000000000000e+01 3.787500000000000000e+01 -2.775000000000000000e+01 -1.111250000000000000e+02 1.434375000000000000e+02 -2.740000000000000000e+02
5.460000038146972656e+00 1.080000042915344238e+00 6.280000209808349609e+00 -3.375000000000000000e+01 3.787500000000000000e+01 -2.775000000000000000e+01 -1.240625000000000000e+02 1.402500000000000000e+02 -2.879375000000000000e+02
5.460000038146972656e+00 1.080000042915344238e+00 6.280000209808349609e+00 -3.568750000000000000e+01 3.375000000000000000e+01 -2.900000000000000000e+01 -1.309375000000000000e+02 1.335000000000000000e+02 -2.938125000000000000e+02
5.219999790191650391e+00 -3.000000000000000000e+00 5.420000076293945312e+00 -3.568750000000000000e+01 3.375000000000000000e+01 -2.900000000000000000e+01 -1.326250000000000000e+02 1.245625000000000000e+02 -2.884375000000000000e+02
3.799999952316284180e+00 -7.730000019073486328e+00 5.519999980926513672e+00 -3.568750000000000000e+01 3.375000000000000000e+01 -2.900000000000000000e+01 -1.296250000000000000e+02 1.137500000000000000e+02 -2.704375000000000000e+02
2.799999952316284180e+00 -1.002000045776367188e+01 5.559999942779541016e+00 -3.568750000000000000e+01 3.375000000000000000e+01 -2.900000000000000000e+01 -1.196875000000000000e+02 9.875000000000000000e+01 -2.451875000000000000e+02
1.269999980926513672e+00 -1.275000000000000000e+01 5.139999866485595703e+00 -3.568750000000000000e+01 3.375000000000000000e+01 -2.900000000000000000e+01 -1.010625000000000000e+02 7.981250000000000000e+01 -2.193125000000000000e+02
1.269999980926513672e+00 -1.275000000000000000e+01 5.139999866485595703e+00 -3.925000000000000000e+01 2.637500000000000000e+01 -3.056250000000000000e+01 -7.856250000000000000e+01 5.787500000000000000e+01 -1.904375000000000000e+02
8.100000023841857910e-01 -1.192000007629394531e+01 5.480000019073486328e+00 -3.925000000000000000e+01 2.637500000000000000e+01 -3.056250000000000000e+01 -5.775000000000000000e+01 3.618750000000000000e+01 -1.562500000000000000e+02
1.090000033378601074e+00 -1.178999996185302734e+01 6.440000057220458984e+00 -3.925000000000000000e+01 2.637500000000000000e+01 -3.056250000000000000e+01 -4.512500000000000000e+01 1.731250000000000000e+01 -1.138750000000000000e+02
1.210000038146972656e+00 -1.196000003814697266e+01 7.059999942779541016e+00 -3.925000000000000000e+01 2.637500000000000000e+01 -3.056250000000000000e+01 -3.300000000000000000e+01 -4.375000000000000000e-01 -6.631250000000000000e+01
2.519999980926513672e+00 -1.128999996185302734e+01 7.190000057220458984e+00 -3.925000000000000000e+01 2.637500000000000000e+01 -3.056250000000000000e+01 -1.775000000000000000e+01 -1.581250000000000000e+01 -2.637500000000000000e+01
2.519999980926513672e+00 -1.128999996185302734e+01 7.190000057220458984e+00 -4.268750000000000000e+01 2.187500000000000000e+01 -3.137500000000000000e+01 -1.562500000000000000e+00 -2.581250000000000000e+01 3.812500000000000000e+00
3.819999933242797852e+00 -1.030000019073486328e+01 7.579999923706054688e+00 -4.268750000000000000e+01 2.187500000000000000e+01 -3.137500000000000000e+01 1.425000000000000000e+01 -2.831250000000000000e+01 1.906250000000000000e+01
5.730000019073486328e+00 -1.909999966621398926e+00 8.989999771118164062e+00 -4.268750000000000000e+01 2.187500000000000000e+01 -3.137500000000000000e+01 2.268750000000000000e+01 -2.468750000000000000e+01 2.237500000000000000e+01
5.599999904632568359e+00 4.000000059604644775e-01 9.050000190734863281e+00 -4.268750000000000000e+01 2.187500000000000000e+01 -3.137500000000000000e+01 2.031250000000000000e+01 -2.075000000000000000e+01 2.156250000000000000e+01
5.269999980926513672e+00 1.559999942779541016e+00 9.069999694824218750e+00 -4.268750000000000000e+01 2.187500000000000000e+01 -3.137500000000000000e+01 9.625000000000000000e+00 -1.625000000000000000e+01 2.075000000000000000e+01
5.269999980926513672e+00 1.559999942779541016e+00 9.069999694824218750e+00 -4.356250000000000000e+01 2.118750000000000000e+01 -2.887500000000000000e+01 -3.375000000000000000e+00 -1.337500000000000000e+01 1.943750000000000000e+01
4.179999828338623047e+00 8.600000143051147461e-01 8.800000190734863281e+00 -4.356250000000000000e+01 2.118750000000000000e+01 -2.887500000000000000e+01 -1.525000000000000000e+01 -1.412500000000000000e+01 1.843750000000000000e+01
3.559999942779541016e+00 -2.059999942779541016e+00 8.329999923706054688e+00 -4.356250000000000000e+01 2.118750000000000000e+01 -2.887500000000000000e+01 -2.481250000000000000e+01 -1.712500000000000000e+01 2.181250000000000000e+01
3.700000047683715820e+00 -5.449999809265136719e+00 7.690000057220458984e+00 -4.356250000000000000e+01 2.118750000000000000e+01 -2.887500000000000000e+01 -3.137500000000000000e+01 -2.000000000000000000e+01 3.181250000000000000e+01
4.039999961853027344e+00 -6.789999961853027344e+00 7.340000152587890625e+00 -4.356250000000000000e+01 2.118750000000000000e+01 -2.887500000000000000e+01 -3.350000000000000000e+01 -2.325000000000000000e+01 4.693750000000000000e+01
4.039999961853027344e+00 -6.789999961853027344e+00 7.340000152587890625e+00 -4.237500000000000000e+01 2.200000000000000000e+01 -2.887500000000000000e+01 -2.900000000000000000e+01 -2.487500000000000000e+01 6.125000000000000000e+01
4.449999809265136719e+00 -7.730000019073486328e+00 7.150000095367431641e+00 -4.237500000000000000e+01 2.200000000000000000e+01 -2.887500000000000000e+01 -1.781250000000000000e+01 -2.718750000000000000e+01 7.293750000000000000e+01
4.980000019073486328e+00 -7.500000000000000000e+00 7.179999828338623047e+00 -4.237500000000000000e+01 2.200000000000000000e+01 -2.887500000000000000e+01 -2.750000000000000000e+00 -3.187500000000000000e+01 8.637500000000000000e+01
5.090000152587890625e+00 -6.829999923706054688e+00 7.519999980926513672e+00 -4.237500000000000000e+01 2.200000000000000000e+01 -2.887500000000000000e+01 1.037500000000000000e+01 -4.100000000000000000e+01 1.052500000000000000e+02
5.710000038146972656e+00 -6.800000190734863281e+00 6.969999790191650391e+00 -4.237500000000000000e+01 2.200000000000000000e+01 -2.887500000000000000e+01 1.900000000000000000e+01 -4.850000000000000000e+01 1.333750000000000000e+02
5.710000038146972656e+00 -6.800000190734863281e+00 6.969999790191650391e+00 -4.318750000000000000e+01 2.450000000000000000e+01 -2.887500000000000000e+01 2.868750000000000000e+01 -5.387500000000000000e+01 1.627500000000000000e+02
5.570000171661376953e+00 -8.779999732971191406e+00 6.289999961853027344e+00 -4.318750000000000000e+01 2.450000000000000000e+01 -2.887500000000000000e+01 4.362500000000000000e+01 -6.075000000000000000e+01 1.826250000000000000e+02
4.800000190734863281e+00 -8.159999847412109375e+00 5.880000114440917969e+00 -4.318750000000000000e+01 2.450000000000000000e+01 -2.887500000000000000e+01 5.900000000000000000e+01 -6.868750000000000000e+01 1.982500000000000000e+02
5.099999904632568359e+00 -7.460000038146972656e+00 5.570000171661376953e+00 -4.318750000000000000e+01 2.450000000000000000e+01 -2.887500000000000000e+01 7.350000000000000000e+01 -7.612500000000000000e+01 2.139375000000000000e+02
4.619999885559082031e+00 -7.079999923706054688e+00 4.900000095367431641e+00 -4.318750000000000000e+01 2.450000000000000000e+01 -2.887500000000000000e+01 8.306250000000000000e+01 -8.718750000000000000e+01 2.353750000000000000e+02
4.619999885559082031e+00 -7.079999923706054688e+00 4.900000095367431641e+00 -4.018750000000000000e+01 2.968750000000000000e+01 -2.650000000000000000e+01 9.081250000000000000e+01 -1.009375000000000000e+02 2.550625000000000000e+02
4.219999790191650391e+00 -7.110000133514404297e+00 5.320000171661376953e+00 -4.018750000000000000e+01 2.968750000000000000e+01 -2.650000000000000000e+01 1.004375000000000000e+02 -1.143750000000000000e+02 2.654375000000000000e+02
4.860000133514404297e+00 -5.369999885559082031e+00 5.670000076293945312e+00 -4.018750000000000000e+01 2.968750000000000000e+01 -2.650000000000000000e+01 1.088750000000000000e+02 -1.229375000000000000e+02 2.671875000000000000e+02
5.510000228881835938e+00 -3.000000000000000000e+00 6.610000133514404297e+00 -4.018750000000000000e+01 2.968750000000000000e+01 -2.650000000000000000e+01 1.143750000000000000e+02 -1.287500000000000000e+02 2.636875000000000000e+02
5.539999961853027344e+00 -1.129999995231628418e+00 7.199999809265136719e+00 -4.018750000000000000e+01 2.968750000000000000e+01 -2.650000000000000000e+01 1.163750000000000000e+02 -1.313750000000000000e+02 2.495000000000000000e+02
5.539999961853027344e+00 -1.129999995231628418e+00 7.199999809265136719e+00 -3.650000000000000000e+01 3.487500000000000000e+01 -2.650000000000000000e+01 1.150000000000000000e+02 -1.297500000000000000e+02 2.239375000000000000e+02
5.000000000000000000e+00 1.840000033378601074e+00 7.469999790191650391e+00 -3.650000000000000000e+01 3.487500000000000000e+01 -2.650000000000000000e+01 1.139375000000000000e+02 -1.259375000000000000e+02 1.891250000000000000e+02
2.859999895095825195e+00 4.550000190734863281e+00 8.090000152587890625e+00 -3.650000000000000000e+01 3.487500000000000000e+01 -2.650000000000000000e+01 1.101250000000000000e+02 -1.248750000000000000e+02 1.461875000000000000e+02
1.860000014305114746e+00 5.550000190734863281e+00 8.060000419616699219e+00 -3.650000000000000000e+01 3.487500000000000000e+01 -2.650000000000000000e+01 1.023750000000000000e+02 -1.252500000000000000e+02 9.818750000000000000e+01
7.400000095367431641e-01 6.019999980926513672e+00 8.149999618530273438e+00 -3.650000000000000000e+01 3.487500000000000000e+01 -2.650000000000000000e+01 9.287500000000000000e+01 -1.288125000000000000e+02 4.687500000000000000e+01
7.400000095367431641e-01 6.019999980926513672e+00 8.149999618530273438e+00 -3.206250000000000000e+01 3.937500000000000000e+01 -2.650000000000000000e+01 8.206250000000000000e+01 -1.370000000000000000e+02 -7.375000000000000000e+00
-2.300000041723251343e-01 7.059999942779541016e+00 8.380000114440917969e+00 -3.206250000000000000e+01 3.937500000000000000e+01 -2.650000000000000000e+01 6.600000000000000000e+01 -1.496250000000000000e+02 -5.800000000000000000e+01
4.869999885559082031e+00 2.599999904632568359e+00 1.557999992370605469e+01 -3.206250000000000000e+01 3.937500000000000000e+01 -2.650000000000000000e+01 6.281250000000000000e+01 -1.622500000000000000e+02 -8.893750000000000000e+01
2.117000007629394531e+01 -6.860000133514404297e+00 1.786000061035156250e+01 -3.206250000000000000e+01 3.937500000000000000e+01 -2.650000000000000000e+01 1.010000000000000000e+02 -1.164375000000000000e+02 -9.225000000000000000e+01
1.895000076293945312e+01 -3.049999952316284180e+00 -8.770000457763671875e+00 -3.206250000000000000e+01 3.937500000000000000e+01 -2.650000000000000000e+01 -1.468750000000000000e+01 2.843750000000000000e+01 -4.725000000000000000e+01
1.895000076293945312e+01 -3.049999952316284180e+00 -8.770000457763671875e+00 -3.387500000000000000e+01 3.900000000000000000e+01 -2.600000000000000000e+01 -2.106250000000000000e+01 1.154375000000000000e+02 -2.312500000000000000e+00
-6.650000095367431641e+00 -4.949999809265136719e+00 7.400000095367431641e+00 -3.387500000000000000e+01 3.900000000000000000e+01 -2.600000000000000000e+01 1.900000000000000000e+01 1.193750000000000000e+01 1.875000000000000000e+00
3.710000038146972656e+00 3.029999971389770508e+00 9.380000114440917969e+00 -3.387500000000000000e+01 3.900000000000000000e+01 -2.600000000000000000e+01 1.431250000000000000e+01 -5.312500000000000000e+00 -7.187500000000000000e+00
3.680000066757202148e+00 -1.169999957084655762e+00 9.220000267028808594e+00 -3.387500000000000000e+01 3.900000000000000000e+01 -2.600000000000000000e+01 1.687500000000000000e+00 1.093750000000000000e+01 -8.250000000000000000e+00
6.780000209808349609e+00 -2.819999933242797852e+00 6.619999885559082031e+00 -3.387500000000000000e+01 3.900000000000000000e+01 -2.600000000000000000e+01 -4.562500000000000000e+00 -3.500000000000000000e+00 -2.562500000000000000e+00
6.989999771118164062e+00 -3.210000038146972656e+00 7.070000171661376953e+00 -3.606250000000000000e+01 3.625000000000000000e+01 -2.687500000000000000e+01 -2.687500000000000000e+00 -1.687500000000000000e+00 1.500000000000000000e+00
