5.800000190734863281e+00 -2.089999914169311523e+00 7.550000190734863281e+00 -4.150000000000000000e+01 3.056250000000000000e+01 -2.718750000000000000e+01 0.000000000000000000e+00 -6.250000000000000000e-02 6.250000000000000000e-02
5.800000190734863281e+00 -2.089999914169311523e+00 7.630000114440917969e+00 -4.150000000000000000e+01 3.056250000000000000e+01 -2.718750000000000000e+01 0.000000000000000000e+00 -6.250000000000000000e-02 6.250000000000000000e-02
5.820000171661376953e+00 -2.079999923706054688e+00 7.590000152587890625e+00 -4.068750000000000000e+01 3.018750000000000000e+01 -2.756250000000000000e+01 0.000000000000000000e+00 -1.250000000000000000e-01 0.000000000000000000e+00
5.800000190734863281e+00 -2.079999923706054688e+00 7.579999923706054688e+00 -4.068750000000000000e+01 3.018750000000000000e+01 -2.756250000000000000e+01 0.000000000000000000e+00 1.250000000000000000e-01 1.250000000000000000e-01
5.800000190734863281e+00 -2.079999923706054688e+00 7.579999923706054688e+00 -4.068750000000000000e+01 3.018750000000000000e+01 -2.756250000000000000e+01 -6.250000000000000000e-02 6.250000000000000000e-02 1.250000000000000000e-01
5.820000171661376953e+00 -2.079999923706054688e+00 7.550000190734863281e+00 -4.068750000000000000e+01 3.018750000000000000e+01 -2.756250000000000000e+01 -6.250000000000000000e-02 0.000000000000000000e+00 0.000000000000000000e+00
5.829999923706054688e+00 -2.109999895095825195e+00 7.610000133514404297e+00 -4.068750000000000000e+01 3.018750000000000000e+01 -2.756250000000000000e+01 -6.250000000000000000e-02 0.000000000000000000e+00 0.000000000000000000e+00
5.800000190734863281e+00 -2.109999895095825195e+00 7.590000152587890625e+00 -4.068750000000000000e+01 3.100000000000000000e+01 -2.675000000000000000e+01 0.000000000000000000e+00 6.250000000000000000e-02 6.250000000000000000e-02
5.809999942779541016e+00 -2.089999914169311523e+00 7.610000133514404297e+00 -4.068750000000000000e+01 3.100000000000000000e+01 -2.675000000000000000e+01 -6.250000000000000000e-02 -6.250000000000000000e-02 0.000000000000000000e+00
5.809999942779541016e+00 -2.079999923706054688e+00 7.599999904632568359e+00 -4.068750000000000000e+01 3.100000000000000000e+01 -2.675000000000000000e+01 -6.250000000000000000e-02 -1.250000000000000000e-01 1.250000000000000000e-01
5.769999980926513672e+00 -2.119999885559082031e+00 7.570000171661376953e+00 -4.068750000000000000e+01 3.100000000000000000e+01 -2.675000000000000000e+01 0.000000000000000000e+00 6.250000000000000000e-02 -6.250000000000000000e-02
5.739999771118164062e+00 -2.130000114440917969e+00 7.579999923706054688e+00 -4.068750000000000000e+01 3.100000000000000000e+01 -2.675000000000000000e+01 0.000000000000000000e+00 6.250000000000000000e-02 -6.250000000000000000e-02
5.690000057220458984e+00 -2.150000095367431641e+00 7.639999866485595703e+00 -4.068750000000000000e+01 3.056250000000000000e+01 -2.756250000000000000e+01 1.250000000000000000e-01 -6.250000000000000000e-01 -4.375000000000000000e-01
5.550000190734863281e+00 -2.180000066757202148e+00 7.599999904632568359e+00 -4.068750000000000000e+01 3.056250000000000000e+01 -2.756250000000000000e+01 6.250000000000000000e-02 -1.437500000000000000e+00 -1.375000000000000000e+00
5.150000095367431641e+00 -2.210000038146972656e+00 7.659999847412109375e+00 -4.068750000000000000e+01 3.056250000000000000e+01 -2.756250000000000000e+01 1.250000000000000000e-01 -2.500000000000000000e+00 -3.062500000000000000e+00
4.769999980926513672e+00 -2.450000047683715820e+00 7.860000133514404297e+00 -4.068750000000000000e+01 3.056250000000000000e+01 -2.756250000000000000e+01 3.125000000000000000e-01 -4.125000000000000000e+00 -5.937500000000000000e+00
4.989999771118164062e+00 -2.779999971389770508e+00 7.949999809265136719e+00 -4.068750000000000000e+01 3.056250000000000000e+01 -2.756250000000000000e+01 3.125000000000000000e-01 -4.125000000000000000e+00 -5.937500000000000000e+00
5.420000076293945312e+00 -2.619999885559082031e+00 7.460000038146972656e+00 -4.106250000000000000e+01 3.018750000000000000e+01 -2.637500000000000000e+01 1.062500000000000000e+00 -6.437500000000000000e+00 -9.937500000000000000e+00
5.210000038146972656e+00 -2.250000000000000000e+00 7.829999923706054688e+00 -4.106250000000000000e+01 3.018750000000000000e+01 -2.637500000000000000e+01 1.687500000000000000e+00 -9.500000000000000000e+00 -1.587500000000000000e+01
5.039999961853027344e+00 -1.590000033378601074e+00 8.489999771118164062e+00 -4.106250000000000000e+01 3.018750000000000000e+01 -2.637500000000000000e+01 3.125000000000000000e-01 -1.562500000000000000e+01 -1.656250000000000000e+01
5.300000190734863281e+00 -1.120000004768371582e+00 8.710000038146972656e+00 -4.106250000000000000e+01 3.018750000000000000e+01 -2.637500000000000000e+01 -3.312500000000000000e+00 -2.350000000000000000e+01 -1.556250000000000000e+01
5.309999942779541016e+00 -1.289999961853027344e+00 9.170000076293945312e+00 -4.106250000000000000e+01 3.018750000000000000e+01 -2.637500000000000000e+01 -3.312500000000000000e+00 -2.350000000000000000e+01 -1.556250000000000000e+01
4.630000114440917969e+00 -6.700000166893005371e-01 1.027999973297119141e+01 -4.206250000000000000e+01 3.056250000000000000e+01 -2.637500000000000000e+01 -7.000000000000000000e+00 -3.350000000000000000e+01 -1.412500000000000000e+01
4.530000209808349609e+00 -7.500000000000000000e-01 1.088000011444091797e+01 -4.206250000000000000e+01 3.056250000000000000e+01 -2.637500000000000000e+01 -1.975000000000000000e+01 -7.037500000000000000e+01 -7.812500000000000000e+00
4.969999790191650391e+00 -1.100000023841857910e+00 1.036999988555908203e+01 -4.206250000000000000e+01 3.056250000000000000e+01 -2.637500000000000000e+01 -1.956250000000000000e+01 -9.218750000000000000e+01 -5.250000000000000000e+00
5.159999847412109375e+00 -2.890000104904174805e+00 9.869999885559082031e+00 -4.206250000000000000e+01 3.056250000000000000e+01 -2.637500000000000000e+01 -1.281250000000000000e+01 -1.153750000000000000e+02 -4.500000000000000000e+00
5.329999923706054688e+00 -2.480000019073486328e+00 9.829999923706054688e+00 -4.206250000000000000e+01 3.056250000000000000e+01 -2.637500000000000000e+01 -1.281250000000000000e+01 -1.153750000000000000e+02 -4.500000000000000000e+00
5.300000190734863281e+00 -2.529999971389770508e+00 9.350000381469726562e+00 -4.206250000000000000e+01 3.018750000000000000e+01 -2.556250000000000000e+01 -5.812500000000000000e+00 -1.386875000000000000e+02 -4.500000000000000000e+00
5.409999847412109375e+00 -2.920000076293945312e+00 8.199999809265136719e+00 -4.206250000000000000e+01 3.018750000000000000e+01 -2.556250000000000000e+01 -3.562500000000000000e+00 -1.749375000000000000e+02 -1.025000000000000000e+01
5.900000095367431641e+00 -3.000000000000000000e+00 7.570000171661376953e+00 -4.206250000000000000e+01 3.018750000000000000e+01 -2.556250000000000000e+01 -4.250000000000000000e+00 -1.855625000000000000e+02 -1.606250000000000000e+01
6.199999809265136719e+00 -2.680000066757202148e+00 6.570000171661376953e+00 -4.206250000000000000e+01 3.018750000000000000e+01 -2.556250000000000000e+01 -4.875000000000000000e+00 -1.883750000000000000e+02 -2.056250000000000000e+01
8.069999694824218750e+00 -2.269999980926513672e+00 6.389999866485595703e+00 -4.206250000000000000e+01 3.018750000000000000e+01 -2.556250000000000000e+01 -4.875000000000000000e+00 -1.883750000000000000e+02 -2.056250000000000000e+01
6.670000076293945312e+00 -2.829999923706054688e+00 5.440000057220458984e+00 -4.550000000000000000e+01 3.056250000000000000e+01 -2.150000000000000000e+01 -1.325000000000000000e+01 -1.761250000000000000e+02 -2.231250000000000000e+01
6.829999923706054688e+00 -2.839999914169311523e+00 4.809999942779541016e+00 -4.550000000000000000e+01 3.056250000000000000e+01 -2.150000000000000000e+01 -1.262500000000000000e+01 -1.685625000000000000e+02 -2.637500000000000000e+01
7.599999904632568359e+00 -2.690000057220458984e+00 5.840000152587890625e+00 -4.550000000000000000e+01 3.056250000000000000e+01 -2.150000000000000000e+01 -9.875000000000000000e+00 -1.677500000000000000e+02 -2.950000000000000000e+01
7.050000190734863281e+00 -2.740000009536743164e+00 5.800000190734863281e+00 -4.550000000000000000e+01 3.056250000000000000e+01 -2.150000000000000000e+01 -5.937500000000000000e+00 -1.666250000000000000e+02 -3.362500000000000000e+01
7.550000190734863281e+00 -1.820000052452087402e+00 4.449999809265136719e+00 -4.550000000000000000e+01 3.056250000000000000e+01 -2.150000000000000000e+01 -5.937500000000000000e+00 -1.666250000000000000e+02 -3.362500000000000000e+01
9.109999656677246094e+00 -2.049999952316284180e+00 4.190000057220458984e+00 -4.806250000000000000e+01 2.875000000000000000e+01 -1.250000000000000000e+01 -4.500000000000000000e+00 -1.668125000000000000e+02 -3.550000000000000000e+01
8.470000267028808594e+00 -1.399999976158142090e+00 3.349999904632568359e+00 -4.806250000000000000e+01 2.875000000000000000e+01 -1.250000000000000000e+01 3.000000000000000000e+00 -1.565625000000000000e+02 -3.187500000000000000e+01
9.789999961853027344e+00 -6.299999952316284180e-01 2.420000076293945312e+00 -4.806250000000000000e+01 2.875000000000000000e+01 -1.250000000000000000e+01 3.625000000000000000e+00 -1.471875000000000000e+02 -2.468750000000000000e+01
9.359999656677246094e+00 -8.899999856948852539e-01 2.059999942779541016e+00 -4.806250000000000000e+01 2.875000000000000000e+01 -1.250000000000000000e+01 3.687500000000000000e+00 -1.369375000000000000e+02 -1.943750000000000000e+01
8.600000381469726562e+00 -1.240000009536743164e+00 1.929999947547912598e+00 -4.806250000000000000e+01 2.875000000000000000e+01 -1.250000000000000000e+01 3.687500000000000000e+00 -1.369375000000000000e+02 -1.943750000000000000e+01
1.030000019073486328e+01 -1.149999976158142090e+00 1.009999990463256836e+00 -4.987500000000000000e+01 2.687500000000000000e+01 -6.000000000000000000e+00 4.000000000000000000e+00 -1.253750000000000000e+02 -1.662500000000000000e+01
9.569999694824218750e+00 -1.679999947547912598e+00 6.399999856948852539e-01 -4.987500000000000000e+01 2.687500000000000000e+01 -6.000000000000000000e+00 3.312500000000000000e+00 -9.831250000000000000e+01 -1.093750000000000000e+01
9.399999618530273438e+00 -1.919999957084655762e+00 9.300000071525573730e-01 -4.987500000000000000e+01 2.687500000000000000e+01 -6.000000000000000000e+00 3.812500000000000000e+00 -8.681250000000000000e+01 -1.000000000000000000e+01
9.319999694824218750e+00 -1.539999961853027344e+00 1.090000033378601074e+00 -4.987500000000000000e+01 2.687500000000000000e+01 -6.000000000000000000e+00 3.125000000000000000e-01 -7.675000000000000000e+01 -9.125000000000000000e+00
9.899999618530273438e+00 -1.610000014305114746e+00 1.200000047683715820e+00 -4.987500000000000000e+01 2.687500000000000000e+01 -6.000000000000000000e+00 3.125000000000000000e-01 -7.675000000000000000e+01 -9.125000000000000000e+00
9.630000114440917969e+00 -1.570000052452087402e+00 1.669999957084655762e+00 -5.106250000000000000e+01 2.687500000000000000e+01 -6.875000000000000000e-01 -4.625000000000000000e+00 -6.737500000000000000e+01 -8.187500000000000000e+00
9.630000114440917969e+00 -1.539999961853027344e+00 1.779999971389770508e+00 -5.106250000000000000e+01 2.687500000000000000e+01 -6.875000000000000000e-01 -8.062500000000000000e+00 -5.181250000000000000e+01 -7.625000000000000000e+00
9.640000343322753906e+00 -1.409999966621398926e+00 1.840000033378601074e+00 -5.106250000000000000e+01 2.687500000000000000e+01 -6.875000000000000000e-01 -7.937500000000000000e+00 -4.543750000000000000e+01 -6.750000000000000000e+00
9.539999961853027344e+00 -1.340000033378601074e+00 1.980000019073486328e+00 -5.106250000000000000e+01 2.687500000000000000e+01 -6.875000000000000000e-01 -7.687500000000000000e+00 -3.981250000000000000e+01 -5.437500000000000000e+00
9.479999542236328125e+00 -1.330000042915344238e+00 1.840000033378601074e+00 -5.106250000000000000e+01 2.687500000000000000e+01 -6.875000000000000000e-01 -7.687500000000000000e+00 -3.981250000000000000e+01 -5.437500000000000000e+00
9.529999732971191406e+00 -1.250000000000000000e+00 1.669999957084655762e+00 -5.075000000000000000e+01 2.537500000000000000e+01 2.500000000000000000e+00 -6.750000000000000000e+00 -3.475000000000000000e+01 -4.437500000000000000e+00
9.550000190734863281e+00 -1.370000004768371582e+00 1.610000014305114746e+00 -5.075000000000000000e+01 2.537500000000000000e+01 2.500000000000000000e+00 -5.375000000000000000e+00 -2.375000000000000000e+01 -1.812500000000000000e+00
9.590000152587890625e+00 -1.259999990463256836e+00 1.149999976158142090e+00 -5.075000000000000000e+01 2.537500000000000000e+01 2.500000000000000000e+00 -5.000000000000000000e+00 -1.718750000000000000e+01 -5.000000000000000000e-01
9.729999542236328125e+00 -8.100000023841857910e-01 1.070000052452087402e+00 -5.075000000000000000e+01 2.537500000000000000e+01 2.500000000000000000e+00 -7.125000000000000000e+00 -9.375000000000000000e+00 2.937500000000000000e+00
9.640000343322753906e+00 -5.600000023841857910e-01 1.129999995231628418e+00 -5.075000000000000000e+01 2.537500000000000000e+01 2.500000000000000000e+00 -7.125000000000000000e+00 -9.375000000000000000e+00 2.937500000000000000e+00
9.539999961853027344e+00 -1.029999971389770508e+00 1.210000038146972656e+00 -5.150000000000000000e+01 2.537500000000000000e+01 3.687500000000000000e+00 -8.125000000000000000e+00 -1.562500000000000000e+00 7.312500000000000000e+00
9.649999618530273438e+00 -1.429999947547912598e+00 9.900000095367431641e-01 -5.150000000000000000e+01 2.537500000000000000e+01 3.687500000000000000e+00 -5.375000000000000000e+00 1.431250000000000000e+01 1.100000000000000000e+01
9.649999618530273438e+00 -2.069999933242797852e+00 6.299999952316284180e-01 -5.150000000000000000e+01 2.537500000000000000e+01 3.687500000000000000e+00 -4.187500000000000000e+00 2.487500000000000000e+01 9.812500000000000000e+00
9.710000038146972656e+00 -2.880000114440917969e+00 3.000000119209289551e-01 -5.150000000000000000e+01 2.537500000000000000e+01 3.687500000000000000e+00 3.125000000000000000e-01 3.775000000000000000e+01 4.937500000000000000e+00
9.939999580383300781e+00 -2.970000028610229492e+00 -2.099999934434890747e-01 -5.150000000000000000e+01 2.537500000000000000e+01 3.687500000000000000e+00 3.125000000000000000e-01 3.775000000000000000e+01 4.937500000000000000e+00
9.970000267028808594e+00 -3.759999990463256836e+00 -5.600000023841857910e-01 -5.037500000000000000e+01 2.618750000000000000e+01 4.062500000000000000e+00 5.187500000000000000e+00 5.300000000000000000e+01 -9.375000000000000000e-01
1.009000015258789062e+01 -4.449999809265136719e+00 -9.300000071525573730e-01 -5.037500000000000000e+01 2.618750000000000000e+01 4.062500000000000000e+00 2.012500000000000000e+01 9.131250000000000000e+01 -2.256250000000000000e+01
1.010999965667724609e+01 -4.429999828338623047e+00 -1.200000047683715820e+00 -5.037500000000000000e+01 2.618750000000000000e+01 4.062500000000000000e+00 2.556250000000000000e+01 1.098750000000000000e+02 -3.281250000000000000e+01
1.010999965667724609e+01 -1.269999980926513672e+00 2.300000041723251343e-01 -5.037500000000000000e+01 2.618750000000000000e+01 4.062500000000000000e+00 2.275000000000000000e+01 1.275625000000000000e+02 -3.543750000000000000e+01
9.399999618530273438e+00 -8.000000119209289551e-01 9.200000166893005371e-01 -5.037500000000000000e+01 2.618750000000000000e+01 4.062500000000000000e+00 2.275000000000000000e+01 1.275625000000000000e+02 -3.543750000000000000e+01
8.500000000000000000e+00 2.460000038146972656e+00 2.650000095367431641e+00 -5.106250000000000000e+01 2.687500000000000000e+01 5.000000000000000000e-01 1.862500000000000000e+01 1.385625000000000000e+02 -2.968750000000000000e+01
8.760000228881835938e+00 4.530000209808349609e+00 4.500000000000000000e+00 -5.106250000000000000e+01 2.687500000000000000e+01 5.000000000000000000e-01 -1.068750000000000000e+01 1.401875000000000000e+02 1.262500000000000000e+01
8.630000114440917969e+00 2.869999885559082031e+00 5.739999771118164062e+00 -5.106250000000000000e+01 2.687500000000000000e+01 5.000000000000000000e-01 -1.781250000000000000e+01 1.356250000000000000e+02 3.775000000000000000e+01
8.220000267028808594e+00 3.259999990463256836e+00 5.269999980926513672e+00 -5.106250000000000000e+01 2.687500000000000000e+01 5.000000000000000000e-01 -1.993750000000000000e+01 1.316250000000000000e+02 6.175000000000000000e+01
8.239999771118164062e+00 3.640000104904174805e+00 5.599999904632568359e+00 -5.106250000000000000e+01 2.687500000000000000e+01 5.000000000000000000e-01 -1.993750000000000000e+01 1.316250000000000000e+02 6.175000000000000000e+01
8.390000343322753906e+00 -1.399999976158142090e+00 4.730000019073486328e+00 -5.206250000000000000e+01 2.500000000000000000e+01 -4.750000000000000000e+00 -2.237500000000000000e+01 1.339375000000000000e+02 8.131250000000000000e+01
7.820000171661376953e+00 -4.219999790191650391e+00 5.539999961853027344e+00 -5.206250000000000000e+01 2.500000000000000000e+01 -4.750000000000000000e+00 -1.106250000000000000e+01 1.383750000000000000e+02 8.556250000000000000e+01
7.300000190734863281e+00 -6.650000095367431641e+00 6.440000057220458984e+00 -5.206250000000000000e+01 2.500000000000000000e+01 -4.750000000000000000e+00 3.750000000000000000e+00 1.333125000000000000e+02 6.550000000000000000e+01
6.250000000000000000e+00 -8.359999656677246094e+00 6.289999961853027344e+00 -5.206250000000000000e+01 2.500000000000000000e+01 -4.750000000000000000e+00 1.862500000000000000e+01 1.213125000000000000e+02 4.037500000000000000e+01
6.139999866485595703e+00 -7.909999847412109375e+00 6.250000000000000000e+00 -5.206250000000000000e+01 2.500000000000000000e+01 -4.750000000000000000e+00 1.862500000000000000e+01 1.213125000000000000e+02 4.037500000000000000e+01
6.889999866485595703e+00 -6.239999771118164062e+00 7.179999828338623047e+00 -4.987500000000000000e+01 2.837500000000000000e+01 -7.562500000000000000e+00 2.718750000000000000e+01 1.040000000000000000e+02 1.100000000000000000e+01
6.480000019073486328e+00 -4.619999885559082031e+00 7.340000152587890625e+00 -4.987500000000000000e+01 2.837500000000000000e+01 -7.562500000000000000e+00 2.356250000000000000e+01 7.643750000000000000e+01 -2.618750000000000000e+01
6.739999771118164062e+00 -2.480000019073486328e+00 7.630000114440917969e+00 -4.987500000000000000e+01 2.837500000000000000e+01 -7.562500000000000000e+00 2.200000000000000000e+01 6.837500000000000000e+01 -3.000000000000000000e+01
8.470000267028808594e+00 4.499999880790710449e-01 5.409999847412109375e+00 -4.987500000000000000e+01 2.837500000000000000e+01 -7.562500000000000000e+00 1.712500000000000000e+01 6.925000000000000000e+01 -2.368750000000000000e+01
8.329999923706054688e+00 1.259999990463256836e+00 4.010000228881835938e+00 -4.987500000000000000e+01 2.837500000000000000e+01 -7.562500000000000000e+00 1.712500000000000000e+01 6.925000000000000000e+01 -2.368750000000000000e+01
7.820000171661376953e+00 1.850000023841857910e+00 4.570000171661376953e+00 -4.725000000000000000e+01 2.918750000000000000e+01 -1.500000000000000000e+01 1.025000000000000000e+01 7.987500000000000000e+01 -1.193750000000000000e+01
6.869999885559082031e+00 7.300000190734863281e-01 6.820000171661376953e+00 -4.725000000000000000e+01 2.918750000000000000e+01 -1.500000000000000000e+01 1.750000000000000000e+00 8.975000000000000000e+01 1.500000000000000000e+00
6.420000076293945312e+00 2.999999932944774628e-02 7.400000095367431641e+00 -4.725000000000000000e+01 2.918750000000000000e+01 -1.500000000000000000e+01 -3.687500000000000000e+00 9.631250000000000000e+01 1.368750000000000000e+01
6.300000190734863281e+00 -4.900000095367431641e-01 7.940000057220458984e+00 -4.725000000000000000e+01 2.918750000000000000e+01 -1.500000000000000000e+01 -5.750000000000000000e+00 9.468750000000000000e+01 2.200000000000000000e+01
6.420000076293945312e+00 -1.330000042915344238e+00 8.310000419616699219e+00 -4.725000000000000000e+01 2.918750000000000000e+01 -1.500000000000000000e+01 -7.312500000000000000e+00 8.662500000000000000e+01 2.681250000000000000e+01
6.760000228881835938e+00 -3.380000114440917969e+00 7.440000057220458984e+00 -4.656250000000000000e+01 2.837500000000000000e+01 -1.775000000000000000e+01 -6.875000000000000000e+00 7.575000000000000000e+01 2.875000000000000000e+01
7.179999828338623047e+00 -3.980000019073486328e+00 6.429999828338623047e+00 -4.656250000000000000e+01 2.837500000000000000e+01 -1.775000000000000000e+01 -5.250000000000000000e+00 6.606250000000000000e+01 2.656250000000000000e+01
7.679999828338623047e+00 -3.700000047683715820e+00 5.619999885559082031e+00 -4.656250000000000000e+01 2.837500000000000000e+01 -1.775000000000000000e+01 -1.375000000000000000e+00 6.106250000000000000e+01 2.150000000000000000e+01
8.010000228881835938e+00 -3.200000047683715820e+00 4.719999790191650391e+00 -4.656250000000000000e+01 2.837500000000000000e+01 -1.775000000000000000e+01 2.750000000000000000e+00 6.325000000000000000e+01 1.668750000000000000e+01
8.050000190734863281e+00 -2.480000019073486328e+00 3.670000076293945312e+00 -4.656250000000000000e+01 2.837500000000000000e+01 -1.775000000000000000e+01 4.812500000000000000e+00 7.437500000000000000e+01 1.318750000000000000e+01
7.289999961853027344e+00 -2.470000028610229492e+00 4.250000000000000000e+00 -4.475000000000000000e+01 2.950000000000000000e+01 -2.106250000000000000e+01 6.125000000000000000e+00 9.143750000000000000e+01 1.037500000000000000e+01
6.130000114440917969e+00 -2.799999952316284180e+00 6.179999828338623047e+00 -4.475000000000000000e+01 2.950000000000000000e+01 -2.106250000000000000e+01 7.750000000000000000e+00 1.095000000000000000e+02 6.687500000000000000e+00
4.389999866485595703e+00 -2.779999971389770508e+00 1.006999969482421875e+01 -4.475000000000000000e+01 2.950000000000000000e+01 -2.106250000000000000e+01 1.212500000000000000e+01 1.201250000000000000e+02 0.000000000000000000e+00
4.610000133514404297e+00 -3.119999885559082031e+00 1.035000038146972656e+01 -4.475000000000000000e+01 2.950000000000000000e+01 -2.106250000000000000e+01 1.625000000000000000e+01 1.168125000000000000e+02 -7.687500000000000000e+00
5.099999904632568359e+00 -1.659999966621398926e+00 1.010999965667724609e+01 -4.475000000000000000e+01 2.950000000000000000e+01 -2.106250000000000000e+01 1.981250000000000000e+01 1.004375000000000000e+02 -1.368750000000000000e+01
2.990000009536743164e+00 -9.499999880790710449e-01 1.280000019073486328e+01 -4.287500000000000000e+01 2.918750000000000000e+01 -2.600000000000000000e+01 2.237500000000000000e+01 7.725000000000000000e+01 -1.368750000000000000e+01
3.980000019073486328e+00 6.499999761581420898e-01 1.111999988555908203e+01 -4.287500000000000000e+01 2.918750000000000000e+01 -2.600000000000000000e+01 2.018750000000000000e+01 3.731250000000000000e+01 -4.500000000000000000e+00
4.849999904632568359e+00 -1.120000004768371582e+00 8.760000228881835938e+00 -4.287500000000000000e+01 2.918750000000000000e+01 -2.600000000000000000e+01 -2.500000000000000000e-01 8.187500000000000000e+00 1.000000000000000000e+01
