5.639999866485595703e+00 -2.549999952316284180e+00 7.610000133514404297e+00 -3.725000000000000000e+01 3.475000000000000000e+01 -2.856250000000000000e+01 6.250000000000000000e-02 -6.250000000000000000e-02 -1.250000000000000000e-01
5.619999885559082031e+00 -2.559999942779541016e+00 7.619999885559082031e+00 -3.725000000000000000e+01 3.475000000000000000e+01 -2.856250000000000000e+01 -1.250000000000000000e-01 6.250000000000000000e-02 -1.875000000000000000e-01
5.619999885559082031e+00 -2.569999933242797852e+00 7.619999885559082031e+00 -3.725000000000000000e+01 3.475000000000000000e+01 -2.856250000000000000e+01 6.250000000000000000e-02 1.875000000000000000e-01 -1.250000000000000000e-01
5.599999904632568359e+00 -2.539999961853027344e+00 7.619999885559082031e+00 -3.725000000000000000e+01 3.475000000000000000e+01 -2.856250000000000000e+01 -6.250000000000000000e-02 6.250000000000000000e-02 -6.250000000000000000e-02
5.610000133514404297e+00 -2.549999952316284180e+00 7.590000152587890625e+00 -3.768750000000000000e+01 3.406250000000000000e+01 -2.856250000000000000e+01 -6.250000000000000000e-02 1.250000000000000000e-01 -6.250000000000000000e-02
5.610000133514404297e+00 -2.559999942779541016e+00 7.630000114440917969e+00 -3.768750000000000000e+01 3.406250000000000000e+01 -2.856250000000000000e+01 6.250000000000000000e-02 0.000000000000000000e+00 6.250000000000000000e-02
5.599999904632568359e+00 -2.579999923706054688e+00 7.599999904632568359e+00 -3.768750000000000000e+01 3.406250000000000000e+01 -2.856250000000000000e+01 0.000000000000000000e+00 2.500000000000000000e-01 6.250000000000000000e-02
5.590000152587890625e+00 -2.589999914169311523e+00 7.610000133514404297e+00 -3.768750000000000000e+01 3.406250000000000000e+01 -2.856250000000000000e+01 6.250000000000000000e-02 1.875000000000000000e-01 -6.250000000000000000e-02
5.619999885559082031e+00 -2.579999923706054688e+00 7.590000152587890625e+00 -3.768750000000000000e+01 3.406250000000000000e+01 -2.856250000000000000e+01 2.500000000000000000e-01 1.875000000000000000e-01 -1.875000000000000000e-01
5.599999904632568359e+00 -2.589999914169311523e+00 7.610000133514404297e+00 -3.656250000000000000e+01 3.450000000000000000e+01 -2.818750000000000000e+01 1.250000000000000000e-01 -1.250000000000000000e-01 -6.250000000000000000e-02
5.599999904632568359e+00 -2.599999904632568359e+00 7.630000114440917969e+00 -3.656250000000000000e+01 3.450000000000000000e+01 -2.818750000000000000e+01 2.500000000000000000e-01 0.000000000000000000e+00 -2.500000000000000000e-01
5.590000152587890625e+00 -2.599999904632568359e+00 7.610000133514404297e+00 -3.656250000000000000e+01 3.450000000000000000e+01 -2.818750000000000000e+01 4.375000000000000000e-01 -1.250000000000000000e-01 -4.375000000000000000e-01
5.570000171661376953e+00 -2.559999942779541016e+00 7.570000171661376953e+00 -3.656250000000000000e+01 3.450000000000000000e+01 -2.818750000000000000e+01 5.625000000000000000e-01 -3.125000000000000000e-01 -4.375000000000000000e-01
5.480000019073486328e+00 -2.589999914169311523e+00 7.619999885559082031e+00 -3.656250000000000000e+01 3.450000000000000000e+01 -2.818750000000000000e+01 6.875000000000000000e-01 -5.000000000000000000e-01 -5.000000000000000000e-01
5.360000133514404297e+00 -2.619999885559082031e+00 7.510000228881835938e+00 -3.656250000000000000e+01 3.450000000000000000e+01 -2.856250000000000000e+01 9.375000000000000000e-01 -5.625000000000000000e-01 -7.500000000000000000e-01
5.239999771118164062e+00 -2.869999885559082031e+00 7.610000133514404297e+00 -3.656250000000000000e+01 3.450000000000000000e+01 -2.856250000000000000e+01 1.937500000000000000e+00 -8.750000000000000000e-01 -1.937500000000000000e+00
5.130000114440917969e+00 -2.940000057220458984e+00 7.469999790191650391e+00 -3.656250000000000000e+01 3.450000000000000000e+01 -2.856250000000000000e+01 3.062500000000000000e+00 -1.875000000000000000e+00 -3.250000000000000000e+00
4.440000057220458984e+00 -2.930000066757202148e+00 7.610000133514404297e+00 -3.656250000000000000e+01 3.450000000000000000e+01 -2.856250000000000000e+01 3.812500000000000000e+00 -2.187500000000000000e+00 -5.125000000000000000e+00
4.139999866485595703e+00 -3.259999990463256836e+00 7.630000114440917969e+00 -3.656250000000000000e+01 3.450000000000000000e+01 -2.856250000000000000e+01 4.500000000000000000e+00 -3.750000000000000000e+00 -9.812500000000000000e+00
4.250000000000000000e+00 -3.509999990463256836e+00 7.750000000000000000e+00 -3.737500000000000000e+01 3.518750000000000000e+01 -2.856250000000000000e+01 7.437500000000000000e+00 -7.375000000000000000e+00 -1.531250000000000000e+01
4.800000190734863281e+00 -3.539999961853027344e+00 7.739999771118164062e+00 -3.737500000000000000e+01 3.518750000000000000e+01 -2.856250000000000000e+01 1.075000000000000000e+01 -1.068750000000000000e+01 -2.037500000000000000e+01
5.219999790191650391e+00 -2.849999904632568359e+00 7.820000171661376953e+00 -3.737500000000000000e+01 3.518750000000000000e+01 -2.856250000000000000e+01 1.425000000000000000e+01 -1.437500000000000000e+01 -2.368750000000000000e+01
5.489999771118164062e+00 -2.029999971389770508e+00 8.239999771118164062e+00 -3.737500000000000000e+01 3.518750000000000000e+01 -2.856250000000000000e+01 1.450000000000000000e+01 -1.731250000000000000e+01 -2.468750000000000000e+01
5.780000209808349609e+00 -8.100000023841857910e-01 9.079999923706054688e+00 -3.737500000000000000e+01 3.518750000000000000e+01 -2.856250000000000000e+01 1.000000000000000000e+01 -2.025000000000000000e+01 -2.343750000000000000e+01
4.889999866485595703e+00 -1.440000057220458984e+00 9.250000000000000000e+00 -3.656250000000000000e+01 3.406250000000000000e+01 -2.818750000000000000e+01 6.875000000000000000e-01 -2.193750000000000000e+01 -1.975000000000000000e+01
4.389999866485595703e+00 -1.620000004768371582e+00 9.060000419616699219e+00 -3.656250000000000000e+01 3.406250000000000000e+01 -2.818750000000000000e+01 -9.500000000000000000e+00 -2.525000000000000000e+01 -1.606250000000000000e+01
4.820000171661376953e+00 -1.950000047683715820e+00 9.170000076293945312e+00 -3.656250000000000000e+01 3.406250000000000000e+01 -2.818750000000000000e+01 -1.931250000000000000e+01 -3.331250000000000000e+01 -1.956250000000000000e+01
6.429999828338623047e+00 -3.420000076293945312e+00 9.729999542236328125e+00 -3.656250000000000000e+01 3.406250000000000000e+01 -2.818750000000000000e+01 -2.181250000000000000e+01 -4.912500000000000000e+01 -2.375000000000000000e+01
6.329999923706054688e+00 -3.750000000000000000e+00 1.019999980926513672e+01 -3.656250000000000000e+01 3.406250000000000000e+01 -2.818750000000000000e+01 -1.706250000000000000e+01 -6.750000000000000000e+01 -2.512500000000000000e+01
6.139999866485595703e+00 -3.720000028610229492e+00 9.939999580383300781e+00 -3.800000000000000000e+01 3.368750000000000000e+01 -2.737500000000000000e+01 -5.187500000000000000e+00 -8.768750000000000000e+01 -2.837500000000000000e+01
5.219999790191650391e+00 -2.450000047683715820e+00 9.680000305175781250e+00 -3.800000000000000000e+01 3.368750000000000000e+01 -2.737500000000000000e+01 7.500000000000000000e+00 -1.115625000000000000e+02 -2.787500000000000000e+01
4.920000076293945312e+00 -1.850000023841857910e+00 1.009000015258789062e+01 -3.800000000000000000e+01 3.368750000000000000e+01 -2.737500000000000000e+01 1.400000000000000000e+01 -1.405625000000000000e+02 -2.443750000000000000e+01
4.650000095367431641e+00 -2.019999980926513672e+00 9.649999618530273438e+00 -3.800000000000000000e+01 3.368750000000000000e+01 -2.737500000000000000e+01 1.550000000000000000e+01 -1.665000000000000000e+02 -2.275000000000000000e+01
4.829999923706054688e+00 -1.759999990463256836e+00 8.899999618530273438e+00 -3.800000000000000000e+01 3.368750000000000000e+01 -2.737500000000000000e+01 1.500000000000000000e+01 -1.896250000000000000e+02 -2.287500000000000000e+01
7.590000152587890625e+00 -6.800000071525573730e-01 6.659999847412109375e+00 -4.025000000000000000e+01 3.256250000000000000e+01 -2.450000000000000000e+01 9.312500000000000000e+00 -2.008125000000000000e+02 -2.431250000000000000e+01
6.309999942779541016e+00 -1.279999971389770508e+00 6.440000057220458984e+00 -4.025000000000000000e+01 3.256250000000000000e+01 -2.450000000000000000e+01 -7.125000000000000000e+00 -1.911250000000000000e+02 -2.456250000000000000e+01
6.340000152587890625e+00 -2.309999942779541016e+00 6.039999961853027344e+00 -4.025000000000000000e+01 3.256250000000000000e+01 -2.450000000000000000e+01 -1.337500000000000000e+01 -1.893125000000000000e+02 -2.400000000000000000e+01
7.619999885559082031e+00 -2.339999914169311523e+00 5.500000000000000000e+00 -4.025000000000000000e+01 3.256250000000000000e+01 -2.450000000000000000e+01 -1.187500000000000000e+01 -1.855625000000000000e+02 -2.406250000000000000e+01
7.679999828338623047e+00 -1.860000014305114746e+00 4.099999904632568359e+00 -4.025000000000000000e+01 3.256250000000000000e+01 -2.450000000000000000e+01 -5.625000000000000000e+00 -1.776250000000000000e+02 -2.250000000000000000e+01
7.869999885559082031e+00 -1.029999971389770508e+00 3.420000076293945312e+00 -4.437500000000000000e+01 3.175000000000000000e+01 -1.756250000000000000e+01 2.125000000000000000e+00 -1.677500000000000000e+02 -1.906250000000000000e+01
8.970000267028808594e+00 -6.999999880790710449e-01 2.769999980926513672e+00 -4.437500000000000000e+01 3.175000000000000000e+01 -1.756250000000000000e+01 4.187500000000000000e+00 -1.548750000000000000e+02 -1.537500000000000000e+01
8.500000000000000000e+00 -1.450000047683715820e+00 2.880000114440917969e+00 -4.437500000000000000e+01 3.175000000000000000e+01 -1.756250000000000000e+01 5.250000000000000000e+00 -1.408125000000000000e+02 -1.193750000000000000e+01
8.960000038146972656e+00 -1.490000009536743164e+00 2.430000066757202148e+00 -4.437500000000000000e+01 3.175000000000000000e+01 -1.756250000000000000e+01 4.812500000000000000e+00 -1.293750000000000000e+02 -1.050000000000000000e+01
8.840000152587890625e+00 -1.480000019073486328e+00 2.549999952316284180e+00 -4.437500000000000000e+01 3.175000000000000000e+01 -1.756250000000000000e+01 4.375000000000000000e-01 -1.175000000000000000e+02 -9.187500000000000000e+00
9.810000419616699219e+00 -1.879999995231628418e+00 2.299999952316284180e+00 -4.700000000000000000e+01 3.106250000000000000e+01 -1.100000000000000000e+01 -5.562500000000000000e+00 -1.065625000000000000e+02 -7.062500000000000000e+00
9.500000000000000000e+00 -2.460000038146972656e+00 2.230000019073486328e+00 -4.700000000000000000e+01 3.106250000000000000e+01 -1.100000000000000000e+01 -1.000000000000000000e+01 -9.500000000000000000e+01 -5.500000000000000000e+00
9.600000381469726562e+00 -2.299999952316284180e+00 2.450000047683715820e+00 -4.700000000000000000e+01 3.106250000000000000e+01 -1.100000000000000000e+01 -1.112500000000000000e+01 -8.587500000000000000e+01 -5.750000000000000000e+00
9.670000076293945312e+00 -2.180000066757202148e+00 2.359999895095825195e+00 -4.700000000000000000e+01 3.106250000000000000e+01 -1.100000000000000000e+01 -1.100000000000000000e+01 -7.737500000000000000e+01 -6.500000000000000000e+00
9.260000228881835938e+00 -2.170000076293945312e+00 2.539999961853027344e+00 -4.700000000000000000e+01 3.106250000000000000e+01 -1.100000000000000000e+01 -9.437500000000000000e+00 -6.975000000000000000e+01 -7.250000000000000000e+00
9.250000000000000000e+00 -1.860000014305114746e+00 2.539999961853027344e+00 -4.887500000000000000e+01 3.025000000000000000e+01 -7.000000000000000000e+00 -7.937500000000000000e+00 -6.250000000000000000e+01 -7.750000000000000000e+00
9.189999580383300781e+00 -1.779999971389770508e+00 2.380000114440917969e+00 -4.887500000000000000e+01 3.025000000000000000e+01 -7.000000000000000000e+00 -6.125000000000000000e+00 -5.493750000000000000e+01 -7.000000000000000000e+00
9.210000038146972656e+00 -1.809999942779541016e+00 2.509999990463256836e+00 -4.887500000000000000e+01 3.025000000000000000e+01 -7.000000000000000000e+00 -3.250000000000000000e+00 -4.793750000000000000e+01 -5.750000000000000000e+00
9.239999771118164062e+00 -1.830000042915344238e+00 2.460000038146972656e+00 -4.887500000000000000e+01 3.025000000000000000e+01 -7.000000000000000000e+00 5.625000000000000000e-01 -4.075000000000000000e+01 -5.062500000000000000e+00
9.279999732971191406e+00 -1.750000000000000000e+00 2.640000104904174805e+00 -4.887500000000000000e+01 3.025000000000000000e+01 -7.000000000000000000e+00 2.875000000000000000e+00 -3.487500000000000000e+01 -4.062500000000000000e+00
9.260000228881835938e+00 -1.909999966621398926e+00 2.630000114440917969e+00 -4.800000000000000000e+01 3.025000000000000000e+01 -3.250000000000000000e+00 2.625000000000000000e+00 -2.962500000000000000e+01 -3.437500000000000000e+00
9.189999580383300781e+00 -1.899999976158142090e+00 2.700000047683715820e+00 -4.800000000000000000e+01 3.025000000000000000e+01 -3.250000000000000000e+00 1.750000000000000000e+00 -2.575000000000000000e+01 -3.375000000000000000e+00
9.130000114440917969e+00 -1.830000042915344238e+00 2.789999961853027344e+00 -4.800000000000000000e+01 3.025000000000000000e+01 -3.250000000000000000e+00 3.750000000000000000e-01 -2.300000000000000000e+01 -3.312500000000000000e+00
8.960000038146972656e+00 -1.799999952316284180e+00 2.799999952316284180e+00 -4.800000000000000000e+01 3.025000000000000000e+01 -3.250000000000000000e+00 -1.125000000000000000e+00 -2.062500000000000000e+01 -3.125000000000000000e+00
9.119999885559082031e+00 -1.600000023841857910e+00 2.710000038146972656e+00 -4.800000000000000000e+01 3.025000000000000000e+01 -3.250000000000000000e+00 -1.812500000000000000e+00 -1.887500000000000000e+01 -3.062500000000000000e+00
9.159999847412109375e+00 -1.639999985694885254e+00 2.759999990463256836e+00 -4.887500000000000000e+01 3.025000000000000000e+01 -3.250000000000000000e+00 -2.562500000000000000e+00 -1.700000000000000000e+01 -2.437500000000000000e+00
8.960000038146972656e+00 -1.549999952316284180e+00 2.569999933242797852e+00 -4.887500000000000000e+01 3.025000000000000000e+01 -3.250000000000000000e+00 -3.562500000000000000e+00 -1.506250000000000000e+01 -1.187500000000000000e+00
9.060000419616699219e+00 -1.769999980926513672e+00 2.569999933242797852e+00 -4.887500000000000000e+01 3.025000000000000000e+01 -3.250000000000000000e+00 -3.562500000000000000e+00 -1.281250000000000000e+01 -8.125000000000000000e-01
9.039999961853027344e+00 -1.870000004768371582e+00 2.539999961853027344e+00 -4.887500000000000000e+01 3.025000000000000000e+01 -3.250000000000000000e+00 -2.250000000000000000e+00 -1.056250000000000000e+01 -1.250000000000000000e+00
9.069999694824218750e+00 -1.710000038146972656e+00 2.609999895095825195e+00 -4.887500000000000000e+01 3.025000000000000000e+01 -3.250000000000000000e+00 -1.500000000000000000e+00 -8.750000000000000000e+00 -1.250000000000000000e+00
9.050000190734863281e+00 -1.220000028610229492e+00 2.509999990463256836e+00 -4.837500000000000000e+01 3.068750000000000000e+01 -2.375000000000000000e+00 -2.062500000000000000e+00 -6.812500000000000000e+00 0.000000000000000000e+00
8.970000267028808594e+00 -1.039999961853027344e+00 2.349999904632568359e+00 -4.837500000000000000e+01 3.068750000000000000e+01 -2.375000000000000000e+00 -2.937500000000000000e+00 -4.687500000000000000e+00 2.250000000000000000e+00
8.779999732971191406e+00 -9.900000095367431641e-01 2.230000019073486328e+00 -4.837500000000000000e+01 3.068750000000000000e+01 -2.375000000000000000e+00 -3.250000000000000000e+00 -2.375000000000000000e+00 4.625000000000000000e+00
8.689999580383300781e+00 -1.460000038146972656e+00 1.899999976158142090e+00 -4.837500000000000000e+01 3.068750000000000000e+01 -2.375000000000000000e+00 -3.062500000000000000e+00 4.375000000000000000e-01 6.500000000000000000e+00
8.569999694824218750e+00 -1.370000004768371582e+00 1.519999980926513672e+00 -4.837500000000000000e+01 3.068750000000000000e+01 -2.375000000000000000e+00 -2.625000000000000000e+00 4.187500000000000000e+00 7.250000000000000000e+00
8.460000038146972656e+00 -1.440000057220458984e+00 1.049999952316284180e+00 -4.875000000000000000e+01 3.000000000000000000e+01 -1.062500000000000000e+00 -3.250000000000000000e+00 9.625000000000000000e+00 7.875000000000000000e+00
8.890000343322753906e+00 -1.940000057220458984e+00 4.900000095367431641e-01 -4.875000000000000000e+01 3.000000000000000000e+01 -1.062500000000000000e+00 -2.500000000000000000e+00 1.868750000000000000e+01 7.500000000000000000e+00
8.789999961853027344e+00 -2.480000019073486328e+00 1.400000005960464478e-01 -4.875000000000000000e+01 3.000000000000000000e+01 -1.062500000000000000e+00 2.812500000000000000e+00 3.093750000000000000e+01 5.250000000000000000e+00
1.028999996185302734e+01 -2.930000066757202148e+00 2.800000011920928955e-01 -4.875000000000000000e+01 3.000000000000000000e+01 -1.062500000000000000e+00 9.437500000000000000e+00 4.506250000000000000e+01 2.562500000000000000e+00
9.819999694824218750e+00 -3.440000057220458984e+00 8.199999928474426270e-01 -4.875000000000000000e+01 3.000000000000000000e+01 -1.062500000000000000e+00 1.362500000000000000e+01 6.037500000000000000e+01 -1.875000000000000000e+00
9.390000343322753906e+00 -3.750000000000000000e+00 1.580000042915344238e+00 -4.950000000000000000e+01 3.068750000000000000e+01 -1.875000000000000000e+00 1.631250000000000000e+01 7.281250000000000000e+01 -7.562500000000000000e+00
1.090999984741210938e+01 -3.500000000000000000e+00 2.609999895095825195e+00 -4.950000000000000000e+01 3.068750000000000000e+01 -1.875000000000000000e+00 2.112500000000000000e+01 8.306250000000000000e+01 -1.281250000000000000e+01
1.043000030517578125e+01 -3.420000076293945312e+00 2.849999904632568359e+00 -4.950000000000000000e+01 3.068750000000000000e+01 -1.875000000000000000e+00 2.706250000000000000e+01 9.368750000000000000e+01 -1.693750000000000000e+01
1.017000007629394531e+01 -3.079999923706054688e+00 2.819999933242797852e+00 -4.950000000000000000e+01 3.068750000000000000e+01 -1.875000000000000000e+00 3.450000000000000000e+01 1.023750000000000000e+02 -2.156250000000000000e+01
1.035999965667724609e+01 -1.769999980926513672e+00 2.200000047683715820e+00 -4.950000000000000000e+01 3.068750000000000000e+01 -1.875000000000000000e+00 3.850000000000000000e+01 1.114375000000000000e+02 -2.425000000000000000e+01
1.053999996185302734e+01 -1.490000009536743164e+00 1.840000033378601074e+00 -4.875000000000000000e+01 3.068750000000000000e+01 -4.375000000000000000e+00 3.868750000000000000e+01 1.232500000000000000e+02 -2.362500000000000000e+01
9.979999542236328125e+00 -6.100000143051147461e-01 1.779999971389770508e+00 -4.875000000000000000e+01 3.068750000000000000e+01 -4.375000000000000000e+00 3.687500000000000000e+01 1.378125000000000000e+02 -1.906250000000000000e+01
9.800000190734863281e+00 3.600000143051147461e-01 1.929999947547912598e+00 -4.875000000000000000e+01 3.068750000000000000e+01 -4.375000000000000000e+00 3.362500000000000000e+01 1.544375000000000000e+02 -1.143750000000000000e+01
7.380000114440917969e+00 2.250000000000000000e+00 3.779999971389770508e+00 -4.875000000000000000e+01 3.068750000000000000e+01 -4.375000000000000000e+00 3.006250000000000000e+01 1.655625000000000000e+02 3.125000000000000000e+00
6.869999885559082031e+00 1.360000014305114746e+00 5.760000228881835938e+00 -4.875000000000000000e+01 3.068750000000000000e+01 -4.375000000000000000e+00 2.256250000000000000e+01 1.731250000000000000e+02 1.550000000000000000e+01
6.980000019073486328e+00 -1.029999971389770508e+00 7.150000095367431641e+00 -4.950000000000000000e+01 2.968750000000000000e+01 -1.087500000000000000e+01 1.368750000000000000e+01 1.795625000000000000e+02 1.900000000000000000e+01
6.579999923706054688e+00 -2.940000057220458984e+00 7.139999866485595703e+00 -4.950000000000000000e+01 2.968750000000000000e+01 -1.087500000000000000e+01 4.062500000000000000e+00 1.774375000000000000e+02 1.575000000000000000e+01
5.369999885559082031e+00 -4.500000000000000000e+00 7.730000019073486328e+00 -4.950000000000000000e+01 2.968750000000000000e+01 -1.087500000000000000e+01 -3.750000000000000000e+00 1.748750000000000000e+02 6.250000000000000000e+00
5.199999809265136719e+00 -4.389999866485595703e+00 7.719999790191650391e+00 -4.950000000000000000e+01 2.968750000000000000e+01 -1.087500000000000000e+01 -2.562500000000000000e+00 1.720000000000000000e+02 -8.125000000000000000e+00
5.599999904632568359e+00 -2.190000057220458984e+00 7.449999809265136719e+00 -4.950000000000000000e+01 2.968750000000000000e+01 -1.087500000000000000e+01 -8.187500000000000000e+00 1.645625000000000000e+02 -2.000000000000000000e+01
5.670000076293945312e+00 1.950000047683715820e+00 8.199999809265136719e+00 -4.656250000000000000e+01 3.000000000000000000e+01 -1.787500000000000000e+01 -2.306250000000000000e+01 1.621875000000000000e+02 -2.475000000000000000e+01
5.559999942779541016e+00 1.370000004768371582e+00 8.880000114440917969e+00 -4.656250000000000000e+01 3.000000000000000000e+01 -1.787500000000000000e+01 -4.637500000000000000e+01 1.567500000000000000e+02 -2.425000000000000000e+01
5.949999809265136719e+00 -2.099999934434890747e-01 8.909999847412109375e+00 -4.656250000000000000e+01 3.000000000000000000e+01 -1.787500000000000000e+01 -6.431250000000000000e+01 1.465000000000000000e+02 -2.231250000000000000e+01
5.929999828338623047e+00 -2.000000000000000000e+00 7.719999790191650391e+00 -4.656250000000000000e+01 3.000000000000000000e+01 -1.787500000000000000e+01 -6.518750000000000000e+01 1.367500000000000000e+02 -1.843750000000000000e+01
6.489999771118164062e+00 -1.889999985694885254e+00 7.360000133514404297e+00 -4.656250000000000000e+01 3.000000000000000000e+01 -1.787500000000000000e+01 -5.862500000000000000e+01 1.283125000000000000e+02 -1.493750000000000000e+01
6.780000209808349609e+00 -8.100000023841857910e-01 6.670000076293945312e+00 -4.468750000000000000e+01 2.887500000000000000e+01 -2.318750000000000000e+01 -5.100000000000000000e+01 1.226875000000000000e+02 -1.031250000000000000e+01
6.030000209808349609e+00 -9.300000071525573730e-01 6.329999923706054688e+00 -4.468750000000000000e+01 2.887500000000000000e+01 -2.318750000000000000e+01 -5.012500000000000000e+01 1.246250000000000000e+02 -3.062500000000000000e+00
5.179999828338623047e+00 -1.759999990463256836e+00 7.550000190734863281e+00 -4.468750000000000000e+01 2.887500000000000000e+01 -2.318750000000000000e+01 -4.418750000000000000e+01 1.200625000000000000e+02 2.187500000000000000e+00
2.200000047683715820e+00 -3.930000066757202148e+00 1.492000007629394531e+01 -4.468750000000000000e+01 2.887500000000000000e+01 -2.318750000000000000e+01 -2.762500000000000000e+01 1.060625000000000000e+02 8.625000000000000000e+00
1.980000019073486328e+00 1.039999961853027344e+00 1.698999977111816406e+01 -4.468750000000000000e+01 2.887500000000000000e+01 -2.318750000000000000e+01 5.750000000000000000e+00 5.868750000000000000e+01 1.237500000000000000e+01
3.619999885559082031e+00 6.899999976158142090e-01 1.169999980926513672e+01 -4.218750000000000000e+01 2.925000000000000000e+01 -2.687500000000000000e+01 -1.425000000000000000e+01 8.750000000000000000e-01 1.718750000000000000e+01
