5.710000038146972656e+00 -2.319999933242797852e+00 7.590000152587890625e+00 -4.075000000000000000e+01 3.168750000000000000e+01 -2.775000000000000000e+01 6.250000000000000000e-02 -6.250000000000000000e-02 -6.250000000000000000e-02
5.710000038146972656e+00 -2.319999933242797852e+00 7.639999866485595703e+00 -4.075000000000000000e+01 3.168750000000000000e+01 -2.775000000000000000e+01 6.250000000000000000e-02 6.250000000000000000e-02 0.000000000000000000e+00
5.690000057220458984e+00 -2.309999942779541016e+00 7.599999904632568359e+00 -4.075000000000000000e+01 3.168750000000000000e+01 -2.775000000000000000e+01 0.000000000000000000e+00 0.000000000000000000e+00 -6.250000000000000000e-02
5.719999790191650391e+00 -2.349999904632568359e+00 7.610000133514404297e+00 -4.075000000000000000e+01 3.168750000000000000e+01 -2.775000000000000000e+01 -1.250000000000000000e-01 6.250000000000000000e-02 0.000000000000000000e+00
5.710000038146972656e+00 -2.319999933242797852e+00 7.610000133514404297e+00 -4.075000000000000000e+01 3.168750000000000000e+01 -2.775000000000000000e+01 -6.250000000000000000e-02 1.250000000000000000e-01 6.250000000000000000e-02
5.710000038146972656e+00 -2.329999923706054688e+00 7.599999904632568359e+00 -4.037500000000000000e+01 3.100000000000000000e+01 -2.818750000000000000e+01 1.250000000000000000e-01 0.000000000000000000e+00 0.000000000000000000e+00
5.690000057220458984e+00 -2.319999933242797852e+00 7.610000133514404297e+00 -4.037500000000000000e+01 3.100000000000000000e+01 -2.818750000000000000e+01 -6.250000000000000000e-02 6.250000000000000000e-02 6.250000000000000000e-02
5.699999809265136719e+00 -2.329999923706054688e+00 7.599999904632568359e+00 -4.037500000000000000e+01 3.100000000000000000e+01 -2.818750000000000000e+01 0.000000000000000000e+00 -1.250000000000000000e-01 1.875000000000000000e-01
5.719999790191650391e+00 -2.319999933242797852e+00 7.630000114440917969e+00 -4.037500000000000000e+01 3.100000000000000000e+01 -2.818750000000000000e+01 0.000000000000000000e+00 6.250000000000000000e-02 0.000000000000000000e+00
5.710000038146972656e+00 -2.309999942779541016e+00 7.579999923706054688e+00 -4.037500000000000000e+01 3.100000000000000000e+01 -2.818750000000000000e+01 6.250000000000000000e-02 6.250000000000000000e-02 6.250000000000000000e-02
5.690000057220458984e+00 -2.329999923706054688e+00 7.619999885559082031e+00 -4.000000000000000000e+01 3.168750000000000000e+01 -2.737500000000000000e+01 -6.250000000000000000e-02 -1.250000000000000000e-01 1.250000000000000000e-01
5.699999809265136719e+00 -2.309999942779541016e+00 7.619999885559082031e+00 -4.000000000000000000e+01 3.168750000000000000e+01 -2.737500000000000000e+01 6.250000000000000000e-02 -6.250000000000000000e-02 6.250000000000000000e-02
5.690000057220458984e+00 -2.319999933242797852e+00 7.610000133514404297e+00 -4.000000000000000000e+01 3.168750000000000000e+01 -2.737500000000000000e+01 -6.250000000000000000e-02 -6.250000000000000000e-02 0.000000000000000000e+00
5.659999847412109375e+00 -2.309999942779541016e+00 7.610000133514404297e+00 -4.000000000000000000e+01 3.168750000000000000e+01 -2.737500000000000000e+01 6.250000000000000000e-02 -2.500000000000000000e-01 6.250000000000000000e-02
5.690000057220458984e+00 -2.309999942779541016e+00 7.639999866485595703e+00 -4.000000000000000000e+01 3.168750000000000000e+01 -2.737500000000000000e+01 -1.875000000000000000e-01 -1.250000000000000000e-01 1.875000000000000000e-01
5.679999828338623047e+00 -2.329999923706054688e+00 7.630000114440917969e+00 -3.925000000000000000e+01 3.125000000000000000e+01 -2.700000000000000000e+01 -1.250000000000000000e-01 1.875000000000000000e-01 6.250000000000000000e-02
5.710000038146972656e+00 -2.309999942779541016e+00 7.630000114440917969e+00 -3.925000000000000000e+01 3.125000000000000000e+01 -2.700000000000000000e+01 -6.250000000000000000e-02 1.250000000000000000e-01 6.250000000000000000e-02
5.730000019073486328e+00 -2.220000028610229492e+00 7.610000133514404297e+00 -3.925000000000000000e+01 3.125000000000000000e+01 -2.700000000000000000e+01 -1.250000000000000000e-01 0.000000000000000000e+00 6.250000000000000000e-02
5.710000038146972656e+00 -2.150000095367431641e+00 7.639999866485595703e+00 -3.925000000000000000e+01 3.125000000000000000e+01 -2.700000000000000000e+01 -5.625000000000000000e-01 -1.250000000000000000e-01 3.125000000000000000e-01
5.650000095367431641e+00 -2.059999942779541016e+00 7.679999828338623047e+00 -3.925000000000000000e+01 3.125000000000000000e+01 -2.700000000000000000e+01 -1.125000000000000000e+00 0.000000000000000000e+00 6.250000000000000000e-01
5.730000019073486328e+00 -2.019999980926513672e+00 7.750000000000000000e+00 -4.000000000000000000e+01 3.125000000000000000e+01 -2.906250000000000000e+01 -1.937500000000000000e+00 1.875000000000000000e-01 5.625000000000000000e-01
5.840000152587890625e+00 -1.769999980926513672e+00 8.239999771118164062e+00 -4.000000000000000000e+01 3.125000000000000000e+01 -2.906250000000000000e+01 -3.625000000000000000e+00 -2.500000000000000000e-01 6.250000000000000000e-01
5.650000095367431641e+00 -1.470000028610229492e+00 8.310000419616699219e+00 -4.000000000000000000e+01 3.125000000000000000e+01 -2.906250000000000000e+01 -7.625000000000000000e+00 -2.812500000000000000e+00 1.312500000000000000e+00
5.699999809265136719e+00 -1.039999961853027344e+00 7.980000019073486328e+00 -4.000000000000000000e+01 3.125000000000000000e+01 -2.906250000000000000e+01 -1.125000000000000000e+01 -6.562500000000000000e+00 2.625000000000000000e+00
6.690000057220458984e+00 -1.800000071525573730e-01 7.840000152587890625e+00 -4.000000000000000000e+01 3.125000000000000000e+01 -2.906250000000000000e+01 -1.581250000000000000e+01 -8.187500000000000000e+00 4.250000000000000000e+00
6.300000190734863281e+00 -9.000000357627868652e-02 7.960000038146972656e+00 -3.925000000000000000e+01 3.068750000000000000e+01 -2.775000000000000000e+01 -2.031250000000000000e+01 -6.375000000000000000e+00 1.500000000000000000e+00
6.730000019073486328e+00 -6.600000262260437012e-01 8.300000190734863281e+00 -3.925000000000000000e+01 3.068750000000000000e+01 -2.775000000000000000e+01 -2.843750000000000000e+01 0.000000000000000000e+00 -1.300000000000000000e+01
8.229999542236328125e+00 5.699999928474426270e-01 7.789999961853027344e+00 -3.925000000000000000e+01 3.068750000000000000e+01 -2.775000000000000000e+01 -3.681250000000000000e+01 7.562500000000000000e+00 -3.618750000000000000e+01
8.600000381469726562e+00 5.739999771118164062e+00 8.659999847412109375e+00 -3.925000000000000000e+01 3.068750000000000000e+01 -2.775000000000000000e+01 -5.031250000000000000e+01 2.106250000000000000e+01 -6.531250000000000000e+01
9.819999694824218750e+00 5.510000228881835938e+00 7.980000019073486328e+00 -3.925000000000000000e+01 3.068750000000000000e+01 -2.775000000000000000e+01 -7.312500000000000000e+01 3.687500000000000000e+01 -9.162500000000000000e+01
1.000000000000000000e+01 5.340000152587890625e+00 8.569999694824218750e+00 -3.856250000000000000e+01 3.168750000000000000e+01 -2.700000000000000000e+01 -9.468750000000000000e+01 5.743750000000000000e+01 -1.204375000000000000e+02
1.335999965667724609e+01 2.920000076293945312e+00 8.229999542236328125e+00 -3.856250000000000000e+01 3.168750000000000000e+01 -2.700000000000000000e+01 -1.080625000000000000e+02 8.006250000000000000e+01 -1.560625000000000000e+02
1.178999996185302734e+01 1.559999942779541016e+00 8.079999923706054688e+00 -3.856250000000000000e+01 3.168750000000000000e+01 -2.700000000000000000e+01 -1.135000000000000000e+02 1.115625000000000000e+02 -1.949375000000000000e+02
9.939999580383300781e+00 1.800000071525573730e-01 6.519999980926513672e+00 -3.856250000000000000e+01 3.168750000000000000e+01 -2.700000000000000000e+01 -1.190625000000000000e+02 1.318750000000000000e+02 -2.252500000000000000e+02
8.149999618530273438e+00 -5.400000214576721191e-01 6.090000152587890625e+00 -3.856250000000000000e+01 3.168750000000000000e+01 -2.700000000000000000e+01 -1.168750000000000000e+02 1.371875000000000000e+02 -2.583750000000000000e+02
8.600000381469726562e+00 -9.800000190734863281e-01 6.059999942779541016e+00 -4.150000000000000000e+01 2.906250000000000000e+01 -2.618750000000000000e+01 -1.139375000000000000e+02 1.345625000000000000e+02 -2.874375000000000000e+02
7.329999923706054688e+00 -3.259999990463256836e+00 6.070000171661376953e+00 -4.150000000000000000e+01 2.906250000000000000e+01 -2.618750000000000000e+01 -1.176875000000000000e+02 1.363750000000000000e+02 -2.945625000000000000e+02
6.219999790191650391e+00 -6.309999942779541016e+00 5.730000019073486328e+00 -4.150000000000000000e+01 2.906250000000000000e+01 -2.618750000000000000e+01 -1.154375000000000000e+02 1.330625000000000000e+02 -2.811875000000000000e+02
4.260000228881835938e+00 -1.005000019073486328e+01 5.670000076293945312e+00 -4.150000000000000000e+01 2.906250000000000000e+01 -2.618750000000000000e+01 -1.036250000000000000e+02 1.208125000000000000e+02 -2.604375000000000000e+02
3.039999961853027344e+00 -1.131000041961669922e+01 5.619999885559082031e+00 -4.150000000000000000e+01 2.906250000000000000e+01 -2.618750000000000000e+01 -8.756250000000000000e+01 1.066875000000000000e+02 -2.353750000000000000e+02
1.730000019073486328e+00 -1.114999961853027344e+01 5.869999885559082031e+00 -4.375000000000000000e+01 2.250000000000000000e+01 -2.906250000000000000e+01 -6.868750000000000000e+01 8.987500000000000000e+01 -2.043750000000000000e+02
1.250000000000000000e+00 -1.042000007629394531e+01 6.139999866485595703e+00 -4.375000000000000000e+01 2.250000000000000000e+01 -2.906250000000000000e+01 -5.256250000000000000e+01 6.762500000000000000e+01 -1.633125000000000000e+02
1.179999947547912598e+00 -9.529999732971191406e+00 6.619999885559082031e+00 -4.375000000000000000e+01 2.250000000000000000e+01 -2.906250000000000000e+01 -3.900000000000000000e+01 4.537500000000000000e+01 -1.175000000000000000e+02
1.990000009536743164e+00 -8.560000419616699219e+00 6.789999961853027344e+00 -4.375000000000000000e+01 2.250000000000000000e+01 -2.906250000000000000e+01 -2.375000000000000000e+01 2.512500000000000000e+01 -7.725000000000000000e+01
1.919999957084655762e+00 -6.530000209808349609e+00 7.099999904632568359e+00 -4.375000000000000000e+01 2.250000000000000000e+01 -2.906250000000000000e+01 -1.150000000000000000e+01 1.006250000000000000e+01 -4.587500000000000000e+01
1.870000004768371582e+00 -4.380000114440917969e+00 7.070000171661376953e+00 -4.487500000000000000e+01 1.437500000000000000e+01 -3.025000000000000000e+01 -3.125000000000000000e+00 -3.687500000000000000e+00 -2.393750000000000000e+01
1.289999961853027344e+00 -4.099999964237213135e-01 7.519999980926513672e+00 -4.487500000000000000e+01 1.437500000000000000e+01 -3.025000000000000000e+01 -2.500000000000000000e-01 -1.768750000000000000e+01 -1.218750000000000000e+01
1.759999990463256836e+00 1.059999942779541016e+00 7.760000228881835938e+00 -4.487500000000000000e+01 1.437500000000000000e+01 -3.025000000000000000e+01 -2.875000000000000000e+00 -3.168750000000000000e+01 -1.012500000000000000e+01
2.509999990463256836e+00 1.679999947547912598e+00 7.840000152587890625e+00 -4.487500000000000000e+01 1.437500000000000000e+01 -3.025000000000000000e+01 -1.093750000000000000e+01 -4.118750000000000000e+01 -1.356250000000000000e+01
2.619999885559082031e+00 7.500000000000000000e-01 7.500000000000000000e+00 -4.487500000000000000e+01 1.437500000000000000e+01 -3.025000000000000000e+01 -2.137500000000000000e+01 -4.787500000000000000e+01 -1.800000000000000000e+01
2.539999961853027344e+00 -4.600000083446502686e-01 7.539999961853027344e+00 -4.506250000000000000e+01 1.325000000000000000e+01 -3.056250000000000000e+01 -2.931250000000000000e+01 -5.631250000000000000e+01 -2.206250000000000000e+01
3.769999980926513672e+00 -1.779999971389770508e+00 8.369999885559082031e+00 -4.506250000000000000e+01 1.325000000000000000e+01 -3.056250000000000000e+01 -3.468750000000000000e+01 -6.612500000000000000e+01 -2.462500000000000000e+01
6.690000057220458984e+00 -3.039999961853027344e+00 8.409999847412109375e+00 -4.506250000000000000e+01 1.325000000000000000e+01 -3.056250000000000000e+01 -3.762500000000000000e+01 -7.081250000000000000e+01 -2.181250000000000000e+01
9.520000457763671875e+00 -5.579999923706054688e+00 8.239999771118164062e+00 -4.506250000000000000e+01 1.325000000000000000e+01 -3.056250000000000000e+01 -3.500000000000000000e+01 -6.337500000000000000e+01 -1.237500000000000000e+01
1.027999973297119141e+01 -5.940000057220458984e+00 8.449999809265136719e+00 -4.506250000000000000e+01 1.325000000000000000e+01 -3.056250000000000000e+01 -2.643750000000000000e+01 -5.250000000000000000e+01 -6.250000000000000000e-01
1.072999954223632812e+01 -5.400000095367431641e+00 8.359999656677246094e+00 -4.575000000000000000e+01 1.287500000000000000e+01 -2.850000000000000000e+01 -1.625000000000000000e+01 -3.793750000000000000e+01 1.206250000000000000e+01
9.659999847412109375e+00 -4.219999790191650391e+00 8.180000305175781250e+00 -4.575000000000000000e+01 1.287500000000000000e+01 -2.850000000000000000e+01 -8.562500000000000000e+00 -1.981250000000000000e+01 2.462500000000000000e+01
6.010000228881835938e+00 -2.099999904632568359e+00 7.989999771118164062e+00 -4.575000000000000000e+01 1.287500000000000000e+01 -2.850000000000000000e+01 -6.875000000000000000e+00 -8.125000000000000000e+00 3.581250000000000000e+01
5.329999923706054688e+00 -2.240000009536743164e+00 7.960000038146972656e+00 -4.575000000000000000e+01 1.287500000000000000e+01 -2.850000000000000000e+01 -8.187500000000000000e+00 -6.000000000000000000e+00 4.162500000000000000e+01
5.170000076293945312e+00 -2.069999933242797852e+00 7.840000152587890625e+00 -4.575000000000000000e+01 1.287500000000000000e+01 -2.850000000000000000e+01 -9.000000000000000000e+00 -7.062500000000000000e+00 4.112500000000000000e+01
5.730000019073486328e+00 -3.069999933242797852e+00 7.840000152587890625e+00 -4.775000000000000000e+01 1.287500000000000000e+01 -2.718750000000000000e+01 -9.375000000000000000e+00 -8.375000000000000000e+00 3.981250000000000000e+01
6.519999980926513672e+00 -3.420000076293945312e+00 7.630000114440917969e+00 -4.775000000000000000e+01 1.287500000000000000e+01 -2.718750000000000000e+01 -8.437500000000000000e+00 -9.375000000000000000e+00 3.906250000000000000e+01
6.860000133514404297e+00 -3.839999914169311523e+00 7.630000114440917969e+00 -4.775000000000000000e+01 1.287500000000000000e+01 -2.718750000000000000e+01 -4.687500000000000000e+00 -6.687500000000000000e+00 4.000000000000000000e+01
7.300000190734863281e+00 -3.799999952316284180e+00 7.670000076293945312e+00 -4.775000000000000000e+01 1.287500000000000000e+01 -2.718750000000000000e+01 -6.875000000000000000e-01 -3.750000000000000000e-01 3.962500000000000000e+01
7.349999904632568359e+00 -3.720000028610229492e+00 7.750000000000000000e+00 -4.775000000000000000e+01 1.287500000000000000e+01 -2.718750000000000000e+01 3.625000000000000000e+00 7.062500000000000000e+00 4.300000000000000000e+01
7.289999961853027344e+00 -4.030000209808349609e+00 7.820000171661376953e+00 -4.706250000000000000e+01 1.475000000000000000e+01 -2.668750000000000000e+01 8.750000000000000000e+00 1.306250000000000000e+01 4.806250000000000000e+01
7.429999828338623047e+00 -4.159999847412109375e+00 7.980000019073486328e+00 -4.706250000000000000e+01 1.475000000000000000e+01 -2.668750000000000000e+01 1.406250000000000000e+01 1.812500000000000000e+01 5.306250000000000000e+01
7.630000114440917969e+00 -4.369999885559082031e+00 7.760000228881835938e+00 -4.706250000000000000e+01 1.475000000000000000e+01 -2.668750000000000000e+01 1.981250000000000000e+01 2.287500000000000000e+01 6.087500000000000000e+01
6.139999866485595703e+00 -4.829999923706054688e+00 7.329999923706054688e+00 -4.706250000000000000e+01 1.475000000000000000e+01 -2.668750000000000000e+01 2.612500000000000000e+01 2.800000000000000000e+01 7.150000000000000000e+01
4.780000209808349609e+00 -5.019999980926513672e+00 6.949999809265136719e+00 -4.706250000000000000e+01 1.475000000000000000e+01 -2.668750000000000000e+01 3.306250000000000000e+01 2.700000000000000000e+01 8.493750000000000000e+01
3.630000114440917969e+00 -4.980000019073486328e+00 6.820000171661376953e+00 -4.718750000000000000e+01 1.737500000000000000e+01 -2.668750000000000000e+01 3.975000000000000000e+01 1.762500000000000000e+01 9.943750000000000000e+01
3.890000104904174805e+00 -4.789999961853027344e+00 6.590000152587890625e+00 -4.718750000000000000e+01 1.737500000000000000e+01 -2.668750000000000000e+01 4.293750000000000000e+01 3.187500000000000000e+00 1.155625000000000000e+02
4.309999942779541016e+00 -5.030000209808349609e+00 6.239999771118164062e+00 -4.718750000000000000e+01 1.737500000000000000e+01 -2.668750000000000000e+01 4.500000000000000000e+01 -1.137500000000000000e+01 1.353125000000000000e+02
4.400000095367431641e+00 -5.559999942779541016e+00 5.550000190734863281e+00 -4.718750000000000000e+01 1.737500000000000000e+01 -2.668750000000000000e+01 4.912500000000000000e+01 -2.500000000000000000e+01 1.588750000000000000e+02
4.050000190734863281e+00 -6.659999847412109375e+00 5.210000038146972656e+00 -4.718750000000000000e+01 1.737500000000000000e+01 -2.668750000000000000e+01 5.631250000000000000e+01 -4.181250000000000000e+01 1.866875000000000000e+02
4.170000076293945312e+00 -7.780000209808349609e+00 5.139999866485595703e+00 -4.500000000000000000e+01 1.956250000000000000e+01 -2.750000000000000000e+01 6.756250000000000000e+01 -6.087500000000000000e+01 2.131875000000000000e+02
4.920000076293945312e+00 -6.929999828338623047e+00 4.769999980926513672e+00 -4.500000000000000000e+01 1.956250000000000000e+01 -2.750000000000000000e+01 8.262500000000000000e+01 -7.718750000000000000e+01 2.298750000000000000e+02
4.699999809265136719e+00 -6.599999904632568359e+00 5.119999885559082031e+00 -4.500000000000000000e+01 1.956250000000000000e+01 -2.750000000000000000e+01 9.650000000000000000e+01 -9.037500000000000000e+01 2.438125000000000000e+02
5.349999904632568359e+00 -6.050000190734863281e+00 5.429999828338623047e+00 -4.500000000000000000e+01 1.956250000000000000e+01 -2.750000000000000000e+01 1.096250000000000000e+02 -1.011875000000000000e+02 2.472500000000000000e+02
4.809999942779541016e+00 -3.019999980926513672e+00 5.360000133514404297e+00 -4.500000000000000000e+01 1.956250000000000000e+01 -2.750000000000000000e+01 1.225625000000000000e+02 -1.058125000000000000e+02 2.395625000000000000e+02
3.140000104904174805e+00 -2.039999961853027344e+00 5.360000133514404297e+00 -4.200000000000000000e+01 2.656250000000000000e+01 -2.750000000000000000e+01 1.339375000000000000e+02 -1.099375000000000000e+02 2.243750000000000000e+02
1.549999952316284180e+00 -1.059999942779541016e+00 5.389999866485595703e+00 -4.200000000000000000e+01 2.656250000000000000e+01 -2.750000000000000000e+01 1.454375000000000000e+02 -1.210000000000000000e+02 2.003125000000000000e+02
-7.599999904632568359e-01 6.600000262260437012e-01 5.289999961853027344e+00 -4.200000000000000000e+01 2.656250000000000000e+01 -2.750000000000000000e+01 1.556875000000000000e+02 -1.363750000000000000e+02 1.700000000000000000e+02
-8.299999833106994629e-01 1.120000004768371582e+00 6.059999942779541016e+00 -4.200000000000000000e+01 2.656250000000000000e+01 -2.750000000000000000e+01 1.629375000000000000e+02 -1.581875000000000000e+02 1.376875000000000000e+02
-1.999999955296516418e-02 9.499999880790710449e-01 7.460000038146972656e+00 -4.200000000000000000e+01 2.656250000000000000e+01 -2.750000000000000000e+01 1.756250000000000000e+02 -1.811250000000000000e+02 9.156250000000000000e+01
5.659999847412109375e+00 -2.569999933242797852e+00 1.510000038146972656e+01 -3.950000000000000000e+01 3.218750000000000000e+01 -2.668750000000000000e+01 2.245625000000000000e+02 -2.008125000000000000e+02 2.525000000000000000e+01
3.137000083923339844e+01 3.233000183105468750e+01 -1.101000022888183594e+01 -3.950000000000000000e+01 3.218750000000000000e+01 -2.668750000000000000e+01 2.047500000000000000e+02 -1.375000000000000000e+02 -1.270625000000000000e+02
2.970000028610229492e+00 2.375000000000000000e+01 1.001000022888183594e+01 -3.950000000000000000e+01 3.218750000000000000e+01 -2.668750000000000000e+01 -5.618750000000000000e+01 9.825000000000000000e+01 -1.790625000000000000e+02
-3.200000047683715820e+00 -1.034000015258789062e+01 1.077999973297119141e+01 -3.950000000000000000e+01 3.218750000000000000e+01 -2.668750000000000000e+01 -4.362500000000000000e+01 6.943750000000000000e+01 1.912500000000000000e+01
1.219999980926513672e+01 -1.068000030517578125e+01 5.929999828338623047e+00 -3.950000000000000000e+01 3.218750000000000000e+01 -2.668750000000000000e+01 -2.237500000000000000e+01 -8.875000000000000000e+00 2.750000000000000000e+01
1.399999976158142090e+00 -3.589999914169311523e+00 9.310000419616699219e+00 -4.137500000000000000e+01 3.025000000000000000e+01 -2.656250000000000000e+01 -7.562500000000000000e+00 2.062500000000000000e+01 8.812500000000000000e+00
3.750000000000000000e+00 -3.930000066757202148e+00 7.269999980926513672e+00 -4.137500000000000000e+01 3.025000000000000000e+01 -2.656250000000000000e+01 -8.187500000000000000e+00 1.000000000000000000e+01 -8.750000000000000000e-01
5.690000057220458984e+00 -2.539999961853027344e+00 7.250000000000000000e+00 -4.137500000000000000e+01 3.025000000000000000e+01 -2.656250000000000000e+01 1.875000000000000000e-01 -1.062500000000000000e+00 -6.812500000000000000e+00
6.199999809265136719e+00 -9.100000262260437012e-01 7.400000095367431641e+00 -4.137500000000000000e+01 3.025000000000000000e+01 -2.656250000000000000e+01 2.750000000000000000e+00 6.875000000000000000e-01 -7.437500000000000000e+00
5.559999942779541016e+00 -1.370000004768371582e+00 7.550000190734863281e+00 -4.137500000000000000e+01 3.025000000000000000e+01 -2.656250000000000000e+01 1.062500000000000000e+00 5.937500000000000000e+00 -6.187500000000000000e+00
5.679999828338623047e+00 -1.840000033378601074e+00 7.539999961853027344e+00 -4.206250000000000000e+01 3.068750000000000000e+01 -2.656250000000000000e+01 2.500000000000000000e-01 7.187500000000000000e+00 -6.875000000000000000e+00
5.590000152587890625e+00 -1.909999966621398926e+00 7.579999923706054688e+00 -4.206250000000000000e+01 3.068750000000000000e+01 -2.656250000000000000e+01 4.375000000000000000e-01 7.312500000000000000e+00 -7.750000000000000000e+00
6.340000152587890625e+00 -1.980000019073486328e+00 7.590000152587890625e+00 -4.206250000000000000e+01 3.068750000000000000e+01 -2.656250000000000000e+01 1.687500000000000000e+00 5.625000000000000000e+00 -6.187500000000000000e+00
6.179999828338623047e+00 -1.990000009536743164e+00 7.650000095367431641e+00 -4.206250000000000000e+01 3.068750000000000000e+01 -2.656250000000000000e+01 1.875000000000000000e+00 4.875000000000000000e+00 -3.750000000000000000e+00
5.949999809265136719e+00 -1.720000028610229492e+00 7.690000057220458984e+00 -4.206250000000000000e+01 3.068750000000000000e+01 -2.656250000000000000e+01 1.750000000000000000e+00 3.750000000000000000e+00 -2.187500000000000000e+00
