5.539999961853027344e+00 -2.549999952316284180e+00 7.690000057220458984e+00 -4.168750000000000000e+01 3.068750000000000000e+01 -2.600000000000000000e+01 6.875000000000000000e-01 2.500000000000000000e-01 -4.375000000000000000e-01
5.510000228881835938e+00 -2.569999933242797852e+00 7.670000076293945312e+00 -4.168750000000000000e+01 3.068750000000000000e+01 -2.600000000000000000e+01 5.625000000000000000e-01 1.875000000000000000e-01 -5.000000000000000000e-01
5.519999980926513672e+00 -2.559999942779541016e+00 7.670000076293945312e+00 -4.168750000000000000e+01 3.068750000000000000e+01 -2.600000000000000000e+01 5.625000000000000000e-01 1.250000000000000000e-01 -5.000000000000000000e-01
5.500000000000000000e+00 -2.609999895095825195e+00 7.679999828338623047e+00 -4.168750000000000000e+01 3.068750000000000000e+01 -2.600000000000000000e+01 6.875000000000000000e-01 3.125000000000000000e-01 -5.000000000000000000e-01
5.500000000000000000e+00 -2.599999904632568359e+00 7.690000057220458984e+00 -4.125000000000000000e+01 3.187500000000000000e+01 -2.637500000000000000e+01 8.125000000000000000e-01 2.500000000000000000e-01 -7.500000000000000000e-01
5.519999980926513672e+00 -2.609999895095825195e+00 7.679999828338623047e+00 -4.125000000000000000e+01 3.187500000000000000e+01 -2.637500000000000000e+01 8.750000000000000000e-01 4.375000000000000000e-01 -8.750000000000000000e-01
5.500000000000000000e+00 -2.599999904632568359e+00 7.659999847412109375e+00 -4.125000000000000000e+01 3.187500000000000000e+01 -2.637500000000000000e+01 1.062500000000000000e+00 4.375000000000000000e-01 -1.000000000000000000e+00
5.500000000000000000e+00 -2.579999923706054688e+00 7.699999809265136719e+00 -4.125000000000000000e+01 3.187500000000000000e+01 -2.637500000000000000e+01 1.187500000000000000e+00 3.750000000000000000e-01 -1.125000000000000000e+00
5.489999771118164062e+00 -2.559999942779541016e+00 7.670000076293945312e+00 -4.125000000000000000e+01 3.187500000000000000e+01 -2.637500000000000000e+01 1.250000000000000000e+00 6.250000000000000000e-01 -1.125000000000000000e+00
5.480000019073486328e+00 -2.529999971389770508e+00 7.710000038146972656e+00 -4.125000000000000000e+01 3.150000000000000000e+01 -2.637500000000000000e+01 1.125000000000000000e+00 5.625000000000000000e-01 -1.187500000000000000e+00
5.510000228881835938e+00 -2.519999980926513672e+00 7.719999790191650391e+00 -4.125000000000000000e+01 3.150000000000000000e+01 -2.637500000000000000e+01 8.125000000000000000e-01 8.125000000000000000e-01 -1.250000000000000000e+00
5.510000228881835938e+00 -2.509999990463256836e+00 7.690000057220458984e+00 -4.125000000000000000e+01 3.150000000000000000e+01 -2.637500000000000000e+01 6.875000000000000000e-01 8.750000000000000000e-01 -1.187500000000000000e+00
5.510000228881835938e+00 -2.519999980926513672e+00 7.690000057220458984e+00 -4.125000000000000000e+01 3.150000000000000000e+01 -2.637500000000000000e+01 8.750000000000000000e-01 5.625000000000000000e-01 -1.187500000000000000e+00
5.519999980926513672e+00 -2.509999990463256836e+00 7.690000057220458984e+00 -4.125000000000000000e+01 3.150000000000000000e+01 -2.637500000000000000e+01 6.875000000000000000e-01 5.000000000000000000e-01 -7.500000000000000000e-01
5.489999771118164062e+00 -2.500000000000000000e+00 7.710000038146972656e+00 -4.125000000000000000e+01 3.150000000000000000e+01 -2.518750000000000000e+01 6.250000000000000000e-01 3.125000000000000000e-01 -6.875000000000000000e-01
5.489999771118164062e+00 -2.539999961853027344e+00 7.690000057220458984e+00 -4.125000000000000000e+01 3.150000000000000000e+01 -2.518750000000000000e+01 6.250000000000000000e-01 2.500000000000000000e-01 -6.250000000000000000e-01
5.500000000000000000e+00 -2.549999952316284180e+00 7.699999809265136719e+00 -4.125000000000000000e+01 3.150000000000000000e+01 -2.518750000000000000e+01 5.000000000000000000e-01 1.250000000000000000e-01 -6.875000000000000000e-01
5.489999771118164062e+00 -2.509999990463256836e+00 7.719999790191650391e+00 -4.125000000000000000e+01 3.150000000000000000e+01 -2.518750000000000000e+01 3.750000000000000000e-01 1.875000000000000000e-01 -5.000000000000000000e-01
5.489999771118164062e+00 -2.500000000000000000e+00 7.739999771118164062e+00 -4.125000000000000000e+01 3.150000000000000000e+01 -2.518750000000000000e+01 4.375000000000000000e-01 6.250000000000000000e-02 -4.375000000000000000e-01
5.500000000000000000e+00 -2.490000009536743164e+00 7.730000019073486328e+00 -4.125000000000000000e+01 3.150000000000000000e+01 -2.637500000000000000e+01 1.875000000000000000e-01 -6.250000000000000000e-02 -4.375000000000000000e-01
5.480000019073486328e+00 -2.470000028610229492e+00 7.710000038146972656e+00 -4.125000000000000000e+01 3.150000000000000000e+01 -2.637500000000000000e+01 1.250000000000000000e-01 -1.250000000000000000e-01 -4.375000000000000000e-01
5.460000038146972656e+00 -2.539999961853027344e+00 7.719999790191650391e+00 -4.125000000000000000e+01 3.150000000000000000e+01 -2.637500000000000000e+01 1.875000000000000000e-01 -1.250000000000000000e-01 -3.125000000000000000e-01
5.460000038146972656e+00 -2.579999923706054688e+00 7.690000057220458984e+00 -4.125000000000000000e+01 3.150000000000000000e+01 -2.637500000000000000e+01 1.250000000000000000e-01 -4.375000000000000000e-01 -4.375000000000000000e-01
5.480000019073486328e+00 -2.589999914169311523e+00 7.769999980926513672e+00 -4.125000000000000000e+01 3.150000000000000000e+01 -2.637500000000000000e+01 0.000000000000000000e+00 -1.000000000000000000e+00 -5.000000000000000000e-01
5.500000000000000000e+00 -2.529999971389770508e+00 7.730000019073486328e+00 -4.087500000000000000e+01 3.150000000000000000e+01 -2.718750000000000000e+01 -1.875000000000000000e-01 -1.125000000000000000e+00 -4.375000000000000000e-01
5.550000190734863281e+00 -2.480000019073486328e+00 7.679999828338623047e+00 -4.087500000000000000e+01 3.150000000000000000e+01 -2.718750000000000000e+01 -6.250000000000000000e-02 -8.125000000000000000e-01 -3.125000000000000000e-01
5.550000190734863281e+00 -2.500000000000000000e+00 7.659999847412109375e+00 -4.087500000000000000e+01 3.150000000000000000e+01 -2.718750000000000000e+01 -3.125000000000000000e-01 -9.375000000000000000e-01 -1.250000000000000000e-01
5.539999961853027344e+00 -2.519999980926513672e+00 7.659999847412109375e+00 -4.087500000000000000e+01 3.150000000000000000e+01 -2.718750000000000000e+01 -1.875000000000000000e-01 -7.500000000000000000e-01 1.250000000000000000e-01
5.530000209808349609e+00 -2.440000057220458984e+00 7.719999790191650391e+00 -4.087500000000000000e+01 3.150000000000000000e+01 -2.718750000000000000e+01 -3.750000000000000000e-01 -6.250000000000000000e-01 1.875000000000000000e-01
5.579999923706054688e+00 -2.299999952316284180e+00 7.730000019073486328e+00 -4.125000000000000000e+01 2.956250000000000000e+01 -2.556250000000000000e+01 -1.000000000000000000e+00 -8.125000000000000000e-01 7.500000000000000000e-01
5.679999828338623047e+00 -2.210000038146972656e+00 7.750000000000000000e+00 -4.125000000000000000e+01 2.956250000000000000e+01 -2.556250000000000000e+01 -2.125000000000000000e+00 -1.062500000000000000e+00 2.312500000000000000e+00
5.769999980926513672e+00 -1.870000004768371582e+00 7.849999904632568359e+00 -4.125000000000000000e+01 2.956250000000000000e+01 -2.556250000000000000e+01 -4.750000000000000000e+00 -1.562500000000000000e+00 4.375000000000000000e+00
5.550000190734863281e+00 -1.570000052452087402e+00 7.940000057220458984e+00 -4.125000000000000000e+01 2.956250000000000000e+01 -2.556250000000000000e+01 -7.500000000000000000e+00 -2.687500000000000000e+00 7.437500000000000000e+00
5.949999809265136719e+00 -1.519999980926513672e+00 7.800000190734863281e+00 -4.125000000000000000e+01 2.956250000000000000e+01 -2.556250000000000000e+01 -7.500000000000000000e+00 -2.687500000000000000e+00 7.437500000000000000e+00
6.050000190734863281e+00 -1.899999976158142090e+00 7.739999771118164062e+00 -4.125000000000000000e+01 3.037500000000000000e+01 -2.600000000000000000e+01 -8.562500000000000000e+00 -5.437500000000000000e+00 1.156250000000000000e+01
6.059999942779541016e+00 -2.170000076293945312e+00 7.599999904632568359e+00 -4.125000000000000000e+01 3.037500000000000000e+01 -2.600000000000000000e+01 -9.312500000000000000e+00 -9.062500000000000000e+00 1.793750000000000000e+01
6.219999790191650391e+00 -2.980000019073486328e+00 7.599999904632568359e+00 -4.125000000000000000e+01 3.037500000000000000e+01 -2.600000000000000000e+01 -8.750000000000000000e+00 -1.093750000000000000e+01 2.006250000000000000e+01
6.000000000000000000e+00 -2.339999914169311523e+00 7.760000228881835938e+00 -4.125000000000000000e+01 3.037500000000000000e+01 -2.600000000000000000e+01 -7.500000000000000000e+00 -1.575000000000000000e+01 1.975000000000000000e+01
6.389999866485595703e+00 -3.410000085830688477e+00 7.190000057220458984e+00 -4.125000000000000000e+01 3.037500000000000000e+01 -2.600000000000000000e+01 -7.500000000000000000e+00 -1.575000000000000000e+01 1.975000000000000000e+01
6.960000038146972656e+00 -3.769999980926513672e+00 7.050000190734863281e+00 -4.168750000000000000e+01 3.106250000000000000e+01 -2.506250000000000000e+01 -7.875000000000000000e+00 -1.125000000000000000e+01 1.693750000000000000e+01
7.139999866485595703e+00 -3.420000076293945312e+00 7.289999961853027344e+00 -4.168750000000000000e+01 3.106250000000000000e+01 -2.506250000000000000e+01 -9.937500000000000000e+00 -6.937500000000000000e+00 1.300000000000000000e+01
7.420000076293945312e+00 -2.900000095367431641e+00 7.409999847412109375e+00 -4.168750000000000000e+01 3.106250000000000000e+01 -2.506250000000000000e+01 -1.143750000000000000e+01 6.250000000000000000e-02 1.075000000000000000e+01
8.600000381469726562e+00 -3.079999923706054688e+00 7.880000114440917969e+00 -4.168750000000000000e+01 3.106250000000000000e+01 -2.506250000000000000e+01 -1.031250000000000000e+01 1.075000000000000000e+01 1.100000000000000000e+01
1.121000003814697266e+01 -4.119999885559082031e+00 7.630000114440917969e+00 -4.168750000000000000e+01 3.106250000000000000e+01 -2.506250000000000000e+01 -1.031250000000000000e+01 1.075000000000000000e+01 1.100000000000000000e+01
1.264000034332275391e+01 -4.409999847412109375e+00 7.429999828338623047e+00 -4.125000000000000000e+01 3.256250000000000000e+01 -2.518750000000000000e+01 -4.625000000000000000e+00 2.712500000000000000e+01 1.131250000000000000e+01
1.331999969482421875e+01 -3.869999885559082031e+00 5.929999828338623047e+00 -4.125000000000000000e+01 3.256250000000000000e+01 -2.518750000000000000e+01 7.687500000000000000e+00 6.881250000000000000e+01 1.400000000000000000e+01
1.264999961853027344e+01 -2.819999933242797852e+00 5.210000038146972656e+00 -4.125000000000000000e+01 3.256250000000000000e+01 -2.518750000000000000e+01 9.812500000000000000e+00 7.962500000000000000e+01 1.750000000000000000e+01
1.118000030517578125e+01 -2.170000076293945312e+00 2.440000057220458984e+00 -4.125000000000000000e+01 3.256250000000000000e+01 -2.518750000000000000e+01 1.006250000000000000e+01 7.081250000000000000e+01 2.243750000000000000e+01
1.213000011444091797e+01 -2.029999971389770508e+00 2.800000011920928955e-01 -4.125000000000000000e+01 3.256250000000000000e+01 -2.518750000000000000e+01 1.006250000000000000e+01 7.081250000000000000e+01 2.243750000000000000e+01
1.277999973297119141e+01 -2.960000038146972656e+00 -2.289999961853027344e+00 -4.018750000000000000e+01 3.368750000000000000e+01 -2.475000000000000000e+01 1.331250000000000000e+01 4.900000000000000000e+01 2.800000000000000000e+01
1.147999954223632812e+01 -5.199999809265136719e+00 -2.539999961853027344e+00 -4.018750000000000000e+01 3.368750000000000000e+01 -2.475000000000000000e+01 7.243750000000000000e+01 -3.143750000000000000e+01 3.518750000000000000e+01
1.247999954223632812e+01 -3.470000028610229492e+00 -1.679999947547912598e+00 -4.018750000000000000e+01 3.368750000000000000e+01 -2.475000000000000000e+01 1.055000000000000000e+02 -7.443750000000000000e+01 3.500000000000000000e+01
1.406000041961669922e+01 -1.139999985694885254e+00 -1.490000009536743164e+00 -4.018750000000000000e+01 3.368750000000000000e+01 -2.475000000000000000e+01 1.126250000000000000e+02 -9.962500000000000000e+01 4.037500000000000000e+01
1.403999996185302734e+01 9.599999785423278809e-01 -2.800000011920928955e-01 -4.018750000000000000e+01 3.368750000000000000e+01 -2.475000000000000000e+01 1.126250000000000000e+02 -9.962500000000000000e+01 4.037500000000000000e+01
1.351000022888183594e+01 3.289999961853027344e+00 2.009999990463256836e+00 -3.837500000000000000e+01 3.300000000000000000e+01 -2.637500000000000000e+01 9.468750000000000000e+01 -1.127500000000000000e+02 4.668750000000000000e+01
1.303999996185302734e+01 2.849999904632568359e+00 2.839999914169311523e+00 -3.837500000000000000e+01 3.300000000000000000e+01 -2.637500000000000000e+01 2.800000000000000000e+01 -1.129375000000000000e+02 4.356250000000000000e+01
1.153999996185302734e+01 1.019999980926513672e+00 4.019999980926513672e+00 -3.837500000000000000e+01 3.300000000000000000e+01 -2.637500000000000000e+01 7.562500000000000000e+00 -1.110000000000000000e+02 2.543750000000000000e+01
1.014999961853027344e+01 -8.100000023841857910e-01 5.139999866485595703e+00 -3.837500000000000000e+01 3.300000000000000000e+01 -2.637500000000000000e+01 2.937500000000000000e+00 -1.110625000000000000e+02 4.375000000000000000e-01
7.320000171661376953e+00 -1.960000038146972656e+00 7.090000152587890625e+00 -3.837500000000000000e+01 3.300000000000000000e+01 -2.637500000000000000e+01 2.937500000000000000e+00 -1.110625000000000000e+02 4.375000000000000000e-01
6.579999923706054688e+00 -1.669999957084655762e+00 8.130000114440917969e+00 -4.018750000000000000e+01 3.368750000000000000e+01 -2.600000000000000000e+01 5.937500000000000000e+00 -1.106250000000000000e+02 -2.281250000000000000e+01
4.550000190734863281e+00 -1.169999957084655762e+00 9.050000190734863281e+00 -4.018750000000000000e+01 3.368750000000000000e+01 -2.600000000000000000e+01 1.687500000000000000e+00 -1.096875000000000000e+02 -4.525000000000000000e+01
-5.000000074505805969e-02 -9.599999785423278809e-01 1.056000041961669922e+01 -4.018750000000000000e+01 3.368750000000000000e+01 -2.600000000000000000e+01 -6.312500000000000000e+00 -1.116250000000000000e+02 -4.743750000000000000e+01
-3.500000000000000000e+00 -1.059999942779541016e+00 1.184000015258789062e+01 -4.018750000000000000e+01 3.368750000000000000e+01 -2.600000000000000000e+01 -1.518750000000000000e+01 -1.165000000000000000e+02 -4.725000000000000000e+01
-4.219999790191650391e+00 2.899999916553497314e-01 1.672999954223632812e+01 -4.018750000000000000e+01 3.368750000000000000e+01 -2.600000000000000000e+01 -1.518750000000000000e+01 -1.165000000000000000e+02 -4.725000000000000000e+01
2.609999895095825195e+00 1.899999976158142090e-01 2.439999961853027344e+01 -4.356250000000000000e+01 3.368750000000000000e+01 -2.225000000000000000e+01 -2.918750000000000000e+01 -8.612500000000000000e+01 -3.843750000000000000e+01
-2.013999938964843750e+01 -1.559999942779541016e+00 2.403000068664550781e+01 -4.356250000000000000e+01 3.368750000000000000e+01 -2.225000000000000000e+01 -3.425000000000000000e+01 1.818750000000000000e+01 1.268750000000000000e+01
-2.004000091552734375e+01 -3.390000104904174805e+00 2.671999931335449219e+01 -4.356250000000000000e+01 3.368750000000000000e+01 -2.225000000000000000e+01 3.437500000000000000e+00 2.662500000000000000e+01 3.331250000000000000e+01
-1.068000030517578125e+01 -5.989999771118164062e+00 2.644000053405761719e+01 -4.356250000000000000e+01 3.368750000000000000e+01 -2.225000000000000000e+01 2.200000000000000000e+01 6.450000000000000000e+01 6.531250000000000000e+01
-6.619999885559082031e+00 -9.270000457763671875e+00 2.067000007629394531e+01 -4.356250000000000000e+01 3.368750000000000000e+01 -2.225000000000000000e+01 2.200000000000000000e+01 6.450000000000000000e+01 6.531250000000000000e+01
1.127000045776367188e+01 -5.170000076293945312e+00 8.159999847412109375e+00 -4.537500000000000000e+01 3.218750000000000000e+01 -1.937500000000000000e+01 3.400000000000000000e+01 6.837500000000000000e+01 6.156250000000000000e+01
1.531999969482421875e+01 -2.160000085830688477e+00 3.660000085830688477e+00 -4.537500000000000000e+01 3.218750000000000000e+01 -1.937500000000000000e+01 2.893750000000000000e+01 4.562500000000000000e+01 4.912500000000000000e+01
1.102999973297119141e+01 -2.619999885559082031e+00 2.769999980926513672e+00 -4.537500000000000000e+01 3.218750000000000000e+01 -1.937500000000000000e+01 -3.750000000000000000e-01 2.493750000000000000e+01 4.450000000000000000e+01
3.819999933242797852e+00 -7.070000171661376953e+00 9.859999656677246094e+00 -4.537500000000000000e+01 3.218750000000000000e+01 -1.937500000000000000e+01 -1.343750000000000000e+01 1.743750000000000000e+01 2.900000000000000000e+01
1.919999957084655762e+00 -6.760000228881835938e+00 1.035000038146972656e+01 -4.537500000000000000e+01 3.218750000000000000e+01 -1.937500000000000000e+01 -1.343750000000000000e+01 1.743750000000000000e+01 2.900000000000000000e+01
4.050000190734863281e+00 -4.739999771118164062e+00 9.550000190734863281e+00 -4.356250000000000000e+01 3.368750000000000000e+01 -2.068750000000000000e+01 -8.937500000000000000e+00 2.625000000000000000e+00 6.562500000000000000e+00
5.269999980926513672e+00 -3.460000038146972656e+00 8.869999885559082031e+00 -4.356250000000000000e+01 3.368750000000000000e+01 -2.068750000000000000e+01 -9.812500000000000000e+00 -2.250000000000000000e+01 -1.787500000000000000e+01
5.440000057220458984e+00 -3.670000076293945312e+00 9.510000228881835938e+00 -4.356250000000000000e+01 3.368750000000000000e+01 -2.068750000000000000e+01 -1.368750000000000000e+01 -3.881250000000000000e+01 -2.281250000000000000e+01
5.449999809265136719e+00 -2.630000114440917969e+00 9.550000190734863281e+00 -4.356250000000000000e+01 3.368750000000000000e+01 -2.068750000000000000e+01 -2.043750000000000000e+01 -5.281250000000000000e+01 -2.412500000000000000e+01
5.670000076293945312e+00 -1.480000019073486328e+00 9.609999656677246094e+00 -4.356250000000000000e+01 3.368750000000000000e+01 -2.068750000000000000e+01 -2.043750000000000000e+01 -5.281250000000000000e+01 -2.412500000000000000e+01
6.000000000000000000e+00 -8.999999761581420898e-01 9.720000267028808594e+00 -4.318750000000000000e+01 3.368750000000000000e+01 -2.106250000000000000e+01 -3.462500000000000000e+01 -6.037500000000000000e+01 -2.168750000000000000e+01
4.179999828338623047e+00 -3.529999971389770508e+00 1.088000011444091797e+01 -4.318750000000000000e+01 3.368750000000000000e+01 -2.106250000000000000e+01 -5.825000000000000000e+01 -4.612500000000000000e+01 -8.375000000000000000e+00
2.759999990463256836e+00 -5.309999942779541016e+00 1.239000034332275391e+01 -4.318750000000000000e+01 3.368750000000000000e+01 -2.106250000000000000e+01 -4.350000000000000000e+01 -2.143750000000000000e+01 -3.687500000000000000e+00
1.330000042915344238e+00 -5.949999809265136719e+00 1.340999984741210938e+01 -4.318750000000000000e+01 3.368750000000000000e+01 -2.106250000000000000e+01 -1.631250000000000000e+01 1.150000000000000000e+01 -1.000000000000000000e+00
1.750000000000000000e+00 -5.280000209808349609e+00 1.435999965667724609e+01 -4.318750000000000000e+01 3.368750000000000000e+01 -2.106250000000000000e+01 -1.631250000000000000e+01 1.150000000000000000e+01 -1.000000000000000000e+00
2.230000019073486328e+00 -4.510000228881835938e+00 1.418000030517578125e+01 -4.387500000000000000e+01 3.437500000000000000e+01 -1.856250000000000000e+01 7.937500000000000000e+00 4.831250000000000000e+01 2.375000000000000000e+00
1.199999973177909851e-01 -4.010000228881835938e+00 1.356999969482421875e+01 -4.387500000000000000e+01 3.437500000000000000e+01 -1.856250000000000000e+01 2.031250000000000000e+01 1.035625000000000000e+02 3.000000000000000000e+01
-1.279999971389770508e+00 -3.940000057220458984e+00 1.281999969482421875e+01 -4.387500000000000000e+01 3.437500000000000000e+01 -1.856250000000000000e+01 2.112500000000000000e+01 1.110000000000000000e+02 4.000000000000000000e+01
-7.599999904632568359e-01 -4.500000000000000000e+00 1.194999980926513672e+01 -4.387500000000000000e+01 3.437500000000000000e+01 -1.856250000000000000e+01 2.362500000000000000e+01 1.133750000000000000e+02 4.706250000000000000e+01
2.300000041723251343e-01 -4.369999885559082031e+00 1.167000007629394531e+01 -4.387500000000000000e+01 3.437500000000000000e+01 -1.856250000000000000e+01 2.362500000000000000e+01 1.133750000000000000e+02 4.706250000000000000e+01
1.059999942779541016e+00 -4.230000019073486328e+00 1.152000045776367188e+01 -4.356250000000000000e+01 3.556250000000000000e+01 -1.987500000000000000e+01 2.650000000000000000e+01 1.194375000000000000e+02 5.237500000000000000e+01
1.309999942779541016e+00 -4.170000076293945312e+00 1.098999977111816406e+01 -4.356250000000000000e+01 3.556250000000000000e+01 -1.987500000000000000e+01 2.993750000000000000e+01 1.291875000000000000e+02 5.956250000000000000e+01
1.080000042915344238e+00 -3.369999885559082031e+00 1.002000045776367188e+01 -4.356250000000000000e+01 3.556250000000000000e+01 -1.987500000000000000e+01 2.950000000000000000e+01 1.280625000000000000e+02 5.850000000000000000e+01
1.009999990463256836e+00 -2.880000114440917969e+00 9.289999961853027344e+00 -4.356250000000000000e+01 3.556250000000000000e+01 -1.987500000000000000e+01 2.600000000000000000e+01 1.229375000000000000e+02 5.306250000000000000e+01
1.240000009536743164e+00 -2.630000114440917969e+00 8.859999656677246094e+00 -4.356250000000000000e+01 3.556250000000000000e+01 -1.987500000000000000e+01 2.600000000000000000e+01 1.229375000000000000e+02 5.306250000000000000e+01
2.619999885559082031e+00 -2.579999923706054688e+00 8.170000076293945312e+00 -3.906250000000000000e+01 3.556250000000000000e+01 -2.350000000000000000e+01 2.075000000000000000e+01 1.126250000000000000e+02 4.368750000000000000e+01
3.869999885559082031e+00 -2.720000028610229492e+00 7.659999847412109375e+00 -3.906250000000000000e+01 3.556250000000000000e+01 -2.350000000000000000e+01 6.562500000000000000e+00 8.950000000000000000e+01 1.837500000000000000e+01
5.369999885559082031e+00 -2.750000000000000000e+00 8.060000419616699219e+00 -3.906250000000000000e+01 3.556250000000000000e+01 -2.350000000000000000e+01 -6.687500000000000000e+00 8.337500000000000000e+01 1.350000000000000000e+01
7.699999809265136719e+00 -2.089999914169311523e+00 7.869999885559082031e+00 -3.906250000000000000e+01 3.556250000000000000e+01 -2.350000000000000000e+01 -2.325000000000000000e+01 8.812500000000000000e+01 2.062500000000000000e+01
9.010000228881835938e+00 -2.059999942779541016e+00 6.349999904632568359e+00 -3.906250000000000000e+01 3.556250000000000000e+01 -2.350000000000000000e+01 -2.325000000000000000e+01 8.812500000000000000e+01 2.062500000000000000e+01
8.020000457763671875e+00 -2.750000000000000000e+00 5.349999904632568359e+00 -3.500000000000000000e+01 3.706250000000000000e+01 -2.837500000000000000e+01 -3.731250000000000000e+01 9.481250000000000000e+01 3.450000000000000000e+01
