5.639999866485595703e+00 -2.799999952316284180e+00 7.510000228881835938e+00 -3.768750000000000000e+01 3.500000000000000000e+01 -2.650000000000000000e+01 1.250000000000000000e-01 -1.250000000000000000e-01 0.000000000000000000e+00
5.639999866485595703e+00 -2.779999971389770508e+00 7.519999980926513672e+00 -3.768750000000000000e+01 3.575000000000000000e+01 -2.650000000000000000e+01 -6.250000000000000000e-02 -6.250000000000000000e-02 -6.250000000000000000e-02
5.639999866485595703e+00 -2.779999971389770508e+00 7.510000228881835938e+00 -3.768750000000000000e+01 3.575000000000000000e+01 -2.650000000000000000e+01 1.250000000000000000e-01 -1.250000000000000000e-01 0.000000000000000000e+00
5.650000095367431641e+00 -2.789999961853027344e+00 7.530000209808349609e+00 -3.768750000000000000e+01 3.575000000000000000e+01 -2.650000000000000000e+01 -6.250000000000000000e-02 6.250000000000000000e-02 -1.250000000000000000e-01
5.650000095367431641e+00 -2.779999971389770508e+00 7.530000209808349609e+00 -3.768750000000000000e+01 3.575000000000000000e+01 -2.650000000000000000e+01 -6.250000000000000000e-02 0.000000000000000000e+00 0.000000000000000000e+00
5.639999866485595703e+00 -2.799999952316284180e+00 7.530000209808349609e+00 -3.768750000000000000e+01 3.575000000000000000e+01 -2.650000000000000000e+01 -6.250000000000000000e-02 6.250000000000000000e-02 0.000000000000000000e+00
5.630000114440917969e+00 -2.769999980926513672e+00 7.530000209808349609e+00 -3.806250000000000000e+01 3.575000000000000000e+01 -2.537500000000000000e+01 -6.250000000000000000e-02 0.000000000000000000e+00 -6.250000000000000000e-02
5.639999866485595703e+00 -2.789999961853027344e+00 7.550000190734863281e+00 -3.806250000000000000e+01 3.575000000000000000e+01 -2.537500000000000000e+01 -6.250000000000000000e-02 -6.250000000000000000e-02 -1.250000000000000000e-01
5.650000095367431641e+00 -2.779999971389770508e+00 7.500000000000000000e+00 -3.806250000000000000e+01 3.575000000000000000e+01 -2.537500000000000000e+01 -1.875000000000000000e-01 -1.875000000000000000e-01 6.250000000000000000e-02
5.590000152587890625e+00 -2.769999980926513672e+00 7.510000228881835938e+00 -3.806250000000000000e+01 3.575000000000000000e+01 -2.537500000000000000e+01 -3.125000000000000000e-01 -1.250000000000000000e-01 2.500000000000000000e-01
5.550000190734863281e+00 -2.700000047683715820e+00 7.610000133514404297e+00 -3.806250000000000000e+01 3.575000000000000000e+01 -2.537500000000000000e+01 -1.875000000000000000e-01 -3.750000000000000000e-01 3.125000000000000000e-01
5.840000152587890625e+00 -2.039999961853027344e+00 7.670000076293945312e+00 -3.850000000000000000e+01 3.500000000000000000e+01 -2.568750000000000000e+01 -5.000000000000000000e-01 -1.187500000000000000e+00 7.500000000000000000e-01
5.739999771118164062e+00 -2.200000047683715820e+00 7.619999885559082031e+00 -3.850000000000000000e+01 3.500000000000000000e+01 -2.568750000000000000e+01 -1.812500000000000000e+00 -3.375000000000000000e+00 2.437500000000000000e+00
5.559999942779541016e+00 -2.740000009536743164e+00 7.530000209808349609e+00 -3.850000000000000000e+01 3.500000000000000000e+01 -2.568750000000000000e+01 -3.250000000000000000e+00 -4.187500000000000000e+00 3.875000000000000000e+00
5.449999809265136719e+00 -2.509999990463256836e+00 7.739999771118164062e+00 -3.850000000000000000e+01 3.500000000000000000e+01 -2.568750000000000000e+01 -1.875000000000000000e+00 -6.687500000000000000e+00 6.187500000000000000e+00
5.670000076293945312e+00 -1.559999942779541016e+00 8.069999694824218750e+00 -3.850000000000000000e+01 3.500000000000000000e+01 -2.568750000000000000e+01 -2.125000000000000000e+00 -1.093750000000000000e+01 8.250000000000000000e+00
5.989999771118164062e+00 -1.490000009536743164e+00 7.739999771118164062e+00 -3.768750000000000000e+01 3.500000000000000000e+01 -2.618750000000000000e+01 -3.812500000000000000e+00 -1.581250000000000000e+01 1.131250000000000000e+01
5.909999847412109375e+00 -1.840000033378601074e+00 7.739999771118164062e+00 -3.768750000000000000e+01 3.500000000000000000e+01 -2.618750000000000000e+01 -7.062500000000000000e+00 -1.775000000000000000e+01 1.468750000000000000e+01
5.809999942779541016e+00 -1.889999985694885254e+00 7.800000190734863281e+00 -3.768750000000000000e+01 3.500000000000000000e+01 -2.618750000000000000e+01 -1.006250000000000000e+01 -1.775000000000000000e+01 1.806250000000000000e+01
5.889999866485595703e+00 -1.649999976158142090e+00 8.359999656677246094e+00 -3.768750000000000000e+01 3.500000000000000000e+01 -2.618750000000000000e+01 -1.387500000000000000e+01 -1.962500000000000000e+01 2.150000000000000000e+01
6.199999809265136719e+00 -9.300000071525573730e-01 8.260000228881835938e+00 -3.768750000000000000e+01 3.500000000000000000e+01 -2.618750000000000000e+01 -1.868750000000000000e+01 -2.318750000000000000e+01 2.593750000000000000e+01
6.559999942779541016e+00 -3.899999856948852539e-01 8.600000381469726562e+00 -3.806250000000000000e+01 3.650000000000000000e+01 -2.487500000000000000e+01 -2.706250000000000000e+01 -2.712500000000000000e+01 3.212500000000000000e+01
7.230000019073486328e+00 -6.600000262260437012e-01 8.180000305175781250e+00 -3.806250000000000000e+01 3.650000000000000000e+01 -2.487500000000000000e+01 -4.000000000000000000e+01 -2.675000000000000000e+01 4.075000000000000000e+01
7.170000076293945312e+00 -8.999999761581420898e-01 8.229999542236328125e+00 -3.806250000000000000e+01 3.650000000000000000e+01 -2.487500000000000000e+01 -5.493750000000000000e+01 -2.156250000000000000e+01 5.112500000000000000e+01
7.099999904632568359e+00 -7.900000214576721191e-01 8.020000457763671875e+00 -3.806250000000000000e+01 3.650000000000000000e+01 -2.487500000000000000e+01 -7.031250000000000000e+01 -1.568750000000000000e+01 6.150000000000000000e+01
6.860000133514404297e+00 -7.500000000000000000e-01 8.000000000000000000e+00 -3.806250000000000000e+01 3.650000000000000000e+01 -2.487500000000000000e+01 -8.375000000000000000e+01 -9.625000000000000000e+00 7.300000000000000000e+01
6.070000171661376953e+00 -1.200000047683715820e+00 7.650000095367431641e+00 -3.768750000000000000e+01 3.725000000000000000e+01 -2.325000000000000000e+01 -9.825000000000000000e+01 -1.937500000000000000e+00 8.175000000000000000e+01
5.460000038146972656e+00 -1.850000023841857910e+00 7.550000190734863281e+00 -3.768750000000000000e+01 3.725000000000000000e+01 -2.325000000000000000e+01 -1.141875000000000000e+02 4.187500000000000000e+00 9.118750000000000000e+01
5.239999771118164062e+00 -2.079999923706054688e+00 7.409999847412109375e+00 -3.768750000000000000e+01 3.725000000000000000e+01 -2.325000000000000000e+01 -1.250000000000000000e+02 5.750000000000000000e+00 9.918750000000000000e+01
5.389999866485595703e+00 -2.359999895095825195e+00 7.239999771118164062e+00 -3.768750000000000000e+01 3.725000000000000000e+01 -2.325000000000000000e+01 -1.331250000000000000e+02 3.625000000000000000e+00 1.053125000000000000e+02
5.480000019073486328e+00 -2.549999952316284180e+00 6.940000057220458984e+00 -3.768750000000000000e+01 3.725000000000000000e+01 -2.325000000000000000e+01 -1.412500000000000000e+02 1.562500000000000000e+00 1.101250000000000000e+02
5.570000171661376953e+00 -2.829999923706054688e+00 6.690000057220458984e+00 -3.618750000000000000e+01 4.206250000000000000e+01 -2.000000000000000000e+01 -1.499375000000000000e+02 8.125000000000000000e-01 1.155000000000000000e+02
5.559999942779541016e+00 -3.180000066757202148e+00 6.420000076293945312e+00 -3.618750000000000000e+01 4.206250000000000000e+01 -2.000000000000000000e+01 -1.590000000000000000e+02 1.812500000000000000e+00 1.204375000000000000e+02
5.380000114440917969e+00 -3.220000028610229492e+00 5.920000076293945312e+00 -3.618750000000000000e+01 4.206250000000000000e+01 -2.000000000000000000e+01 -1.678125000000000000e+02 3.687500000000000000e+00 1.261250000000000000e+02
5.059999942779541016e+00 -3.579999923706054688e+00 5.679999828338623047e+00 -3.618750000000000000e+01 4.206250000000000000e+01 -2.000000000000000000e+01 -1.763750000000000000e+02 5.750000000000000000e+00 1.332500000000000000e+02
4.760000228881835938e+00 -4.170000076293945312e+00 5.360000133514404297e+00 -3.618750000000000000e+01 4.206250000000000000e+01 -2.000000000000000000e+01 -1.833125000000000000e+02 8.500000000000000000e+00 1.389375000000000000e+02
4.400000095367431641e+00 -4.750000000000000000e+00 4.949999809265136719e+00 -3.100000000000000000e+01 4.650000000000000000e+01 -1.556250000000000000e+01 -1.889375000000000000e+02 1.093750000000000000e+01 1.435000000000000000e+02
3.349999904632568359e+00 -5.960000038146972656e+00 4.070000171661376953e+00 -3.100000000000000000e+01 4.650000000000000000e+01 -1.556250000000000000e+01 -1.929375000000000000e+02 1.318750000000000000e+01 1.464375000000000000e+02
3.029999971389770508e+00 -6.480000019073486328e+00 3.509999990463256836e+00 -3.100000000000000000e+01 4.650000000000000000e+01 -1.556250000000000000e+01 -1.944375000000000000e+02 1.425000000000000000e+01 1.473125000000000000e+02
2.359999895095825195e+00 -7.570000171661376953e+00 3.220000028610229492e+00 -3.100000000000000000e+01 4.650000000000000000e+01 -1.556250000000000000e+01 -1.925625000000000000e+02 1.425000000000000000e+01 1.460000000000000000e+02
1.639999985694885254e+00 -8.649999618530273438e+00 2.579999923706054688e+00 -3.100000000000000000e+01 4.650000000000000000e+01 -1.556250000000000000e+01 -1.859375000000000000e+02 1.362500000000000000e+01 1.420000000000000000e+02
3.600000143051147461e-01 -1.126000022888183594e+01 1.769999980926513672e+00 -2.400000000000000000e+01 5.250000000000000000e+01 -8.250000000000000000e+00 -1.734375000000000000e+02 1.337500000000000000e+01 1.317500000000000000e+02
3.199999928474426270e-01 -1.217000007629394531e+01 1.580000042915344238e+00 -2.400000000000000000e+01 5.250000000000000000e+01 -8.250000000000000000e+00 -1.559375000000000000e+02 1.218750000000000000e+01 1.168125000000000000e+02
3.499999940395355225e-01 -1.273999977111816406e+01 1.500000000000000000e+00 -2.400000000000000000e+01 5.250000000000000000e+01 -8.250000000000000000e+00 -1.345625000000000000e+02 8.687500000000000000e+00 9.987500000000000000e+01
1.879999995231628418e+00 -1.125000000000000000e+01 2.339999914169311523e+00 -2.400000000000000000e+01 5.250000000000000000e+01 -8.250000000000000000e+00 -1.109375000000000000e+02 2.875000000000000000e+00 8.337500000000000000e+01
2.950000047683715820e+00 -1.056000041961669922e+01 2.690000057220458984e+00 -2.400000000000000000e+01 5.250000000000000000e+01 -8.250000000000000000e+00 -8.943750000000000000e+01 -3.437500000000000000e+00 6.825000000000000000e+01
3.440000057220458984e+00 -9.869999885559082031e+00 3.079999923706054688e+00 -1.725000000000000000e+01 5.356250000000000000e+01 -5.000000000000000000e-01 -7.456250000000000000e+01 -4.000000000000000000e+00 5.793750000000000000e+01
3.619999885559082031e+00 -9.380000114440917969e+00 3.430000066757202148e+00 -1.725000000000000000e+01 5.356250000000000000e+01 -5.000000000000000000e-01 -6.737500000000000000e+01 1.062500000000000000e+00 5.250000000000000000e+01
3.720000028610229492e+00 -8.470000267028808594e+00 3.660000085830688477e+00 -1.725000000000000000e+01 5.356250000000000000e+01 -5.000000000000000000e-01 -6.562500000000000000e+01 5.937500000000000000e+00 5.043750000000000000e+01
3.599999904632568359e+00 -8.239999771118164062e+00 3.690000057220458984e+00 -1.725000000000000000e+01 5.356250000000000000e+01 -5.000000000000000000e-01 -6.643750000000000000e+01 1.037500000000000000e+01 5.112500000000000000e+01
3.420000076293945312e+00 -8.060000419616699219e+00 3.569999933242797852e+00 -1.725000000000000000e+01 5.356250000000000000e+01 -5.000000000000000000e-01 -6.881250000000000000e+01 1.481250000000000000e+01 5.237500000000000000e+01
3.140000104904174805e+00 -8.199999809265136719e+00 3.400000095367431641e+00 -1.400000000000000000e+01 5.556250000000000000e+01 3.562500000000000000e+00 -7.150000000000000000e+01 1.968750000000000000e+01 5.412500000000000000e+01
1.950000047683715820e+00 -9.750000000000000000e+00 2.869999885559082031e+00 -1.400000000000000000e+01 5.556250000000000000e+01 3.562500000000000000e+00 -7.318750000000000000e+01 2.475000000000000000e+01 5.531250000000000000e+01
1.470000028610229492e+00 -9.920000076293945312e+00 2.660000085830688477e+00 -1.400000000000000000e+01 5.556250000000000000e+01 3.562500000000000000e+00 -7.262500000000000000e+01 2.818750000000000000e+01 5.206250000000000000e+01
1.049999952316284180e+00 -1.047000026702880859e+01 2.519999980926513672e+00 -1.400000000000000000e+01 5.556250000000000000e+01 3.562500000000000000e+00 -6.868750000000000000e+01 2.768750000000000000e+01 4.756250000000000000e+01
9.100000262260437012e-01 -1.106000041961669922e+01 2.380000114440917969e+00 -1.400000000000000000e+01 5.556250000000000000e+01 3.562500000000000000e+00 -6.150000000000000000e+01 2.431250000000000000e+01 4.243750000000000000e+01
1.190000057220458984e+00 -1.102999973297119141e+01 2.319999933242797852e+00 -1.175000000000000000e+01 5.587500000000000000e+01 5.687500000000000000e+00 -5.250000000000000000e+01 1.987500000000000000e+01 3.462500000000000000e+01
1.620000004768371582e+00 -1.100000000000000000e+01 2.210000038146972656e+00 -1.175000000000000000e+01 5.587500000000000000e+01 5.687500000000000000e+00 -4.306250000000000000e+01 1.506250000000000000e+01 2.762500000000000000e+01
1.899999976158142090e+00 -1.063000011444091797e+01 2.230000019073486328e+00 -1.175000000000000000e+01 5.587500000000000000e+01 5.687500000000000000e+00 -3.418750000000000000e+01 1.293750000000000000e+01 2.100000000000000000e+01
2.180000066757202148e+00 -1.077999973297119141e+01 2.130000114440917969e+00 -1.175000000000000000e+01 5.587500000000000000e+01 5.687500000000000000e+00 -2.637500000000000000e+01 1.306250000000000000e+01 1.568750000000000000e+01
2.039999961853027344e+00 -1.106000041961669922e+01 2.049999952316284180e+00 -1.175000000000000000e+01 5.587500000000000000e+01 5.687500000000000000e+00 -1.900000000000000000e+01 1.543750000000000000e+01 1.075000000000000000e+01
1.679999947547912598e+00 -1.126000022888183594e+01 2.019999980926513672e+00 -1.056250000000000000e+01 5.587500000000000000e+01 8.062500000000000000e+00 -1.100000000000000000e+01 1.750000000000000000e+01 6.375000000000000000e+00
1.350000023841857910e+00 -1.148999977111816406e+01 2.029999971389770508e+00 -1.056250000000000000e+01 5.587500000000000000e+01 8.062500000000000000e+00 -1.625000000000000000e+00 1.818750000000000000e+01 1.375000000000000000e+00
8.500000238418579102e-01 -1.139000034332275391e+01 2.160000085830688477e+00 -1.056250000000000000e+01 5.587500000000000000e+01 8.062500000000000000e+00 9.000000000000000000e+00 1.687500000000000000e+01 -4.625000000000000000e+00
8.600000143051147461e-01 -1.117000007629394531e+01 2.269999980926513672e+00 -1.056250000000000000e+01 5.587500000000000000e+01 8.062500000000000000e+00 1.993750000000000000e+01 1.387500000000000000e+01 -1.100000000000000000e+01
9.399999976158142090e-01 -1.093999958038330078e+01 2.359999895095825195e+00 -1.056250000000000000e+01 5.587500000000000000e+01 8.062500000000000000e+00 3.018750000000000000e+01 1.018750000000000000e+01 -1.756250000000000000e+01
1.289999961853027344e+00 -1.034000015258789062e+01 2.609999895095825195e+00 -1.025000000000000000e+01 5.650000000000000000e+01 8.062500000000000000e+00 3.981250000000000000e+01 6.500000000000000000e+00 -2.343750000000000000e+01
1.460000038146972656e+00 -1.013000011444091797e+01 2.660000085830688477e+00 -1.025000000000000000e+01 5.650000000000000000e+01 8.062500000000000000e+00 4.825000000000000000e+01 3.375000000000000000e+00 -2.912500000000000000e+01
1.700000047683715820e+00 -9.949999809265136719e+00 2.740000009536743164e+00 -1.025000000000000000e+01 5.650000000000000000e+01 8.062500000000000000e+00 5.562500000000000000e+01 1.250000000000000000e+00 -3.368750000000000000e+01
1.789999961853027344e+00 -9.779999732971191406e+00 2.900000095367431641e+00 -1.025000000000000000e+01 5.650000000000000000e+01 8.062500000000000000e+00 6.212500000000000000e+01 -1.250000000000000000e-01 -3.750000000000000000e+01
1.830000042915344238e+00 -9.619999885559082031e+00 3.170000076293945312e+00 -1.025000000000000000e+01 5.650000000000000000e+01 8.062500000000000000e+00 6.762500000000000000e+01 -1.187500000000000000e+00 -4.050000000000000000e+01
1.830000042915344238e+00 -9.600000381469726562e+00 3.250000000000000000e+00 -1.056250000000000000e+01 5.618750000000000000e+01 6.500000000000000000e+00 7.212500000000000000e+01 -2.250000000000000000e+00 -4.356250000000000000e+01
1.830000042915344238e+00 -9.600000381469726562e+00 3.259999990463256836e+00 -1.056250000000000000e+01 5.618750000000000000e+01 6.500000000000000000e+00 7.737500000000000000e+01 -3.812500000000000000e+00 -4.662500000000000000e+01
1.870000004768371582e+00 -9.520000457763671875e+00 3.339999914169311523e+00 -1.056250000000000000e+01 5.618750000000000000e+01 6.500000000000000000e+00 8.181250000000000000e+01 -5.812500000000000000e+00 -4.968750000000000000e+01
2.009999990463256836e+00 -9.510000228881835938e+00 3.460000038146972656e+00 -1.056250000000000000e+01 5.618750000000000000e+01 6.500000000000000000e+00 8.625000000000000000e+01 -7.875000000000000000e+00 -5.293750000000000000e+01
2.089999914169311523e+00 -9.520000457763671875e+00 3.500000000000000000e+00 -1.056250000000000000e+01 5.618750000000000000e+01 6.500000000000000000e+00 9.075000000000000000e+01 -9.562500000000000000e+00 -5.631250000000000000e+01
2.160000085830688477e+00 -9.560000419616699219e+00 3.400000095367431641e+00 -1.400000000000000000e+01 5.618750000000000000e+01 4.000000000000000000e+00 9.568750000000000000e+01 -1.162500000000000000e+01 -6.043750000000000000e+01
2.230000019073486328e+00 -9.729999542236328125e+00 3.190000057220458984e+00 -1.400000000000000000e+01 5.618750000000000000e+01 4.000000000000000000e+00 1.013125000000000000e+02 -1.287500000000000000e+01 -6.462500000000000000e+01
2.089999914169311523e+00 -1.014999961853027344e+01 2.940000057220458984e+00 -1.400000000000000000e+01 5.618750000000000000e+01 4.000000000000000000e+00 1.085000000000000000e+02 -1.325000000000000000e+01 -6.943750000000000000e+01
1.799999952316284180e+00 -1.053999996185302734e+01 2.900000095367431641e+00 -1.400000000000000000e+01 5.618750000000000000e+01 4.000000000000000000e+00 1.183125000000000000e+02 -1.306250000000000000e+01 -7.625000000000000000e+01
1.710000038146972656e+00 -1.050000000000000000e+01 2.940000057220458984e+00 -1.400000000000000000e+01 5.618750000000000000e+01 4.000000000000000000e+00 1.313125000000000000e+02 -1.312500000000000000e+01 -8.531250000000000000e+01
1.759999990463256836e+00 -9.859999656677246094e+00 3.170000076293945312e+00 -1.575000000000000000e+01 5.500000000000000000e+01 -8.750000000000000000e-01 1.458750000000000000e+02 -1.562500000000000000e+01 -9.525000000000000000e+01
1.950000047683715820e+00 -9.590000152587890625e+00 3.309999942779541016e+00 -1.575000000000000000e+01 5.500000000000000000e+01 -8.750000000000000000e-01 1.597500000000000000e+02 -1.843750000000000000e+01 -1.053125000000000000e+02
2.029999971389770508e+00 -9.390000343322753906e+00 3.259999990463256836e+00 -1.575000000000000000e+01 5.500000000000000000e+01 -8.750000000000000000e-01 1.721250000000000000e+02 -2.025000000000000000e+01 -1.159375000000000000e+02
2.099999904632568359e+00 -9.329999923706054688e+00 3.119999885559082031e+00 -1.575000000000000000e+01 5.500000000000000000e+01 -8.750000000000000000e-01 1.845000000000000000e+02 -2.181250000000000000e+01 -1.272500000000000000e+02
1.940000057220458984e+00 -9.409999847412109375e+00 2.789999961853027344e+00 -1.575000000000000000e+01 5.500000000000000000e+01 -8.750000000000000000e-01 1.979375000000000000e+02 -2.200000000000000000e+01 -1.391875000000000000e+02
1.779999971389770508e+00 -9.550000190734863281e+00 2.380000114440917969e+00 -2.056250000000000000e+01 5.350000000000000000e+01 -6.062500000000000000e+00 2.133125000000000000e+02 -2.137500000000000000e+01 -1.528125000000000000e+02
1.659999966621398926e+00 -9.460000038146972656e+00 2.180000066757202148e+00 -2.056250000000000000e+01 5.350000000000000000e+01 -6.062500000000000000e+00 2.307500000000000000e+02 -2.187500000000000000e+01 -1.682500000000000000e+02
1.070000052452087402e+00 -8.899999618530273438e+00 1.899999976158142090e+00 -2.056250000000000000e+01 5.350000000000000000e+01 -6.062500000000000000e+00 2.502500000000000000e+02 -2.156250000000000000e+01 -1.863750000000000000e+02
1.080000042915344238e+00 -7.860000133514404297e+00 2.170000076293945312e+00 -2.056250000000000000e+01 5.350000000000000000e+01 -6.062500000000000000e+00 2.717500000000000000e+02 -2.225000000000000000e+01 -2.061875000000000000e+02
1.039999961853027344e+00 -6.329999923706054688e+00 2.819999933242797852e+00 -2.056250000000000000e+01 5.350000000000000000e+01 -6.062500000000000000e+00 2.916250000000000000e+02 -2.237500000000000000e+01 -2.273125000000000000e+02
1.470000028610229492e+00 -3.470000028610229492e+00 5.139999866485595703e+00 -2.656250000000000000e+01 4.825000000000000000e+01 -1.537500000000000000e+01 3.056250000000000000e+02 -2.375000000000000000e+01 -2.459375000000000000e+02
8.970000267028808594e+00 1.303999996185302734e+01 1.569999980926513672e+01 -2.656250000000000000e+01 4.825000000000000000e+01 -1.537500000000000000e+01 2.875000000000000000e+02 -1.943750000000000000e+01 -2.561250000000000000e+02
1.744000053405761719e+01 1.987000083923339844e+01 1.854000091552734375e+01 -2.656250000000000000e+01 4.825000000000000000e+01 -1.537500000000000000e+01 1.910625000000000000e+02 6.250000000000000000e+00 -2.305625000000000000e+02
1.845000076293945312e+01 3.106999969482421875e+01 1.065999984741210938e+01 -2.656250000000000000e+01 4.825000000000000000e+01 -1.537500000000000000e+01 1.097500000000000000e+02 2.850000000000000000e+01 -1.774375000000000000e+02
8.300000190734863281e+00 1.934000015258789062e+01 6.929999828338623047e+00 -2.656250000000000000e+01 4.825000000000000000e+01 -1.537500000000000000e+01 3.618750000000000000e+01 5.200000000000000000e+01 -9.068750000000000000e+01
7.170000076293945312e+00 -4.650000095367431641e+00 7.380000114440917969e+00 -3.656250000000000000e+01 3.768750000000000000e+01 -2.450000000000000000e+01 -7.750000000000000000e+00 4.306250000000000000e+01 -4.750000000000000000e+00
3.809999942779541016e+00 -5.949999809265136719e+00 7.659999847412109375e+00 -3.656250000000000000e+01 3.768750000000000000e+01 -2.450000000000000000e+01 -2.112500000000000000e+01 1.562500000000000000e+01 3.681250000000000000e+01
3.990000009536743164e+00 -8.170000076293945312e+00 7.429999828338623047e+00 -3.656250000000000000e+01 3.768750000000000000e+01 -2.450000000000000000e+01 -1.743750000000000000e+01 1.206250000000000000e+01 3.325000000000000000e+01
3.859999895095825195e+00 -5.820000171661376953e+00 7.050000190734863281e+00 -3.656250000000000000e+01 3.768750000000000000e+01 -2.450000000000000000e+01 -8.500000000000000000e+00 2.500000000000000000e+00 1.600000000000000000e+01
