6.230000019073486328e+00 -6.600000262260437012e-01 7.530000209808349609e+00 -5.175000000000000000e+01 1.856250000000000000e+01 -2.587500000000000000e+01 0.000000000000000000e+00 1.875000000000000000e-01 -6.250000000000000000e-02
6.219999790191650391e+00 -6.499999761581420898e-01 7.519999980926513672e+00 -5.175000000000000000e+01 1.856250000000000000e+01 -2.587500000000000000e+01 6.250000000000000000e-02 -6.250000000000000000e-02 -1.250000000000000000e-01
6.230000019073486328e+00 -6.399999856948852539e-01 7.489999771118164062e+00 -5.175000000000000000e+01 1.856250000000000000e+01 -2.587500000000000000e+01 0.000000000000000000e+00 1.875000000000000000e-01 1.250000000000000000e-01
6.230000019073486328e+00 -6.499999761581420898e-01 7.519999980926513672e+00 -5.137500000000000000e+01 1.775000000000000000e+01 -2.587500000000000000e+01 6.250000000000000000e-02 6.250000000000000000e-02 6.250000000000000000e-02
6.210000038146972656e+00 -6.499999761581420898e-01 7.510000228881835938e+00 -5.137500000000000000e+01 1.775000000000000000e+01 -2.587500000000000000e+01 0.000000000000000000e+00 2.500000000000000000e-01 0.000000000000000000e+00
6.199999809265136719e+00 -6.600000262260437012e-01 7.510000228881835938e+00 -5.137500000000000000e+01 1.775000000000000000e+01 -2.587500000000000000e+01 0.000000000000000000e+00 6.250000000000000000e-02 -6.250000000000000000e-02
6.190000057220458984e+00 -6.499999761581420898e-01 7.500000000000000000e+00 -5.137500000000000000e+01 1.775000000000000000e+01 -2.587500000000000000e+01 1.250000000000000000e-01 -1.250000000000000000e-01 0.000000000000000000e+00
6.230000019073486328e+00 -6.399999856948852539e-01 7.489999771118164062e+00 -5.137500000000000000e+01 1.775000000000000000e+01 -2.587500000000000000e+01 1.250000000000000000e-01 1.250000000000000000e-01 0.000000000000000000e+00
6.219999790191650391e+00 -6.600000262260437012e-01 7.489999771118164062e+00 -5.175000000000000000e+01 1.856250000000000000e+01 -2.550000000000000000e+01 0.000000000000000000e+00 3.750000000000000000e-01 6.250000000000000000e-02
6.199999809265136719e+00 -6.700000166893005371e-01 7.510000228881835938e+00 -5.175000000000000000e+01 1.856250000000000000e+01 -2.550000000000000000e+01 1.250000000000000000e-01 1.875000000000000000e-01 -1.250000000000000000e-01
6.210000038146972656e+00 -6.800000071525573730e-01 7.519999980926513672e+00 -5.175000000000000000e+01 1.856250000000000000e+01 -2.550000000000000000e+01 1.875000000000000000e-01 0.000000000000000000e+00 -1.250000000000000000e-01
6.219999790191650391e+00 -6.499999761581420898e-01 7.460000038146972656e+00 -5.175000000000000000e+01 1.856250000000000000e+01 -2.550000000000000000e+01 1.250000000000000000e-01 1.250000000000000000e-01 -6.250000000000000000e-02
6.230000019073486328e+00 -6.600000262260437012e-01 7.510000228881835938e+00 -5.175000000000000000e+01 1.856250000000000000e+01 -2.550000000000000000e+01 1.875000000000000000e-01 0.000000000000000000e+00 -1.250000000000000000e-01
6.219999790191650391e+00 -6.600000262260437012e-01 7.489999771118164062e+00 -5.100000000000000000e+01 1.706250000000000000e+01 -2.587500000000000000e+01 1.250000000000000000e-01 -1.875000000000000000e-01 0.000000000000000000e+00
6.230000019073486328e+00 -6.499999761581420898e-01 7.519999980926513672e+00 -5.100000000000000000e+01 1.706250000000000000e+01 -2.587500000000000000e+01 2.500000000000000000e-01 6.250000000000000000e-02 -6.250000000000000000e-02
6.210000038146972656e+00 -6.800000071525573730e-01 7.519999980926513672e+00 -5.100000000000000000e+01 1.706250000000000000e+01 -2.587500000000000000e+01 2.500000000000000000e-01 2.500000000000000000e-01 -1.875000000000000000e-01
6.230000019073486328e+00 -6.499999761581420898e-01 7.489999771118164062e+00 -5.100000000000000000e+01 1.706250000000000000e+01 -2.587500000000000000e+01 1.875000000000000000e-01 1.250000000000000000e-01 -1.250000000000000000e-01
6.199999809265136719e+00 -6.499999761581420898e-01 7.510000228881835938e+00 -5.100000000000000000e+01 1.706250000000000000e+01 -2.587500000000000000e+01 1.875000000000000000e-01 0.000000000000000000e+00 -1.250000000000000000e-01
6.219999790191650391e+00 -6.399999856948852539e-01 7.519999980926513672e+00 -5.175000000000000000e+01 1.818750000000000000e+01 -2.625000000000000000e+01 1.875000000000000000e-01 1.250000000000000000e-01 -1.875000000000000000e-01
6.210000038146972656e+00 -6.600000262260437012e-01 7.519999980926513672e+00 -5.175000000000000000e+01 1.818750000000000000e+01 -2.625000000000000000e+01 1.250000000000000000e-01 -1.875000000000000000e-01 -1.250000000000000000e-01
6.210000038146972656e+00 -6.399999856948852539e-01 7.519999980926513672e+00 -5.175000000000000000e+01 1.818750000000000000e+01 -2.625000000000000000e+01 3.125000000000000000e-01 -6.250000000000000000e-02 -2.500000000000000000e-01
6.230000019073486328e+00 -6.499999761581420898e-01 7.500000000000000000e+00 -5.175000000000000000e+01 1.818750000000000000e+01 -2.625000000000000000e+01 3.125000000000000000e-01 0.000000000000000000e+00 -6.250000000000000000e-02
6.210000038146972656e+00 -6.600000262260437012e-01 7.510000228881835938e+00 -5.175000000000000000e+01 1.818750000000000000e+01 -2.625000000000000000e+01 3.125000000000000000e-01 -6.250000000000000000e-02 -2.500000000000000000e-01
6.219999790191650391e+00 -6.299999952316284180e-01 7.519999980926513672e+00 -5.206250000000000000e+01 1.750000000000000000e+01 -2.550000000000000000e+01 1.875000000000000000e-01 -2.500000000000000000e-01 -1.250000000000000000e-01
6.219999790191650391e+00 -6.499999761581420898e-01 7.510000228881835938e+00 -5.206250000000000000e+01 1.750000000000000000e+01 -2.550000000000000000e+01 2.500000000000000000e-01 0.000000000000000000e+00 -6.250000000000000000e-02
6.219999790191650391e+00 -6.299999952316284180e-01 7.539999961853027344e+00 -5.206250000000000000e+01 1.750000000000000000e+01 -2.550000000000000000e+01 1.875000000000000000e-01 -1.250000000000000000e-01 -1.875000000000000000e-01
6.219999790191650391e+00 -6.399999856948852539e-01 7.500000000000000000e+00 -5.206250000000000000e+01 1.750000000000000000e+01 -2.550000000000000000e+01 1.250000000000000000e-01 -1.250000000000000000e-01 -6.250000000000000000e-02
6.210000038146972656e+00 -6.499999761581420898e-01 7.489999771118164062e+00 -5.206250000000000000e+01 1.750000000000000000e+01 -2.550000000000000000e+01 1.250000000000000000e-01 -6.250000000000000000e-02 -1.250000000000000000e-01
6.210000038146972656e+00 -6.299999952316284180e-01 7.519999980926513672e+00 -5.175000000000000000e+01 1.775000000000000000e+01 -2.625000000000000000e+01 6.250000000000000000e-02 0.000000000000000000e+00 0.000000000000000000e+00
6.230000019073486328e+00 -6.499999761581420898e-01 7.519999980926513672e+00 -5.175000000000000000e+01 1.775000000000000000e+01 -2.625000000000000000e+01 1.250000000000000000e-01 -6.250000000000000000e-02 -1.250000000000000000e-01
6.230000019073486328e+00 -6.399999856948852539e-01 7.480000019073486328e+00 -5.175000000000000000e+01 1.775000000000000000e+01 -2.625000000000000000e+01 -6.250000000000000000e-02 -1.250000000000000000e-01 0.000000000000000000e+00
6.210000038146972656e+00 -6.399999856948852539e-01 7.510000228881835938e+00 -5.175000000000000000e+01 1.775000000000000000e+01 -2.625000000000000000e+01 -1.875000000000000000e-01 -5.000000000000000000e-01 -1.875000000000000000e-01
6.329999923706054688e+00 -5.500000119209289551e-01 7.719999790191650391e+00 -5.175000000000000000e+01 1.775000000000000000e+01 -2.625000000000000000e+01 -1.812500000000000000e+00 -1.500000000000000000e+00 0.000000000000000000e+00
6.420000076293945312e+00 -5.000000000000000000e-01 7.730000019073486328e+00 -5.175000000000000000e+01 1.775000000000000000e+01 -2.668750000000000000e+01 -4.187500000000000000e+00 -1.812500000000000000e+00 -1.250000000000000000e-01
6.809999942779541016e+00 -2.300000041723251343e-01 8.250000000000000000e+00 -5.175000000000000000e+01 1.775000000000000000e+01 -2.668750000000000000e+01 -9.125000000000000000e+00 -4.187500000000000000e+00 2.000000000000000000e+00
8.079999923706054688e+00 1.169999957084655762e+00 8.140000343322753906e+00 -5.175000000000000000e+01 1.775000000000000000e+01 -2.668750000000000000e+01 -1.962500000000000000e+01 -1.625000000000000000e+00 9.437500000000000000e+00
9.000000000000000000e+00 1.509999990463256836e+00 8.020000457763671875e+00 -5.175000000000000000e+01 1.775000000000000000e+01 -2.668750000000000000e+01 -3.400000000000000000e+01 8.500000000000000000e+00 1.731250000000000000e+01
1.121000003814697266e+01 1.669999957084655762e+00 8.729999542236328125e+00 -5.175000000000000000e+01 1.775000000000000000e+01 -2.668750000000000000e+01 -4.818750000000000000e+01 3.631250000000000000e+01 2.431250000000000000e+01
1.497999954223632812e+01 8.199999928474426270e-01 8.670000076293945312e+00 -5.175000000000000000e+01 1.775000000000000000e+01 -2.506250000000000000e+01 -4.812500000000000000e+01 8.037500000000000000e+01 2.493750000000000000e+01
1.673999977111816406e+01 -6.499999761581420898e-01 9.960000038146972656e+00 -5.175000000000000000e+01 1.775000000000000000e+01 -2.506250000000000000e+01 -4.650000000000000000e+01 1.221250000000000000e+02 2.600000000000000000e+01
1.530000019073486328e+01 -3.600000143051147461e-01 8.930000305175781250e+00 -5.175000000000000000e+01 1.775000000000000000e+01 -2.506250000000000000e+01 -4.981250000000000000e+01 1.491875000000000000e+02 3.343750000000000000e+01
1.311999988555908203e+01 -6.000000238418579102e-01 9.600000381469726562e+00 -5.175000000000000000e+01 1.775000000000000000e+01 -2.506250000000000000e+01 -4.562500000000000000e+01 1.658125000000000000e+02 4.031250000000000000e+01
7.940000057220458984e+00 -1.409999966621398926e+00 7.610000133514404297e+00 -5.175000000000000000e+01 1.775000000000000000e+01 -2.506250000000000000e+01 -4.306250000000000000e+01 1.695000000000000000e+02 4.287500000000000000e+01
4.800000190734863281e+00 -8.399999737739562988e-01 8.109999656677246094e+00 -5.175000000000000000e+01 1.775000000000000000e+01 -2.506250000000000000e+01 -4.518750000000000000e+01 1.611875000000000000e+02 4.706250000000000000e+01
3.880000114440917969e+00 -5.600000023841857910e-01 7.880000114440917969e+00 -4.987500000000000000e+01 1.925000000000000000e+01 -2.625000000000000000e+01 -4.906250000000000000e+01 1.539375000000000000e+02 4.956250000000000000e+01
2.029999971389770508e+00 -8.700000047683715820e-01 6.610000133514404297e+00 -4.987500000000000000e+01 1.925000000000000000e+01 -2.625000000000000000e+01 -4.806250000000000000e+01 1.448750000000000000e+02 4.637500000000000000e+01
-2.500000000000000000e-01 -1.279999971389770508e+00 6.570000171661376953e+00 -4.987500000000000000e+01 1.925000000000000000e+01 -2.625000000000000000e+01 -4.537500000000000000e+01 1.279375000000000000e+02 3.937500000000000000e+01
-9.300000071525573730e-01 -1.870000004768371582e+00 6.829999923706054688e+00 -4.987500000000000000e+01 1.925000000000000000e+01 -2.625000000000000000e+01 -4.368750000000000000e+01 1.120625000000000000e+02 3.250000000000000000e+01
-1.500000059604644775e-01 -1.889999985694885254e+00 6.769999980926513672e+00 -4.506250000000000000e+01 2.300000000000000000e+01 -3.037500000000000000e+01 -4.150000000000000000e+01 1.003750000000000000e+02 2.725000000000000000e+01
6.700000166893005371e-01 -2.730000019073486328e+00 6.750000000000000000e+00 -4.506250000000000000e+01 2.300000000000000000e+01 -3.037500000000000000e+01 -3.550000000000000000e+01 8.868750000000000000e+01 2.243750000000000000e+01
6.299999952316284180e-01 -3.140000104904174805e+00 6.769999980926513672e+00 -4.506250000000000000e+01 2.300000000000000000e+01 -3.037500000000000000e+01 -2.850000000000000000e+01 7.718750000000000000e+01 1.806250000000000000e+01
5.500000119209289551e-01 -3.250000000000000000e+00 7.289999961853027344e+00 -4.506250000000000000e+01 2.300000000000000000e+01 -3.037500000000000000e+01 -2.287500000000000000e+01 6.668750000000000000e+01 1.568750000000000000e+01
8.999999761581420898e-01 -3.230000019073486328e+00 7.440000057220458984e+00 -4.506250000000000000e+01 2.300000000000000000e+01 -3.037500000000000000e+01 -1.806250000000000000e+01 5.743750000000000000e+01 1.456250000000000000e+01
1.620000004768371582e+00 -3.079999923706054688e+00 8.050000190734863281e+00 -4.506250000000000000e+01 2.300000000000000000e+01 -3.037500000000000000e+01 -1.500000000000000000e+01 5.043750000000000000e+01 1.481250000000000000e+01
2.349999904632568359e+00 -2.869999885559082031e+00 8.010000228881835938e+00 -4.087500000000000000e+01 2.456250000000000000e+01 -3.356250000000000000e+01 -1.168750000000000000e+01 4.487500000000000000e+01 1.512500000000000000e+01
1.970000028610229492e+00 -2.799999952316284180e+00 8.470000267028808594e+00 -4.087500000000000000e+01 2.456250000000000000e+01 -3.356250000000000000e+01 -9.187500000000000000e+00 3.918750000000000000e+01 1.443750000000000000e+01
2.289999961853027344e+00 -2.480000019073486328e+00 8.420000076293945312e+00 -4.087500000000000000e+01 2.456250000000000000e+01 -3.356250000000000000e+01 -7.125000000000000000e+00 3.506250000000000000e+01 1.381250000000000000e+01
2.140000104904174805e+00 -2.210000038146972656e+00 8.590000152587890625e+00 -4.087500000000000000e+01 2.456250000000000000e+01 -3.356250000000000000e+01 -5.625000000000000000e+00 3.068750000000000000e+01 1.293750000000000000e+01
1.940000057220458984e+00 -2.210000038146972656e+00 8.520000457763671875e+00 -3.825000000000000000e+01 2.675000000000000000e+01 -3.456250000000000000e+01 -4.375000000000000000e+00 2.675000000000000000e+01 1.056250000000000000e+01
1.879999995231628418e+00 -2.130000114440917969e+00 8.539999961853027344e+00 -3.825000000000000000e+01 2.675000000000000000e+01 -3.456250000000000000e+01 -4.312500000000000000e+00 2.375000000000000000e+01 8.125000000000000000e+00
2.190000057220458984e+00 -1.899999976158142090e+00 8.670000076293945312e+00 -3.825000000000000000e+01 2.675000000000000000e+01 -3.456250000000000000e+01 -4.250000000000000000e+00 2.131250000000000000e+01 5.750000000000000000e+00
2.210000038146972656e+00 -1.909999966621398926e+00 8.729999542236328125e+00 -3.825000000000000000e+01 2.675000000000000000e+01 -3.456250000000000000e+01 -4.250000000000000000e+00 1.850000000000000000e+01 4.250000000000000000e+00
2.240000009536743164e+00 -1.970000028610229492e+00 8.699999809265136719e+00 -3.825000000000000000e+01 2.675000000000000000e+01 -3.456250000000000000e+01 -4.375000000000000000e+00 1.581250000000000000e+01 2.687500000000000000e+00
2.130000114440917969e+00 -2.079999923706054688e+00 8.760000228881835938e+00 -3.825000000000000000e+01 2.675000000000000000e+01 -3.456250000000000000e+01 -4.562500000000000000e+00 1.293750000000000000e+01 2.250000000000000000e+00
2.160000085830688477e+00 -2.230000019073486328e+00 8.670000076293945312e+00 -3.675000000000000000e+01 2.718750000000000000e+01 -3.625000000000000000e+01 -4.562500000000000000e+00 9.937500000000000000e+00 2.187500000000000000e+00
2.049999952316284180e+00 -2.299999952316284180e+00 8.619999885559082031e+00 -3.675000000000000000e+01 2.718750000000000000e+01 -3.625000000000000000e+01 -4.125000000000000000e+00 6.687500000000000000e+00 1.875000000000000000e+00
1.940000057220458984e+00 -2.359999895095825195e+00 8.600000381469726562e+00 -3.675000000000000000e+01 2.718750000000000000e+01 -3.625000000000000000e+01 -3.562500000000000000e+00 3.062500000000000000e+00 1.812500000000000000e+00
1.870000004768371582e+00 -2.420000076293945312e+00 8.569999694824218750e+00 -3.675000000000000000e+01 2.718750000000000000e+01 -3.625000000000000000e+01 -2.187500000000000000e+00 -9.375000000000000000e-01 1.375000000000000000e+00
1.629999995231628418e+00 -2.490000009536743164e+00 8.420000076293945312e+00 -3.675000000000000000e+01 2.718750000000000000e+01 -3.625000000000000000e+01 0.000000000000000000e+00 -6.062500000000000000e+00 6.875000000000000000e-01
1.269999980926513672e+00 -2.500000000000000000e+00 8.329999923706054688e+00 -3.625000000000000000e+01 2.675000000000000000e+01 -3.625000000000000000e+01 2.187500000000000000e+00 -1.287500000000000000e+01 -7.500000000000000000e-01
1.009999990463256836e+00 -2.470000028610229492e+00 8.420000076293945312e+00 -3.625000000000000000e+01 2.675000000000000000e+01 -3.625000000000000000e+01 2.937500000000000000e+00 -1.862500000000000000e+01 -1.500000000000000000e+00
2.490000009536743164e+00 -2.259999990463256836e+00 8.770000457763671875e+00 -3.625000000000000000e+01 2.675000000000000000e+01 -3.625000000000000000e+01 2.875000000000000000e+00 -2.031250000000000000e+01 -2.000000000000000000e+00
3.200000047683715820e+00 -2.200000047683715820e+00 8.760000228881835938e+00 -3.625000000000000000e+01 2.675000000000000000e+01 -3.625000000000000000e+01 3.375000000000000000e+00 -2.043750000000000000e+01 -2.062500000000000000e+00
2.990000009536743164e+00 -2.210000038146972656e+00 8.829999923706054688e+00 -3.625000000000000000e+01 2.675000000000000000e+01 -3.625000000000000000e+01 4.000000000000000000e+00 -2.206250000000000000e+01 -2.375000000000000000e+00
2.640000104904174805e+00 -2.289999961853027344e+00 8.859999656677246094e+00 -3.587500000000000000e+01 2.800000000000000000e+01 -3.668750000000000000e+01 5.187500000000000000e+00 -2.612500000000000000e+01 -2.687500000000000000e+00
1.090000033378601074e+00 -2.440000057220458984e+00 8.210000038146972656e+00 -3.587500000000000000e+01 2.800000000000000000e+01 -3.668750000000000000e+01 8.750000000000000000e+00 -3.350000000000000000e+01 -5.125000000000000000e+00
-1.800000071525573730e-01 -2.670000076293945312e+00 7.469999790191650391e+00 -3.587500000000000000e+01 2.800000000000000000e+01 -3.668750000000000000e+01 1.406250000000000000e+01 -4.618750000000000000e+01 -9.625000000000000000e+00
-1.360000014305114746e+00 -2.849999904632568359e+00 7.369999885559082031e+00 -3.587500000000000000e+01 2.800000000000000000e+01 -3.668750000000000000e+01 1.593750000000000000e+01 -5.843750000000000000e+01 -1.368750000000000000e+01
9.700000286102294922e-01 -2.130000114440917969e+00 8.229999542236328125e+00 -3.587500000000000000e+01 2.800000000000000000e+01 -3.668750000000000000e+01 1.512500000000000000e+01 -6.493750000000000000e+01 -1.500000000000000000e+01
3.750000000000000000e+00 -2.240000009536743164e+00 7.929999828338623047e+00 -3.737500000000000000e+01 2.768750000000000000e+01 -3.556250000000000000e+01 1.668750000000000000e+01 -6.318750000000000000e+01 -1.756250000000000000e+01
4.690000057220458984e+00 -2.400000095367431641e+00 8.470000267028808594e+00 -3.737500000000000000e+01 2.768750000000000000e+01 -3.556250000000000000e+01 1.931250000000000000e+01 -6.037500000000000000e+01 -1.931250000000000000e+01
4.789999961853027344e+00 -2.259999990463256836e+00 8.609999656677246094e+00 -3.737500000000000000e+01 2.768750000000000000e+01 -3.556250000000000000e+01 2.250000000000000000e+01 -6.150000000000000000e+01 -1.900000000000000000e+01
3.180000066757202148e+00 -2.430000066757202148e+00 8.880000114440917969e+00 -3.737500000000000000e+01 2.768750000000000000e+01 -3.556250000000000000e+01 2.393750000000000000e+01 -6.512500000000000000e+01 -1.825000000000000000e+01
3.089999914169311523e+00 -2.430000066757202148e+00 8.579999923706054688e+00 -3.737500000000000000e+01 2.768750000000000000e+01 -3.556250000000000000e+01 2.281250000000000000e+01 -6.837500000000000000e+01 -1.818750000000000000e+01
3.170000076293945312e+00 -1.870000004768371582e+00 8.750000000000000000e+00 -3.875000000000000000e+01 2.618750000000000000e+01 -3.518750000000000000e+01 1.581250000000000000e+01 -7.150000000000000000e+01 -1.600000000000000000e+01
3.619999885559082031e+00 -1.110000014305114746e+00 8.829999923706054688e+00 -3.875000000000000000e+01 2.618750000000000000e+01 -3.518750000000000000e+01 5.625000000000000000e+00 -7.262500000000000000e+01 -9.187500000000000000e+00
4.980000019073486328e+00 -6.600000262260437012e-01 8.130000114440917969e+00 -3.875000000000000000e+01 2.618750000000000000e+01 -3.518750000000000000e+01 2.500000000000000000e+00 -7.150000000000000000e+01 -7.250000000000000000e+00
3.390000104904174805e+00 -1.299999952316284180e+00 8.090000152587890625e+00 -3.875000000000000000e+01 2.618750000000000000e+01 -3.518750000000000000e+01 7.125000000000000000e+00 -7.618750000000000000e+01 -1.412500000000000000e+01
2.109999895095825195e+00 -2.549999952316284180e+00 7.420000076293945312e+00 -3.875000000000000000e+01 2.618750000000000000e+01 -3.518750000000000000e+01 1.575000000000000000e+01 -8.537500000000000000e+01 -2.525000000000000000e+01
2.500000000000000000e-01 -2.150000095367431641e+00 7.590000152587890625e+00 -4.150000000000000000e+01 2.537500000000000000e+01 -3.356250000000000000e+01 1.918750000000000000e+01 -9.881250000000000000e+01 -3.131250000000000000e+01
1.500000000000000000e+00 -2.009999990463256836e+00 7.630000114440917969e+00 -4.150000000000000000e+01 2.537500000000000000e+01 -3.356250000000000000e+01 1.806250000000000000e+01 -1.094375000000000000e+02 -3.368750000000000000e+01
3.559999942779541016e+00 -1.669999957084655762e+00 7.690000057220458984e+00 -4.150000000000000000e+01 2.537500000000000000e+01 -3.356250000000000000e+01 1.275000000000000000e+01 -1.121250000000000000e+02 -3.137500000000000000e+01
6.389999866485595703e+00 -1.419999957084655762e+00 8.869999885559082031e+00 -4.150000000000000000e+01 2.537500000000000000e+01 -3.356250000000000000e+01 5.937500000000000000e+00 -9.837500000000000000e+01 -2.368750000000000000e+01
1.519999980926513672e+01 -8.100000023841857910e-01 9.590000152587890625e+00 -4.150000000000000000e+01 2.537500000000000000e+01 -3.356250000000000000e+01 5.875000000000000000e+00 -6.775000000000000000e+01 -1.718750000000000000e+01
1.556000041961669922e+01 -1.470000028610229492e+00 9.409999847412109375e+00 -4.475000000000000000e+01 2.468750000000000000e+01 -3.106250000000000000e+01 9.562500000000000000e+00 -3.612500000000000000e+01 -1.506250000000000000e+01
1.285999965667724609e+01 -1.659999966621398926e+00 9.260000228881835938e+00 -4.475000000000000000e+01 2.468750000000000000e+01 -3.106250000000000000e+01 1.362500000000000000e+01 -1.887500000000000000e+01 -1.237500000000000000e+01
8.739999771118164062e+00 -1.850000023841857910e+00 8.649999618530273438e+00 -4.475000000000000000e+01 2.468750000000000000e+01 -3.106250000000000000e+01 1.668750000000000000e+01 -1.818750000000000000e+01 -1.081250000000000000e+01
2.069999933242797852e+00 -1.919999957084655762e+00 7.570000171661376953e+00 -4.475000000000000000e+01 2.468750000000000000e+01 -3.106250000000000000e+01 1.750000000000000000e+01 -2.931250000000000000e+01 -1.193750000000000000e+01
7.099999785423278809e-01 -1.509999990463256836e+00 7.199999809265136719e+00 -4.475000000000000000e+01 2.468750000000000000e+01 -3.106250000000000000e+01 1.650000000000000000e+01 -4.512500000000000000e+01 -1.487500000000000000e+01
2.399999946355819702e-01 -1.210000038146972656e+00 7.150000095367431641e+00 -4.725000000000000000e+01 2.356250000000000000e+01 -2.906250000000000000e+01 9.812500000000000000e+00 -6.137500000000000000e+01 -1.618750000000000000e+01
