5.800000190734863281e+00 -2.140000104904174805e+00 7.590000152587890625e+00 -3.900000000000000000e+01 3.206250000000000000e+01 -2.925000000000000000e+01 0.000000000000000000e+00 -1.250000000000000000e-01 -6.250000000000000000e-02
5.800000190734863281e+00 -2.160000085830688477e+00 7.579999923706054688e+00 -3.900000000000000000e+01 3.206250000000000000e+01 -2.925000000000000000e+01 -1.250000000000000000e-01 -6.250000000000000000e-02 6.250000000000000000e-02
5.789999961853027344e+00 -2.140000104904174805e+00 7.610000133514404297e+00 -3.900000000000000000e+01 3.206250000000000000e+01 -2.925000000000000000e+01 -1.875000000000000000e-01 0.000000000000000000e+00 0.000000000000000000e+00
5.800000190734863281e+00 -2.160000085830688477e+00 7.610000133514404297e+00 -3.900000000000000000e+01 3.206250000000000000e+01 -2.925000000000000000e+01 -1.875000000000000000e-01 1.875000000000000000e-01 6.250000000000000000e-02
5.800000190734863281e+00 -2.150000095367431641e+00 7.610000133514404297e+00 -3.968750000000000000e+01 3.137500000000000000e+01 -2.806250000000000000e+01 -1.875000000000000000e-01 2.500000000000000000e-01 1.250000000000000000e-01
5.809999942779541016e+00 -2.180000066757202148e+00 7.579999923706054688e+00 -3.968750000000000000e+01 3.137500000000000000e+01 -2.806250000000000000e+01 -4.375000000000000000e-01 2.500000000000000000e-01 3.125000000000000000e-01
5.800000190734863281e+00 -2.140000104904174805e+00 7.570000171661376953e+00 -3.968750000000000000e+01 3.137500000000000000e+01 -2.806250000000000000e+01 -1.875000000000000000e-01 1.875000000000000000e-01 1.875000000000000000e-01
5.820000171661376953e+00 -2.160000085830688477e+00 7.570000171661376953e+00 -3.968750000000000000e+01 3.137500000000000000e+01 -2.806250000000000000e+01 -3.125000000000000000e-01 3.125000000000000000e-01 3.125000000000000000e-01
5.809999942779541016e+00 -2.130000114440917969e+00 7.599999904632568359e+00 -3.968750000000000000e+01 3.137500000000000000e+01 -2.806250000000000000e+01 -2.500000000000000000e-01 3.750000000000000000e-01 1.250000000000000000e-01
5.789999961853027344e+00 -2.150000095367431641e+00 7.590000152587890625e+00 -4.006250000000000000e+01 3.206250000000000000e+01 -2.850000000000000000e+01 -2.500000000000000000e-01 3.750000000000000000e-01 5.000000000000000000e-01
5.789999961853027344e+00 -2.170000076293945312e+00 7.590000152587890625e+00 -4.006250000000000000e+01 3.206250000000000000e+01 -2.850000000000000000e+01 -3.125000000000000000e-01 4.375000000000000000e-01 2.500000000000000000e-01
5.809999942779541016e+00 -2.140000104904174805e+00 7.570000171661376953e+00 -4.006250000000000000e+01 3.206250000000000000e+01 -2.850000000000000000e+01 -2.500000000000000000e-01 1.250000000000000000e-01 4.375000000000000000e-01
5.829999923706054688e+00 -2.150000095367431641e+00 7.570000171661376953e+00 -4.006250000000000000e+01 3.206250000000000000e+01 -2.850000000000000000e+01 -2.500000000000000000e-01 4.375000000000000000e-01 3.125000000000000000e-01
5.820000171661376953e+00 -2.150000095367431641e+00 7.570000171661376953e+00 -4.006250000000000000e+01 3.206250000000000000e+01 -2.850000000000000000e+01 -3.750000000000000000e-01 5.000000000000000000e-01 5.625000000000000000e-01
5.789999961853027344e+00 -2.160000085830688477e+00 7.619999885559082031e+00 -3.968750000000000000e+01 3.287500000000000000e+01 -2.850000000000000000e+01 -3.750000000000000000e-01 5.000000000000000000e-01 4.375000000000000000e-01
5.800000190734863281e+00 -2.170000076293945312e+00 7.590000152587890625e+00 -3.968750000000000000e+01 3.287500000000000000e+01 -2.850000000000000000e+01 -3.125000000000000000e-01 5.000000000000000000e-01 6.875000000000000000e-01
5.780000209808349609e+00 -2.150000095367431641e+00 7.579999923706054688e+00 -3.968750000000000000e+01 3.287500000000000000e+01 -2.850000000000000000e+01 -4.375000000000000000e-01 6.875000000000000000e-01 7.500000000000000000e-01
5.800000190734863281e+00 -2.140000104904174805e+00 7.579999923706054688e+00 -3.968750000000000000e+01 3.287500000000000000e+01 -2.850000000000000000e+01 -3.125000000000000000e-01 4.375000000000000000e-01 6.875000000000000000e-01
5.809999942779541016e+00 -2.170000076293945312e+00 7.579999923706054688e+00 -3.968750000000000000e+01 3.287500000000000000e+01 -2.850000000000000000e+01 -4.375000000000000000e-01 5.625000000000000000e-01 8.125000000000000000e-01
5.780000209808349609e+00 -2.170000076293945312e+00 7.610000133514404297e+00 -3.968750000000000000e+01 3.168750000000000000e+01 -2.925000000000000000e+01 -4.375000000000000000e-01 6.250000000000000000e-01 6.875000000000000000e-01
5.789999961853027344e+00 -2.190000057220458984e+00 7.610000133514404297e+00 -3.968750000000000000e+01 3.168750000000000000e+01 -2.925000000000000000e+01 -3.750000000000000000e-01 5.000000000000000000e-01 6.875000000000000000e-01
5.789999961853027344e+00 -2.160000085830688477e+00 7.579999923706054688e+00 -3.968750000000000000e+01 3.168750000000000000e+01 -2.925000000000000000e+01 -3.125000000000000000e-01 5.625000000000000000e-01 5.625000000000000000e-01
5.760000228881835938e+00 -2.170000076293945312e+00 7.610000133514404297e+00 -3.968750000000000000e+01 3.168750000000000000e+01 -2.925000000000000000e+01 -3.750000000000000000e-01 5.000000000000000000e-01 7.500000000000000000e-01
5.769999980926513672e+00 -2.180000066757202148e+00 7.599999904632568359e+00 -3.968750000000000000e+01 3.168750000000000000e+01 -2.925000000000000000e+01 -3.125000000000000000e-01 7.500000000000000000e-01 4.375000000000000000e-01
5.780000209808349609e+00 -2.160000085830688477e+00 7.579999923706054688e+00 -4.006250000000000000e+01 3.168750000000000000e+01 -2.850000000000000000e+01 -3.125000000000000000e-01 5.625000000000000000e-01 5.000000000000000000e-01
5.760000228881835938e+00 -2.160000085830688477e+00 7.579999923706054688e+00 -4.006250000000000000e+01 3.168750000000000000e+01 -2.850000000000000000e+01 -3.125000000000000000e-01 3.750000000000000000e-01 5.625000000000000000e-01
5.780000209808349609e+00 -2.190000057220458984e+00 7.579999923706054688e+00 -4.006250000000000000e+01 3.168750000000000000e+01 -2.850000000000000000e+01 -2.500000000000000000e-01 3.750000000000000000e-01 5.000000000000000000e-01
5.760000228881835938e+00 -2.180000066757202148e+00 7.610000133514404297e+00 -4.006250000000000000e+01 3.168750000000000000e+01 -2.850000000000000000e+01 -2.500000000000000000e-01 3.750000000000000000e-01 3.750000000000000000e-01
5.769999980926513672e+00 -2.150000095367431641e+00 7.610000133514404297e+00 -4.006250000000000000e+01 3.168750000000000000e+01 -2.850000000000000000e+01 -2.500000000000000000e-01 5.000000000000000000e-01 3.750000000000000000e-01
5.789999961853027344e+00 -2.170000076293945312e+00 7.579999923706054688e+00 -3.925000000000000000e+01 3.206250000000000000e+01 -2.850000000000000000e+01 -3.125000000000000000e-01 3.125000000000000000e-01 5.000000000000000000e-01
5.780000209808349609e+00 -2.170000076293945312e+00 7.599999904632568359e+00 -3.925000000000000000e+01 3.206250000000000000e+01 -2.850000000000000000e+01 -3.125000000000000000e-01 2.500000000000000000e-01 3.750000000000000000e-01
5.760000228881835938e+00 -2.170000076293945312e+00 7.570000171661376953e+00 -3.925000000000000000e+01 3.206250000000000000e+01 -2.850000000000000000e+01 -3.125000000000000000e-01 3.125000000000000000e-01 3.750000000000000000e-01
5.780000209808349609e+00 -2.160000085830688477e+00 7.590000152587890625e+00 -3.925000000000000000e+01 3.206250000000000000e+01 -2.850000000000000000e+01 -2.500000000000000000e-01 2.500000000000000000e-01 5.000000000000000000e-01
5.769999980926513672e+00 -2.150000095367431641e+00 7.599999904632568359e+00 -3.925000000000000000e+01 3.206250000000000000e+01 -2.850000000000000000e+01 -1.875000000000000000e-01 2.500000000000000000e-01 3.125000000000000000e-01
5.769999980926513672e+00 -2.190000057220458984e+00 7.590000152587890625e+00 -3.900000000000000000e+01 3.250000000000000000e+01 -2.806250000000000000e+01 -1.875000000000000000e-01 3.125000000000000000e-01 2.500000000000000000e-01
5.780000209808349609e+00 -2.190000057220458984e+00 7.599999904632568359e+00 -3.900000000000000000e+01 3.250000000000000000e+01 -2.806250000000000000e+01 -1.875000000000000000e-01 3.125000000000000000e-01 1.875000000000000000e-01
5.750000000000000000e+00 -2.190000057220458984e+00 7.590000152587890625e+00 -3.900000000000000000e+01 3.250000000000000000e+01 -2.806250000000000000e+01 -1.250000000000000000e-01 2.500000000000000000e-01 2.500000000000000000e-01
5.750000000000000000e+00 -2.190000057220458984e+00 7.619999885559082031e+00 -3.900000000000000000e+01 3.250000000000000000e+01 -2.806250000000000000e+01 -1.250000000000000000e-01 2.500000000000000000e-01 0.000000000000000000e+00
5.719999790191650391e+00 -2.170000076293945312e+00 7.599999904632568359e+00 -3.900000000000000000e+01 3.250000000000000000e+01 -2.806250000000000000e+01 -1.875000000000000000e-01 1.250000000000000000e-01 0.000000000000000000e+00
5.659999847412109375e+00 -2.220000028610229492e+00 7.570000171661376953e+00 -3.968750000000000000e+01 3.250000000000000000e+01 -2.887500000000000000e+01 0.000000000000000000e+00 1.250000000000000000e-01 -1.875000000000000000e-01
5.469999790191650391e+00 -2.309999942779541016e+00 7.719999790191650391e+00 -3.968750000000000000e+01 3.250000000000000000e+01 -2.887500000000000000e+01 1.875000000000000000e-01 -3.125000000000000000e-01 -5.000000000000000000e-01
5.510000228881835938e+00 -2.259999990463256836e+00 7.590000152587890625e+00 -3.968750000000000000e+01 3.250000000000000000e+01 -2.887500000000000000e+01 4.375000000000000000e-01 -1.437500000000000000e+00 -1.500000000000000000e+00
5.400000095367431641e+00 -2.359999895095825195e+00 7.630000114440917969e+00 -3.968750000000000000e+01 3.250000000000000000e+01 -2.887500000000000000e+01 5.625000000000000000e-01 -1.875000000000000000e+00 -2.250000000000000000e+00
5.059999942779541016e+00 -2.339999914169311523e+00 7.800000190734863281e+00 -3.968750000000000000e+01 3.250000000000000000e+01 -2.887500000000000000e+01 1.187500000000000000e+00 -3.062500000000000000e+00 -3.500000000000000000e+00
4.980000019073486328e+00 -2.269999980926513672e+00 7.880000114440917969e+00 -3.925000000000000000e+01 3.206250000000000000e+01 -2.756250000000000000e+01 1.875000000000000000e+00 -4.687500000000000000e+00 -5.187500000000000000e+00
4.599999904632568359e+00 -2.099999904632568359e+00 7.920000076293945312e+00 -3.925000000000000000e+01 3.206250000000000000e+01 -2.756250000000000000e+01 1.250000000000000000e+00 -7.000000000000000000e+00 -7.562500000000000000e+00
4.670000076293945312e+00 -2.309999942779541016e+00 8.300000190734863281e+00 -3.925000000000000000e+01 3.206250000000000000e+01 -2.756250000000000000e+01 6.250000000000000000e-01 -9.812500000000000000e+00 -1.056250000000000000e+01
5.320000171661376953e+00 -2.099999904632568359e+00 8.189999580383300781e+00 -3.925000000000000000e+01 3.206250000000000000e+01 -2.756250000000000000e+01 2.500000000000000000e-01 -1.587500000000000000e+01 -1.312500000000000000e+01
5.510000228881835938e+00 -2.109999895095825195e+00 8.409999847412109375e+00 -3.925000000000000000e+01 3.206250000000000000e+01 -2.756250000000000000e+01 -4.375000000000000000e-01 -2.087500000000000000e+01 -1.518750000000000000e+01
5.219999790191650391e+00 -1.700000047683715820e+00 8.699999809265136719e+00 -3.925000000000000000e+01 3.250000000000000000e+01 -2.650000000000000000e+01 -2.687500000000000000e+00 -2.637500000000000000e+01 -1.731250000000000000e+01
4.889999866485595703e+00 -1.860000014305114746e+00 9.939999580383300781e+00 -3.925000000000000000e+01 3.250000000000000000e+01 -2.650000000000000000e+01 -8.750000000000000000e+00 -3.381250000000000000e+01 -1.918750000000000000e+01
5.369999885559082031e+00 -1.490000009536743164e+00 1.057999992370605469e+01 -3.925000000000000000e+01 3.250000000000000000e+01 -2.650000000000000000e+01 -1.343750000000000000e+01 -4.900000000000000000e+01 -2.081250000000000000e+01
5.670000076293945312e+00 -1.500000000000000000e+00 1.000000000000000000e+01 -3.925000000000000000e+01 3.250000000000000000e+01 -2.650000000000000000e+01 -1.543750000000000000e+01 -7.162500000000000000e+01 -2.006250000000000000e+01
5.099999904632568359e+00 -1.909999966621398926e+00 1.009000015258789062e+01 -3.925000000000000000e+01 3.250000000000000000e+01 -2.650000000000000000e+01 -1.562500000000000000e+01 -9.062500000000000000e+01 -1.743750000000000000e+01
5.849999904632568359e+00 -2.240000009536743164e+00 8.899999618530273438e+00 -4.050000000000000000e+01 3.137500000000000000e+01 -2.650000000000000000e+01 -1.212500000000000000e+01 -1.120000000000000000e+02 -1.437500000000000000e+01
5.539999961853027344e+00 -2.130000114440917969e+00 8.899999618530273438e+00 -4.050000000000000000e+01 3.137500000000000000e+01 -2.650000000000000000e+01 -6.812500000000000000e+00 -1.315000000000000000e+02 -1.300000000000000000e+01
5.389999866485595703e+00 -2.240000009536743164e+00 8.649999618530273438e+00 -4.050000000000000000e+01 3.137500000000000000e+01 -2.650000000000000000e+01 -3.312500000000000000e+00 -1.475000000000000000e+02 -1.318750000000000000e+01
5.750000000000000000e+00 -2.619999885559082031e+00 8.079999923706054688e+00 -4.050000000000000000e+01 3.137500000000000000e+01 -2.650000000000000000e+01 -2.125000000000000000e+00 -1.629375000000000000e+02 -1.456250000000000000e+01
6.159999847412109375e+00 -2.789999961853027344e+00 7.110000133514404297e+00 -4.050000000000000000e+01 3.137500000000000000e+01 -2.650000000000000000e+01 3.125000000000000000e-01 -1.738750000000000000e+02 -1.850000000000000000e+01
7.139999866485595703e+00 -2.750000000000000000e+00 6.380000114440917969e+00 -4.418750000000000000e+01 3.100000000000000000e+01 -2.225000000000000000e+01 2.250000000000000000e+00 -1.815625000000000000e+02 -2.318750000000000000e+01
8.359999656677246094e+00 -2.579999923706054688e+00 5.809999942779541016e+00 -4.418750000000000000e+01 3.100000000000000000e+01 -2.225000000000000000e+01 8.750000000000000000e-01 -1.825625000000000000e+02 -2.687500000000000000e+01
6.489999771118164062e+00 -2.200000047683715820e+00 6.039999961853027344e+00 -4.418750000000000000e+01 3.100000000000000000e+01 -2.225000000000000000e+01 -3.750000000000000000e+00 -1.746875000000000000e+02 -2.887500000000000000e+01
7.199999809265136719e+00 -2.440000057220458984e+00 5.679999828338623047e+00 -4.418750000000000000e+01 3.100000000000000000e+01 -2.225000000000000000e+01 -5.687500000000000000e+00 -1.769375000000000000e+02 -3.125000000000000000e+01
8.100000381469726562e+00 -1.950000047683715820e+00 5.429999828338623047e+00 -4.418750000000000000e+01 3.100000000000000000e+01 -2.225000000000000000e+01 -6.187500000000000000e+00 -1.758125000000000000e+02 -3.600000000000000000e+01
7.960000038146972656e+00 -1.659999966621398926e+00 5.090000152587890625e+00 -4.718750000000000000e+01 3.068750000000000000e+01 -1.587500000000000000e+01 -8.250000000000000000e+00 -1.746875000000000000e+02 -3.718750000000000000e+01
9.079999923706054688e+00 9.000000357627868652e-02 3.359999895095825195e+00 -4.718750000000000000e+01 3.068750000000000000e+01 -1.587500000000000000e+01 -9.875000000000000000e+00 -1.713125000000000000e+02 -3.368750000000000000e+01
9.140000343322753906e+00 -9.900000095367431641e-01 2.980000019073486328e+00 -4.718750000000000000e+01 3.068750000000000000e+01 -1.587500000000000000e+01 -1.006250000000000000e+01 -1.625625000000000000e+02 -2.681250000000000000e+01
9.649999618530273438e+00 -8.500000238418579102e-01 2.650000095367431641e+00 -4.718750000000000000e+01 3.068750000000000000e+01 -1.587500000000000000e+01 -8.687500000000000000e+00 -1.513750000000000000e+02 -1.993750000000000000e+01
8.930000305175781250e+00 -8.399999737739562988e-01 2.430000066757202148e+00 -4.718750000000000000e+01 3.068750000000000000e+01 -1.587500000000000000e+01 -6.500000000000000000e+00 -1.388125000000000000e+02 -1.481250000000000000e+01
9.699999809265136719e+00 -1.139999985694885254e+00 2.309999942779541016e+00 -5.087500000000000000e+01 2.968750000000000000e+01 -9.375000000000000000e+00 -6.437500000000000000e+00 -1.259375000000000000e+02 -1.125000000000000000e+01
9.810000419616699219e+00 -1.049999952316284180e+00 2.319999933242797852e+00 -5.087500000000000000e+01 2.968750000000000000e+01 -9.375000000000000000e+00 -1.118750000000000000e+01 -1.146875000000000000e+02 -7.750000000000000000e+00
9.600000381469726562e+00 -1.440000057220458984e+00 2.150000095367431641e+00 -5.087500000000000000e+01 2.968750000000000000e+01 -9.375000000000000000e+00 -1.825000000000000000e+01 -1.046875000000000000e+02 -4.062500000000000000e+00
9.699999809265136719e+00 -2.119999885559082031e+00 2.609999895095825195e+00 -5.087500000000000000e+01 2.968750000000000000e+01 -9.375000000000000000e+00 -2.368750000000000000e+01 -9.693750000000000000e+01 -1.937500000000000000e+00
9.439999580383300781e+00 -1.720000028610229492e+00 3.380000114440917969e+00 -5.087500000000000000e+01 2.968750000000000000e+01 -9.375000000000000000e+00 -2.625000000000000000e+01 -9.250000000000000000e+01 -1.875000000000000000e+00
9.619999885559082031e+00 -1.539999961853027344e+00 3.470000028610229492e+00 -4.968750000000000000e+01 2.775000000000000000e+01 -3.187500000000000000e+00 -2.693750000000000000e+01 -8.943750000000000000e+01 -2.250000000000000000e+00
9.840000152587890625e+00 -1.590000033378601074e+00 3.430000066757202148e+00 -4.968750000000000000e+01 2.775000000000000000e+01 -3.187500000000000000e+00 -2.693750000000000000e+01 -8.743750000000000000e+01 -1.875000000000000000e+00
9.640000343322753906e+00 -1.940000057220458984e+00 2.789999961853027344e+00 -4.968750000000000000e+01 2.775000000000000000e+01 -3.187500000000000000e+00 -2.525000000000000000e+01 -8.512500000000000000e+01 -8.125000000000000000e-01
9.649999618530273438e+00 -2.660000085830688477e+00 2.440000057220458984e+00 -4.968750000000000000e+01 2.775000000000000000e+01 -3.187500000000000000e+00 -2.106250000000000000e+01 -8.175000000000000000e+01 -6.250000000000000000e-01
9.899999618530273438e+00 -2.339999914169311523e+00 1.879999995231628418e+00 -4.968750000000000000e+01 2.775000000000000000e+01 -3.187500000000000000e+00 -1.437500000000000000e+01 -7.662500000000000000e+01 -3.375000000000000000e+00
9.659999847412109375e+00 -1.960000038146972656e+00 1.190000057220458984e+00 -5.056250000000000000e+01 2.775000000000000000e+01 1.187500000000000000e+00 -5.187500000000000000e+00 -6.950000000000000000e+01 -6.187500000000000000e+00
9.199999809265136719e+00 -1.570000052452087402e+00 0.000000000000000000e+00 -5.056250000000000000e+01 2.775000000000000000e+01 1.187500000000000000e+00 3.937500000000000000e+00 -6.050000000000000000e+01 -7.375000000000000000e+00
8.729999542236328125e+00 -1.360000014305114746e+00 -2.199999988079071045e-01 -5.056250000000000000e+01 2.775000000000000000e+01 1.187500000000000000e+00 9.687500000000000000e+00 -5.068750000000000000e+01 -6.750000000000000000e+00
8.600000381469726562e+00 -1.220000028610229492e+00 -4.000000059604644775e-01 -5.056250000000000000e+01 2.775000000000000000e+01 1.187500000000000000e+00 1.256250000000000000e+01 -4.112500000000000000e+01 -4.750000000000000000e+00
8.729999542236328125e+00 -1.399999976158142090e+00 -5.400000214576721191e-01 -5.056250000000000000e+01 2.775000000000000000e+01 1.187500000000000000e+00 1.050000000000000000e+01 -3.237500000000000000e+01 -3.187500000000000000e+00
8.810000419616699219e+00 -1.470000028610229492e+00 -5.099999904632568359e-01 -4.975000000000000000e+01 2.850000000000000000e+01 3.187500000000000000e+00 6.625000000000000000e+00 -2.331250000000000000e+01 -2.437500000000000000e+00
8.859999656677246094e+00 -1.620000004768371582e+00 -2.500000000000000000e-01 -4.975000000000000000e+01 2.850000000000000000e+01 3.187500000000000000e+00 2.500000000000000000e+00 -1.550000000000000000e+01 -2.625000000000000000e+00
8.970000267028808594e+00 -1.450000047683715820e+00 9.000000357627868652e-02 -4.975000000000000000e+01 2.850000000000000000e+01 3.187500000000000000e+00 -2.000000000000000000e+00 -8.312500000000000000e+00 -2.937500000000000000e+00
8.949999809265136719e+00 -1.000000000000000000e+00 4.699999988079071045e-01 -4.975000000000000000e+01 2.850000000000000000e+01 3.187500000000000000e+00 -6.125000000000000000e+00 -2.437500000000000000e+00 -2.437500000000000000e+00
8.720000267028808594e+00 -9.900000095367431641e-01 8.799999952316284180e-01 -4.975000000000000000e+01 2.850000000000000000e+01 3.187500000000000000e+00 -9.500000000000000000e+00 1.500000000000000000e+00 -8.750000000000000000e-01
8.670000076293945312e+00 -1.350000023841857910e+00 1.149999976158142090e+00 -5.006250000000000000e+01 2.768750000000000000e+01 4.562500000000000000e+00 -1.137500000000000000e+01 4.875000000000000000e+00 5.000000000000000000e-01
9.039999961853027344e+00 -1.200000047683715820e+00 1.309999942779541016e+00 -5.006250000000000000e+01 2.768750000000000000e+01 4.562500000000000000e+00 -1.187500000000000000e+01 7.875000000000000000e+00 1.062500000000000000e+00
9.489999771118164062e+00 -9.900000095367431641e-01 1.289999961853027344e+00 -5.006250000000000000e+01 2.768750000000000000e+01 4.562500000000000000e+00 -1.325000000000000000e+01 1.156250000000000000e+01 2.937500000000000000e+00
9.470000267028808594e+00 -1.190000057220458984e+00 1.299999952316284180e+00 -5.006250000000000000e+01 2.768750000000000000e+01 4.562500000000000000e+00 -1.506250000000000000e+01 1.537500000000000000e+01 5.625000000000000000e+00
9.550000190734863281e+00 -1.610000014305114746e+00 1.320000052452087402e+00 -5.006250000000000000e+01 2.768750000000000000e+01 4.562500000000000000e+00 -1.506250000000000000e+01 1.987500000000000000e+01 7.812500000000000000e+00
9.770000457763671875e+00 -2.109999895095825195e+00 1.110000014305114746e+00 -5.006250000000000000e+01 2.725000000000000000e+01 5.375000000000000000e+00 -1.181250000000000000e+01 2.556250000000000000e+01 7.750000000000000000e+00
8.720000267028808594e+00 -2.450000047683715820e+00 6.800000071525573730e-01 -5.006250000000000000e+01 2.725000000000000000e+01 5.375000000000000000e+00 -6.875000000000000000e+00 3.206250000000000000e+01 5.375000000000000000e+00
9.310000419616699219e+00 -2.950000047683715820e+00 6.600000262260437012e-01 -5.006250000000000000e+01 2.725000000000000000e+01 5.375000000000000000e+00 -3.125000000000000000e-01 3.850000000000000000e+01 6.250000000000000000e-02
8.989999771118164062e+00 -2.990000009536743164e+00 1.159999966621398926e+00 -5.006250000000000000e+01 2.725000000000000000e+01 5.375000000000000000e+00 6.500000000000000000e+00 4.537500000000000000e+01 -5.250000000000000000e+00
9.819999694824218750e+00 -2.039999961853027344e+00 9.800000190734863281e-01 -5.006250000000000000e+01 2.725000000000000000e+01 5.375000000000000000e+00 1.362500000000000000e+01 5.175000000000000000e+01 -9.437500000000000000e+00
1.025000000000000000e+01 -1.909999966621398926e+00 9.499999880790710449e-01 -5.006250000000000000e+01 2.768750000000000000e+01 3.687500000000000000e+00 1.968750000000000000e+01 6.056250000000000000e+01 -1.075000000000000000e+01
