5.820000171661376953e+00 -2.230000019073486328e+00 7.550000190734863281e+00 -3.806250000000000000e+01 3.375000000000000000e+01 -2.850000000000000000e+01 0.000000000000000000e+00 -6.250000000000000000e-02 -6.250000000000000000e-02
5.849999904632568359e+00 -2.250000000000000000e+00 7.530000209808349609e+00 -3.806250000000000000e+01 3.375000000000000000e+01 -2.850000000000000000e+01 0.000000000000000000e+00 -6.250000000000000000e-02 0.000000000000000000e+00
5.829999923706054688e+00 -2.259999990463256836e+00 7.530000209808349609e+00 -3.806250000000000000e+01 3.375000000000000000e+01 -2.850000000000000000e+01 0.000000000000000000e+00 -1.250000000000000000e-01 -1.250000000000000000e-01
5.840000152587890625e+00 -2.230000019073486328e+00 7.530000209808349609e+00 -3.806250000000000000e+01 3.375000000000000000e+01 -2.850000000000000000e+01 0.000000000000000000e+00 -1.250000000000000000e-01 6.250000000000000000e-02
5.840000152587890625e+00 -2.240000009536743164e+00 7.530000209808349609e+00 -3.775000000000000000e+01 3.375000000000000000e+01 -2.850000000000000000e+01 6.250000000000000000e-02 0.000000000000000000e+00 6.250000000000000000e-02
5.820000171661376953e+00 -2.220000028610229492e+00 7.530000209808349609e+00 -3.775000000000000000e+01 3.375000000000000000e+01 -2.850000000000000000e+01 6.250000000000000000e-02 -6.250000000000000000e-02 -1.250000000000000000e-01
5.849999904632568359e+00 -2.250000000000000000e+00 7.539999961853027344e+00 -3.775000000000000000e+01 3.375000000000000000e+01 -2.850000000000000000e+01 6.250000000000000000e-02 0.000000000000000000e+00 0.000000000000000000e+00
5.829999923706054688e+00 -2.250000000000000000e+00 7.530000209808349609e+00 -3.775000000000000000e+01 3.375000000000000000e+01 -2.850000000000000000e+01 1.875000000000000000e-01 0.000000000000000000e+00 -1.875000000000000000e-01
5.849999904632568359e+00 -2.240000009536743164e+00 7.539999961853027344e+00 -3.775000000000000000e+01 3.375000000000000000e+01 -2.850000000000000000e+01 1.250000000000000000e-01 -1.875000000000000000e-01 -6.250000000000000000e-02
5.800000190734863281e+00 -2.240000009536743164e+00 7.570000171661376953e+00 -3.775000000000000000e+01 3.268750000000000000e+01 -2.768750000000000000e+01 0.000000000000000000e+00 -3.125000000000000000e-01 -1.250000000000000000e-01
5.809999942779541016e+00 -2.250000000000000000e+00 7.559999942779541016e+00 -3.775000000000000000e+01 3.268750000000000000e+01 -2.768750000000000000e+01 6.250000000000000000e-02 -1.250000000000000000e-01 -6.250000000000000000e-02
5.820000171661376953e+00 -2.259999990463256836e+00 7.550000190734863281e+00 -3.775000000000000000e+01 3.268750000000000000e+01 -2.768750000000000000e+01 6.250000000000000000e-02 0.000000000000000000e+00 -1.250000000000000000e-01
5.820000171661376953e+00 -2.250000000000000000e+00 7.539999961853027344e+00 -3.775000000000000000e+01 3.268750000000000000e+01 -2.768750000000000000e+01 6.250000000000000000e-02 -6.250000000000000000e-02 -2.500000000000000000e-01
5.829999923706054688e+00 -2.240000009536743164e+00 7.539999961853027344e+00 -3.775000000000000000e+01 3.268750000000000000e+01 -2.768750000000000000e+01 0.000000000000000000e+00 6.250000000000000000e-02 -2.500000000000000000e-01
5.809999942779541016e+00 -2.230000019073486328e+00 7.550000190734863281e+00 -3.887500000000000000e+01 3.337500000000000000e+01 -2.768750000000000000e+01 1.250000000000000000e-01 1.250000000000000000e-01 -1.875000000000000000e-01
5.820000171661376953e+00 -2.230000019073486328e+00 7.539999961853027344e+00 -3.887500000000000000e+01 3.337500000000000000e+01 -2.768750000000000000e+01 1.875000000000000000e-01 6.250000000000000000e-02 -1.250000000000000000e-01
5.820000171661376953e+00 -2.240000009536743164e+00 7.550000190734863281e+00 -3.887500000000000000e+01 3.337500000000000000e+01 -2.768750000000000000e+01 2.500000000000000000e-01 -2.500000000000000000e-01 -1.250000000000000000e-01
5.840000152587890625e+00 -2.250000000000000000e+00 7.559999942779541016e+00 -3.887500000000000000e+01 3.337500000000000000e+01 -2.768750000000000000e+01 1.250000000000000000e-01 -2.500000000000000000e-01 -6.250000000000000000e-02
5.949999809265136719e+00 -2.230000019073486328e+00 7.650000095367431641e+00 -3.887500000000000000e+01 3.337500000000000000e+01 -2.768750000000000000e+01 -5.000000000000000000e-01 -1.250000000000000000e-01 -1.250000000000000000e-01
6.670000076293945312e+00 -2.190000057220458984e+00 8.140000343322753906e+00 -3.887500000000000000e+01 3.337500000000000000e+01 -2.768750000000000000e+01 -4.187500000000000000e+00 -1.250000000000000000e+00 5.000000000000000000e-01
7.119999885559082031e+00 -2.380000114440917969e+00 8.020000457763671875e+00 -3.775000000000000000e+01 3.300000000000000000e+01 -2.600000000000000000e+01 -1.231250000000000000e+01 -1.500000000000000000e+00 1.812500000000000000e+00
7.739999771118164062e+00 -1.710000038146972656e+00 8.359999656677246094e+00 -3.775000000000000000e+01 3.300000000000000000e+01 -2.600000000000000000e+01 -2.368750000000000000e+01 2.062500000000000000e+00 4.687500000000000000e+00
1.160000038146972656e+01 1.899999976158142090e-01 8.619999885559082031e+00 -3.775000000000000000e+01 3.300000000000000000e+01 -2.600000000000000000e+01 -4.043750000000000000e+01 2.025000000000000000e+01 1.093750000000000000e+01
1.475000000000000000e+01 2.800000011920928955e-01 8.880000114440917969e+00 -3.775000000000000000e+01 3.300000000000000000e+01 -2.600000000000000000e+01 -5.462500000000000000e+01 5.818750000000000000e+01 2.300000000000000000e+01
1.715999984741210938e+01 -1.429999947547912598e+00 8.750000000000000000e+00 -3.775000000000000000e+01 3.300000000000000000e+01 -2.600000000000000000e+01 -5.462500000000000000e+01 5.818750000000000000e+01 2.300000000000000000e+01
9.659999847412109375e+00 -4.900000095367431641e+00 8.640000343322753906e+00 -3.806250000000000000e+01 3.375000000000000000e+01 -2.768750000000000000e+01 -4.806250000000000000e+01 1.115000000000000000e+02 2.906250000000000000e+01
7.110000133514404297e+00 -5.159999847412109375e+00 8.189999580383300781e+00 -3.806250000000000000e+01 3.375000000000000000e+01 -2.768750000000000000e+01 -2.456250000000000000e+01 1.418125000000000000e+02 2.856250000000000000e+01
6.940000057220458984e+00 -5.670000076293945312e+00 8.079999923706054688e+00 -3.806250000000000000e+01 3.375000000000000000e+01 -2.768750000000000000e+01 -1.700000000000000000e+01 1.414375000000000000e+02 3.125000000000000000e+01
8.649999618530273438e+00 -5.769999980926513672e+00 7.969999790191650391e+00 -3.806250000000000000e+01 3.375000000000000000e+01 -2.768750000000000000e+01 -7.500000000000000000e+00 1.506875000000000000e+02 3.725000000000000000e+01
8.390000343322753906e+00 -5.210000038146972656e+00 8.239999771118164062e+00 -3.806250000000000000e+01 3.375000000000000000e+01 -2.768750000000000000e+01 -7.500000000000000000e+00 1.506875000000000000e+02 3.725000000000000000e+01
7.340000152587890625e+00 -4.570000171661376953e+00 7.909999847412109375e+00 -3.668750000000000000e+01 3.487500000000000000e+01 -2.925000000000000000e+01 3.625000000000000000e+00 1.637500000000000000e+02 3.956250000000000000e+01
6.349999904632568359e+00 -3.900000095367431641e+00 8.729999542236328125e+00 -3.668750000000000000e+01 3.487500000000000000e+01 -2.925000000000000000e+01 1.568750000000000000e+01 1.770625000000000000e+02 3.362500000000000000e+01
6.769999980926513672e+00 -3.019999980926513672e+00 8.260000228881835938e+00 -3.668750000000000000e+01 3.487500000000000000e+01 -2.925000000000000000e+01 1.487500000000000000e+01 1.833750000000000000e+02 3.681250000000000000e+01
3.519999980926513672e+00 -2.099999904632568359e+00 7.179999828338623047e+00 -3.668750000000000000e+01 3.487500000000000000e+01 -2.925000000000000000e+01 1.600000000000000000e+01 1.825000000000000000e+02 3.881250000000000000e+01
6.499999761581420898e-01 -2.210000038146972656e+00 7.059999942779541016e+00 -3.668750000000000000e+01 3.487500000000000000e+01 -2.925000000000000000e+01 1.600000000000000000e+01 1.825000000000000000e+02 3.881250000000000000e+01
-1.000000000000000000e+00 -1.759999990463256836e+00 6.949999809265136719e+00 -3.000000000000000000e+01 3.637500000000000000e+01 -3.256250000000000000e+01 1.906250000000000000e+01 1.698750000000000000e+02 3.231250000000000000e+01
-7.599999904632568359e-01 -1.169999957084655762e+00 7.099999904632568359e+00 -3.000000000000000000e+01 3.637500000000000000e+01 -3.256250000000000000e+01 1.575000000000000000e+01 1.421875000000000000e+02 1.806250000000000000e+01
-1.830000042915344238e+00 -1.539999961853027344e+00 6.380000114440917969e+00 -3.000000000000000000e+01 3.637500000000000000e+01 -3.256250000000000000e+01 1.425000000000000000e+01 1.293125000000000000e+02 1.168750000000000000e+01
-2.920000076293945312e+00 -1.639999985694885254e+00 6.469999790191650391e+00 -3.000000000000000000e+01 3.637500000000000000e+01 -3.256250000000000000e+01 1.287500000000000000e+01 1.110625000000000000e+02 5.250000000000000000e+00
-2.329999923706054688e+00 -2.039999961853027344e+00 6.840000152587890625e+00 -3.000000000000000000e+01 3.637500000000000000e+01 -3.256250000000000000e+01 1.287500000000000000e+01 1.110625000000000000e+02 5.250000000000000000e+00
-9.399999976158142090e-01 -2.400000095367431641e+00 7.139999866485595703e+00 -2.325000000000000000e+01 3.668750000000000000e+01 -3.625000000000000000e+01 1.125000000000000000e+01 9.693750000000000000e+01 1.375000000000000000e+00
-7.799999713897705078e-01 -2.759999990463256836e+00 7.670000076293945312e+00 -2.325000000000000000e+01 3.668750000000000000e+01 -3.625000000000000000e+01 1.043750000000000000e+01 7.750000000000000000e+01 4.375000000000000000e-01
-7.000000029802322388e-02 -3.150000095367431641e+00 8.119999885559082031e+00 -2.325000000000000000e+01 3.668750000000000000e+01 -3.625000000000000000e+01 1.062500000000000000e+01 6.787500000000000000e+01 7.500000000000000000e-01
-3.799999952316284180e-01 -2.480000019073486328e+00 8.140000343322753906e+00 -2.325000000000000000e+01 3.668750000000000000e+01 -3.625000000000000000e+01 1.006250000000000000e+01 6.025000000000000000e+01 3.562500000000000000e+00
-1.899999976158142090e-01 -2.569999933242797852e+00 8.649999618530273438e+00 -2.325000000000000000e+01 3.668750000000000000e+01 -3.625000000000000000e+01 1.006250000000000000e+01 6.025000000000000000e+01 3.562500000000000000e+00
-1.400000005960464478e-01 -2.339999914169311523e+00 8.739999771118164062e+00 -1.925000000000000000e+01 3.637500000000000000e+01 -3.875000000000000000e+01 9.625000000000000000e+00 5.231250000000000000e+01 4.812500000000000000e+00
3.000000119209289551e-01 -2.309999942779541016e+00 8.890000343322753906e+00 -1.925000000000000000e+01 3.637500000000000000e+01 -3.875000000000000000e+01 9.187500000000000000e+00 4.112500000000000000e+01 2.562500000000000000e+00
3.700000047683715820e-01 -1.919999957084655762e+00 8.850000381469726562e+00 -1.925000000000000000e+01 3.637500000000000000e+01 -3.875000000000000000e+01 8.562500000000000000e+00 3.725000000000000000e+01 4.375000000000000000e-01
2.199999988079071045e-01 -1.799999952316284180e+00 8.789999961853027344e+00 -1.925000000000000000e+01 3.637500000000000000e+01 -3.875000000000000000e+01 7.625000000000000000e+00 3.337500000000000000e+01 -1.875000000000000000e+00
1.800000071525573730e-01 -1.710000038146972656e+00 8.880000114440917969e+00 -1.925000000000000000e+01 3.637500000000000000e+01 -3.875000000000000000e+01 7.625000000000000000e+00 3.337500000000000000e+01 -1.875000000000000000e+00
1.299999952316284180e-01 -1.769999980926513672e+00 8.920000076293945312e+00 -1.806250000000000000e+01 3.668750000000000000e+01 -3.918750000000000000e+01 6.000000000000000000e+00 3.006250000000000000e+01 -3.812500000000000000e+00
1.800000071525573730e-01 -1.850000023841857910e+00 8.920000076293945312e+00 -1.806250000000000000e+01 3.668750000000000000e+01 -3.918750000000000000e+01 3.687500000000000000e+00 2.418750000000000000e+01 -8.687500000000000000e+00
2.500000000000000000e-01 -1.830000042915344238e+00 8.890000343322753906e+00 -1.806250000000000000e+01 3.668750000000000000e+01 -3.918750000000000000e+01 2.500000000000000000e+00 2.181250000000000000e+01 -1.062500000000000000e+01
2.000000029802322388e-01 -1.950000047683715820e+00 8.920000076293945312e+00 -1.806250000000000000e+01 3.668750000000000000e+01 -3.918750000000000000e+01 1.312500000000000000e+00 1.918750000000000000e+01 -1.218750000000000000e+01
2.899999916553497314e-01 -2.049999952316284180e+00 8.930000305175781250e+00 -1.806250000000000000e+01 3.668750000000000000e+01 -3.918750000000000000e+01 1.312500000000000000e+00 1.918750000000000000e+01 -1.218750000000000000e+01
2.000000029802322388e-01 -2.240000009536743164e+00 8.960000038146972656e+00 -1.700000000000000000e+01 3.668750000000000000e+01 -3.918750000000000000e+01 5.000000000000000000e-01 1.687500000000000000e+01 -1.262500000000000000e+01
3.999999910593032837e-02 -2.299999952316284180e+00 8.960000038146972656e+00 -1.700000000000000000e+01 3.668750000000000000e+01 -3.918750000000000000e+01 -1.062500000000000000e+00 1.006250000000000000e+01 -1.181250000000000000e+01
-2.999999932944774628e-02 -2.349999904632568359e+00 8.979999542236328125e+00 -1.700000000000000000e+01 3.668750000000000000e+01 -3.918750000000000000e+01 -1.812500000000000000e+00 6.750000000000000000e+00 -1.112500000000000000e+01
1.500000059604644775e-01 -2.369999885559082031e+00 8.970000267028808594e+00 -1.700000000000000000e+01 3.668750000000000000e+01 -3.918750000000000000e+01 -2.375000000000000000e+00 3.312500000000000000e+00 -1.037500000000000000e+01
2.999999932944774628e-02 -2.400000095367431641e+00 8.829999923706054688e+00 -1.700000000000000000e+01 3.668750000000000000e+01 -3.918750000000000000e+01 -2.375000000000000000e+00 3.312500000000000000e+00 -1.037500000000000000e+01
-3.700000047683715820e-01 -2.299999952316284180e+00 8.670000076293945312e+00 -1.618750000000000000e+01 3.637500000000000000e+01 -3.968750000000000000e+01 -1.875000000000000000e+00 -4.375000000000000000e-01 -1.043750000000000000e+01
-1.100000023841857910e+00 -2.150000095367431641e+00 8.489999771118164062e+00 -1.618750000000000000e+01 3.637500000000000000e+01 -3.968750000000000000e+01 -2.375000000000000000e+00 -1.537500000000000000e+01 -1.175000000000000000e+01
-1.730000019073486328e+00 -1.879999995231628418e+00 8.350000381469726562e+00 -1.618750000000000000e+01 3.637500000000000000e+01 -3.968750000000000000e+01 -5.625000000000000000e+00 -2.618750000000000000e+01 -1.043750000000000000e+01
-1.230000019073486328e+00 -1.950000047683715820e+00 8.359999656677246094e+00 -1.618750000000000000e+01 3.637500000000000000e+01 -3.968750000000000000e+01 -1.075000000000000000e+01 -3.487500000000000000e+01 -7.187500000000000000e+00
-7.500000000000000000e-01 -2.000000000000000000e+00 8.170000076293945312e+00 -1.618750000000000000e+01 3.637500000000000000e+01 -3.968750000000000000e+01 -1.075000000000000000e+01 -3.487500000000000000e+01 -7.187500000000000000e+00
-1.220000028610229492e+00 -2.089999914169311523e+00 7.880000114440917969e+00 -1.550000000000000000e+01 3.600000000000000000e+01 -3.925000000000000000e+01 -1.618750000000000000e+01 -4.312500000000000000e+01 -2.375000000000000000e+00
-9.200000166893005371e-01 -2.920000076293945312e+00 7.980000019073486328e+00 -1.550000000000000000e+01 3.600000000000000000e+01 -3.925000000000000000e+01 -1.906250000000000000e+01 -6.231250000000000000e+01 4.562500000000000000e+00
-1.120000004768371582e+00 -3.269999980926513672e+00 7.440000057220458984e+00 -1.550000000000000000e+01 3.600000000000000000e+01 -3.925000000000000000e+01 -1.143750000000000000e+01 -7.087500000000000000e+01 -6.250000000000000000e-02
-2.730000019073486328e+00 -3.210000038146972656e+00 6.940000057220458984e+00 -1.550000000000000000e+01 3.600000000000000000e+01 -3.925000000000000000e+01 -1.625000000000000000e+00 -8.625000000000000000e+01 -1.243750000000000000e+01
-3.619999885559082031e+00 -2.190000057220458984e+00 7.119999885559082031e+00 -1.550000000000000000e+01 3.600000000000000000e+01 -3.925000000000000000e+01 -1.625000000000000000e+00 -8.625000000000000000e+01 -1.243750000000000000e+01
-1.639999985694885254e+00 -1.769999980926513672e+00 8.279999732971191406e+00 -1.800000000000000000e+01 3.637500000000000000e+01 -3.925000000000000000e+01 3.875000000000000000e+00 -1.040000000000000000e+02 -2.462500000000000000e+01
2.049999952316284180e+00 -8.199999928474426270e-01 7.949999809265136719e+00 -1.800000000000000000e+01 3.637500000000000000e+01 -3.925000000000000000e+01 -1.700000000000000000e+01 -1.170625000000000000e+02 -2.225000000000000000e+01
1.789999961853027344e+00 -9.700000286102294922e-01 7.610000133514404297e+00 -1.800000000000000000e+01 3.637500000000000000e+01 -3.925000000000000000e+01 -2.818750000000000000e+01 -1.233125000000000000e+02 -1.075000000000000000e+01
3.049999952316284180e+00 -1.580000042915344238e+00 8.550000190734863281e+00 -1.800000000000000000e+01 3.637500000000000000e+01 -3.925000000000000000e+01 -3.606250000000000000e+01 -1.286875000000000000e+02 -2.250000000000000000e+00
3.720000028610229492e+00 -2.410000085830688477e+00 9.210000038146972656e+00 -1.800000000000000000e+01 3.637500000000000000e+01 -3.925000000000000000e+01 -3.606250000000000000e+01 -1.286875000000000000e+02 -2.250000000000000000e+00
4.500000000000000000e+00 -2.670000076293945312e+00 9.069999694824218750e+00 -2.087500000000000000e+01 3.600000000000000000e+01 -3.887500000000000000e+01 -4.000000000000000000e+01 -1.286875000000000000e+02 0.000000000000000000e+00
5.289999961853027344e+00 -3.460000038146972656e+00 9.039999961853027344e+00 -2.087500000000000000e+01 3.600000000000000000e+01 -3.887500000000000000e+01 -2.337500000000000000e+01 -1.167500000000000000e+02 -2.150000000000000000e+01
8.029999732971191406e+00 -4.019999980926513672e+00 1.048999977111816406e+01 -2.087500000000000000e+01 3.600000000000000000e+01 -3.887500000000000000e+01 -1.931250000000000000e+01 -1.026250000000000000e+02 -3.418750000000000000e+01
9.520000457763671875e+00 -3.019999980926513672e+00 9.699999809265136719e+00 -2.087500000000000000e+01 3.600000000000000000e+01 -3.887500000000000000e+01 -1.993750000000000000e+01 -8.293750000000000000e+01 -2.918750000000000000e+01
7.809999942779541016e+00 -3.480000019073486328e+00 9.350000381469726562e+00 -2.087500000000000000e+01 3.600000000000000000e+01 -3.887500000000000000e+01 -1.993750000000000000e+01 -8.293750000000000000e+01 -2.918750000000000000e+01
3.680000066757202148e+00 -4.170000076293945312e+00 8.600000381469726562e+00 -2.587500000000000000e+01 3.706250000000000000e+01 -3.437500000000000000e+01 -1.831250000000000000e+01 -7.300000000000000000e+01 -1.987500000000000000e+01
3.240000009536743164e+00 -4.010000228881835938e+00 8.199999809265136719e+00 -2.587500000000000000e+01 3.706250000000000000e+01 -3.437500000000000000e+01 -7.062500000000000000e+00 -7.650000000000000000e+01 -1.850000000000000000e+01
2.650000095367431641e+00 -3.690000057220458984e+00 7.449999809265136719e+00 -2.587500000000000000e+01 3.706250000000000000e+01 -3.437500000000000000e+01 1.000000000000000000e+00 -7.975000000000000000e+01 -2.325000000000000000e+01
1.600000023841857910e+00 -3.269999980926513672e+00 7.340000152587890625e+00 -2.587500000000000000e+01 3.706250000000000000e+01 -3.437500000000000000e+01 6.000000000000000000e+00 -8.775000000000000000e+01 -2.918750000000000000e+01
2.539999961853027344e+00 -2.660000085830688477e+00 7.349999904632568359e+00 -2.587500000000000000e+01 3.706250000000000000e+01 -3.437500000000000000e+01 6.000000000000000000e+00 -8.775000000000000000e+01 -2.918750000000000000e+01
2.690000057220458984e+00 -2.380000114440917969e+00 7.289999961853027344e+00 -2.950000000000000000e+01 3.706250000000000000e+01 -3.318750000000000000e+01 8.250000000000000000e+00 -9.462500000000000000e+01 -3.250000000000000000e+01
2.680000066757202148e+00 -2.740000009536743164e+00 7.940000057220458984e+00 -2.950000000000000000e+01 3.706250000000000000e+01 -3.318750000000000000e+01 4.625000000000000000e+00 -1.064375000000000000e+02 -3.181250000000000000e+01
3.730000019073486328e+00 -2.480000019073486328e+00 7.820000171661376953e+00 -2.950000000000000000e+01 3.706250000000000000e+01 -3.318750000000000000e+01 1.875000000000000000e+00 -1.104375000000000000e+02 -2.768750000000000000e+01
4.449999809265136719e+00 -2.440000057220458984e+00 7.539999961853027344e+00 -2.950000000000000000e+01 3.706250000000000000e+01 -3.318750000000000000e+01 1.437500000000000000e+00 -1.138125000000000000e+02 -2.318750000000000000e+01
4.869999885559082031e+00 -2.910000085830688477e+00 7.860000133514404297e+00 -2.950000000000000000e+01 3.706250000000000000e+01 -3.318750000000000000e+01 1.437500000000000000e+00 -1.138125000000000000e+02 -2.318750000000000000e+01
7.010000228881835938e+00 -3.269999980926513672e+00 8.079999923706054688e+00 -3.237500000000000000e+01 3.600000000000000000e+01 -2.987500000000000000e+01 3.875000000000000000e+00 -1.166250000000000000e+02 -2.243750000000000000e+01
1.064999961853027344e+01 -3.599999904632568359e+00 8.529999732971191406e+00 -3.237500000000000000e+01 3.600000000000000000e+01 -2.987500000000000000e+01 9.625000000000000000e+00 -9.562500000000000000e+01 -2.268750000000000000e+01
1.110000038146972656e+01 -4.199999809265136719e+00 8.829999923706054688e+00 -3.237500000000000000e+01 3.600000000000000000e+01 -2.987500000000000000e+01 2.137500000000000000e+01 -7.618750000000000000e+01 -2.068750000000000000e+01
1.156000041961669922e+01 -5.510000228881835938e+00 9.100000381469726562e+00 -3.237500000000000000e+01 3.600000000000000000e+01 -2.987500000000000000e+01 3.706250000000000000e+01 -5.537500000000000000e+01 -1.887500000000000000e+01
1.132999992370605469e+01 -5.230000019073486328e+00 7.860000133514404297e+00 -3.237500000000000000e+01 3.600000000000000000e+01 -2.987500000000000000e+01 3.706250000000000000e+01 -5.537500000000000000e+01 -1.887500000000000000e+01
7.789999961853027344e+00 -3.130000114440917969e+00 7.449999809265136719e+00 -3.650000000000000000e+01 3.450000000000000000e+01 -2.750000000000000000e+01 3.631250000000000000e+01 -3.450000000000000000e+01 -1.793750000000000000e+01
6.300000190734863281e+00 -2.039999961853027344e+00 7.789999961853027344e+00 -3.650000000000000000e+01 3.450000000000000000e+01 -2.750000000000000000e+01 3.225000000000000000e+01 -1.368750000000000000e+01 -1.668750000000000000e+01
6.260000228881835938e+00 -1.129999995231628418e+00 8.270000457763671875e+00 -3.650000000000000000e+01 3.450000000000000000e+01 -2.750000000000000000e+01 2.606250000000000000e+01 -1.243750000000000000e+01 -1.575000000000000000e+01
6.940000057220458984e+00 -6.399999856948852539e-01 8.340000152587890625e+00 -3.650000000000000000e+01 3.450000000000000000e+01 -2.750000000000000000e+01 1.768750000000000000e+01 -7.062500000000000000e+00 -1.187500000000000000e+01
6.670000076293945312e+00 -6.800000071525573730e-01 7.840000152587890625e+00 -3.650000000000000000e+01 3.450000000000000000e+01 -2.750000000000000000e+01 1.768750000000000000e+01 -7.062500000000000000e+00 -1.187500000000000000e+01
