5.590000152587890625e+00 -2.609999895095825195e+00 7.610000133514404297e+00 -4.218750000000000000e+01 3.125000000000000000e+01 -2.556250000000000000e+01 -2.500000000000000000e-01 -1.250000000000000000e-01 1.250000000000000000e-01
5.610000133514404297e+00 -2.589999914169311523e+00 7.619999885559082031e+00 -4.218750000000000000e+01 3.125000000000000000e+01 -2.556250000000000000e+01 -3.125000000000000000e-01 -5.000000000000000000e-01 1.875000000000000000e-01
5.639999866485595703e+00 -2.630000114440917969e+00 7.619999885559082031e+00 -4.218750000000000000e+01 3.125000000000000000e+01 -2.556250000000000000e+01 -5.000000000000000000e-01 -4.375000000000000000e-01 3.125000000000000000e-01
5.630000114440917969e+00 -2.619999885559082031e+00 7.610000133514404297e+00 -4.218750000000000000e+01 3.125000000000000000e+01 -2.556250000000000000e+01 -5.000000000000000000e-01 -1.875000000000000000e-01 3.750000000000000000e-01
5.619999885559082031e+00 -2.599999904632568359e+00 7.590000152587890625e+00 -4.218750000000000000e+01 3.125000000000000000e+01 -2.556250000000000000e+01 -6.875000000000000000e-01 -2.500000000000000000e-01 5.000000000000000000e-01
5.610000133514404297e+00 -2.609999895095825195e+00 7.610000133514404297e+00 -4.256250000000000000e+01 3.168750000000000000e+01 -2.606250000000000000e+01 -7.500000000000000000e-01 -3.750000000000000000e-01 6.875000000000000000e-01
5.590000152587890625e+00 -2.650000095367431641e+00 7.610000133514404297e+00 -4.256250000000000000e+01 3.168750000000000000e+01 -2.606250000000000000e+01 -8.125000000000000000e-01 -5.000000000000000000e-01 7.500000000000000000e-01
5.590000152587890625e+00 -2.700000047683715820e+00 7.610000133514404297e+00 -4.256250000000000000e+01 3.168750000000000000e+01 -2.606250000000000000e+01 -6.250000000000000000e-01 -6.250000000000000000e-01 7.500000000000000000e-01
5.599999904632568359e+00 -2.809999942779541016e+00 7.579999923706054688e+00 -4.256250000000000000e+01 3.168750000000000000e+01 -2.606250000000000000e+01 -6.250000000000000000e-01 -8.750000000000000000e-01 5.625000000000000000e-01
5.550000190734863281e+00 -2.849999904632568359e+00 7.619999885559082031e+00 -4.256250000000000000e+01 3.168750000000000000e+01 -2.606250000000000000e+01 -1.875000000000000000e-01 -1.562500000000000000e+00 1.875000000000000000e-01
5.030000209808349609e+00 -2.890000104904174805e+00 7.400000095367431641e+00 -4.256250000000000000e+01 3.168750000000000000e+01 -2.606250000000000000e+01 6.250000000000000000e-02 -2.062500000000000000e+00 -1.062500000000000000e+00
3.910000085830688477e+00 -3.069999933242797852e+00 8.170000076293945312e+00 -4.106250000000000000e+01 3.168750000000000000e+01 -2.475000000000000000e+01 -2.500000000000000000e-01 -6.125000000000000000e+00 -4.062500000000000000e+00
5.000000000000000000e+00 -3.109999895095825195e+00 8.439999580383300781e+00 -4.106250000000000000e+01 3.168750000000000000e+01 -2.475000000000000000e+01 -3.500000000000000000e+00 -1.281250000000000000e+01 -6.875000000000000000e+00
4.820000171661376953e+00 -3.069999933242797852e+00 7.909999847412109375e+00 -4.106250000000000000e+01 3.168750000000000000e+01 -2.475000000000000000e+01 -4.750000000000000000e+00 -1.437500000000000000e+01 -1.068750000000000000e+01
5.480000019073486328e+00 -4.000000000000000000e+00 7.630000114440917969e+00 -4.106250000000000000e+01 3.168750000000000000e+01 -2.475000000000000000e+01 -4.437500000000000000e+00 -1.750000000000000000e+01 -1.512500000000000000e+01
5.630000114440917969e+00 -4.190000057220458984e+00 7.690000057220458984e+00 -4.106250000000000000e+01 3.168750000000000000e+01 -2.475000000000000000e+01 -1.000000000000000000e+00 -2.100000000000000000e+01 -1.900000000000000000e+01
5.369999885559082031e+00 -3.420000076293945312e+00 7.949999809265136719e+00 -4.218750000000000000e+01 3.250000000000000000e+01 -2.606250000000000000e+01 1.125000000000000000e+00 -2.450000000000000000e+01 -2.200000000000000000e+01
5.519999980926513672e+00 -1.450000047683715820e+00 8.420000076293945312e+00 -4.218750000000000000e+01 3.250000000000000000e+01 -2.606250000000000000e+01 -9.375000000000000000e-01 -2.706250000000000000e+01 -2.256250000000000000e+01
5.670000076293945312e+00 -8.500000238418579102e-01 8.310000419616699219e+00 -4.218750000000000000e+01 3.250000000000000000e+01 -2.606250000000000000e+01 -9.625000000000000000e+00 -2.862500000000000000e+01 -2.112500000000000000e+01
5.710000038146972656e+00 -1.360000014305114746e+00 8.420000076293945312e+00 -4.218750000000000000e+01 3.250000000000000000e+01 -2.606250000000000000e+01 -1.637500000000000000e+01 -3.306250000000000000e+01 -1.868750000000000000e+01
6.170000076293945312e+00 -1.639999985694885254e+00 8.060000419616699219e+00 -4.218750000000000000e+01 3.250000000000000000e+01 -2.606250000000000000e+01 -2.025000000000000000e+01 -3.668750000000000000e+01 -1.600000000000000000e+01
6.010000228881835938e+00 -2.359999895095825195e+00 7.739999771118164062e+00 -4.337500000000000000e+01 3.156250000000000000e+01 -2.525000000000000000e+01 -2.381250000000000000e+01 -3.750000000000000000e+01 -1.487500000000000000e+01
5.809999942779541016e+00 -2.660000085830688477e+00 7.630000114440917969e+00 -4.337500000000000000e+01 3.156250000000000000e+01 -2.525000000000000000e+01 -2.800000000000000000e+01 -3.637500000000000000e+01 -1.650000000000000000e+01
5.650000095367431641e+00 -3.119999885559082031e+00 7.579999923706054688e+00 -4.337500000000000000e+01 3.156250000000000000e+01 -2.525000000000000000e+01 -3.243750000000000000e+01 -3.400000000000000000e+01 -2.025000000000000000e+01
5.289999961853027344e+00 -3.150000095367431641e+00 7.710000038146972656e+00 -4.337500000000000000e+01 3.156250000000000000e+01 -2.525000000000000000e+01 -3.618750000000000000e+01 -3.093750000000000000e+01 -2.543750000000000000e+01
4.889999866485595703e+00 -3.079999923706054688e+00 8.010000228881835938e+00 -4.337500000000000000e+01 3.156250000000000000e+01 -2.525000000000000000e+01 -4.318750000000000000e+01 -2.656250000000000000e+01 -3.025000000000000000e+01
4.389999866485595703e+00 -3.599999904632568359e+00 8.079999923706054688e+00 -4.406250000000000000e+01 3.168750000000000000e+01 -2.318750000000000000e+01 -4.993750000000000000e+01 -2.187500000000000000e+01 -3.637500000000000000e+01
4.139999866485595703e+00 -4.000000000000000000e+00 8.210000038146972656e+00 -4.406250000000000000e+01 3.168750000000000000e+01 -2.318750000000000000e+01 -5.331250000000000000e+01 -1.762500000000000000e+01 -4.356250000000000000e+01
3.589999914169311523e+00 -4.530000209808349609e+00 8.789999961853027344e+00 -4.406250000000000000e+01 3.168750000000000000e+01 -2.318750000000000000e+01 -5.525000000000000000e+01 -1.381250000000000000e+01 -4.875000000000000000e+01
3.039999961853027344e+00 -4.539999961853027344e+00 8.970000267028808594e+00 -4.406250000000000000e+01 3.168750000000000000e+01 -2.318750000000000000e+01 -5.550000000000000000e+01 -1.137500000000000000e+01 -5.362500000000000000e+01
2.750000000000000000e+00 -4.480000019073486328e+00 9.470000267028808594e+00 -4.406250000000000000e+01 3.168750000000000000e+01 -2.318750000000000000e+01 -5.618750000000000000e+01 -9.312500000000000000e+00 -5.675000000000000000e+01
2.640000104904174805e+00 -4.300000190734863281e+00 9.699999809265136719e+00 -4.518750000000000000e+01 3.056250000000000000e+01 -2.075000000000000000e+01 -5.881250000000000000e+01 -7.062500000000000000e+00 -5.718750000000000000e+01
2.559999942779541016e+00 -4.550000190734863281e+00 1.005000019073486328e+01 -4.518750000000000000e+01 3.056250000000000000e+01 -2.075000000000000000e+01 -6.118750000000000000e+01 -5.562500000000000000e+00 -5.587500000000000000e+01
2.329999923706054688e+00 -4.409999847412109375e+00 1.022000026702880859e+01 -4.518750000000000000e+01 3.056250000000000000e+01 -2.075000000000000000e+01 -6.068750000000000000e+01 -2.875000000000000000e+00 -5.287500000000000000e+01
1.940000057220458984e+00 -4.670000076293945312e+00 1.048999977111816406e+01 -4.518750000000000000e+01 3.056250000000000000e+01 -2.075000000000000000e+01 -6.012500000000000000e+01 -2.250000000000000000e+00 -4.456250000000000000e+01
1.200000047683715820e+00 -4.849999904632568359e+00 1.068000030517578125e+01 -4.518750000000000000e+01 3.056250000000000000e+01 -2.075000000000000000e+01 -6.012500000000000000e+01 -2.250000000000000000e+00 -4.456250000000000000e+01
1.480000019073486328e+00 -5.219999790191650391e+00 1.034000015258789062e+01 -4.706250000000000000e+01 2.975000000000000000e+01 -1.868750000000000000e+01 -5.806250000000000000e+01 -2.375000000000000000e+00 -3.531250000000000000e+01
1.269999980926513672e+00 -5.110000133514404297e+00 1.040999984741210938e+01 -4.706250000000000000e+01 2.975000000000000000e+01 -1.868750000000000000e+01 -5.037500000000000000e+01 -6.312500000000000000e+00 -1.081250000000000000e+01
1.490000009536743164e+00 -4.769999980926513672e+00 1.050000000000000000e+01 -4.706250000000000000e+01 2.975000000000000000e+01 -1.868750000000000000e+01 -4.718750000000000000e+01 -7.687500000000000000e+00 3.125000000000000000e+00
1.659999966621398926e+00 -4.420000076293945312e+00 1.042000007629394531e+01 -4.706250000000000000e+01 2.975000000000000000e+01 -1.868750000000000000e+01 -4.493750000000000000e+01 -1.068750000000000000e+01 1.787500000000000000e+01
2.109999895095825195e+00 -4.630000114440917969e+00 1.027999973297119141e+01 -4.706250000000000000e+01 2.975000000000000000e+01 -1.868750000000000000e+01 -4.056250000000000000e+01 -1.625000000000000000e+01 2.850000000000000000e+01
2.779999971389770508e+00 -4.699999809265136719e+00 9.930000305175781250e+00 -4.775000000000000000e+01 2.950000000000000000e+01 -1.706250000000000000e+01 -3.162500000000000000e+01 -2.062500000000000000e+01 3.393750000000000000e+01
3.269999980926513672e+00 -4.409999847412109375e+00 9.979999542236328125e+00 -4.775000000000000000e+01 2.950000000000000000e+01 -1.706250000000000000e+01 -2.187500000000000000e+01 -2.343750000000000000e+01 3.712500000000000000e+01
3.750000000000000000e+00 -2.730000019073486328e+00 9.729999542236328125e+00 -4.775000000000000000e+01 2.950000000000000000e+01 -1.706250000000000000e+01 -1.593750000000000000e+01 -2.406250000000000000e+01 4.250000000000000000e+01
4.329999923706054688e+00 -2.599999904632568359e+00 9.430000305175781250e+00 -4.775000000000000000e+01 2.950000000000000000e+01 -1.706250000000000000e+01 -1.687500000000000000e+01 -2.393750000000000000e+01 5.131250000000000000e+01
4.349999904632568359e+00 -2.359999895095825195e+00 9.340000152587890625e+00 -4.775000000000000000e+01 2.950000000000000000e+01 -1.706250000000000000e+01 -2.018750000000000000e+01 -2.331250000000000000e+01 6.306250000000000000e+01
6.050000190734863281e+00 -3.859999895095825195e+00 8.439999580383300781e+00 -4.625000000000000000e+01 3.018750000000000000e+01 -1.387500000000000000e+01 -1.968750000000000000e+01 -2.025000000000000000e+01 7.106250000000000000e+01
5.420000076293945312e+00 -3.970000028610229492e+00 8.460000038146972656e+00 -4.625000000000000000e+01 3.018750000000000000e+01 -1.387500000000000000e+01 -1.118750000000000000e+01 -1.675000000000000000e+01 7.368750000000000000e+01
5.369999885559082031e+00 -3.529999971389770508e+00 8.199999809265136719e+00 -4.625000000000000000e+01 3.018750000000000000e+01 -1.387500000000000000e+01 -2.000000000000000000e+00 -1.725000000000000000e+01 7.731250000000000000e+01
5.659999847412109375e+00 -3.170000076293945312e+00 7.809999942779541016e+00 -4.625000000000000000e+01 3.018750000000000000e+01 -1.387500000000000000e+01 4.750000000000000000e+00 -1.856250000000000000e+01 8.681250000000000000e+01
7.679999828338623047e+00 -4.960000038146972656e+00 6.929999828338623047e+00 -4.625000000000000000e+01 3.018750000000000000e+01 -1.387500000000000000e+01 4.750000000000000000e+00 -1.856250000000000000e+01 8.681250000000000000e+01
9.510000228881835938e+00 -6.320000171661376953e+00 6.469999790191650391e+00 -4.368750000000000000e+01 3.250000000000000000e+01 -1.506250000000000000e+01 1.443750000000000000e+01 -1.850000000000000000e+01 9.575000000000000000e+01
1.046000003814697266e+01 -7.079999923706054688e+00 5.909999847412109375e+00 -4.368750000000000000e+01 3.250000000000000000e+01 -1.506250000000000000e+01 6.675000000000000000e+01 -7.812500000000000000e+00 8.306250000000000000e+01
1.131000041961669922e+01 -6.329999923706054688e+00 5.480000019073486328e+00 -4.368750000000000000e+01 3.250000000000000000e+01 -1.506250000000000000e+01 9.368750000000000000e+01 6.312500000000000000e+00 6.775000000000000000e+01
1.442000007629394531e+01 -3.559999942779541016e+00 4.260000228881835938e+00 -4.368750000000000000e+01 3.250000000000000000e+01 -1.506250000000000000e+01 1.055000000000000000e+02 2.768750000000000000e+01 5.362500000000000000e+01
1.526000022888183594e+01 -2.039999961853027344e+00 3.539999961853027344e+00 -4.368750000000000000e+01 3.250000000000000000e+01 -1.506250000000000000e+01 1.055000000000000000e+02 2.768750000000000000e+01 5.362500000000000000e+01
1.551000022888183594e+01 -6.999999880790710449e-01 2.980000019073486328e+00 -4.150000000000000000e+01 3.568750000000000000e+01 -1.375000000000000000e+01 1.000000000000000000e+02 5.356250000000000000e+01 4.212500000000000000e+01
1.497999954223632812e+01 8.799999952316284180e-01 1.519999980926513672e+00 -4.150000000000000000e+01 3.568750000000000000e+01 -1.375000000000000000e+01 5.056250000000000000e+01 9.625000000000000000e+01 2.500000000000000000e+01
1.438000011444091797e+01 6.499999761581420898e-01 5.400000214576721191e-01 -4.150000000000000000e+01 3.568750000000000000e+01 -1.375000000000000000e+01 2.087500000000000000e+01 1.048125000000000000e+02 1.806250000000000000e+01
1.347999954223632812e+01 5.999999865889549255e-02 -2.599999904632568359e-01 -4.150000000000000000e+01 3.568750000000000000e+01 -1.375000000000000000e+01 -1.250000000000000000e+00 1.020625000000000000e+02 9.875000000000000000e+00
1.260999965667724609e+01 -8.100000023841857910e-01 -9.399999976158142090e-01 -4.150000000000000000e+01 3.568750000000000000e+01 -1.375000000000000000e+01 -1.212500000000000000e+01 8.743750000000000000e+01 9.375000000000000000e-01
1.243999958038330078e+01 -2.960000038146972656e+00 -2.029999971389770508e+00 -3.818750000000000000e+01 3.575000000000000000e+01 -1.787500000000000000e+01 -1.125000000000000000e+01 6.575000000000000000e+01 -8.000000000000000000e+00
1.275000000000000000e+01 -3.700000047683715820e+00 -2.430000066757202148e+00 -3.818750000000000000e+01 3.575000000000000000e+01 -1.787500000000000000e+01 -9.375000000000000000e-01 4.187500000000000000e+01 -1.493750000000000000e+01
1.343999958038330078e+01 -4.230000019073486328e+00 -2.890000104904174805e+00 -3.818750000000000000e+01 3.575000000000000000e+01 -1.787500000000000000e+01 1.556250000000000000e+01 2.006250000000000000e+01 -1.756250000000000000e+01
1.438000011444091797e+01 -4.960000038146972656e+00 -3.190000057220458984e+00 -3.818750000000000000e+01 3.575000000000000000e+01 -1.787500000000000000e+01 3.475000000000000000e+01 2.125000000000000000e+00 -1.793750000000000000e+01
1.431000041961669922e+01 -5.059999942779541016e+00 -2.859999895095825195e+00 -3.818750000000000000e+01 3.575000000000000000e+01 -1.787500000000000000e+01 5.262500000000000000e+01 -1.443750000000000000e+01 -1.750000000000000000e+01
1.492000007629394531e+01 -4.210000038146972656e+00 -2.789999961853027344e+00 -3.587500000000000000e+01 3.650000000000000000e+01 -2.025000000000000000e+01 6.300000000000000000e+01 -2.918750000000000000e+01 -1.587500000000000000e+01
1.547000026702880859e+01 -3.279999971389770508e+00 -2.359999895095825195e+00 -3.587500000000000000e+01 3.650000000000000000e+01 -2.025000000000000000e+01 6.206250000000000000e+01 -3.462500000000000000e+01 -1.031250000000000000e+01
1.530000019073486328e+01 -2.490000009536743164e+00 -1.250000000000000000e+00 -3.587500000000000000e+01 3.650000000000000000e+01 -2.025000000000000000e+01 5.337500000000000000e+01 -3.506250000000000000e+01 -4.187500000000000000e+00
1.472999954223632812e+01 -2.509999990463256836e+00 -3.899999856948852539e-01 -3.587500000000000000e+01 3.650000000000000000e+01 -2.025000000000000000e+01 4.231250000000000000e+01 -3.400000000000000000e+01 -2.437500000000000000e+00
1.426000022888183594e+01 -2.509999990463256836e+00 3.799999952316284180e-01 -3.587500000000000000e+01 3.650000000000000000e+01 -2.025000000000000000e+01 4.231250000000000000e+01 -3.400000000000000000e+01 -2.437500000000000000e+00
1.394999980926513672e+01 -2.490000009536743164e+00 1.080000042915344238e+00 -3.668750000000000000e+01 3.537500000000000000e+01 -2.075000000000000000e+01 2.018750000000000000e+01 -2.568750000000000000e+01 -1.068750000000000000e+01
1.290999984741210938e+01 -2.440000057220458984e+00 2.609999895095825195e+00 -3.668750000000000000e+01 3.537500000000000000e+01 -2.075000000000000000e+01 1.050000000000000000e+01 -1.837500000000000000e+01 -1.731250000000000000e+01
1.197999954223632812e+01 -2.230000019073486328e+00 3.430000066757202148e+00 -3.668750000000000000e+01 3.537500000000000000e+01 -2.075000000000000000e+01 1.125000000000000000e+00 -1.181250000000000000e+01 -2.368750000000000000e+01
1.096000003814697266e+01 -1.990000009536743164e+00 4.190000057220458984e+00 -3.668750000000000000e+01 3.537500000000000000e+01 -2.075000000000000000e+01 -7.562500000000000000e+00 -6.687500000000000000e+00 -2.668750000000000000e+01
8.609999656677246094e+00 -2.549999952316284180e+00 5.260000228881835938e+00 -3.668750000000000000e+01 3.537500000000000000e+01 -2.075000000000000000e+01 -7.562500000000000000e+00 -6.687500000000000000e+00 -2.668750000000000000e+01
6.909999847412109375e+00 -2.769999980926513672e+00 5.929999828338623047e+00 -3.856250000000000000e+01 3.500000000000000000e+01 -2.206250000000000000e+01 -1.243750000000000000e+01 -3.812500000000000000e+00 -2.743750000000000000e+01
5.590000152587890625e+00 -2.730000019073486328e+00 6.199999809265136719e+00 -3.856250000000000000e+01 3.500000000000000000e+01 -2.206250000000000000e+01 -6.375000000000000000e+00 -1.743750000000000000e+01 -2.587500000000000000e+01
4.449999809265136719e+00 -2.660000085830688477e+00 6.590000152587890625e+00 -3.856250000000000000e+01 3.500000000000000000e+01 -2.206250000000000000e+01 1.562500000000000000e+00 -3.112500000000000000e+01 -2.387500000000000000e+01
3.190000057220458984e+00 -1.830000042915344238e+00 7.800000190734863281e+00 -3.856250000000000000e+01 3.500000000000000000e+01 -2.206250000000000000e+01 7.687500000000000000e+00 -4.618750000000000000e+01 -2.031250000000000000e+01
3.779999971389770508e+00 -1.330000042915344238e+00 8.109999656677246094e+00 -3.856250000000000000e+01 3.500000000000000000e+01 -2.206250000000000000e+01 7.687500000000000000e+00 -4.618750000000000000e+01 -2.031250000000000000e+01
4.119999885559082031e+00 -1.370000004768371582e+00 8.529999732971191406e+00 -4.000000000000000000e+01 3.356250000000000000e+01 -2.106250000000000000e+01 9.562500000000000000e+00 -5.693750000000000000e+01 -1.193750000000000000e+01
4.030000209808349609e+00 -1.820000052452087402e+00 8.930000305175781250e+00 -4.000000000000000000e+01 3.356250000000000000e+01 -2.106250000000000000e+01 1.325000000000000000e+01 -5.812500000000000000e+01 6.625000000000000000e+00
3.279999971389770508e+00 -2.720000028610229492e+00 9.520000457763671875e+00 -4.000000000000000000e+01 3.356250000000000000e+01 -2.106250000000000000e+01 2.125000000000000000e+01 -5.606250000000000000e+01 9.375000000000000000e+00
2.859999895095825195e+00 -2.390000104904174805e+00 9.800000190734863281e+00 -4.000000000000000000e+01 3.356250000000000000e+01 -2.106250000000000000e+01 2.975000000000000000e+01 -5.456250000000000000e+01 9.062500000000000000e+00
2.289999961853027344e+00 -1.720000028610229492e+00 1.018000030517578125e+01 -4.000000000000000000e+01 3.356250000000000000e+01 -2.106250000000000000e+01 2.975000000000000000e+01 -5.456250000000000000e+01 9.062500000000000000e+00
1.330000042915344238e+00 -4.300000071525573730e-01 1.068999958038330078e+01 -4.300000000000000000e+01 3.318750000000000000e+01 -2.037500000000000000e+01 3.237500000000000000e+01 -5.375000000000000000e+01 9.125000000000000000e+00
8.600000143051147461e-01 -5.500000119209289551e-01 1.085000038146972656e+01 -4.300000000000000000e+01 3.318750000000000000e+01 -2.037500000000000000e+01 1.731250000000000000e+01 -5.262500000000000000e+01 1.618750000000000000e+01
4.399999976158142090e-01 -1.070000052452087402e+00 1.097000026702880859e+01 -4.300000000000000000e+01 3.318750000000000000e+01 -2.037500000000000000e+01 9.562500000000000000e+00 -5.281250000000000000e+01 1.943750000000000000e+01
3.300000131130218506e-01 -1.750000000000000000e+00 1.118000030517578125e+01 -4.300000000000000000e+01 3.318750000000000000e+01 -2.037500000000000000e+01 6.875000000000000000e+00 -5.362500000000000000e+01 2.075000000000000000e+01
1.400000005960464478e-01 -2.500000000000000000e+00 1.167000007629394531e+01 -4.300000000000000000e+01 3.318750000000000000e+01 -2.037500000000000000e+01 6.875000000000000000e+00 -5.362500000000000000e+01 2.075000000000000000e+01
7.999999821186065674e-02 -2.539999961853027344e+00 1.188000011444091797e+01 -4.406250000000000000e+01 3.275000000000000000e+01 -1.956250000000000000e+01 8.000000000000000000e+00 -5.281250000000000000e+01 2.118750000000000000e+01
4.199999868869781494e-01 -2.819999933242797852e+00 1.190999984741210938e+01 -4.406250000000000000e+01 3.275000000000000000e+01 -1.956250000000000000e+01 1.087500000000000000e+01 -4.587500000000000000e+01 2.493750000000000000e+01
6.800000071525573730e-01 -3.299999952316284180e+00 1.202000045776367188e+01 -4.406250000000000000e+01 3.275000000000000000e+01 -1.956250000000000000e+01 1.537500000000000000e+01 -3.906250000000000000e+01 2.612500000000000000e+01
8.500000238418579102e-01 -3.940000057220458984e+00 1.203999996185302734e+01 -4.406250000000000000e+01 3.275000000000000000e+01 -1.956250000000000000e+01 2.231250000000000000e+01 -3.206250000000000000e+01 2.362500000000000000e+01
1.639999985694885254e+00 -4.230000019073486328e+00 1.205000019073486328e+01 -4.406250000000000000e+01 3.275000000000000000e+01 -1.956250000000000000e+01 2.231250000000000000e+01 -3.206250000000000000e+01 2.362500000000000000e+01
9.579999923706054688e+00 -8.300000190734863281e+00 1.906999969482421875e+01 -4.475000000000000000e+01 3.468750000000000000e+01 -1.718750000000000000e+01 3.731250000000000000e+01 -1.000000000000000000e+01 2.100000000000000000e+01
-4.619999885559082031e+00 -5.369999885559082031e+00 1.085999965667724609e+01 -4.475000000000000000e+01 3.468750000000000000e+01 -1.718750000000000000e+01 4.956250000000000000e+01 9.081250000000000000e+01 7.193750000000000000e+01
-7.710000038146972656e+00 -4.199999809265136719e+00 8.420000076293945312e+00 -4.475000000000000000e+01 3.468750000000000000e+01 -1.718750000000000000e+01 6.325000000000000000e+01 6.350000000000000000e+01 4.693750000000000000e+01
1.800000071525573730e-01 -2.569999933242797852e+00 8.529999732971191406e+00 -4.475000000000000000e+01 3.468750000000000000e+01 -1.718750000000000000e+01 6.381250000000000000e+01 3.937500000000000000e+01 2.718750000000000000e+01
