6.260000228881835938e+00 -9.800000190734863281e-01 7.440000057220458984e+00 -4.175000000000000000e+01 1.406250000000000000e+01 -1.675000000000000000e+01 1.875000000000000000e-01 1.250000000000000000e-01 -1.875000000000000000e-01
6.269999980926513672e+00 -1.000000000000000000e+00 7.420000076293945312e+00 -4.175000000000000000e+01 1.406250000000000000e+01 -1.675000000000000000e+01 1.250000000000000000e-01 1.250000000000000000e-01 0.000000000000000000e+00
6.260000228881835938e+00 -9.900000095367431641e-01 7.409999847412109375e+00 -4.175000000000000000e+01 1.406250000000000000e+01 -1.675000000000000000e+01 2.500000000000000000e-01 1.250000000000000000e-01 -6.250000000000000000e-02
6.250000000000000000e+00 -9.700000286102294922e-01 7.440000057220458984e+00 -4.175000000000000000e+01 1.406250000000000000e+01 -1.675000000000000000e+01 1.250000000000000000e-01 1.250000000000000000e-01 -3.125000000000000000e-01
6.280000209808349609e+00 -9.499999880790710449e-01 7.440000057220458984e+00 -4.175000000000000000e+01 1.406250000000000000e+01 -1.675000000000000000e+01 3.750000000000000000e-01 1.250000000000000000e-01 -1.875000000000000000e-01
6.289999961853027344e+00 -9.499999880790710449e-01 7.409999847412109375e+00 -4.056250000000000000e+01 1.406250000000000000e+01 -1.600000000000000000e+01 3.125000000000000000e-01 1.250000000000000000e-01 -2.500000000000000000e-01
6.260000228881835938e+00 -9.800000190734863281e-01 7.429999828338623047e+00 -4.056250000000000000e+01 1.406250000000000000e+01 -1.600000000000000000e+01 2.500000000000000000e-01 6.250000000000000000e-02 -1.875000000000000000e-01
6.260000228881835938e+00 -9.700000286102294922e-01 7.409999847412109375e+00 -4.056250000000000000e+01 1.406250000000000000e+01 -1.600000000000000000e+01 4.375000000000000000e-01 3.125000000000000000e-01 -3.750000000000000000e-01
6.269999980926513672e+00 -9.599999785423278809e-01 7.409999847412109375e+00 -4.056250000000000000e+01 1.406250000000000000e+01 -1.600000000000000000e+01 5.000000000000000000e-01 4.375000000000000000e-01 -5.000000000000000000e-01
6.500000000000000000e+00 -7.699999809265136719e-01 7.519999980926513672e+00 -4.056250000000000000e+01 1.406250000000000000e+01 -1.600000000000000000e+01 -6.250000000000000000e-02 1.875000000000000000e-01 -3.750000000000000000e-01
6.800000190734863281e+00 -6.499999761581420898e-01 7.630000114440917969e+00 -4.137500000000000000e+01 1.337500000000000000e+01 -1.675000000000000000e+01 -1.312500000000000000e+00 2.500000000000000000e-01 6.250000000000000000e-01
6.949999809265136719e+00 -7.300000190734863281e-01 7.469999790191650391e+00 -4.137500000000000000e+01 1.337500000000000000e+01 -1.675000000000000000e+01 -1.312500000000000000e+00 2.500000000000000000e-01 6.250000000000000000e-01
6.559999942779541016e+00 -9.599999785423278809e-01 7.480000019073486328e+00 -4.137500000000000000e+01 1.337500000000000000e+01 -1.675000000000000000e+01 -5.687500000000000000e+00 2.500000000000000000e+00 3.500000000000000000e+00
6.800000190734863281e+00 -7.500000000000000000e-01 7.440000057220458984e+00 -4.137500000000000000e+01 1.337500000000000000e+01 -1.675000000000000000e+01 -7.500000000000000000e+00 3.000000000000000000e+00 4.250000000000000000e+00
7.090000152587890625e+00 -6.999999880790710449e-01 7.590000152587890625e+00 -4.137500000000000000e+01 1.337500000000000000e+01 -1.675000000000000000e+01 -9.187500000000000000e+00 4.875000000000000000e+00 5.062500000000000000e+00
6.960000038146972656e+00 -5.500000119209289551e-01 7.719999790191650391e+00 -4.137500000000000000e+01 1.375000000000000000e+01 -1.637500000000000000e+01 -1.218750000000000000e+01 8.062500000000000000e+00 6.687500000000000000e+00
7.039999961853027344e+00 -2.000000029802322388e-01 7.920000076293945312e+00 -4.137500000000000000e+01 1.375000000000000000e+01 -1.637500000000000000e+01 -1.218750000000000000e+01 8.062500000000000000e+00 6.687500000000000000e+00
6.809999942779541016e+00 -2.199999988079071045e-01 7.610000133514404297e+00 -4.137500000000000000e+01 1.375000000000000000e+01 -1.637500000000000000e+01 -1.731250000000000000e+01 9.812500000000000000e+00 8.937500000000000000e+00
6.480000019073486328e+00 -3.400000035762786865e-01 7.760000228881835938e+00 -4.137500000000000000e+01 1.375000000000000000e+01 -1.637500000000000000e+01 -2.481250000000000000e+01 1.731250000000000000e+01 7.187500000000000000e+00
6.469999790191650391e+00 -7.200000286102294922e-01 7.800000190734863281e+00 -4.137500000000000000e+01 1.375000000000000000e+01 -1.637500000000000000e+01 -2.525000000000000000e+01 1.912500000000000000e+01 5.187500000000000000e+00
7.409999847412109375e+00 -2.039999961853027344e+00 7.659999847412109375e+00 -4.175000000000000000e+01 1.525000000000000000e+01 -1.675000000000000000e+01 -2.468750000000000000e+01 2.175000000000000000e+01 6.375000000000000000e+00
7.949999809265136719e+00 -2.579999923706054688e+00 7.420000076293945312e+00 -4.175000000000000000e+01 1.525000000000000000e+01 -1.675000000000000000e+01 -2.468750000000000000e+01 2.175000000000000000e+01 6.375000000000000000e+00
7.960000038146972656e+00 -2.539999961853027344e+00 7.510000228881835938e+00 -4.175000000000000000e+01 1.525000000000000000e+01 -1.675000000000000000e+01 -2.131250000000000000e+01 2.668750000000000000e+01 8.687500000000000000e+00
8.039999961853027344e+00 -2.220000028610229492e+00 7.650000095367431641e+00 -4.175000000000000000e+01 1.525000000000000000e+01 -1.675000000000000000e+01 -1.656250000000000000e+01 3.400000000000000000e+01 9.375000000000000000e+00
7.409999847412109375e+00 -1.710000038146972656e+00 7.849999904632568359e+00 -4.175000000000000000e+01 1.525000000000000000e+01 -1.675000000000000000e+01 -1.300000000000000000e+01 4.112500000000000000e+01 1.012500000000000000e+01
7.179999828338623047e+00 -1.289999961853027344e+00 8.079999923706054688e+00 -4.056250000000000000e+01 1.406250000000000000e+01 -1.637500000000000000e+01 -8.500000000000000000e+00 5.243750000000000000e+01 1.200000000000000000e+01
7.469999790191650391e+00 -9.800000190734863281e-01 8.090000152587890625e+00 -4.056250000000000000e+01 1.406250000000000000e+01 -1.637500000000000000e+01 -8.500000000000000000e+00 5.243750000000000000e+01 1.200000000000000000e+01
7.670000076293945312e+00 -7.900000214576721191e-01 8.189999580383300781e+00 -4.056250000000000000e+01 1.406250000000000000e+01 -1.637500000000000000e+01 -9.000000000000000000e+00 5.731250000000000000e+01 1.343750000000000000e+01
7.329999923706054688e+00 -7.699999809265136719e-01 8.229999542236328125e+00 -4.056250000000000000e+01 1.406250000000000000e+01 -1.637500000000000000e+01 -1.093750000000000000e+01 6.393750000000000000e+01 1.506250000000000000e+01
7.019999980926513672e+00 -1.000000000000000000e+00 8.090000152587890625e+00 -4.056250000000000000e+01 1.406250000000000000e+01 -1.637500000000000000e+01 -1.337500000000000000e+01 7.081250000000000000e+01 1.675000000000000000e+01
6.510000228881835938e+00 -1.269999980926513672e+00 8.140000343322753906e+00 -3.937500000000000000e+01 1.537500000000000000e+01 -1.825000000000000000e+01 -1.418750000000000000e+01 8.093750000000000000e+01 1.743750000000000000e+01
6.639999866485595703e+00 -1.529999971389770508e+00 8.020000457763671875e+00 -3.937500000000000000e+01 1.537500000000000000e+01 -1.825000000000000000e+01 -1.418750000000000000e+01 8.093750000000000000e+01 1.743750000000000000e+01
6.130000114440917969e+00 -1.690000057220458984e+00 8.029999732971191406e+00 -3.937500000000000000e+01 1.537500000000000000e+01 -1.825000000000000000e+01 -1.481250000000000000e+01 8.481250000000000000e+01 1.706250000000000000e+01
5.360000133514404297e+00 -1.889999985694885254e+00 7.989999771118164062e+00 -3.937500000000000000e+01 1.537500000000000000e+01 -1.825000000000000000e+01 -1.468750000000000000e+01 8.868750000000000000e+01 1.800000000000000000e+01
5.199999809265136719e+00 -2.000000000000000000e+00 8.189999580383300781e+00 -3.937500000000000000e+01 1.537500000000000000e+01 -1.825000000000000000e+01 -1.337500000000000000e+01 8.981250000000000000e+01 1.950000000000000000e+01
6.670000076293945312e+00 -2.059999942779541016e+00 8.449999809265136719e+00 -3.718750000000000000e+01 1.675000000000000000e+01 -2.100000000000000000e+01 -1.093750000000000000e+01 9.281250000000000000e+01 1.956250000000000000e+01
6.889999866485595703e+00 -1.950000047683715820e+00 8.630000114440917969e+00 -3.718750000000000000e+01 1.675000000000000000e+01 -2.100000000000000000e+01 -1.093750000000000000e+01 9.281250000000000000e+01 1.956250000000000000e+01
6.960000038146972656e+00 -1.960000038146972656e+00 8.760000228881835938e+00 -3.718750000000000000e+01 1.675000000000000000e+01 -2.100000000000000000e+01 -1.000000000000000000e+01 1.000625000000000000e+02 1.943750000000000000e+01
6.809999942779541016e+00 -2.069999933242797852e+00 8.619999885559082031e+00 -3.718750000000000000e+01 1.675000000000000000e+01 -2.100000000000000000e+01 -9.250000000000000000e+00 1.078750000000000000e+02 2.012500000000000000e+01
5.989999771118164062e+00 -1.740000009536743164e+00 9.090000152587890625e+00 -3.718750000000000000e+01 1.675000000000000000e+01 -2.100000000000000000e+01 -7.750000000000000000e+00 1.153750000000000000e+02 2.025000000000000000e+01
6.550000190734863281e+00 -1.480000019073486328e+00 9.130000114440917969e+00 -3.587500000000000000e+01 1.800000000000000000e+01 -2.368750000000000000e+01 -1.043750000000000000e+01 1.253750000000000000e+02 2.362500000000000000e+01
6.699999809265136719e+00 -1.389999985694885254e+00 9.050000190734863281e+00 -3.587500000000000000e+01 1.800000000000000000e+01 -2.368750000000000000e+01 -1.043750000000000000e+01 1.253750000000000000e+02 2.362500000000000000e+01
5.260000228881835938e+00 -1.750000000000000000e+00 8.630000114440917969e+00 -3.587500000000000000e+01 1.800000000000000000e+01 -2.368750000000000000e+01 -1.437500000000000000e+01 1.325000000000000000e+02 3.012500000000000000e+01
3.680000066757202148e+00 -1.809999942779541016e+00 8.539999961853027344e+00 -3.587500000000000000e+01 1.800000000000000000e+01 -2.368750000000000000e+01 -1.550000000000000000e+01 1.390000000000000000e+02 3.431250000000000000e+01
2.750000000000000000e+00 -1.639999985694885254e+00 8.649999618530273438e+00 -3.587500000000000000e+01 1.800000000000000000e+01 -2.368750000000000000e+01 -1.350000000000000000e+01 1.425625000000000000e+02 3.375000000000000000e+01
2.930000066757202148e+00 -1.289999961853027344e+00 8.829999923706054688e+00 -3.056250000000000000e+01 1.956250000000000000e+01 -2.968750000000000000e+01 -1.331250000000000000e+01 1.397500000000000000e+02 2.787500000000000000e+01
4.219999790191650391e+00 -1.159999966621398926e+00 8.800000190734863281e+00 -3.056250000000000000e+01 1.956250000000000000e+01 -2.968750000000000000e+01 -1.331250000000000000e+01 1.397500000000000000e+02 2.787500000000000000e+01
4.340000152587890625e+00 -1.350000023841857910e+00 8.720000267028808594e+00 -3.056250000000000000e+01 1.956250000000000000e+01 -2.968750000000000000e+01 -1.943750000000000000e+01 1.420625000000000000e+02 3.137500000000000000e+01
3.089999914169311523e+00 -1.940000057220458984e+00 8.239999771118164062e+00 -3.056250000000000000e+01 1.956250000000000000e+01 -2.968750000000000000e+01 -2.518750000000000000e+01 1.465000000000000000e+02 3.743750000000000000e+01
1.230000019073486328e+00 -2.640000104904174805e+00 8.090000152587890625e+00 -3.056250000000000000e+01 1.956250000000000000e+01 -2.968750000000000000e+01 -2.587500000000000000e+01 1.490625000000000000e+02 4.137500000000000000e+01
-4.900000095367431641e-01 -2.210000038146972656e+00 8.050000190734863281e+00 -2.675000000000000000e+01 2.156250000000000000e+01 -3.487500000000000000e+01 -1.731250000000000000e+01 1.390625000000000000e+02 3.250000000000000000e+01
-9.200000166893005371e-01 -2.009999990463256836e+00 7.449999809265136719e+00 -2.675000000000000000e+01 2.156250000000000000e+01 -3.487500000000000000e+01 -1.731250000000000000e+01 1.390625000000000000e+02 3.250000000000000000e+01
-2.809999942779541016e+00 -2.259999990463256836e+00 6.989999771118164062e+00 -2.675000000000000000e+01 2.156250000000000000e+01 -3.487500000000000000e+01 -1.550000000000000000e+01 1.313750000000000000e+02 2.906250000000000000e+01
-4.469999790191650391e+00 -2.299999952316284180e+00 6.980000019073486328e+00 -2.675000000000000000e+01 2.156250000000000000e+01 -3.487500000000000000e+01 -1.218750000000000000e+01 1.196250000000000000e+02 2.525000000000000000e+01
-4.039999961853027344e+00 -2.240000009536743164e+00 7.079999923706054688e+00 -2.675000000000000000e+01 2.156250000000000000e+01 -3.487500000000000000e+01 -8.125000000000000000e+00 1.018125000000000000e+02 1.875000000000000000e+01
-3.720000028610229492e+00 -2.160000085830688477e+00 7.239999771118164062e+00 -2.156250000000000000e+01 2.268750000000000000e+01 -3.906250000000000000e+01 -6.562500000000000000e+00 8.525000000000000000e+01 1.375000000000000000e+01
-3.309999942779541016e+00 -2.289999961853027344e+00 7.170000076293945312e+00 -2.156250000000000000e+01 2.268750000000000000e+01 -3.906250000000000000e+01 -7.687500000000000000e+00 7.112500000000000000e+01 1.081250000000000000e+01
-2.869999885559082031e+00 -2.470000028610229492e+00 7.789999961853027344e+00 -2.156250000000000000e+01 2.268750000000000000e+01 -3.906250000000000000e+01 -7.625000000000000000e+00 5.768750000000000000e+01 9.062500000000000000e+00
-2.460000038146972656e+00 -2.410000085830688477e+00 8.060000419616699219e+00 -2.156250000000000000e+01 2.268750000000000000e+01 -3.906250000000000000e+01 -6.125000000000000000e+00 4.581250000000000000e+01 7.562500000000000000e+00
-2.170000076293945312e+00 -2.329999923706054688e+00 8.319999694824218750e+00 -2.156250000000000000e+01 2.268750000000000000e+01 -3.906250000000000000e+01 -5.062500000000000000e+00 3.562500000000000000e+01 5.625000000000000000e+00
-2.119999885559082031e+00 -2.319999933242797852e+00 8.390000343322753906e+00 -1.737500000000000000e+01 2.468750000000000000e+01 -4.118750000000000000e+01 -4.875000000000000000e+00 2.668750000000000000e+01 5.062500000000000000e+00
-2.890000104904174805e+00 -2.660000085830688477e+00 8.430000305175781250e+00 -1.737500000000000000e+01 2.468750000000000000e+01 -4.118750000000000000e+01 -4.500000000000000000e+00 1.806250000000000000e+01 4.500000000000000000e+00
-2.490000009536743164e+00 -2.619999885559082031e+00 8.539999961853027344e+00 -1.737500000000000000e+01 2.468750000000000000e+01 -4.118750000000000000e+01 -2.125000000000000000e+00 7.937500000000000000e+00 2.500000000000000000e+00
-1.690000057220458984e+00 -2.480000019073486328e+00 8.720000267028808594e+00 -1.737500000000000000e+01 2.468750000000000000e+01 -4.118750000000000000e+01 7.500000000000000000e-01 -2.500000000000000000e+00 -1.187500000000000000e+00
-5.799999833106994629e-01 -2.420000076293945312e+00 8.819999694824218750e+00 -1.737500000000000000e+01 2.468750000000000000e+01 -4.118750000000000000e+01 2.500000000000000000e+00 -1.000000000000000000e+01 -4.375000000000000000e+00
-3.799999952316284180e-01 -2.400000095367431641e+00 9.130000114440917969e+00 -1.500000000000000000e+01 2.525000000000000000e+01 -4.287500000000000000e+01 2.937500000000000000e+00 -1.500000000000000000e+01 -5.250000000000000000e+00
5.000000000000000000e-01 -2.250000000000000000e+00 9.479999542236328125e+00 -1.500000000000000000e+01 2.525000000000000000e+01 -4.287500000000000000e+01 3.062500000000000000e+00 -1.850000000000000000e+01 -5.625000000000000000e+00
8.700000047683715820e-01 -2.140000104904174805e+00 9.420000076293945312e+00 -1.500000000000000000e+01 2.525000000000000000e+01 -4.287500000000000000e+01 1.687500000000000000e+00 -2.056250000000000000e+01 -5.000000000000000000e+00
9.100000262260437012e-01 -2.380000114440917969e+00 9.800000190734863281e+00 -1.500000000000000000e+01 2.525000000000000000e+01 -4.287500000000000000e+01 0.000000000000000000e+00 -1.987500000000000000e+01 -2.500000000000000000e+00
1.720000028610229492e+00 -2.279999971389770508e+00 9.850000381469726562e+00 -1.500000000000000000e+01 2.525000000000000000e+01 -4.287500000000000000e+01 -7.500000000000000000e-01 -2.050000000000000000e+01 -1.437500000000000000e+00
1.940000057220458984e+00 -2.359999895095825195e+00 1.002000045776367188e+01 -1.525000000000000000e+01 2.418750000000000000e+01 -4.287500000000000000e+01 -1.875000000000000000e+00 -1.868750000000000000e+01 -1.187500000000000000e+00
2.009999990463256836e+00 -2.450000047683715820e+00 9.909999847412109375e+00 -1.525000000000000000e+01 2.418750000000000000e+01 -4.287500000000000000e+01 -2.937500000000000000e+00 -1.418750000000000000e+01 -6.875000000000000000e-01
1.000000000000000000e+00 -2.470000028610229492e+00 9.840000152587890625e+00 -1.525000000000000000e+01 2.418750000000000000e+01 -4.287500000000000000e+01 -3.062500000000000000e+00 -1.025000000000000000e+01 -1.875000000000000000e-01
7.200000286102294922e-01 -2.630000114440917969e+00 9.680000305175781250e+00 -1.525000000000000000e+01 2.418750000000000000e+01 -4.287500000000000000e+01 -2.625000000000000000e+00 -8.187500000000000000e+00 -2.500000000000000000e-01
5.500000119209289551e-01 -2.619999885559082031e+00 9.560000419616699219e+00 -1.525000000000000000e+01 2.418750000000000000e+01 -4.287500000000000000e+01 -2.062500000000000000e+00 -7.375000000000000000e+00 -5.625000000000000000e-01
2.019999980926513672e+00 -2.410000085830688477e+00 9.829999923706054688e+00 -1.606250000000000000e+01 2.500000000000000000e+01 -4.337500000000000000e+01 -9.375000000000000000e-01 -7.437500000000000000e+00 -1.625000000000000000e+00
2.420000076293945312e+00 -2.500000000000000000e+00 9.649999618530273438e+00 -1.606250000000000000e+01 2.500000000000000000e+01 -4.337500000000000000e+01 -1.562500000000000000e+00 -6.312500000000000000e+00 -1.437500000000000000e+00
1.669999957084655762e+00 -2.559999942779541016e+00 9.630000114440917969e+00 -1.606250000000000000e+01 2.500000000000000000e+01 -4.337500000000000000e+01 -2.750000000000000000e+00 -1.562500000000000000e+00 3.750000000000000000e-01
9.100000262260437012e-01 -2.579999923706054688e+00 9.619999885559082031e+00 -1.606250000000000000e+01 2.500000000000000000e+01 -4.337500000000000000e+01 -2.375000000000000000e+00 3.000000000000000000e+00 1.437500000000000000e+00
-1.400000005960464478e-01 -2.450000047683715820e+00 9.390000343322753906e+00 -1.606250000000000000e+01 2.500000000000000000e+01 -4.337500000000000000e+01 -1.375000000000000000e+00 4.187500000000000000e+00 1.187500000000000000e+00
-3.799999952316284180e-01 -2.450000047683715820e+00 9.100000381469726562e+00 -1.650000000000000000e+01 2.456250000000000000e+01 -4.325000000000000000e+01 -9.375000000000000000e-01 3.375000000000000000e+00 7.500000000000000000e-01
-4.799999892711639404e-01 -2.509999990463256836e+00 8.920000076293945312e+00 -1.650000000000000000e+01 2.456250000000000000e+01 -4.325000000000000000e+01 -1.875000000000000000e-01 6.875000000000000000e-01 4.375000000000000000e-01
-6.800000071525573730e-01 -2.630000114440917969e+00 8.779999732971191406e+00 -1.650000000000000000e+01 2.456250000000000000e+01 -4.325000000000000000e+01 6.875000000000000000e-01 -3.062500000000000000e+00 -3.125000000000000000e-01
-8.700000047683715820e-01 -2.460000038146972656e+00 8.800000190734863281e+00 -1.650000000000000000e+01 2.456250000000000000e+01 -4.325000000000000000e+01 2.062500000000000000e+00 -6.875000000000000000e+00 -1.687500000000000000e+00
-2.700000107288360596e-01 -2.240000009536743164e+00 9.140000343322753906e+00 -1.650000000000000000e+01 2.456250000000000000e+01 -4.325000000000000000e+01 2.812500000000000000e+00 -1.162500000000000000e+01 -3.062500000000000000e+00
7.500000000000000000e-01 -2.109999895095825195e+00 9.140000343322753906e+00 -1.606250000000000000e+01 2.525000000000000000e+01 -4.300000000000000000e+01 1.625000000000000000e+00 -1.575000000000000000e+01 -2.562500000000000000e+00
5.500000119209289551e-01 -2.339999914169311523e+00 9.300000190734863281e+00 -1.606250000000000000e+01 2.525000000000000000e+01 -4.300000000000000000e+01 -1.187500000000000000e+00 -1.706250000000000000e+01 2.500000000000000000e-01
3.400000035762786865e-01 -2.230000019073486328e+00 9.489999771118164062e+00 -1.606250000000000000e+01 2.525000000000000000e+01 -4.300000000000000000e+01 -2.500000000000000000e+00 -1.725000000000000000e+01 2.125000000000000000e+00
4.499999880790710449e-01 -2.160000085830688477e+00 9.479999542236328125e+00 -1.606250000000000000e+01 2.525000000000000000e+01 -4.300000000000000000e+01 -2.937500000000000000e+00 -1.856250000000000000e+01 1.812500000000000000e+00
6.200000047683715820e-01 -2.250000000000000000e+00 9.470000267028808594e+00 -1.606250000000000000e+01 2.525000000000000000e+01 -4.300000000000000000e+01 -3.750000000000000000e+00 -2.000000000000000000e+01 1.312500000000000000e+00
5.199999809265136719e-01 -2.460000038146972656e+00 9.289999961853027344e+00 -1.687500000000000000e+01 2.350000000000000000e+01 -4.325000000000000000e+01 -3.875000000000000000e+00 -2.081250000000000000e+01 7.500000000000000000e-01
9.999999776482582092e-03 -2.559999942779541016e+00 9.140000343322753906e+00 -1.687500000000000000e+01 2.350000000000000000e+01 -4.325000000000000000e+01 -2.625000000000000000e+00 -2.143750000000000000e+01 -1.187500000000000000e+00
-2.000000029802322388e-01 -2.480000019073486328e+00 9.100000381469726562e+00 -1.687500000000000000e+01 2.350000000000000000e+01 -4.325000000000000000e+01 -8.125000000000000000e-01 -2.300000000000000000e+01 -4.187500000000000000e+00
-4.300000071525573730e-01 -2.390000104904174805e+00 8.840000152587890625e+00 -1.687500000000000000e+01 2.350000000000000000e+01 -4.325000000000000000e+01 3.750000000000000000e-01 -2.656250000000000000e+01 -7.000000000000000000e+00
-1.169999957084655762e+00 -2.349999904632568359e+00 8.500000000000000000e+00 -1.687500000000000000e+01 2.350000000000000000e+01 -4.325000000000000000e+01 6.875000000000000000e-01 -3.100000000000000000e+01 -7.937500000000000000e+00
-1.240000009536743164e+00 -2.210000038146972656e+00 8.609999656677246094e+00 -1.800000000000000000e+01 2.525000000000000000e+01 -4.218750000000000000e+01 -6.250000000000000000e-02 -3.750000000000000000e+01 -7.625000000000000000e+00
-7.799999713897705078e-01 -2.150000095367431641e+00 8.369999885559082031e+00 -1.800000000000000000e+01 2.525000000000000000e+01 -4.218750000000000000e+01 -1.500000000000000000e+00 -4.556250000000000000e+01 -7.062500000000000000e+00
1.240000009536743164e+00 -2.420000076293945312e+00 9.079999923706054688e+00 -1.800000000000000000e+01 2.525000000000000000e+01 -4.218750000000000000e+01 -3.000000000000000000e+00 -5.306250000000000000e+01 -5.750000000000000000e+00
3.230000019073486328e+00 -2.279999971389770508e+00 9.010000228881835938e+00 -1.800000000000000000e+01 2.525000000000000000e+01 -4.218750000000000000e+01 -3.062500000000000000e+00 -5.831250000000000000e+01 -5.812500000000000000e+00
2.779999971389770508e+00 -2.779999971389770508e+00 9.260000228881835938e+00 -1.800000000000000000e+01 2.525000000000000000e+01 -4.218750000000000000e+01 -4.000000000000000000e+00 -5.675000000000000000e+01 -5.937500000000000000e+00
