5.860000133514404297e+00 -2.029999971389770508e+00 7.570000171661376953e+00 -4.187500000000000000e+01 2.918750000000000000e+01 -2.687500000000000000e+01 6.250000000000000000e-02 -1.250000000000000000e-01 -6.250000000000000000e-02
5.869999885559082031e+00 -2.039999961853027344e+00 7.590000152587890625e+00 -4.187500000000000000e+01 2.918750000000000000e+01 -2.687500000000000000e+01 -6.250000000000000000e-02 0.000000000000000000e+00 -6.250000000000000000e-02
5.840000152587890625e+00 -2.029999971389770508e+00 7.579999923706054688e+00 -4.150000000000000000e+01 2.950000000000000000e+01 -2.725000000000000000e+01 6.250000000000000000e-02 -6.250000000000000000e-02 -6.250000000000000000e-02
5.869999885559082031e+00 -2.019999980926513672e+00 7.579999923706054688e+00 -4.150000000000000000e+01 2.950000000000000000e+01 -2.725000000000000000e+01 1.250000000000000000e-01 -6.250000000000000000e-02 6.250000000000000000e-02
5.849999904632568359e+00 -2.019999980926513672e+00 7.570000171661376953e+00 -4.150000000000000000e+01 2.950000000000000000e+01 -2.725000000000000000e+01 6.250000000000000000e-02 1.250000000000000000e-01 -6.250000000000000000e-02
5.849999904632568359e+00 -2.019999980926513672e+00 7.570000171661376953e+00 -4.150000000000000000e+01 2.950000000000000000e+01 -2.725000000000000000e+01 -1.250000000000000000e-01 -6.250000000000000000e-02 0.000000000000000000e+00
5.869999885559082031e+00 -2.000000000000000000e+00 7.590000152587890625e+00 -4.150000000000000000e+01 2.950000000000000000e+01 -2.725000000000000000e+01 0.000000000000000000e+00 -1.250000000000000000e-01 -1.250000000000000000e-01
5.849999904632568359e+00 -2.029999971389770508e+00 7.599999904632568359e+00 -4.106250000000000000e+01 3.056250000000000000e+01 -2.725000000000000000e+01 -6.250000000000000000e-02 1.250000000000000000e-01 -1.250000000000000000e-01
5.869999885559082031e+00 -2.019999980926513672e+00 7.579999923706054688e+00 -4.106250000000000000e+01 3.056250000000000000e+01 -2.725000000000000000e+01 0.000000000000000000e+00 1.875000000000000000e-01 0.000000000000000000e+00
5.849999904632568359e+00 -2.049999952316284180e+00 7.559999942779541016e+00 -4.106250000000000000e+01 3.056250000000000000e+01 -2.725000000000000000e+01 0.000000000000000000e+00 6.250000000000000000e-02 0.000000000000000000e+00
5.869999885559082031e+00 -2.039999961853027344e+00 7.579999923706054688e+00 -4.106250000000000000e+01 3.056250000000000000e+01 -2.725000000000000000e+01 0.000000000000000000e+00 6.250000000000000000e-02 0.000000000000000000e+00
5.860000133514404297e+00 -2.039999961853027344e+00 7.599999904632568359e+00 -4.106250000000000000e+01 3.056250000000000000e+01 -2.725000000000000000e+01 0.000000000000000000e+00 -2.500000000000000000e-01 -6.250000000000000000e-02
5.849999904632568359e+00 -2.039999961853027344e+00 7.570000171661376953e+00 -4.150000000000000000e+01 3.018750000000000000e+01 -2.725000000000000000e+01 0.000000000000000000e+00 -6.250000000000000000e-02 6.250000000000000000e-02
5.840000152587890625e+00 -2.049999952316284180e+00 7.590000152587890625e+00 -4.150000000000000000e+01 3.018750000000000000e+01 -2.725000000000000000e+01 0.000000000000000000e+00 0.000000000000000000e+00 0.000000000000000000e+00
5.869999885559082031e+00 -2.019999980926513672e+00 7.559999942779541016e+00 -4.150000000000000000e+01 3.018750000000000000e+01 -2.725000000000000000e+01 0.000000000000000000e+00 0.000000000000000000e+00 0.000000000000000000e+00
5.860000133514404297e+00 -2.039999961853027344e+00 7.579999923706054688e+00 -4.150000000000000000e+01 3.018750000000000000e+01 -2.725000000000000000e+01 1.250000000000000000e-01 6.250000000000000000e-02 0.000000000000000000e+00
5.860000133514404297e+00 -2.029999971389770508e+00 7.579999923706054688e+00 -4.150000000000000000e+01 3.018750000000000000e+01 -2.725000000000000000e+01 6.250000000000000000e-02 1.250000000000000000e-01 6.250000000000000000e-02
5.849999904632568359e+00 -2.059999942779541016e+00 7.590000152587890625e+00 -4.187500000000000000e+01 2.918750000000000000e+01 -2.650000000000000000e+01 1.875000000000000000e-01 -1.875000000000000000e-01 6.250000000000000000e-02
5.860000133514404297e+00 -2.039999961853027344e+00 7.539999961853027344e+00 -4.187500000000000000e+01 2.918750000000000000e+01 -2.650000000000000000e+01 6.250000000000000000e-02 0.000000000000000000e+00 -6.250000000000000000e-02
5.800000190734863281e+00 -2.039999961853027344e+00 7.539999961853027344e+00 -4.187500000000000000e+01 2.918750000000000000e+01 -2.650000000000000000e+01 1.250000000000000000e-01 6.250000000000000000e-02 -1.875000000000000000e-01
5.780000209808349609e+00 -2.059999942779541016e+00 7.599999904632568359e+00 -4.187500000000000000e+01 2.918750000000000000e+01 -2.650000000000000000e+01 1.250000000000000000e-01 -2.500000000000000000e-01 -1.875000000000000000e-01
5.579999923706054688e+00 -2.130000114440917969e+00 7.530000209808349609e+00 -4.187500000000000000e+01 2.918750000000000000e+01 -2.650000000000000000e+01 3.125000000000000000e-01 -2.500000000000000000e-01 -8.125000000000000000e-01
4.969999790191650391e+00 -2.319999933242797852e+00 8.020000457763671875e+00 -4.150000000000000000e+01 3.018750000000000000e+01 -2.687500000000000000e+01 7.500000000000000000e-01 -2.000000000000000000e+00 -2.562500000000000000e+00
5.199999809265136719e+00 -2.259999990463256836e+00 7.639999866485595703e+00 -4.150000000000000000e+01 3.018750000000000000e+01 -2.687500000000000000e+01 9.375000000000000000e-01 -4.062500000000000000e+00 -5.187500000000000000e+00
5.010000228881835938e+00 -2.369999885559082031e+00 7.619999885559082031e+00 -4.150000000000000000e+01 3.018750000000000000e+01 -2.687500000000000000e+01 1.250000000000000000e+00 -5.062500000000000000e+00 -7.875000000000000000e+00
5.420000076293945312e+00 -2.150000095367431641e+00 8.000000000000000000e+00 -4.150000000000000000e+01 3.018750000000000000e+01 -2.687500000000000000e+01 3.125000000000000000e-01 -6.312500000000000000e+00 -1.031250000000000000e+01
5.750000000000000000e+00 -1.600000023841857910e+00 7.869999885559082031e+00 -4.150000000000000000e+01 3.018750000000000000e+01 -2.687500000000000000e+01 3.125000000000000000e-01 -6.312500000000000000e+00 -1.031250000000000000e+01
5.869999885559082031e+00 -1.210000038146972656e+00 7.960000038146972656e+00 -4.218750000000000000e+01 3.056250000000000000e+01 -2.768750000000000000e+01 0.000000000000000000e+00 -1.018750000000000000e+01 -1.081250000000000000e+01
5.760000228881835938e+00 -1.110000014305114746e+00 8.189999580383300781e+00 -4.218750000000000000e+01 3.056250000000000000e+01 -2.768750000000000000e+01 -3.437500000000000000e+00 -1.775000000000000000e+01 -5.812500000000000000e+00
5.539999961853027344e+00 -1.399999976158142090e+00 8.039999961853027344e+00 -4.218750000000000000e+01 3.056250000000000000e+01 -2.768750000000000000e+01 -5.250000000000000000e+00 -2.268750000000000000e+01 -4.000000000000000000e+00
5.340000152587890625e+00 -8.399999737739562988e-01 9.159999847412109375e+00 -4.218750000000000000e+01 3.056250000000000000e+01 -2.768750000000000000e+01 -8.812500000000000000e+00 -2.850000000000000000e+01 -3.312500000000000000e+00
4.630000114440917969e+00 -1.750000000000000000e+00 9.770000457763671875e+00 -4.218750000000000000e+01 3.056250000000000000e+01 -2.768750000000000000e+01 -8.812500000000000000e+00 -2.850000000000000000e+01 -3.312500000000000000e+00
5.099999904632568359e+00 -2.000000000000000000e+00 9.710000038146972656e+00 -4.306250000000000000e+01 3.018750000000000000e+01 -2.606250000000000000e+01 -1.593750000000000000e+01 -3.943750000000000000e+01 -2.687500000000000000e+00
5.519999980926513672e+00 -2.349999904632568359e+00 9.699999809265136719e+00 -4.306250000000000000e+01 3.018750000000000000e+01 -2.606250000000000000e+01 -1.887500000000000000e+01 -7.350000000000000000e+01 -5.000000000000000000e+00
5.219999790191650391e+00 -3.049999952316284180e+00 9.270000457763671875e+00 -4.306250000000000000e+01 3.018750000000000000e+01 -2.606250000000000000e+01 -1.431250000000000000e+01 -9.125000000000000000e+01 -5.687500000000000000e+00
5.389999866485595703e+00 -2.759999990463256836e+00 9.510000228881835938e+00 -4.306250000000000000e+01 3.018750000000000000e+01 -2.606250000000000000e+01 -8.312500000000000000e+00 -1.105625000000000000e+02 -7.937500000000000000e+00
5.780000209808349609e+00 -2.829999923706054688e+00 8.649999618530273438e+00 -4.306250000000000000e+01 3.018750000000000000e+01 -2.606250000000000000e+01 -8.312500000000000000e+00 -1.105625000000000000e+02 -7.937500000000000000e+00
5.760000228881835938e+00 -2.299999952316284180e+00 7.960000038146972656e+00 -4.306250000000000000e+01 2.950000000000000000e+01 -2.487500000000000000e+01 -3.125000000000000000e+00 -1.288125000000000000e+02 -9.937500000000000000e+00
5.909999847412109375e+00 -1.899999976158142090e+00 7.480000019073486328e+00 -4.306250000000000000e+01 2.950000000000000000e+01 -2.487500000000000000e+01 -2.000000000000000000e+00 -1.531875000000000000e+02 -1.537500000000000000e+01
6.289999961853027344e+00 -2.130000114440917969e+00 7.420000076293945312e+00 -4.306250000000000000e+01 2.950000000000000000e+01 -2.487500000000000000e+01 -4.187500000000000000e+00 -1.575625000000000000e+02 -1.818750000000000000e+01
6.940000057220458984e+00 -2.059999942779541016e+00 6.280000209808349609e+00 -4.306250000000000000e+01 2.950000000000000000e+01 -2.487500000000000000e+01 -6.875000000000000000e+00 -1.509375000000000000e+02 -1.943750000000000000e+01
7.480000019073486328e+00 -2.109999895095825195e+00 5.940000057220458984e+00 -4.306250000000000000e+01 2.950000000000000000e+01 -2.487500000000000000e+01 -6.875000000000000000e+00 -1.509375000000000000e+02 -1.943750000000000000e+01
7.710000038146972656e+00 -1.840000033378601074e+00 4.969999790191650391e+00 -4.600000000000000000e+01 2.950000000000000000e+01 -1.956250000000000000e+01 -8.250000000000000000e+00 -1.477500000000000000e+02 -1.925000000000000000e+01
7.630000114440917969e+00 -1.769999980926513672e+00 4.659999847412109375e+00 -4.600000000000000000e+01 2.950000000000000000e+01 -1.956250000000000000e+01 -9.937500000000000000e+00 -1.340000000000000000e+02 -1.818750000000000000e+01
8.029999732971191406e+00 -2.359999895095825195e+00 4.239999771118164062e+00 -4.600000000000000000e+01 2.950000000000000000e+01 -1.956250000000000000e+01 -8.312500000000000000e+00 -1.271875000000000000e+02 -1.762500000000000000e+01
7.320000171661376953e+00 -2.750000000000000000e+00 4.679999828338623047e+00 -4.600000000000000000e+01 2.950000000000000000e+01 -1.956250000000000000e+01 -5.250000000000000000e+00 -1.216875000000000000e+02 -1.931250000000000000e+01
8.189999580383300781e+00 -2.700000047683715820e+00 4.219999790191650391e+00 -4.600000000000000000e+01 2.950000000000000000e+01 -1.956250000000000000e+01 -5.250000000000000000e+00 -1.216875000000000000e+02 -1.931250000000000000e+01
9.130000114440917969e+00 -1.720000028610229492e+00 4.679999828338623047e+00 -4.825000000000000000e+01 2.906250000000000000e+01 -1.425000000000000000e+01 -2.125000000000000000e+00 -1.184375000000000000e+02 -2.225000000000000000e+01
7.250000000000000000e+00 -1.899999976158142090e+00 4.130000114440917969e+00 -4.825000000000000000e+01 2.906250000000000000e+01 -1.425000000000000000e+01 -4.062500000000000000e+00 -1.128750000000000000e+02 -2.268750000000000000e+01
9.140000343322753906e+00 -1.549999952316284180e+00 3.559999942779541016e+00 -4.825000000000000000e+01 2.906250000000000000e+01 -1.425000000000000000e+01 -4.125000000000000000e+00 -1.100000000000000000e+02 -2.262500000000000000e+01
8.920000076293945312e+00 -1.360000014305114746e+00 3.990000009536743164e+00 -4.825000000000000000e+01 2.906250000000000000e+01 -1.425000000000000000e+01 -3.750000000000000000e+00 -1.056875000000000000e+02 -1.950000000000000000e+01
9.020000457763671875e+00 -1.450000047683715820e+00 4.179999828338623047e+00 -4.825000000000000000e+01 2.906250000000000000e+01 -1.425000000000000000e+01 -3.750000000000000000e+00 -1.056875000000000000e+02 -1.950000000000000000e+01
8.880000114440917969e+00 -1.740000009536743164e+00 4.309999942779541016e+00 -4.975000000000000000e+01 2.800000000000000000e+01 -9.000000000000000000e+00 -1.937500000000000000e+00 -1.038750000000000000e+02 -1.768750000000000000e+01
8.500000000000000000e+00 -2.200000047683715820e+00 4.059999942779541016e+00 -4.975000000000000000e+01 2.800000000000000000e+01 -9.000000000000000000e+00 3.750000000000000000e+00 -1.025625000000000000e+02 -1.593750000000000000e+01
8.500000000000000000e+00 -2.150000095367431641e+00 3.759999990463256836e+00 -4.975000000000000000e+01 2.800000000000000000e+01 -9.000000000000000000e+00 5.125000000000000000e+00 -1.004375000000000000e+02 -1.737500000000000000e+01
9.220000267028808594e+00 -1.090000033378601074e+00 3.009999990463256836e+00 -4.975000000000000000e+01 2.800000000000000000e+01 -9.000000000000000000e+00 4.937500000000000000e+00 -9.662500000000000000e+01 -1.606250000000000000e+01
9.140000343322753906e+00 -8.700000047683715820e-01 2.539999961853027344e+00 -4.975000000000000000e+01 2.800000000000000000e+01 -9.000000000000000000e+00 4.937500000000000000e+00 -9.662500000000000000e+01 -1.606250000000000000e+01
9.510000228881835938e+00 -7.400000095367431641e-01 2.359999895095825195e+00 -5.087500000000000000e+01 2.650000000000000000e+01 -4.500000000000000000e+00 2.562500000000000000e+00 -9.100000000000000000e+01 -1.325000000000000000e+01
9.020000457763671875e+00 -1.379999995231628418e+00 2.309999942779541016e+00 -5.087500000000000000e+01 2.650000000000000000e+01 -4.500000000000000000e+00 2.500000000000000000e-01 -7.881250000000000000e+01 -6.437500000000000000e+00
9.340000152587890625e+00 -1.240000009536743164e+00 2.019999980926513672e+00 -5.087500000000000000e+01 2.650000000000000000e+01 -4.500000000000000000e+00 -4.375000000000000000e-01 -7.150000000000000000e+01 -4.750000000000000000e+00
9.439999580383300781e+00 -1.149999976158142090e+00 2.170000076293945312e+00 -5.087500000000000000e+01 2.650000000000000000e+01 -4.500000000000000000e+00 -1.000000000000000000e+00 -6.587500000000000000e+01 -2.375000000000000000e+00
9.069999694824218750e+00 -1.340000033378601074e+00 2.160000085830688477e+00 -5.087500000000000000e+01 2.650000000000000000e+01 -4.500000000000000000e+00 -1.000000000000000000e+00 -6.587500000000000000e+01 -2.375000000000000000e+00
9.630000114440917969e+00 -1.529999971389770508e+00 1.940000057220458984e+00 -5.118750000000000000e+01 2.650000000000000000e+01 -1.187500000000000000e+00 -3.437500000000000000e+00 -6.012500000000000000e+01 -1.062500000000000000e+00
9.579999923706054688e+00 -1.490000009536743164e+00 1.830000042915344238e+00 -5.118750000000000000e+01 2.650000000000000000e+01 -1.187500000000000000e+00 -5.375000000000000000e+00 -4.818750000000000000e+01 0.000000000000000000e+00
9.640000343322753906e+00 -1.580000042915344238e+00 1.759999990463256836e+00 -5.118750000000000000e+01 2.650000000000000000e+01 -1.187500000000000000e+00 -6.375000000000000000e+00 -4.137500000000000000e+01 5.625000000000000000e-01
9.479999542236328125e+00 -1.600000023841857910e+00 1.779999971389770508e+00 -5.118750000000000000e+01 2.650000000000000000e+01 -1.187500000000000000e+00 -6.500000000000000000e+00 -3.543750000000000000e+01 1.125000000000000000e+00
9.430000305175781250e+00 -1.809999942779541016e+00 1.840000033378601074e+00 -5.118750000000000000e+01 2.650000000000000000e+01 -1.187500000000000000e+00 -6.500000000000000000e+00 -3.543750000000000000e+01 1.125000000000000000e+00
9.520000457763671875e+00 -1.750000000000000000e+00 1.940000057220458984e+00 -5.087500000000000000e+01 2.537500000000000000e+01 1.187500000000000000e+00 -6.125000000000000000e+00 -3.018750000000000000e+01 1.375000000000000000e+00
9.539999961853027344e+00 -1.610000014305114746e+00 1.970000028610229492e+00 -5.087500000000000000e+01 2.537500000000000000e+01 1.187500000000000000e+00 -6.812500000000000000e+00 -2.156250000000000000e+01 1.125000000000000000e+00
9.489999771118164062e+00 -1.519999980926513672e+00 2.079999923706054688e+00 -5.087500000000000000e+01 2.537500000000000000e+01 1.187500000000000000e+00 -6.625000000000000000e+00 -1.800000000000000000e+01 1.375000000000000000e+00
9.409999847412109375e+00 -1.799999952316284180e+00 2.140000104904174805e+00 -5.087500000000000000e+01 2.537500000000000000e+01 1.187500000000000000e+00 -6.062500000000000000e+00 -1.475000000000000000e+01 1.500000000000000000e+00
9.470000267028808594e+00 -1.809999942779541016e+00 2.230000019073486328e+00 -5.087500000000000000e+01 2.537500000000000000e+01 1.187500000000000000e+00 -6.062500000000000000e+00 -1.475000000000000000e+01 1.500000000000000000e+00
9.470000267028808594e+00 -1.750000000000000000e+00 2.220000028610229492e+00 -5.150000000000000000e+01 2.575000000000000000e+01 3.250000000000000000e+00 -5.062500000000000000e+00 -1.187500000000000000e+01 1.125000000000000000e+00
9.510000228881835938e+00 -1.330000042915344238e+00 2.150000095367431641e+00 -5.150000000000000000e+01 2.575000000000000000e+01 3.250000000000000000e+00 -5.250000000000000000e+00 -7.500000000000000000e+00 1.812500000000000000e+00
9.439999580383300781e+00 -1.259999990463256836e+00 2.130000114440917969e+00 -5.150000000000000000e+01 2.575000000000000000e+01 3.250000000000000000e+00 -5.062500000000000000e+00 -4.500000000000000000e+00 3.437500000000000000e+00
9.479999542236328125e+00 -1.090000033378601074e+00 2.170000076293945312e+00 -5.150000000000000000e+01 2.575000000000000000e+01 3.250000000000000000e+00 -4.187500000000000000e+00 -2.062500000000000000e+00 5.687500000000000000e+00
9.420000076293945312e+00 -1.710000038146972656e+00 2.369999885559082031e+00 -5.150000000000000000e+01 2.575000000000000000e+01 3.250000000000000000e+00 -4.187500000000000000e+00 -2.062500000000000000e+00 5.687500000000000000e+00
9.479999542236328125e+00 -1.950000047683715820e+00 2.299999952316284180e+00 -5.150000000000000000e+01 2.500000000000000000e+01 3.562500000000000000e+00 -3.687500000000000000e+00 -1.875000000000000000e-01 7.562500000000000000e+00
9.520000457763671875e+00 -2.160000085830688477e+00 2.160000085830688477e+00 -5.150000000000000000e+01 2.500000000000000000e+01 3.562500000000000000e+00 -2.125000000000000000e+00 4.312500000000000000e+00 6.500000000000000000e+00
9.529999732971191406e+00 -2.259999990463256836e+00 1.919999957084655762e+00 -5.150000000000000000e+01 2.500000000000000000e+01 3.562500000000000000e+00 -6.250000000000000000e-01 8.000000000000000000e+00 3.812500000000000000e+00
9.590000152587890625e+00 -2.160000085830688477e+00 1.480000019073486328e+00 -5.150000000000000000e+01 2.500000000000000000e+01 3.562500000000000000e+00 1.562500000000000000e+00 1.287500000000000000e+01 1.062500000000000000e+00
9.619999885559082031e+00 -1.870000004768371582e+00 1.379999995231628418e+00 -5.150000000000000000e+01 2.500000000000000000e+01 3.562500000000000000e+00 1.562500000000000000e+00 1.287500000000000000e+01 1.062500000000000000e+00
9.640000343322753906e+00 -1.720000028610229492e+00 1.210000038146972656e+00 -5.075000000000000000e+01 2.575000000000000000e+01 3.562500000000000000e+00 2.812500000000000000e+00 1.906250000000000000e+01 -6.875000000000000000e-01
9.729999542236328125e+00 -1.429999947547912598e+00 9.499999880790710449e-01 -5.075000000000000000e+01 2.575000000000000000e+01 3.562500000000000000e+00 4.625000000000000000e+00 3.537500000000000000e+01 3.125000000000000000e-01
9.619999885559082031e+00 -1.669999957084655762e+00 5.000000000000000000e-01 -5.075000000000000000e+01 2.575000000000000000e+01 3.562500000000000000e+00 6.125000000000000000e+00 4.600000000000000000e+01 1.812500000000000000e+00
9.630000114440917969e+00 -1.659999966621398926e+00 9.200000166893005371e-01 -5.075000000000000000e+01 2.575000000000000000e+01 3.562500000000000000e+00 7.562500000000000000e+00 5.625000000000000000e+01 2.875000000000000000e+00
9.569999694824218750e+00 -1.919999957084655762e+00 1.149999976158142090e+00 -5.075000000000000000e+01 2.575000000000000000e+01 3.562500000000000000e+00 7.562500000000000000e+00 5.625000000000000000e+01 2.875000000000000000e+00
9.529999732971191406e+00 -1.159999966621398926e+00 2.019999980926513672e+00 -5.068750000000000000e+01 2.650000000000000000e+01 3.187500000000000000e+00 8.437500000000000000e+00 6.593750000000000000e+01 3.062500000000000000e+00
9.479999542236328125e+00 -9.900000095367431641e-01 2.539999961853027344e+00 -5.068750000000000000e+01 2.650000000000000000e+01 3.187500000000000000e+00 7.937500000000000000e+00 7.962500000000000000e+01 6.500000000000000000e+00
9.399999618530273438e+00 -1.269999980926513672e+00 2.759999990463256836e+00 -5.068750000000000000e+01 2.650000000000000000e+01 3.187500000000000000e+00 7.312500000000000000e+00 8.468750000000000000e+01 9.375000000000000000e+00
9.399999618530273438e+00 -1.360000014305114746e+00 2.980000019073486328e+00 -5.068750000000000000e+01 2.650000000000000000e+01 3.187500000000000000e+00 6.687500000000000000e+00 8.900000000000000000e+01 1.156250000000000000e+01
9.180000305175781250e+00 -1.049999952316284180e+00 2.589999914169311523e+00 -5.068750000000000000e+01 2.650000000000000000e+01 3.187500000000000000e+00 6.687500000000000000e+00 8.900000000000000000e+01 1.156250000000000000e+01
9.000000000000000000e+00 -8.999999761581420898e-01 3.140000104904174805e+00 -5.025000000000000000e+01 2.650000000000000000e+01 5.000000000000000000e-01 4.437500000000000000e+00 9.393750000000000000e+01 1.450000000000000000e+01
9.060000419616699219e+00 -1.110000014305114746e+00 4.179999828338623047e+00 -5.025000000000000000e+01 2.650000000000000000e+01 5.000000000000000000e-01 -2.625000000000000000e+00 1.001875000000000000e+02 2.293750000000000000e+01
8.890000343322753906e+00 -1.690000057220458984e+00 4.329999923706054688e+00 -5.025000000000000000e+01 2.650000000000000000e+01 5.000000000000000000e-01 -2.187500000000000000e+00 1.012500000000000000e+02 2.462500000000000000e+01
8.930000305175781250e+00 -1.299999952316284180e+00 4.579999923706054688e+00 -5.025000000000000000e+01 2.650000000000000000e+01 5.000000000000000000e-01 -5.000000000000000000e-01 1.011875000000000000e+02 2.675000000000000000e+01
9.069999694824218750e+00 -1.379999995231628418e+00 4.659999847412109375e+00 -5.025000000000000000e+01 2.650000000000000000e+01 5.000000000000000000e-01 -5.000000000000000000e-01 1.011875000000000000e+02 2.675000000000000000e+01
8.850000381469726562e+00 -1.779999971389770508e+00 4.210000038146972656e+00 -5.106250000000000000e+01 2.687500000000000000e+01 -3.062500000000000000e+00 -1.250000000000000000e-01 1.015625000000000000e+02 3.037500000000000000e+01
8.529999732971191406e+00 -2.250000000000000000e+00 3.319999933242797852e+00 -5.106250000000000000e+01 2.687500000000000000e+01 -3.062500000000000000e+00 5.812500000000000000e+00 1.098125000000000000e+02 3.425000000000000000e+01
8.579999923706054688e+00 -2.990000009536743164e+00 3.839999914169311523e+00 -5.106250000000000000e+01 2.687500000000000000e+01 -3.062500000000000000e+00 1.050000000000000000e+01 1.172500000000000000e+02 3.500000000000000000e+01
