5.869999885559082031e+00 -2.289999961853027344e+00 7.489999771118164062e+00 -3.768750000000000000e+01 3.225000000000000000e+01 -2.900000000000000000e+01 -3.125000000000000000e-01 -2.500000000000000000e-01 2.500000000000000000e-01
5.869999885559082031e+00 -2.299999952316284180e+00 7.500000000000000000e+00 -3.768750000000000000e+01 3.225000000000000000e+01 -2.900000000000000000e+01 -3.125000000000000000e-01 0.000000000000000000e+00 4.375000000000000000e-01
5.880000114440917969e+00 -2.289999961853027344e+00 7.500000000000000000e+00 -3.768750000000000000e+01 3.225000000000000000e+01 -2.900000000000000000e+01 -3.750000000000000000e-01 -1.250000000000000000e-01 4.375000000000000000e-01
5.880000114440917969e+00 -2.299999952316284180e+00 7.500000000000000000e+00 -3.800000000000000000e+01 3.150000000000000000e+01 -2.975000000000000000e+01 -3.125000000000000000e-01 -2.500000000000000000e-01 3.750000000000000000e-01
5.869999885559082031e+00 -2.319999933242797852e+00 7.489999771118164062e+00 -3.800000000000000000e+01 3.150000000000000000e+01 -2.975000000000000000e+01 -2.500000000000000000e-01 -2.500000000000000000e-01 3.125000000000000000e-01
5.860000133514404297e+00 -2.289999961853027344e+00 7.500000000000000000e+00 -3.800000000000000000e+01 3.150000000000000000e+01 -2.975000000000000000e+01 -1.875000000000000000e-01 -1.250000000000000000e-01 3.125000000000000000e-01
5.869999885559082031e+00 -2.329999923706054688e+00 7.480000019073486328e+00 -3.800000000000000000e+01 3.150000000000000000e+01 -2.975000000000000000e+01 -1.250000000000000000e-01 -2.500000000000000000e-01 3.125000000000000000e-01
5.889999866485595703e+00 -2.299999952316284180e+00 7.480000019073486328e+00 -3.800000000000000000e+01 3.150000000000000000e+01 -2.975000000000000000e+01 -3.750000000000000000e-01 -1.875000000000000000e-01 1.875000000000000000e-01
5.860000133514404297e+00 -2.299999952316284180e+00 7.489999771118164062e+00 -3.768750000000000000e+01 3.337500000000000000e+01 -2.768750000000000000e+01 -1.875000000000000000e-01 -2.500000000000000000e-01 1.250000000000000000e-01
5.880000114440917969e+00 -2.299999952316284180e+00 7.480000019073486328e+00 -3.768750000000000000e+01 3.337500000000000000e+01 -2.768750000000000000e+01 -1.250000000000000000e-01 -6.250000000000000000e-02 6.250000000000000000e-02
5.869999885559082031e+00 -2.339999914169311523e+00 7.489999771118164062e+00 -3.768750000000000000e+01 3.337500000000000000e+01 -2.768750000000000000e+01 -1.250000000000000000e-01 -6.250000000000000000e-02 1.250000000000000000e-01
5.889999866485595703e+00 -2.299999952316284180e+00 7.469999790191650391e+00 -3.768750000000000000e+01 3.337500000000000000e+01 -2.768750000000000000e+01 -1.250000000000000000e-01 -1.250000000000000000e-01 0.000000000000000000e+00
5.869999885559082031e+00 -2.289999961853027344e+00 7.480000019073486328e+00 -3.768750000000000000e+01 3.337500000000000000e+01 -2.768750000000000000e+01 -2.500000000000000000e-01 -6.250000000000000000e-02 1.250000000000000000e-01
5.920000076293945312e+00 -2.289999961853027344e+00 7.530000209808349609e+00 -3.768750000000000000e+01 3.268750000000000000e+01 -2.768750000000000000e+01 -6.875000000000000000e-01 0.000000000000000000e+00 3.750000000000000000e-01
6.219999790191650391e+00 -2.069999933242797852e+00 7.699999809265136719e+00 -3.768750000000000000e+01 3.268750000000000000e+01 -2.768750000000000000e+01 -2.812500000000000000e+00 -6.250000000000000000e-01 2.000000000000000000e+00
6.840000152587890625e+00 -1.909999966621398926e+00 7.789999961853027344e+00 -3.768750000000000000e+01 3.268750000000000000e+01 -2.768750000000000000e+01 -6.750000000000000000e+00 1.000000000000000000e+00 3.875000000000000000e+00
6.539999961853027344e+00 -2.140000104904174805e+00 7.500000000000000000e+00 -3.768750000000000000e+01 3.268750000000000000e+01 -2.768750000000000000e+01 -1.012500000000000000e+01 1.812500000000000000e+00 5.187500000000000000e+00
6.409999847412109375e+00 -1.850000023841857910e+00 7.769999980926513672e+00 -3.768750000000000000e+01 3.268750000000000000e+01 -2.768750000000000000e+01 -1.287500000000000000e+01 3.500000000000000000e+00 3.812500000000000000e+00
6.440000057220458984e+00 -1.049999952316284180e+00 8.090000152587890625e+00 -3.768750000000000000e+01 3.268750000000000000e+01 -2.768750000000000000e+01 -1.800000000000000000e+01 5.500000000000000000e+00 4.375000000000000000e-01
7.309999942779541016e+00 -5.699999928474426270e-01 8.140000343322753906e+00 -3.725000000000000000e+01 3.375000000000000000e+01 -2.806250000000000000e+01 -2.593750000000000000e+01 1.075000000000000000e+01 -4.000000000000000000e+00
8.659999847412109375e+00 6.200000047683715820e-01 8.340000152587890625e+00 -3.725000000000000000e+01 3.375000000000000000e+01 -2.806250000000000000e+01 -3.618750000000000000e+01 2.606250000000000000e+01 -9.562500000000000000e+00
1.000000000000000000e+01 2.299999952316284180e+00 8.699999809265136719e+00 -3.725000000000000000e+01 3.375000000000000000e+01 -2.806250000000000000e+01 -4.575000000000000000e+01 4.818750000000000000e+01 -1.950000000000000000e+01
1.039000034332275391e+01 1.379999995231628418e+00 8.640000343322753906e+00 -3.725000000000000000e+01 3.375000000000000000e+01 -2.806250000000000000e+01 -5.137500000000000000e+01 7.218750000000000000e+01 -3.537500000000000000e+01
9.960000038146972656e+00 6.700000166893005371e-01 8.989999771118164062e+00 -3.725000000000000000e+01 3.375000000000000000e+01 -2.806250000000000000e+01 -5.975000000000000000e+01 8.987500000000000000e+01 -5.375000000000000000e+01
9.170000076293945312e+00 3.400000035762786865e-01 9.020000457763671875e+00 -3.725000000000000000e+01 3.300000000000000000e+01 -2.687500000000000000e+01 -6.481250000000000000e+01 1.037500000000000000e+02 -7.881250000000000000e+01
9.359999656677246094e+00 2.660000085830688477e+00 8.250000000000000000e+00 -3.725000000000000000e+01 3.300000000000000000e+01 -2.687500000000000000e+01 -7.206250000000000000e+01 1.181875000000000000e+02 -1.103125000000000000e+02
9.680000305175781250e+00 3.410000085830688477e+00 8.369999885559082031e+00 -3.725000000000000000e+01 3.300000000000000000e+01 -2.687500000000000000e+01 -8.187500000000000000e+01 1.334375000000000000e+02 -1.493125000000000000e+02
9.630000114440917969e+00 3.710000038146972656e+00 7.920000076293945312e+00 -3.725000000000000000e+01 3.300000000000000000e+01 -2.687500000000000000e+01 -9.200000000000000000e+01 1.439375000000000000e+02 -1.991250000000000000e+02
8.279999732971191406e+00 3.920000076293945312e+00 7.789999961853027344e+00 -3.725000000000000000e+01 3.300000000000000000e+01 -2.687500000000000000e+01 -1.046250000000000000e+02 1.470625000000000000e+02 -2.552500000000000000e+02
7.019999980926513672e+00 7.929999828338623047e+00 6.889999866485595703e+00 -3.687500000000000000e+01 3.268750000000000000e+01 -2.775000000000000000e+01 -1.241250000000000000e+02 1.468125000000000000e+02 -3.056875000000000000e+02
7.489999771118164062e+00 7.579999923706054688e+00 6.130000114440917969e+00 -3.687500000000000000e+01 3.268750000000000000e+01 -2.775000000000000000e+01 -1.470000000000000000e+02 1.447500000000000000e+02 -3.406250000000000000e+02
6.550000190734863281e+00 6.989999771118164062e+00 5.949999809265136719e+00 -3.687500000000000000e+01 3.268750000000000000e+01 -2.775000000000000000e+01 -1.700625000000000000e+02 1.383750000000000000e+02 -3.518125000000000000e+02
5.900000095367431641e+00 2.259999990463256836e+00 5.400000095367431641e+00 -3.687500000000000000e+01 3.268750000000000000e+01 -2.775000000000000000e+01 -1.871250000000000000e+02 1.290625000000000000e+02 -3.479375000000000000e+02
5.840000152587890625e+00 -1.169999957084655762e+00 4.650000095367431641e+00 -3.687500000000000000e+01 3.268750000000000000e+01 -2.775000000000000000e+01 -1.908125000000000000e+02 1.165000000000000000e+02 -3.351250000000000000e+02
6.219999790191650391e+00 -5.119999885559082031e+00 4.150000095367431641e+00 -3.918750000000000000e+01 2.787500000000000000e+01 -3.056250000000000000e+01 -1.809375000000000000e+02 1.041250000000000000e+02 -3.154375000000000000e+02
5.929999828338623047e+00 -8.680000305175781250e+00 4.090000152587890625e+00 -3.918750000000000000e+01 2.787500000000000000e+01 -3.056250000000000000e+01 -1.603750000000000000e+02 8.925000000000000000e+01 -2.820000000000000000e+02
4.199999809265136719e+00 -1.539999961853027344e+01 4.130000114440917969e+00 -3.918750000000000000e+01 2.787500000000000000e+01 -3.056250000000000000e+01 -1.316250000000000000e+02 6.937500000000000000e+01 -2.348125000000000000e+02
2.869999885559082031e+00 -1.709000015258789062e+01 4.039999961853027344e+00 -3.918750000000000000e+01 2.787500000000000000e+01 -3.056250000000000000e+01 -1.007500000000000000e+02 4.293750000000000000e+01 -1.770000000000000000e+02
1.750000000000000000e+00 -1.909000015258789062e+01 4.050000190734863281e+00 -3.918750000000000000e+01 2.787500000000000000e+01 -3.056250000000000000e+01 -6.181250000000000000e+01 1.331250000000000000e+01 -1.209375000000000000e+02
1.470000028610229492e+00 -2.040999984741210938e+01 4.269999980926513672e+00 -4.206250000000000000e+01 1.925000000000000000e+01 -3.137500000000000000e+01 -2.400000000000000000e+01 -1.118750000000000000e+01 -7.087500000000000000e+01
9.700000286102294922e-01 -1.647999954223632812e+01 4.670000076293945312e+00 -4.206250000000000000e+01 1.925000000000000000e+01 -3.137500000000000000e+01 6.812500000000000000e+00 -3.743750000000000000e+01 -2.531250000000000000e+01
2.099999934434890747e-01 -1.380000019073486328e+01 5.090000152587890625e+00 -4.206250000000000000e+01 1.925000000000000000e+01 -3.137500000000000000e+01 3.012500000000000000e+01 -6.212500000000000000e+01 7.500000000000000000e+00
8.600000143051147461e-01 -1.077000045776367188e+01 6.400000095367431641e+00 -4.206250000000000000e+01 1.925000000000000000e+01 -3.137500000000000000e+01 4.437500000000000000e+01 -7.843750000000000000e+01 1.918750000000000000e+01
4.019999980926513672e+00 -1.299999952316284180e+00 8.020000457763671875e+00 -4.206250000000000000e+01 1.925000000000000000e+01 -3.137500000000000000e+01 3.918750000000000000e+01 -7.900000000000000000e+01 1.531250000000000000e+01
5.260000228881835938e+00 3.000000000000000000e+00 8.729999542236328125e+00 -4.375000000000000000e+01 1.450000000000000000e+01 -3.050000000000000000e+01 1.950000000000000000e+01 -7.281250000000000000e+01 1.312500000000000000e+01
6.489999771118164062e+00 5.480000019073486328e+00 9.420000076293945312e+00 -4.375000000000000000e+01 1.450000000000000000e+01 -3.050000000000000000e+01 -5.312500000000000000e+00 -5.950000000000000000e+01 1.531250000000000000e+01
8.430000305175781250e+00 6.059999942779541016e+00 9.460000038146972656e+00 -4.375000000000000000e+01 1.450000000000000000e+01 -3.050000000000000000e+01 -2.887500000000000000e+01 -4.243750000000000000e+01 1.993750000000000000e+01
9.630000114440917969e+00 1.450000047683715820e+00 9.949999809265136719e+00 -4.375000000000000000e+01 1.450000000000000000e+01 -3.050000000000000000e+01 -4.412500000000000000e+01 -2.387500000000000000e+01 2.562500000000000000e+01
1.056000041961669922e+01 -1.879999995231628418e+00 9.020000457763671875e+00 -4.375000000000000000e+01 1.450000000000000000e+01 -3.050000000000000000e+01 -4.412500000000000000e+01 -2.387500000000000000e+01 2.562500000000000000e+01
9.829999923706054688e+00 -4.880000114440917969e+00 8.609999656677246094e+00 -4.568750000000000000e+01 1.337500000000000000e+01 -2.837500000000000000e+01 -4.256250000000000000e+01 1.087500000000000000e+01 4.525000000000000000e+01
8.619999885559082031e+00 -7.559999942779541016e+00 7.860000133514404297e+00 -4.568750000000000000e+01 1.337500000000000000e+01 -2.837500000000000000e+01 -2.587500000000000000e+01 1.662500000000000000e+01 5.256250000000000000e+01
7.639999866485595703e+00 -8.470000267028808594e+00 7.210000038146972656e+00 -4.568750000000000000e+01 1.337500000000000000e+01 -2.837500000000000000e+01 -8.312500000000000000e+00 1.850000000000000000e+01 5.925000000000000000e+01
7.309999942779541016e+00 -7.650000095367431641e+00 7.019999980926513672e+00 -4.568750000000000000e+01 1.337500000000000000e+01 -2.837500000000000000e+01 4.687500000000000000e+00 2.187500000000000000e+01 6.837500000000000000e+01
6.960000038146972656e+00 -6.929999828338623047e+00 7.230000019073486328e+00 -4.568750000000000000e+01 1.337500000000000000e+01 -2.837500000000000000e+01 1.693750000000000000e+01 2.268750000000000000e+01 8.212500000000000000e+01
5.119999885559082031e+00 -6.239999771118164062e+00 7.449999809265136719e+00 -4.587500000000000000e+01 1.650000000000000000e+01 -2.756250000000000000e+01 2.681250000000000000e+01 1.618750000000000000e+01 1.023750000000000000e+02
4.889999866485595703e+00 -6.010000228881835938e+00 7.010000228881835938e+00 -4.587500000000000000e+01 1.650000000000000000e+01 -2.756250000000000000e+01 3.475000000000000000e+01 6.875000000000000000e+00 1.245625000000000000e+02
4.630000114440917969e+00 -7.119999885559082031e+00 6.139999866485595703e+00 -4.587500000000000000e+01 1.650000000000000000e+01 -2.756250000000000000e+01 4.637500000000000000e+01 -3.312500000000000000e+00 1.436250000000000000e+02
4.369999885559082031e+00 -7.610000133514404297e+00 6.400000095367431641e+00 -4.587500000000000000e+01 1.650000000000000000e+01 -2.756250000000000000e+01 5.800000000000000000e+01 -1.437500000000000000e+01 1.622500000000000000e+02
4.989999771118164062e+00 -7.469999790191650391e+00 5.820000171661376953e+00 -4.587500000000000000e+01 1.650000000000000000e+01 -2.756250000000000000e+01 6.975000000000000000e+01 -2.325000000000000000e+01 1.817500000000000000e+02
4.789999961853027344e+00 -7.670000076293945312e+00 5.559999942779541016e+00 -4.437500000000000000e+01 1.937500000000000000e+01 -2.668750000000000000e+01 7.981250000000000000e+01 -3.537500000000000000e+01 2.063750000000000000e+02
5.090000152587890625e+00 -7.789999961853027344e+00 5.590000152587890625e+00 -4.437500000000000000e+01 1.937500000000000000e+01 -2.668750000000000000e+01 8.956250000000000000e+01 -4.812500000000000000e+01 2.333750000000000000e+02
5.980000019073486328e+00 -7.809999942779541016e+00 4.610000133514404297e+00 -4.437500000000000000e+01 1.937500000000000000e+01 -2.668750000000000000e+01 1.019375000000000000e+02 -5.900000000000000000e+01 2.580625000000000000e+02
5.469999790191650391e+00 -8.479999542236328125e+00 4.500000000000000000e+00 -4.437500000000000000e+01 1.937500000000000000e+01 -2.668750000000000000e+01 1.155000000000000000e+02 -7.118750000000000000e+01 2.773125000000000000e+02
5.159999847412109375e+00 -8.510000228881835938e+00 4.710000038146972656e+00 -4.437500000000000000e+01 1.937500000000000000e+01 -2.668750000000000000e+01 1.155000000000000000e+02 -7.118750000000000000e+01 2.773125000000000000e+02
5.530000209808349609e+00 -7.820000171661376953e+00 4.699999809265136719e+00 -4.250000000000000000e+01 2.350000000000000000e+01 -2.837500000000000000e+01 1.401250000000000000e+02 -9.431250000000000000e+01 3.034375000000000000e+02
6.309999942779541016e+00 -6.099999904632568359e+00 4.579999923706054688e+00 -4.250000000000000000e+01 2.350000000000000000e+01 -2.837500000000000000e+01 1.488750000000000000e+02 -1.029375000000000000e+02 3.120625000000000000e+02
6.010000228881835938e+00 -5.550000190734863281e+00 4.619999885559082031e+00 -4.250000000000000000e+01 2.350000000000000000e+01 -2.837500000000000000e+01 1.559375000000000000e+02 -1.116875000000000000e+02 3.144375000000000000e+02
6.110000133514404297e+00 -5.070000171661376953e+00 5.159999847412109375e+00 -4.250000000000000000e+01 2.350000000000000000e+01 -2.837500000000000000e+01 1.614375000000000000e+02 -1.181875000000000000e+02 3.073125000000000000e+02
5.909999847412109375e+00 -2.880000114440917969e+00 5.550000190734863281e+00 -4.250000000000000000e+01 2.350000000000000000e+01 -2.837500000000000000e+01 1.614375000000000000e+02 -1.181875000000000000e+02 3.073125000000000000e+02
4.829999923706054688e+00 -7.200000286102294922e-01 5.949999809265136719e+00 -3.656250000000000000e+01 3.125000000000000000e+01 -2.868750000000000000e+01 1.665000000000000000e+02 -1.231875000000000000e+02 2.671875000000000000e+02
3.490000009536743164e+00 5.600000023841857910e-01 6.510000228881835938e+00 -3.656250000000000000e+01 3.125000000000000000e+01 -2.868750000000000000e+01 1.672500000000000000e+02 -1.295625000000000000e+02 2.271875000000000000e+02
2.539999961853027344e+00 2.930000066757202148e+00 6.239999771118164062e+00 -3.656250000000000000e+01 3.125000000000000000e+01 -2.868750000000000000e+01 1.623125000000000000e+02 -1.368125000000000000e+02 1.855625000000000000e+02
1.250000000000000000e+00 4.119999885559082031e+00 6.159999847412109375e+00 -3.656250000000000000e+01 3.125000000000000000e+01 -2.868750000000000000e+01 1.552500000000000000e+02 -1.481875000000000000e+02 1.408125000000000000e+02
-4.799999892711639404e-01 7.010000228881835938e+00 6.880000114440917969e+00 -3.656250000000000000e+01 3.125000000000000000e+01 -2.868750000000000000e+01 1.405625000000000000e+02 -1.615625000000000000e+02 9.137500000000000000e+01
-1.149999976158142090e+00 9.180000305175781250e+00 7.480000019073486328e+00 -3.137500000000000000e+01 3.650000000000000000e+01 -3.068750000000000000e+01 1.124375000000000000e+02 -1.790000000000000000e+02 4.181250000000000000e+01
-1.570000052452087402e+00 1.103999996185302734e+01 7.929999828338623047e+00 -3.137500000000000000e+01 3.650000000000000000e+01 -3.068750000000000000e+01 7.431250000000000000e+01 -2.005000000000000000e+02 -3.187500000000000000e+00
3.799999952316284180e-01 1.400000000000000000e+01 8.689999580383300781e+00 -3.137500000000000000e+01 3.650000000000000000e+01 -3.068750000000000000e+01 4.050000000000000000e+01 -2.189375000000000000e+02 -3.325000000000000000e+01
4.010000228881835938e+00 1.077000045776367188e+01 1.396000003814697266e+01 -3.137500000000000000e+01 3.650000000000000000e+01 -3.068750000000000000e+01 1.261250000000000000e+02 -1.774375000000000000e+02 -9.231250000000000000e+01
2.623999977111816406e+01 -2.279999971389770508e+00 3.502999877929687500e+01 -3.137500000000000000e+01 3.650000000000000000e+01 -3.068750000000000000e+01 -7.550000000000000000e+01 2.750000000000000000e+00 -1.058750000000000000e+02
3.945000076293945312e+01 9.999999776482582092e-03 8.779999732971191406e+00 -3.068750000000000000e+01 3.718750000000000000e+01 -3.068750000000000000e+01 -6.793750000000000000e+01 2.234375000000000000e+02 -8.312500000000000000e+00
-9.409999847412109375e+00 -1.356999969482421875e+01 3.196999931335449219e+01 -3.068750000000000000e+01 3.718750000000000000e+01 -3.068750000000000000e+01 1.143750000000000000e+01 -1.637500000000000000e+01 5.625000000000000000e+00
-1.899999976158142090e-01 -9.220000267028808594e+00 2.859999895095825195e+00 -3.068750000000000000e+01 3.718750000000000000e+01 -3.068750000000000000e+01 1.612500000000000000e+01 -1.087500000000000000e+01 1.762500000000000000e+01
5.710000038146972656e+00 -9.039999961853027344e+00 8.699999809265136719e+00 -3.068750000000000000e+01 3.718750000000000000e+01 -3.068750000000000000e+01 -6.250000000000000000e-02 2.375000000000000000e+00 -7.375000000000000000e+00
3.839999914169311523e+00 -3.700000047683715820e-01 7.289999961853027344e+00 -3.068750000000000000e+01 3.718750000000000000e+01 -3.068750000000000000e+01 -6.250000000000000000e-02 2.375000000000000000e+00 -7.375000000000000000e+00
6.510000228881835938e+00 -1.960000038146972656e+00 7.300000190734863281e+00 -3.456250000000000000e+01 3.525000000000000000e+01 -2.950000000000000000e+01 -5.062500000000000000e+00 -5.625000000000000000e+00 3.500000000000000000e+00
7.650000095367431641e+00 -2.220000028610229492e+00 6.909999847412109375e+00 -3.456250000000000000e+01 3.525000000000000000e+01 -2.950000000000000000e+01 -4.687500000000000000e+00 0.000000000000000000e+00 4.312500000000000000e+00
5.559999942779541016e+00 -2.799999952316284180e+00 7.329999923706054688e+00 -3.456250000000000000e+01 3.525000000000000000e+01 -2.950000000000000000e+01 -3.000000000000000000e+00 -1.375000000000000000e+00 2.125000000000000000e+00
5.900000095367431641e+00 -2.880000114440917969e+00 7.329999923706054688e+00 -3.456250000000000000e+01 3.525000000000000000e+01 -2.950000000000000000e+01 -1.812500000000000000e+00 3.125000000000000000e-01 -2.500000000000000000e-01
5.539999961853027344e+00 -2.630000114440917969e+00 7.420000076293945312e+00 -3.500000000000000000e+01 3.568750000000000000e+01 -3.018750000000000000e+01 -2.500000000000000000e-01 3.750000000000000000e-01 -1.250000000000000000e+00
5.789999961853027344e+00 -2.519999980926513672e+00 7.349999904632568359e+00 -3.500000000000000000e+01 3.568750000000000000e+01 -3.018750000000000000e+01 6.250000000000000000e-01 7.500000000000000000e-01 -1.875000000000000000e+00
5.800000190734863281e+00 -2.440000057220458984e+00 7.440000057220458984e+00 -3.500000000000000000e+01 3.568750000000000000e+01 -3.018750000000000000e+01 1.312500000000000000e+00 3.750000000000000000e-01 -2.312500000000000000e+00
5.880000114440917969e+00 -2.309999942779541016e+00 7.500000000000000000e+00 -3.500000000000000000e+01 3.568750000000000000e+01 -3.018750000000000000e+01 1.500000000000000000e+00 4.375000000000000000e-01 -1.875000000000000000e+00
5.940000057220458984e+00 -2.289999961853027344e+00 7.559999942779541016e+00 -3.500000000000000000e+01 3.568750000000000000e+01 -3.018750000000000000e+01 1.187500000000000000e+00 5.000000000000000000e-01 -9.375000000000000000e-01
6.000000000000000000e+00 -2.180000066757202148e+00 7.530000209808349609e+00 -3.500000000000000000e+01 3.568750000000000000e+01 -3.018750000000000000e+01 6.250000000000000000e-01 3.750000000000000000e-01 6.250000000000000000e-02
5.880000114440917969e+00 -2.160000085830688477e+00 7.590000152587890625e+00 -3.418750000000000000e+01 3.568750000000000000e+01 -3.018750000000000000e+01 1.250000000000000000e-01 4.375000000000000000e-01 8.750000000000000000e-01
5.809999942779541016e+00 -2.269999980926513672e+00 7.570000171661376953e+00 -3.418750000000000000e+01 3.568750000000000000e+01 -3.018750000000000000e+01 -1.875000000000000000e-01 -6.250000000000000000e-02 8.125000000000000000e-01
5.789999961853027344e+00 -2.329999923706054688e+00 7.539999961853027344e+00 -3.418750000000000000e+01 3.568750000000000000e+01 -3.018750000000000000e+01 -3.125000000000000000e-01 -5.625000000000000000e-01 6.875000000000000000e-01
5.809999942779541016e+00 -2.329999923706054688e+00 7.519999980926513672e+00 -3.418750000000000000e+01 3.568750000000000000e+01 -3.018750000000000000e+01 -5.000000000000000000e-01 -5.625000000000000000e-01 5.625000000000000000e-01
5.829999923706054688e+00 -2.240000009536743164e+00 7.519999980926513672e+00 -3.418750000000000000e+01 3.568750000000000000e+01 -3.018750000000000000e+01 -6.875000000000000000e-01 -2.500000000000000000e-01 6.250000000000000000e-01
5.869999885559082031e+00 -2.220000028610229492e+00 7.530000209808349609e+00 -3.500000000000000000e+01 3.568750000000000000e+01 -3.056250000000000000e+01 -1.000000000000000000e+00 -1.250000000000000000e-01 5.625000000000000000e-01
