5.739999771118164062e+00 -2.700000047683715820e+00 7.489999771118164062e+00 -3.718750000000000000e+01 3.600000000000000000e+01 -2.800000000000000000e+01 -6.250000000000000000e-02 0.000000000000000000e+00 1.250000000000000000e-01
5.750000000000000000e+00 -2.700000047683715820e+00 7.460000038146972656e+00 -3.718750000000000000e+01 3.600000000000000000e+01 -2.800000000000000000e+01 -2.500000000000000000e-01 0.000000000000000000e+00 1.250000000000000000e-01
5.739999771118164062e+00 -2.700000047683715820e+00 7.489999771118164062e+00 -3.718750000000000000e+01 3.600000000000000000e+01 -2.800000000000000000e+01 -1.250000000000000000e-01 -1.250000000000000000e-01 1.875000000000000000e-01
5.730000019073486328e+00 -2.700000047683715820e+00 7.489999771118164062e+00 -3.718750000000000000e+01 3.600000000000000000e+01 -2.800000000000000000e+01 -1.875000000000000000e-01 6.250000000000000000e-02 1.250000000000000000e-01
5.739999771118164062e+00 -2.690000057220458984e+00 7.460000038146972656e+00 -3.718750000000000000e+01 3.518750000000000000e+01 -2.750000000000000000e+01 -1.250000000000000000e-01 -6.250000000000000000e-02 1.250000000000000000e-01
5.730000019073486328e+00 -2.700000047683715820e+00 7.469999790191650391e+00 -3.718750000000000000e+01 3.518750000000000000e+01 -2.750000000000000000e+01 -6.250000000000000000e-02 0.000000000000000000e+00 0.000000000000000000e+00
5.739999771118164062e+00 -2.720000028610229492e+00 7.440000057220458984e+00 -3.718750000000000000e+01 3.518750000000000000e+01 -2.750000000000000000e+01 -1.250000000000000000e-01 1.250000000000000000e-01 0.000000000000000000e+00
5.750000000000000000e+00 -2.690000057220458984e+00 7.460000038146972656e+00 -3.718750000000000000e+01 3.518750000000000000e+01 -2.750000000000000000e+01 -1.875000000000000000e-01 6.250000000000000000e-02 6.250000000000000000e-02
5.730000019073486328e+00 -2.710000038146972656e+00 7.480000019073486328e+00 -3.718750000000000000e+01 3.518750000000000000e+01 -2.750000000000000000e+01 -1.250000000000000000e-01 1.875000000000000000e-01 6.250000000000000000e-02
5.739999771118164062e+00 -2.680000066757202148e+00 7.489999771118164062e+00 -3.718750000000000000e+01 3.556250000000000000e+01 -2.718750000000000000e+01 -6.250000000000000000e-02 1.250000000000000000e-01 0.000000000000000000e+00
5.739999771118164062e+00 -2.700000047683715820e+00 7.500000000000000000e+00 -3.718750000000000000e+01 3.556250000000000000e+01 -2.718750000000000000e+01 -6.250000000000000000e-02 1.875000000000000000e-01 6.250000000000000000e-02
5.730000019073486328e+00 -2.690000057220458984e+00 7.449999809265136719e+00 -3.718750000000000000e+01 3.556250000000000000e+01 -2.718750000000000000e+01 -6.250000000000000000e-02 1.250000000000000000e-01 1.250000000000000000e-01
5.730000019073486328e+00 -2.720000028610229492e+00 7.469999790191650391e+00 -3.718750000000000000e+01 3.556250000000000000e+01 -2.718750000000000000e+01 -1.250000000000000000e-01 1.875000000000000000e-01 -6.250000000000000000e-02
5.710000038146972656e+00 -2.700000047683715820e+00 7.489999771118164062e+00 -3.718750000000000000e+01 3.556250000000000000e+01 -2.718750000000000000e+01 -1.875000000000000000e-01 6.250000000000000000e-02 -6.250000000000000000e-02
5.730000019073486328e+00 -2.730000019073486328e+00 7.500000000000000000e+00 -3.718750000000000000e+01 3.450000000000000000e+01 -2.668750000000000000e+01 0.000000000000000000e+00 0.000000000000000000e+00 -6.250000000000000000e-02
5.739999771118164062e+00 -2.700000047683715820e+00 7.489999771118164062e+00 -3.718750000000000000e+01 3.450000000000000000e+01 -2.668750000000000000e+01 1.250000000000000000e-01 0.000000000000000000e+00 -1.250000000000000000e-01
5.710000038146972656e+00 -2.700000047683715820e+00 7.469999790191650391e+00 -3.718750000000000000e+01 3.450000000000000000e+01 -2.668750000000000000e+01 1.250000000000000000e-01 -6.250000000000000000e-02 -6.250000000000000000e-02
5.739999771118164062e+00 -2.670000076293945312e+00 7.449999809265136719e+00 -3.718750000000000000e+01 3.450000000000000000e+01 -2.668750000000000000e+01 6.250000000000000000e-02 -1.250000000000000000e-01 -1.875000000000000000e-01
5.750000000000000000e+00 -2.710000038146972656e+00 7.480000019073486328e+00 -3.718750000000000000e+01 3.450000000000000000e+01 -2.668750000000000000e+01 1.875000000000000000e-01 1.250000000000000000e-01 -1.250000000000000000e-01
5.730000019073486328e+00 -2.720000028610229492e+00 7.469999790191650391e+00 -3.718750000000000000e+01 3.518750000000000000e+01 -2.800000000000000000e+01 2.500000000000000000e-01 1.250000000000000000e-01 -6.250000000000000000e-02
5.719999790191650391e+00 -2.720000028610229492e+00 7.480000019073486328e+00 -3.718750000000000000e+01 3.518750000000000000e+01 -2.800000000000000000e+01 3.125000000000000000e-01 3.125000000000000000e-01 -1.875000000000000000e-01
5.719999790191650391e+00 -2.710000038146972656e+00 7.440000057220458984e+00 -3.718750000000000000e+01 3.518750000000000000e+01 -2.800000000000000000e+01 2.500000000000000000e-01 3.125000000000000000e-01 -1.250000000000000000e-01
5.730000019073486328e+00 -2.710000038146972656e+00 7.489999771118164062e+00 -3.718750000000000000e+01 3.518750000000000000e+01 -2.800000000000000000e+01 3.125000000000000000e-01 4.375000000000000000e-01 -3.125000000000000000e-01
5.750000000000000000e+00 -2.730000019073486328e+00 7.489999771118164062e+00 -3.718750000000000000e+01 3.518750000000000000e+01 -2.800000000000000000e+01 4.375000000000000000e-01 3.750000000000000000e-01 -4.375000000000000000e-01
5.730000019073486328e+00 -2.789999961853027344e+00 7.449999809265136719e+00 -3.650000000000000000e+01 3.518750000000000000e+01 -2.675000000000000000e+01 6.250000000000000000e-01 5.000000000000000000e-01 -5.000000000000000000e-01
5.800000190734863281e+00 -2.789999961853027344e+00 7.519999980926513672e+00 -3.650000000000000000e+01 3.518750000000000000e+01 -2.675000000000000000e+01 8.125000000000000000e-01 8.125000000000000000e-01 -6.875000000000000000e-01
5.889999866485595703e+00 -2.819999933242797852e+00 7.440000057220458984e+00 -3.650000000000000000e+01 3.518750000000000000e+01 -2.675000000000000000e+01 6.875000000000000000e-01 6.250000000000000000e-01 -9.375000000000000000e-01
5.909999847412109375e+00 -2.859999895095825195e+00 7.440000057220458984e+00 -3.650000000000000000e+01 3.518750000000000000e+01 -2.675000000000000000e+01 1.250000000000000000e-01 1.000000000000000000e+00 -7.500000000000000000e-01
5.900000095367431641e+00 -2.990000009536743164e+00 7.349999904632568359e+00 -3.650000000000000000e+01 3.518750000000000000e+01 -2.675000000000000000e+01 -1.000000000000000000e+00 1.437500000000000000e+00 -3.125000000000000000e-01
5.739999771118164062e+00 -3.329999923706054688e+00 7.329999923706054688e+00 -3.718750000000000000e+01 3.518750000000000000e+01 -2.718750000000000000e+01 -2.062500000000000000e+00 1.812500000000000000e+00 -6.250000000000000000e-02
5.980000019073486328e+00 -3.599999904632568359e+00 7.369999885559082031e+00 -3.718750000000000000e+01 3.518750000000000000e+01 -2.718750000000000000e+01 -1.937500000000000000e+00 2.000000000000000000e+00 -5.625000000000000000e-01
5.929999828338623047e+00 -3.279999971389770508e+00 7.400000095367431641e+00 -3.718750000000000000e+01 3.518750000000000000e+01 -2.718750000000000000e+01 -2.062500000000000000e+00 1.437500000000000000e+00 -5.625000000000000000e-01
5.949999809265136719e+00 -3.809999942779541016e+00 7.590000152587890625e+00 -3.718750000000000000e+01 3.518750000000000000e+01 -2.718750000000000000e+01 -1.562500000000000000e+00 8.125000000000000000e-01 2.500000000000000000e-01
6.349999904632568359e+00 -5.010000228881835938e+00 6.719999790191650391e+00 -3.718750000000000000e+01 3.518750000000000000e+01 -2.718750000000000000e+01 -1.687500000000000000e+00 -3.125000000000000000e-01 1.312500000000000000e+00
5.989999771118164062e+00 -6.380000114440917969e+00 6.340000152587890625e+00 -3.687500000000000000e+01 3.518750000000000000e+01 -2.756250000000000000e+01 3.000000000000000000e+00 -1.500000000000000000e+00 3.750000000000000000e+00
6.429999828338623047e+00 -7.920000076293945312e+00 6.309999942779541016e+00 -3.687500000000000000e+01 3.518750000000000000e+01 -2.756250000000000000e+01 1.806250000000000000e+01 -5.937500000000000000e+00 1.362500000000000000e+01
6.809999942779541016e+00 -1.005000019073486328e+01 5.460000038146972656e+00 -3.687500000000000000e+01 3.518750000000000000e+01 -2.756250000000000000e+01 3.000000000000000000e+01 -1.225000000000000000e+01 3.462500000000000000e+01
7.530000209808349609e+00 -1.185000038146972656e+01 5.420000076293945312e+00 -3.687500000000000000e+01 3.518750000000000000e+01 -2.756250000000000000e+01 4.293750000000000000e+01 -1.756250000000000000e+01 6.443750000000000000e+01
8.340000152587890625e+00 -1.281999969482421875e+01 5.619999885559082031e+00 -3.687500000000000000e+01 3.518750000000000000e+01 -2.756250000000000000e+01 6.587500000000000000e+01 -2.218750000000000000e+01 1.050000000000000000e+02
8.270000457763671875e+00 -1.414000034332275391e+01 4.929999828338623047e+00 -3.750000000000000000e+01 3.600000000000000000e+01 -2.587500000000000000e+01 9.081250000000000000e+01 -2.200000000000000000e+01 1.607500000000000000e+02
7.150000095367431641e+00 -1.288000011444091797e+01 4.489999771118164062e+00 -3.750000000000000000e+01 3.600000000000000000e+01 -2.587500000000000000e+01 1.206875000000000000e+02 -2.018750000000000000e+01 2.150625000000000000e+02
5.469999790191650391e+00 -1.035000038146972656e+01 4.239999771118164062e+00 -3.750000000000000000e+01 3.600000000000000000e+01 -2.587500000000000000e+01 1.515625000000000000e+02 -2.275000000000000000e+01 2.510000000000000000e+02
3.410000085830688477e+00 -4.739999771118164062e+00 4.949999809265136719e+00 -3.750000000000000000e+01 3.600000000000000000e+01 -2.587500000000000000e+01 1.735000000000000000e+02 -3.287500000000000000e+01 2.725625000000000000e+02
3.410000085830688477e+00 -1.590000033378601074e+00 6.719999790191650391e+00 -3.750000000000000000e+01 3.600000000000000000e+01 -2.587500000000000000e+01 1.835000000000000000e+02 -4.712500000000000000e+01 2.826250000000000000e+02
5.300000190734863281e+00 2.339999914169311523e+00 6.960000038146972656e+00 -3.268750000000000000e+01 3.818750000000000000e+01 -3.000000000000000000e+01 1.791875000000000000e+02 -6.125000000000000000e+01 2.766875000000000000e+02
6.019999980926513672e+00 5.670000076293945312e+00 7.630000114440917969e+00 -3.268750000000000000e+01 3.818750000000000000e+01 -3.000000000000000000e+01 1.627500000000000000e+02 -7.068750000000000000e+01 2.626250000000000000e+02
8.199999809265136719e+00 8.199999809265136719e+00 7.690000057220458984e+00 -3.268750000000000000e+01 3.818750000000000000e+01 -3.000000000000000000e+01 1.345625000000000000e+02 -7.612500000000000000e+01 2.525625000000000000e+02
8.539999961853027344e+00 7.199999809265136719e+00 7.559999942779541016e+00 -3.268750000000000000e+01 3.818750000000000000e+01 -3.000000000000000000e+01 1.020625000000000000e+02 -7.587500000000000000e+01 2.385000000000000000e+02
8.449999809265136719e+00 7.360000133514404297e+00 7.980000019073486328e+00 -3.268750000000000000e+01 3.818750000000000000e+01 -3.000000000000000000e+01 7.743750000000000000e+01 -7.268750000000000000e+01 2.107500000000000000e+02
9.119999885559082031e+00 6.860000133514404297e+00 8.619999885559082031e+00 -2.456250000000000000e+01 4.118750000000000000e+01 -3.275000000000000000e+01 5.643750000000000000e+01 -6.706250000000000000e+01 1.743125000000000000e+02
1.039000034332275391e+01 3.640000104904174805e+00 9.090000152587890625e+00 -2.456250000000000000e+01 4.118750000000000000e+01 -3.275000000000000000e+01 3.362500000000000000e+01 -5.306250000000000000e+01 1.380000000000000000e+02
9.340000152587890625e+00 2.839999914169311523e+00 9.180000305175781250e+00 -2.456250000000000000e+01 4.118750000000000000e+01 -3.275000000000000000e+01 1.837500000000000000e+01 -3.143750000000000000e+01 1.024375000000000000e+02
7.780000209808349609e+00 1.080000042915344238e+00 8.989999771118164062e+00 -2.456250000000000000e+01 4.118750000000000000e+01 -3.275000000000000000e+01 8.000000000000000000e+00 -9.937500000000000000e+00 7.043750000000000000e+01
3.980000019073486328e+00 -2.940000057220458984e+00 7.909999847412109375e+00 -2.456250000000000000e+01 4.118750000000000000e+01 -3.275000000000000000e+01 -1.062500000000000000e+00 4.875000000000000000e+00 5.043750000000000000e+01
3.420000076293945312e+00 -3.869999885559082031e+00 7.340000152587890625e+00 -2.137500000000000000e+01 4.337500000000000000e+01 -3.318750000000000000e+01 -3.687500000000000000e+00 8.312500000000000000e+00 4.162500000000000000e+01
2.730000019073486328e+00 -4.880000114440917969e+00 6.900000095367431641e+00 -2.137500000000000000e+01 4.337500000000000000e+01 -3.318750000000000000e+01 -6.375000000000000000e+00 2.625000000000000000e+00 4.556250000000000000e+01
2.549999952316284180e+00 -4.909999847412109375e+00 6.880000114440917969e+00 -2.137500000000000000e+01 4.337500000000000000e+01 -3.318750000000000000e+01 -6.312500000000000000e+00 -6.250000000000000000e+00 5.300000000000000000e+01
3.359999895095825195e+00 -3.430000066757202148e+00 7.530000209808349609e+00 -2.137500000000000000e+01 4.337500000000000000e+01 -3.318750000000000000e+01 -3.062500000000000000e+00 -1.625000000000000000e+01 5.437500000000000000e+01
4.539999961853027344e+00 -2.059999942779541016e+00 7.949999809265136719e+00 -2.137500000000000000e+01 4.337500000000000000e+01 -3.318750000000000000e+01 -7.500000000000000000e-01 -2.400000000000000000e+01 4.868750000000000000e+01
5.159999847412109375e+00 -8.299999833106994629e-01 8.310000419616699219e+00 -1.768750000000000000e+01 4.525000000000000000e+01 -3.306250000000000000e+01 -5.625000000000000000e-01 -2.556250000000000000e+01 3.681250000000000000e+01
5.469999790191650391e+00 -3.999999910593032837e-02 8.380000114440917969e+00 -1.768750000000000000e+01 4.525000000000000000e+01 -3.306250000000000000e+01 -3.562500000000000000e+00 -2.225000000000000000e+01 2.012500000000000000e+01
5.900000095367431641e+00 -5.699999928474426270e-01 8.470000267028808594e+00 -1.768750000000000000e+01 4.525000000000000000e+01 -3.306250000000000000e+01 -9.937500000000000000e+00 -1.693750000000000000e+01 2.687500000000000000e+00
6.239999771118164062e+00 -2.380000114440917969e+00 8.079999923706054688e+00 -1.768750000000000000e+01 4.525000000000000000e+01 -3.306250000000000000e+01 -1.993750000000000000e+01 -1.187500000000000000e+01 -7.312500000000000000e+00
6.659999847412109375e+00 -4.119999885559082031e+00 7.610000133514404297e+00 -1.768750000000000000e+01 4.525000000000000000e+01 -3.306250000000000000e+01 -2.593750000000000000e+01 -5.687500000000000000e+00 -9.500000000000000000e+00
6.519999980926513672e+00 -5.920000076293945312e+00 6.840000152587890625e+00 -1.750000000000000000e+01 4.668750000000000000e+01 -3.350000000000000000e+01 -2.237500000000000000e+01 4.500000000000000000e+00 -1.350000000000000000e+01
5.920000076293945312e+00 -5.380000114440917969e+00 7.070000171661376953e+00 -1.750000000000000000e+01 4.668750000000000000e+01 -3.350000000000000000e+01 -1.312500000000000000e+01 1.781250000000000000e+01 -2.468750000000000000e+01
5.579999923706054688e+00 -4.889999866485595703e+00 7.239999771118164062e+00 -1.750000000000000000e+01 4.668750000000000000e+01 -3.350000000000000000e+01 -3.000000000000000000e+00 2.831250000000000000e+01 -3.806250000000000000e+01
5.369999885559082031e+00 -4.320000171661376953e+00 7.349999904632568359e+00 -1.750000000000000000e+01 4.668750000000000000e+01 -3.350000000000000000e+01 6.625000000000000000e+00 3.312500000000000000e+01 -4.762500000000000000e+01
5.389999866485595703e+00 -1.960000038146972656e+00 8.090000152587890625e+00 -1.750000000000000000e+01 4.668750000000000000e+01 -3.350000000000000000e+01 1.275000000000000000e+01 3.412500000000000000e+01 -5.681250000000000000e+01
6.239999771118164062e+00 -1.299999952316284180e+00 8.260000228881835938e+00 -1.800000000000000000e+01 4.656250000000000000e+01 -3.256250000000000000e+01 9.562500000000000000e+00 3.293750000000000000e+01 -6.350000000000000000e+01
6.699999809265136719e+00 -5.199999809265136719e-01 8.130000114440917969e+00 -1.800000000000000000e+01 4.656250000000000000e+01 -3.256250000000000000e+01 1.625000000000000000e+00 3.281250000000000000e+01 -6.637500000000000000e+01
6.840000152587890625e+00 7.999999821186065674e-02 8.310000419616699219e+00 -1.800000000000000000e+01 4.656250000000000000e+01 -3.256250000000000000e+01 -6.437500000000000000e+00 3.643750000000000000e+01 -7.112500000000000000e+01
7.789999961853027344e+00 4.600000083446502686e-01 8.399999618530273438e+00 -1.800000000000000000e+01 4.656250000000000000e+01 -3.256250000000000000e+01 -1.462500000000000000e+01 4.218750000000000000e+01 -8.343750000000000000e+01
8.779999732971191406e+00 2.599999904632568359e-01 8.310000419616699219e+00 -1.800000000000000000e+01 4.656250000000000000e+01 -3.256250000000000000e+01 -2.331250000000000000e+01 5.150000000000000000e+01 -1.035625000000000000e+02
9.520000457763671875e+00 2.999999932944774628e-02 8.340000152587890625e+00 -1.987500000000000000e+01 4.437500000000000000e+01 -3.300000000000000000e+01 -3.056250000000000000e+01 6.568750000000000000e+01 -1.277500000000000000e+02
9.739999771118164062e+00 0.000000000000000000e+00 8.060000419616699219e+00 -1.987500000000000000e+01 4.437500000000000000e+01 -3.300000000000000000e+01 -3.843750000000000000e+01 8.137500000000000000e+01 -1.515000000000000000e+02
9.020000457763671875e+00 0.000000000000000000e+00 7.690000057220458984e+00 -1.987500000000000000e+01 4.437500000000000000e+01 -3.300000000000000000e+01 -4.393750000000000000e+01 9.693750000000000000e+01 -1.736250000000000000e+02
8.000000000000000000e+00 2.199999988079071045e-01 7.670000076293945312e+00 -1.987500000000000000e+01 4.437500000000000000e+01 -3.300000000000000000e+01 -4.981250000000000000e+01 1.100625000000000000e+02 -1.943750000000000000e+02
7.150000095367431641e+00 0.000000000000000000e+00 7.650000095367431641e+00 -1.987500000000000000e+01 4.437500000000000000e+01 -3.300000000000000000e+01 -5.468750000000000000e+01 1.181875000000000000e+02 -2.143750000000000000e+02
6.170000076293945312e+00 -5.799999833106994629e-01 7.070000171661376953e+00 -2.287500000000000000e+01 4.256250000000000000e+01 -3.300000000000000000e+01 -6.137500000000000000e+01 1.203125000000000000e+02 -2.288750000000000000e+02
5.559999942779541016e+00 -1.240000009536743164e+00 6.900000095367431641e+00 -2.287500000000000000e+01 4.256250000000000000e+01 -3.300000000000000000e+01 -6.731250000000000000e+01 1.181250000000000000e+02 -2.386875000000000000e+02
4.650000095367431641e+00 -1.850000023841857910e+00 6.829999923706054688e+00 -2.287500000000000000e+01 4.256250000000000000e+01 -3.300000000000000000e+01 -7.331250000000000000e+01 1.143125000000000000e+02 -2.410625000000000000e+02
3.069999933242797852e+00 -4.289999961853027344e+00 6.849999904632568359e+00 -2.287500000000000000e+01 4.256250000000000000e+01 -3.300000000000000000e+01 -7.881250000000000000e+01 1.061250000000000000e+02 -2.339375000000000000e+02
3.240000009536743164e+00 -4.440000057220458984e+00 6.769999980926513672e+00 -2.287500000000000000e+01 4.256250000000000000e+01 -3.300000000000000000e+01 -8.143750000000000000e+01 9.318750000000000000e+01 -2.234375000000000000e+02
3.279999971389770508e+00 -4.920000076293945312e+00 6.760000228881835938e+00 -2.656250000000000000e+01 3.850000000000000000e+01 -3.375000000000000000e+01 -8.050000000000000000e+01 7.887500000000000000e+01 -2.121875000000000000e+02
3.039999961853027344e+00 -5.579999923706054688e+00 6.730000019073486328e+00 -2.656250000000000000e+01 3.850000000000000000e+01 -3.375000000000000000e+01 -7.981250000000000000e+01 6.606250000000000000e+01 -1.958750000000000000e+02
2.420000076293945312e+00 -5.800000190734863281e+00 6.789999961853027344e+00 -2.656250000000000000e+01 3.850000000000000000e+01 -3.375000000000000000e+01 -7.687500000000000000e+01 5.256250000000000000e+01 -1.775625000000000000e+02
1.779999971389770508e+00 -5.909999847412109375e+00 6.860000133514404297e+00 -2.656250000000000000e+01 3.850000000000000000e+01 -3.375000000000000000e+01 -7.362500000000000000e+01 3.912500000000000000e+01 -1.575000000000000000e+02
1.330000042915344238e+00 -6.039999961853027344e+00 6.980000019073486328e+00 -2.656250000000000000e+01 3.850000000000000000e+01 -3.375000000000000000e+01 -7.056250000000000000e+01 2.393750000000000000e+01 -1.358750000000000000e+02
1.529999971389770508e+00 -6.409999847412109375e+00 7.050000190734863281e+00 -3.068750000000000000e+01 3.506250000000000000e+01 -3.300000000000000000e+01 -6.781250000000000000e+01 7.500000000000000000e+00 -1.126875000000000000e+02
1.600000023841857910e+00 -6.429999828338623047e+00 6.900000095367431641e+00 -3.068750000000000000e+01 3.506250000000000000e+01 -3.300000000000000000e+01 -6.300000000000000000e+01 -6.625000000000000000e+00 -8.868750000000000000e+01
1.220000028610229492e+00 -6.429999828338623047e+00 6.869999885559082031e+00 -3.068750000000000000e+01 3.506250000000000000e+01 -3.300000000000000000e+01 -5.737500000000000000e+01 -1.956250000000000000e+01 -6.525000000000000000e+01
3.000000119209289551e-01 -6.190000057220458984e+00 6.739999771118164062e+00 -3.068750000000000000e+01 3.506250000000000000e+01 -3.300000000000000000e+01 -5.162500000000000000e+01 -3.518750000000000000e+01 -4.025000000000000000e+01
4.900000095367431641e-01 -5.809999942779541016e+00 6.659999847412109375e+00 -3.068750000000000000e+01 3.506250000000000000e+01 -3.300000000000000000e+01 -4.500000000000000000e+01 -5.218750000000000000e+01 -1.850000000000000000e+01
4.900000095367431641e-01 -5.809999942779541016e+00 6.659999847412109375e+00 -3.450000000000000000e+01 3.437500000000000000e+01 -3.075000000000000000e+01 -4.068750000000000000e+01 -7.300000000000000000e+01 2.625000000000000000e+00
1.879999995231628418e+00 -5.369999885559082031e+00 7.019999980926513672e+00 -3.450000000000000000e+01 3.437500000000000000e+01 -3.075000000000000000e+01 -3.437500000000000000e+01 -9.137500000000000000e+01 1.212500000000000000e+01
5.579999923706054688e+00 -3.509999990463256836e+00 7.699999809265136719e+00 -3.450000000000000000e+01 3.437500000000000000e+01 -3.075000000000000000e+01 -2.887500000000000000e+01 -1.017500000000000000e+02 1.237500000000000000e+01
1.009000015258789062e+01 -3.869999885559082031e+00 9.470000267028808594e+00 -3.450000000000000000e+01 3.437500000000000000e+01 -3.075000000000000000e+01 -2.387500000000000000e+01 -1.041250000000000000e+02 6.375000000000000000e+00
1.306000041961669922e+01 -3.990000009536743164e+00 9.340000152587890625e+00 -3.450000000000000000e+01 3.437500000000000000e+01 -3.075000000000000000e+01 -1.543750000000000000e+01 -9.525000000000000000e+01 -5.500000000000000000e+00
1.306000041961669922e+01 -3.990000009536743164e+00 9.340000152587890625e+00 -3.600000000000000000e+01 3.368750000000000000e+01 -2.875000000000000000e+01 -2.937500000000000000e+00 -6.687500000000000000e+01 -1.737500000000000000e+01
