6.239999771118164062e+00 -7.599999904632568359e-01 7.460000038146972656e+00 -4.837500000000000000e+01 1.918750000000000000e+01 -2.750000000000000000e+01 -6.250000000000000000e-02 -6.250000000000000000e-02 1.250000000000000000e-01
6.230000019073486328e+00 -7.599999904632568359e-01 7.449999809265136719e+00 -4.837500000000000000e+01 1.918750000000000000e+01 -2.750000000000000000e+01 0.000000000000000000e+00 -6.250000000000000000e-02 1.250000000000000000e-01
6.250000000000000000e+00 -7.699999809265136719e-01 7.440000057220458984e+00 -4.837500000000000000e+01 1.918750000000000000e+01 -2.750000000000000000e+01 -1.875000000000000000e-01 0.000000000000000000e+00 2.500000000000000000e-01
6.250000000000000000e+00 -7.799999713897705078e-01 7.449999809265136719e+00 -4.837500000000000000e+01 1.918750000000000000e+01 -2.750000000000000000e+01 -1.250000000000000000e-01 1.250000000000000000e-01 1.250000000000000000e-01
6.260000228881835938e+00 -7.799999713897705078e-01 7.449999809265136719e+00 -4.837500000000000000e+01 1.987500000000000000e+01 -2.787500000000000000e+01 6.250000000000000000e-02 0.000000000000000000e+00 1.875000000000000000e-01
6.239999771118164062e+00 -7.500000000000000000e-01 7.480000019073486328e+00 -4.837500000000000000e+01 1.987500000000000000e+01 -2.787500000000000000e+01 0.000000000000000000e+00 2.500000000000000000e-01 -2.500000000000000000e-01
6.239999771118164062e+00 -7.799999713897705078e-01 7.449999809265136719e+00 -4.837500000000000000e+01 1.987500000000000000e+01 -2.787500000000000000e+01 1.250000000000000000e-01 1.875000000000000000e-01 -1.875000000000000000e-01
6.250000000000000000e+00 -7.900000214576721191e-01 7.460000038146972656e+00 -4.837500000000000000e+01 1.987500000000000000e+01 -2.787500000000000000e+01 1.875000000000000000e-01 1.875000000000000000e-01 -1.250000000000000000e-01
6.239999771118164062e+00 -8.000000119209289551e-01 7.469999790191650391e+00 -4.837500000000000000e+01 1.987500000000000000e+01 -2.787500000000000000e+01 2.500000000000000000e-01 3.750000000000000000e-01 -3.125000000000000000e-01
6.230000019073486328e+00 -7.900000214576721191e-01 7.449999809265136719e+00 -4.837500000000000000e+01 1.875000000000000000e+01 -2.825000000000000000e+01 3.750000000000000000e-01 6.250000000000000000e-01 -4.375000000000000000e-01
6.230000019073486328e+00 -7.799999713897705078e-01 7.440000057220458984e+00 -4.837500000000000000e+01 1.875000000000000000e+01 -2.825000000000000000e+01 5.625000000000000000e-01 6.250000000000000000e-01 -6.875000000000000000e-01
6.260000228881835938e+00 -7.500000000000000000e-01 7.460000038146972656e+00 -4.837500000000000000e+01 1.875000000000000000e+01 -2.825000000000000000e+01 6.250000000000000000e-01 8.750000000000000000e-01 -8.750000000000000000e-01
6.269999980926513672e+00 -7.099999785423278809e-01 7.500000000000000000e+00 -4.837500000000000000e+01 1.875000000000000000e+01 -2.825000000000000000e+01 6.250000000000000000e-01 6.250000000000000000e-01 -8.750000000000000000e-01
6.219999790191650391e+00 -7.099999785423278809e-01 7.489999771118164062e+00 -4.837500000000000000e+01 1.875000000000000000e+01 -2.825000000000000000e+01 4.375000000000000000e-01 8.750000000000000000e-01 -6.250000000000000000e-01
6.230000019073486328e+00 -7.099999785423278809e-01 7.480000019073486328e+00 -4.837500000000000000e+01 1.875000000000000000e+01 -2.668750000000000000e+01 2.500000000000000000e-01 5.625000000000000000e-01 -3.125000000000000000e-01
6.210000038146972656e+00 -7.599999904632568359e-01 7.510000228881835938e+00 -4.837500000000000000e+01 1.875000000000000000e+01 -2.668750000000000000e+01 -6.250000000000000000e-02 4.375000000000000000e-01 -6.250000000000000000e-02
6.210000038146972656e+00 -8.100000023841857910e-01 7.449999809265136719e+00 -4.837500000000000000e+01 1.875000000000000000e+01 -2.668750000000000000e+01 -1.250000000000000000e-01 6.250000000000000000e-01 -2.500000000000000000e-01
6.199999809265136719e+00 -8.999999761581420898e-01 7.440000057220458984e+00 -4.837500000000000000e+01 1.875000000000000000e+01 -2.668750000000000000e+01 -1.250000000000000000e-01 7.500000000000000000e-01 -6.875000000000000000e-01
6.239999771118164062e+00 -9.499999880790710449e-01 7.449999809265136719e+00 -4.837500000000000000e+01 1.875000000000000000e+01 -2.668750000000000000e+01 7.500000000000000000e-01 1.000000000000000000e+00 -1.312500000000000000e+00
6.239999771118164062e+00 -8.100000023841857910e-01 7.510000228881835938e+00 -4.725000000000000000e+01 1.956250000000000000e+01 -2.825000000000000000e+01 1.937500000000000000e+00 8.750000000000000000e-01 -2.250000000000000000e+00
6.260000228881835938e+00 -8.600000143051147461e-01 7.489999771118164062e+00 -4.725000000000000000e+01 1.956250000000000000e+01 -2.825000000000000000e+01 2.125000000000000000e+00 8.750000000000000000e-01 -2.937500000000000000e+00
6.260000228881835938e+00 -9.100000262260437012e-01 7.380000114440917969e+00 -4.725000000000000000e+01 1.956250000000000000e+01 -2.825000000000000000e+01 2.437500000000000000e+00 8.750000000000000000e-01 -3.687500000000000000e+00
6.170000076293945312e+00 -7.799999713897705078e-01 7.559999942779541016e+00 -4.725000000000000000e+01 1.956250000000000000e+01 -2.825000000000000000e+01 3.250000000000000000e+00 1.312500000000000000e+00 -4.375000000000000000e+00
6.210000038146972656e+00 -8.600000143051147461e-01 7.489999771118164062e+00 -4.725000000000000000e+01 1.956250000000000000e+01 -2.825000000000000000e+01 3.500000000000000000e+00 8.750000000000000000e-01 -5.125000000000000000e+00
6.300000190734863281e+00 -1.139999985694885254e+00 7.449999809265136719e+00 -4.837500000000000000e+01 1.956250000000000000e+01 -2.750000000000000000e+01 3.937500000000000000e+00 9.375000000000000000e-01 -5.937500000000000000e+00
6.309999942779541016e+00 -1.259999990463256836e+00 7.429999828338623047e+00 -4.837500000000000000e+01 1.956250000000000000e+01 -2.750000000000000000e+01 4.937500000000000000e+00 1.312500000000000000e+00 -7.437500000000000000e+00
6.280000209808349609e+00 -1.149999976158142090e+00 7.460000038146972656e+00 -4.837500000000000000e+01 1.956250000000000000e+01 -2.750000000000000000e+01 6.375000000000000000e+00 1.312500000000000000e+00 -9.500000000000000000e+00
6.260000228881835938e+00 -1.120000004768371582e+00 7.449999809265136719e+00 -4.837500000000000000e+01 1.956250000000000000e+01 -2.750000000000000000e+01 7.562500000000000000e+00 1.687500000000000000e+00 -1.118750000000000000e+01
6.289999961853027344e+00 -9.399999976158142090e-01 7.539999961853027344e+00 -4.837500000000000000e+01 1.956250000000000000e+01 -2.750000000000000000e+01 8.687500000000000000e+00 2.312500000000000000e+00 -1.300000000000000000e+01
6.329999923706054688e+00 -1.250000000000000000e+00 7.530000209808349609e+00 -4.875000000000000000e+01 1.956250000000000000e+01 -2.706250000000000000e+01 9.625000000000000000e+00 2.562500000000000000e+00 -1.456250000000000000e+01
6.389999866485595703e+00 -1.629999995231628418e+00 7.389999866485595703e+00 -4.875000000000000000e+01 1.956250000000000000e+01 -2.706250000000000000e+01 1.050000000000000000e+01 3.187500000000000000e+00 -1.687500000000000000e+01
6.500000000000000000e+00 -1.830000042915344238e+00 7.349999904632568359e+00 -4.875000000000000000e+01 1.956250000000000000e+01 -2.706250000000000000e+01 1.300000000000000000e+01 4.000000000000000000e+00 -2.000000000000000000e+01
6.480000019073486328e+00 -1.710000038146972656e+00 7.380000114440917969e+00 -4.875000000000000000e+01 1.956250000000000000e+01 -2.706250000000000000e+01 1.693750000000000000e+01 5.625000000000000000e+00 -2.418750000000000000e+01
6.519999980926513672e+00 -1.419999957084655762e+00 7.539999961853027344e+00 -4.875000000000000000e+01 1.956250000000000000e+01 -2.706250000000000000e+01 2.131250000000000000e+01 6.437500000000000000e+00 -2.775000000000000000e+01
6.590000152587890625e+00 -1.679999947547912598e+00 7.570000171661376953e+00 -4.837500000000000000e+01 1.725000000000000000e+01 -2.868750000000000000e+01 2.518750000000000000e+01 7.437500000000000000e+00 -3.112500000000000000e+01
6.840000152587890625e+00 -1.899999976158142090e+00 7.519999980926513672e+00 -4.837500000000000000e+01 1.725000000000000000e+01 -2.868750000000000000e+01 3.137500000000000000e+01 8.125000000000000000e+00 -3.556250000000000000e+01
6.760000228881835938e+00 -2.130000114440917969e+00 7.510000228881835938e+00 -4.837500000000000000e+01 1.725000000000000000e+01 -2.868750000000000000e+01 3.968750000000000000e+01 9.875000000000000000e+00 -4.075000000000000000e+01
6.780000209808349609e+00 -2.130000114440917969e+00 7.409999847412109375e+00 -4.837500000000000000e+01 1.725000000000000000e+01 -2.868750000000000000e+01 4.918750000000000000e+01 1.156250000000000000e+01 -4.662500000000000000e+01
6.690000057220458984e+00 -1.629999995231628418e+00 7.460000038146972656e+00 -4.837500000000000000e+01 1.725000000000000000e+01 -2.868750000000000000e+01 5.975000000000000000e+01 1.456250000000000000e+01 -5.318750000000000000e+01
6.530000209808349609e+00 -1.429999947547912598e+00 7.530000209808349609e+00 -4.837500000000000000e+01 1.575000000000000000e+01 -2.868750000000000000e+01 6.825000000000000000e+01 1.712500000000000000e+01 -5.868750000000000000e+01
6.309999942779541016e+00 -3.000000119209289551e-01 7.530000209808349609e+00 -4.837500000000000000e+01 1.575000000000000000e+01 -2.868750000000000000e+01 7.525000000000000000e+01 1.937500000000000000e+01 -6.318750000000000000e+01
6.150000095367431641e+00 -2.000000029802322388e-01 7.550000190734863281e+00 -4.837500000000000000e+01 1.575000000000000000e+01 -2.868750000000000000e+01 7.987500000000000000e+01 2.131250000000000000e+01 -6.568750000000000000e+01
6.150000095367431641e+00 -3.300000131130218506e-01 7.650000095367431641e+00 -4.837500000000000000e+01 1.575000000000000000e+01 -2.868750000000000000e+01 8.368750000000000000e+01 2.181250000000000000e+01 -6.793750000000000000e+01
6.239999771118164062e+00 -4.099999964237213135e-01 7.559999942779541016e+00 -4.837500000000000000e+01 1.575000000000000000e+01 -2.868750000000000000e+01 8.850000000000000000e+01 2.231250000000000000e+01 -7.168750000000000000e+01
6.199999809265136719e+00 -4.099999964237213135e-01 7.460000038146972656e+00 -4.918750000000000000e+01 1.206250000000000000e+01 -2.868750000000000000e+01 9.393750000000000000e+01 2.350000000000000000e+01 -7.631250000000000000e+01
6.030000209808349609e+00 -7.000000029802322388e-02 7.500000000000000000e+00 -4.918750000000000000e+01 1.206250000000000000e+01 -2.868750000000000000e+01 9.950000000000000000e+01 2.543750000000000000e+01 -8.087500000000000000e+01
6.000000000000000000e+00 2.500000000000000000e-01 7.449999809265136719e+00 -4.918750000000000000e+01 1.206250000000000000e+01 -2.868750000000000000e+01 1.044375000000000000e+02 2.681250000000000000e+01 -8.456250000000000000e+01
6.179999828338623047e+00 2.500000000000000000e-01 7.329999923706054688e+00 -4.918750000000000000e+01 1.206250000000000000e+01 -2.868750000000000000e+01 1.090625000000000000e+02 2.812500000000000000e+01 -8.825000000000000000e+01
6.130000114440917969e+00 6.399999856948852539e-01 7.269999980926513672e+00 -4.918750000000000000e+01 1.206250000000000000e+01 -2.868750000000000000e+01 1.149375000000000000e+02 3.000000000000000000e+01 -9.287500000000000000e+01
5.820000171661376953e+00 1.110000014305114746e+00 7.170000076293945312e+00 -4.837500000000000000e+01 7.687500000000000000e+00 -3.156250000000000000e+01 1.201250000000000000e+02 3.250000000000000000e+01 -9.681250000000000000e+01
5.460000038146972656e+00 1.639999985694885254e+00 7.090000152587890625e+00 -4.837500000000000000e+01 7.687500000000000000e+00 -3.156250000000000000e+01 1.240625000000000000e+02 3.443750000000000000e+01 -9.987500000000000000e+01
5.179999828338623047e+00 2.359999895095825195e+00 7.059999942779541016e+00 -4.837500000000000000e+01 7.687500000000000000e+00 -3.156250000000000000e+01 1.266875000000000000e+02 3.531250000000000000e+01 -1.015625000000000000e+02
5.119999885559082031e+00 2.500000000000000000e+00 7.000000000000000000e+00 -4.837500000000000000e+01 7.687500000000000000e+00 -3.156250000000000000e+01 1.282500000000000000e+02 3.556250000000000000e+01 -1.028750000000000000e+02
5.130000114440917969e+00 2.460000038146972656e+00 6.829999923706054688e+00 -4.837500000000000000e+01 7.687500000000000000e+00 -3.156250000000000000e+01 1.296875000000000000e+02 3.587500000000000000e+01 -1.040000000000000000e+02
5.030000209808349609e+00 2.650000095367431641e+00 6.860000133514404297e+00 -4.956250000000000000e+01 2.500000000000000000e-01 -3.156250000000000000e+01 1.320000000000000000e+02 3.656250000000000000e+01 -1.058125000000000000e+02
4.929999828338623047e+00 3.279999971389770508e+00 6.610000133514404297e+00 -4.956250000000000000e+01 2.500000000000000000e-01 -3.156250000000000000e+01 1.340625000000000000e+02 3.737500000000000000e+01 -1.063750000000000000e+02
4.809999942779541016e+00 3.839999914169311523e+00 6.500000000000000000e+00 -4.956250000000000000e+01 2.500000000000000000e-01 -3.156250000000000000e+01 1.351250000000000000e+02 3.868750000000000000e+01 -1.063750000000000000e+02
4.519999980926513672e+00 4.409999847412109375e+00 6.349999904632568359e+00 -4.956250000000000000e+01 2.500000000000000000e-01 -3.156250000000000000e+01 1.348125000000000000e+02 3.981250000000000000e+01 -1.041250000000000000e+02
4.039999961853027344e+00 5.510000228881835938e+00 6.190000057220458984e+00 -4.956250000000000000e+01 2.500000000000000000e-01 -3.156250000000000000e+01 1.318125000000000000e+02 4.093750000000000000e+01 -1.017500000000000000e+02
3.839999914169311523e+00 5.960000038146972656e+00 6.250000000000000000e+00 -4.725000000000000000e+01 -7.062500000000000000e+00 -3.406250000000000000e+01 1.271250000000000000e+02 4.131250000000000000e+01 -9.693750000000000000e+01
3.670000076293945312e+00 6.199999809265136719e+00 6.139999866485595703e+00 -4.725000000000000000e+01 -7.062500000000000000e+00 -3.406250000000000000e+01 1.209375000000000000e+02 4.143750000000000000e+01 -9.156250000000000000e+01
3.390000104904174805e+00 6.440000057220458984e+00 6.159999847412109375e+00 -4.725000000000000000e+01 -7.062500000000000000e+00 -3.406250000000000000e+01 1.135000000000000000e+02 4.175000000000000000e+01 -8.587500000000000000e+01
2.940000057220458984e+00 6.860000133514404297e+00 6.179999828338623047e+00 -4.725000000000000000e+01 -7.062500000000000000e+00 -3.406250000000000000e+01 1.053125000000000000e+02 4.150000000000000000e+01 -7.937500000000000000e+01
2.910000085830688477e+00 6.909999847412109375e+00 6.320000171661376953e+00 -4.725000000000000000e+01 -7.062500000000000000e+00 -3.406250000000000000e+01 9.700000000000000000e+01 4.068750000000000000e+01 -7.293750000000000000e+01
2.730000019073486328e+00 6.800000190734863281e+00 6.250000000000000000e+00 -4.656250000000000000e+01 -1.637500000000000000e+01 -3.406250000000000000e+01 8.868750000000000000e+01 3.906250000000000000e+01 -6.712500000000000000e+01
2.700000047683715820e+00 6.789999961853027344e+00 6.429999828338623047e+00 -4.656250000000000000e+01 -1.637500000000000000e+01 -3.406250000000000000e+01 8.225000000000000000e+01 3.681250000000000000e+01 -6.262500000000000000e+01
2.670000076293945312e+00 6.829999923706054688e+00 6.449999809265136719e+00 -4.656250000000000000e+01 -1.637500000000000000e+01 -3.406250000000000000e+01 7.618750000000000000e+01 3.425000000000000000e+01 -5.818750000000000000e+01
2.799999952316284180e+00 6.869999885559082031e+00 6.510000228881835938e+00 -4.656250000000000000e+01 -1.637500000000000000e+01 -3.406250000000000000e+01 7.106250000000000000e+01 3.168750000000000000e+01 -5.506250000000000000e+01
3.049999952316284180e+00 6.769999980926513672e+00 6.329999923706054688e+00 -4.656250000000000000e+01 -1.637500000000000000e+01 -3.406250000000000000e+01 6.625000000000000000e+01 2.912500000000000000e+01 -5.131250000000000000e+01
2.890000104904174805e+00 7.320000171661376953e+00 6.440000057220458984e+00 -4.400000000000000000e+01 -2.068750000000000000e+01 -3.406250000000000000e+01 6.268750000000000000e+01 2.712500000000000000e+01 -4.743750000000000000e+01
2.720000028610229492e+00 6.949999809265136719e+00 6.320000171661376953e+00 -4.400000000000000000e+01 -2.068750000000000000e+01 -3.406250000000000000e+01 5.806250000000000000e+01 2.587500000000000000e+01 -4.362500000000000000e+01
2.720000028610229492e+00 7.019999980926513672e+00 6.300000190734863281e+00 -4.400000000000000000e+01 -2.068750000000000000e+01 -3.406250000000000000e+01 5.393750000000000000e+01 2.368750000000000000e+01 -4.000000000000000000e+01
2.740000009536743164e+00 7.000000000000000000e+00 6.280000209808349609e+00 -4.400000000000000000e+01 -2.068750000000000000e+01 -3.406250000000000000e+01 5.018750000000000000e+01 2.181250000000000000e+01 -3.743750000000000000e+01
2.619999885559082031e+00 7.280000209808349609e+00 6.280000209808349609e+00 -4.400000000000000000e+01 -2.068750000000000000e+01 -3.406250000000000000e+01 4.643750000000000000e+01 2.012500000000000000e+01 -3.437500000000000000e+01
2.390000104904174805e+00 7.389999866485595703e+00 6.230000019073486328e+00 -4.206250000000000000e+01 -2.518750000000000000e+01 -3.437500000000000000e+01 4.275000000000000000e+01 1.775000000000000000e+01 -2.981250000000000000e+01
2.269999980926513672e+00 7.760000228881835938e+00 6.250000000000000000e+00 -4.206250000000000000e+01 -2.518750000000000000e+01 -3.437500000000000000e+01 3.831250000000000000e+01 1.550000000000000000e+01 -2.637500000000000000e+01
2.160000085830688477e+00 7.940000057220458984e+00 6.150000095367431641e+00 -4.206250000000000000e+01 -2.518750000000000000e+01 -3.437500000000000000e+01 3.218750000000000000e+01 1.256250000000000000e+01 -2.175000000000000000e+01
2.130000114440917969e+00 8.609999656677246094e+00 5.929999828338623047e+00 -4.206250000000000000e+01 -2.518750000000000000e+01 -3.437500000000000000e+01 2.418750000000000000e+01 1.012500000000000000e+01 -1.587500000000000000e+01
1.940000057220458984e+00 8.989999771118164062e+00 5.900000095367431641e+00 -4.206250000000000000e+01 -2.518750000000000000e+01 -3.437500000000000000e+01 1.493750000000000000e+01 7.750000000000000000e+00 -7.500000000000000000e+00
1.539999961853027344e+00 9.199999809265136719e+00 5.949999809265136719e+00 -4.187500000000000000e+01 -2.687500000000000000e+01 -3.356250000000000000e+01 4.375000000000000000e+00 5.062500000000000000e+00 1.437500000000000000e+00
8.600000143051147461e-01 8.539999961853027344e+00 5.940000057220458984e+00 -4.187500000000000000e+01 -2.687500000000000000e+01 -3.356250000000000000e+01 -7.187500000000000000e+00 7.500000000000000000e-01 9.125000000000000000e+00
1.049999952316284180e+00 8.390000343322753906e+00 6.110000133514404297e+00 -4.187500000000000000e+01 -2.687500000000000000e+01 -3.356250000000000000e+01 -1.793750000000000000e+01 -5.312500000000000000e+00 1.506250000000000000e+01
1.370000004768371582e+00 8.460000038146972656e+00 5.989999771118164062e+00 -4.187500000000000000e+01 -2.687500000000000000e+01 -3.356250000000000000e+01 -2.912500000000000000e+01 -1.225000000000000000e+01 2.343750000000000000e+01
1.669999957084655762e+00 8.699999809265136719e+00 5.750000000000000000e+00 -4.187500000000000000e+01 -2.687500000000000000e+01 -3.356250000000000000e+01 -4.206250000000000000e+01 -1.700000000000000000e+01 3.256250000000000000e+01
1.870000004768371582e+00 9.300000190734863281e+00 5.409999847412109375e+00 -4.068750000000000000e+01 -2.806250000000000000e+01 -3.400000000000000000e+01 -5.856250000000000000e+01 -1.818750000000000000e+01 4.450000000000000000e+01
1.509999990463256836e+00 9.699999809265136719e+00 5.630000114440917969e+00 -4.068750000000000000e+01 -2.806250000000000000e+01 -3.400000000000000000e+01 -7.731250000000000000e+01 -1.806250000000000000e+01 5.681250000000000000e+01
8.399999737739562988e-01 1.031999969482421875e+01 5.639999866485595703e+00 -4.068750000000000000e+01 -2.806250000000000000e+01 -3.400000000000000000e+01 -9.493750000000000000e+01 -1.862500000000000000e+01 6.637500000000000000e+01
3.400000035762786865e-01 1.046000003814697266e+01 5.940000057220458984e+00 -4.068750000000000000e+01 -2.806250000000000000e+01 -3.400000000000000000e+01 -1.121875000000000000e+02 -2.168750000000000000e+01 7.368750000000000000e+01
-1.700000017881393433e-01 1.022000026702880859e+01 5.769999980926513672e+00 -4.068750000000000000e+01 -2.806250000000000000e+01 -3.400000000000000000e+01 -1.321875000000000000e+02 -3.137500000000000000e+01 8.643750000000000000e+01
0.000000000000000000e+00 1.006999969482421875e+01 5.949999809265136719e+00 -4.150000000000000000e+01 -2.575000000000000000e+01 -3.425000000000000000e+01 -1.530625000000000000e+02 -4.125000000000000000e+01 1.002500000000000000e+02
4.099999964237213135e-01 9.810000419616699219e+00 5.809999942779541016e+00 -4.150000000000000000e+01 -2.575000000000000000e+01 -3.425000000000000000e+01 -1.726875000000000000e+02 -5.125000000000000000e+01 1.138750000000000000e+02
1.659999966621398926e+00 9.039999961853027344e+00 5.269999980926513672e+00 -4.150000000000000000e+01 -2.575000000000000000e+01 -3.425000000000000000e+01 -1.933750000000000000e+02 -5.931250000000000000e+01 1.294375000000000000e+02
2.019999980926513672e+00 8.430000305175781250e+00 5.429999828338623047e+00 -4.150000000000000000e+01 -2.575000000000000000e+01 -3.425000000000000000e+01 -2.124375000000000000e+02 -6.537500000000000000e+01 1.450625000000000000e+02
2.220000028610229492e+00 7.440000057220458984e+00 5.309999942779541016e+00 -4.150000000000000000e+01 -2.575000000000000000e+01 -3.425000000000000000e+01 -2.295625000000000000e+02 -7.231250000000000000e+01 1.604375000000000000e+02
2.480000019073486328e+00 6.360000133514404297e+00 5.309999942779541016e+00 -4.487500000000000000e+01 -1.725000000000000000e+01 -3.556250000000000000e+01 -2.438125000000000000e+02 -7.893750000000000000e+01 1.731250000000000000e+02
3.710000038146972656e+00 3.799999952316284180e+00 5.239999771118164062e+00 -4.487500000000000000e+01 -1.725000000000000000e+01 -3.556250000000000000e+01 -2.545625000000000000e+02 -8.518750000000000000e+01 1.833125000000000000e+02
4.579999923706054688e+00 2.819999933242797852e+00 5.369999885559082031e+00 -4.487500000000000000e+01 -1.725000000000000000e+01 -3.556250000000000000e+01 -2.603750000000000000e+02 -8.887500000000000000e+01 1.900625000000000000e+02
5.519999980926513672e+00 1.830000042915344238e+00 5.329999923706054688e+00 -4.487500000000000000e+01 -1.725000000000000000e+01 -3.556250000000000000e+01 -2.615000000000000000e+02 -8.868750000000000000e+01 1.943750000000000000e+02
6.230000019073486328e+00 4.300000071525573730e-01 5.840000152587890625e+00 -4.487500000000000000e+01 -1.725000000000000000e+01 -3.556250000000000000e+01 -2.571250000000000000e+02 -8.375000000000000000e+01 1.947500000000000000e+02
7.360000133514404297e+00 -2.630000114440917969e+00 5.590000152587890625e+00 -4.668750000000000000e+01 -5.375000000000000000e+00 -3.400000000000000000e+01 -2.490000000000000000e+02 -7.493750000000000000e+01 1.905625000000000000e+02
