6.289999961853027344e+00 -9.499999880790710449e-01 7.409999847412109375e+00 -4.506250000000000000e+01 2.106250000000000000e+01 -2.637500000000000000e+01 -1.250000000000000000e-01 -1.875000000000000000e-01 6.250000000000000000e-02
6.300000190734863281e+00 -9.599999785423278809e-01 7.440000057220458984e+00 -4.506250000000000000e+01 2.106250000000000000e+01 -2.637500000000000000e+01 -3.125000000000000000e-01 -1.250000000000000000e-01 2.500000000000000000e-01
6.300000190734863281e+00 -9.399999976158142090e-01 7.429999828338623047e+00 -4.506250000000000000e+01 2.106250000000000000e+01 -2.637500000000000000e+01 -1.250000000000000000e-01 -1.250000000000000000e-01 1.250000000000000000e-01
6.300000190734863281e+00 -9.399999976158142090e-01 7.400000095367431641e+00 -4.506250000000000000e+01 2.106250000000000000e+01 -2.637500000000000000e+01 -1.250000000000000000e-01 -1.250000000000000000e-01 1.250000000000000000e-01
6.289999961853027344e+00 -9.399999976158142090e-01 7.400000095367431641e+00 -4.656250000000000000e+01 2.068750000000000000e+01 -2.675000000000000000e+01 -1.250000000000000000e-01 -6.250000000000000000e-02 1.875000000000000000e-01
6.289999961853027344e+00 -9.499999880790710449e-01 7.420000076293945312e+00 -4.656250000000000000e+01 2.068750000000000000e+01 -2.675000000000000000e+01 1.875000000000000000e-01 1.250000000000000000e-01 -6.250000000000000000e-02
6.309999942779541016e+00 -9.499999880790710449e-01 7.380000114440917969e+00 -4.656250000000000000e+01 2.068750000000000000e+01 -2.675000000000000000e+01 1.875000000000000000e-01 -1.250000000000000000e-01 6.250000000000000000e-02
6.280000209808349609e+00 -9.800000190734863281e-01 7.400000095367431641e+00 -4.656250000000000000e+01 2.068750000000000000e+01 -2.675000000000000000e+01 3.125000000000000000e-01 6.250000000000000000e-02 0.000000000000000000e+00
6.280000209808349609e+00 -9.399999976158142090e-01 7.429999828338623047e+00 -4.656250000000000000e+01 2.068750000000000000e+01 -2.675000000000000000e+01 4.375000000000000000e-01 6.250000000000000000e-02 -1.250000000000000000e-01
6.289999961853027344e+00 -9.700000286102294922e-01 7.440000057220458984e+00 -4.587500000000000000e+01 2.175000000000000000e+01 -2.675000000000000000e+01 4.375000000000000000e-01 6.250000000000000000e-02 -1.250000000000000000e-01
6.289999961853027344e+00 -9.399999976158142090e-01 7.420000076293945312e+00 -4.587500000000000000e+01 2.175000000000000000e+01 -2.675000000000000000e+01 5.000000000000000000e-01 6.250000000000000000e-02 -3.125000000000000000e-01
6.300000190734863281e+00 -9.200000166893005371e-01 7.400000095367431641e+00 -4.587500000000000000e+01 2.175000000000000000e+01 -2.675000000000000000e+01 5.000000000000000000e-01 1.250000000000000000e-01 -3.750000000000000000e-01
6.280000209808349609e+00 -9.100000262260437012e-01 7.429999828338623047e+00 -4.587500000000000000e+01 2.175000000000000000e+01 -2.675000000000000000e+01 3.750000000000000000e-01 6.250000000000000000e-02 -4.375000000000000000e-01
6.300000190734863281e+00 -9.499999880790710449e-01 7.380000114440917969e+00 -4.587500000000000000e+01 2.175000000000000000e+01 -2.675000000000000000e+01 3.125000000000000000e-01 -1.250000000000000000e-01 -1.250000000000000000e-01
6.309999942779541016e+00 -9.300000071525573730e-01 7.400000095367431641e+00 -4.625000000000000000e+01 2.068750000000000000e+01 -2.675000000000000000e+01 3.125000000000000000e-01 -1.250000000000000000e-01 -1.250000000000000000e-01
6.280000209808349609e+00 -9.399999976158142090e-01 7.420000076293945312e+00 -4.625000000000000000e+01 2.068750000000000000e+01 -2.675000000000000000e+01 5.000000000000000000e-01 -1.875000000000000000e-01 -3.125000000000000000e-01
6.269999980926513672e+00 -9.700000286102294922e-01 7.400000095367431641e+00 -4.625000000000000000e+01 2.068750000000000000e+01 -2.675000000000000000e+01 5.000000000000000000e-01 1.250000000000000000e-01 -5.625000000000000000e-01
6.269999980926513672e+00 -9.599999785423278809e-01 7.409999847412109375e+00 -4.625000000000000000e+01 2.068750000000000000e+01 -2.675000000000000000e+01 5.000000000000000000e-01 -1.875000000000000000e-01 -5.625000000000000000e-01
6.280000209808349609e+00 -9.200000166893005371e-01 7.400000095367431641e+00 -4.625000000000000000e+01 2.068750000000000000e+01 -2.675000000000000000e+01 5.000000000000000000e-01 -3.125000000000000000e-01 -6.875000000000000000e-01
6.280000209808349609e+00 -9.200000166893005371e-01 7.460000038146972656e+00 -4.587500000000000000e+01 2.068750000000000000e+01 -2.600000000000000000e+01 5.000000000000000000e-01 -3.125000000000000000e-01 -6.875000000000000000e-01
6.280000209808349609e+00 -9.800000190734863281e-01 7.409999847412109375e+00 -4.587500000000000000e+01 2.068750000000000000e+01 -2.600000000000000000e+01 6.250000000000000000e-01 -8.125000000000000000e-01 -5.000000000000000000e-01
6.280000209808349609e+00 -9.100000262260437012e-01 7.449999809265136719e+00 -4.587500000000000000e+01 2.068750000000000000e+01 -2.600000000000000000e+01 6.250000000000000000e-01 -8.750000000000000000e-01 -7.500000000000000000e-01
6.260000228881835938e+00 -9.499999880790710449e-01 7.500000000000000000e+00 -4.587500000000000000e+01 2.068750000000000000e+01 -2.600000000000000000e+01 6.875000000000000000e-01 -1.437500000000000000e+00 -8.750000000000000000e-01
6.150000095367431641e+00 -1.039999961853027344e+00 7.530000209808349609e+00 -4.587500000000000000e+01 2.068750000000000000e+01 -2.600000000000000000e+01 6.875000000000000000e-01 -1.437500000000000000e+00 -8.750000000000000000e-01
6.190000057220458984e+00 -1.120000004768371582e+00 7.610000133514404297e+00 -4.506250000000000000e+01 2.025000000000000000e+01 -2.637500000000000000e+01 8.125000000000000000e-01 -2.062500000000000000e+00 -1.250000000000000000e+00
6.159999847412109375e+00 -1.019999980926513672e+00 7.679999828338623047e+00 -4.506250000000000000e+01 2.025000000000000000e+01 -2.637500000000000000e+01 1.437500000000000000e+00 -4.375000000000000000e+00 -2.625000000000000000e+00
6.079999923706054688e+00 -1.080000042915344238e+00 7.800000190734863281e+00 -4.506250000000000000e+01 2.025000000000000000e+01 -2.637500000000000000e+01 1.562500000000000000e+00 -6.062500000000000000e+00 -3.125000000000000000e+00
5.769999980926513672e+00 -1.330000042915344238e+00 7.980000019073486328e+00 -4.506250000000000000e+01 2.025000000000000000e+01 -2.637500000000000000e+01 2.312500000000000000e+00 -7.937500000000000000e+00 -4.000000000000000000e+00
5.719999790191650391e+00 -1.429999947547912598e+00 8.130000114440917969e+00 -4.506250000000000000e+01 2.025000000000000000e+01 -2.637500000000000000e+01 2.312500000000000000e+00 -7.937500000000000000e+00 -4.000000000000000000e+00
5.380000114440917969e+00 -1.350000023841857910e+00 8.750000000000000000e+00 -4.475000000000000000e+01 2.068750000000000000e+01 -2.600000000000000000e+01 2.937500000000000000e+00 -9.687500000000000000e+00 -5.687500000000000000e+00
4.599999904632568359e+00 -1.419999957084655762e+00 9.279999732971191406e+00 -4.475000000000000000e+01 2.068750000000000000e+01 -2.600000000000000000e+01 8.750000000000000000e-01 -9.187500000000000000e+00 -5.687500000000000000e+00
2.950000047683715820e+00 -1.559999942779541016e+00 1.061999988555908203e+01 -4.475000000000000000e+01 2.068750000000000000e+01 -2.600000000000000000e+01 -1.687500000000000000e+00 -8.187500000000000000e+00 -6.062500000000000000e+00
2.480000019073486328e+00 -1.470000028610229492e+00 1.102000045776367188e+01 -4.475000000000000000e+01 2.068750000000000000e+01 -2.600000000000000000e+01 -8.187500000000000000e+00 -9.062500000000000000e+00 -6.687500000000000000e+00
2.359999895095825195e+00 -2.160000085830688477e+00 1.118999958038330078e+01 -4.475000000000000000e+01 2.068750000000000000e+01 -2.600000000000000000e+01 -8.187500000000000000e+00 -9.062500000000000000e+00 -6.687500000000000000e+00
1.549999952316284180e+00 -2.200000047683715820e+00 1.110999965667724609e+01 -4.587500000000000000e+01 2.068750000000000000e+01 -2.637500000000000000e+01 -1.656250000000000000e+01 -8.937500000000000000e+00 -6.437500000000000000e+00
2.259999990463256836e+00 -3.269999980926513672e+00 1.032999992370605469e+01 -4.587500000000000000e+01 2.068750000000000000e+01 -2.637500000000000000e+01 -2.981250000000000000e+01 -6.937500000000000000e+00 -3.187500000000000000e+00
1.750000000000000000e+00 -3.470000028610229492e+00 1.006000041961669922e+01 -4.587500000000000000e+01 2.068750000000000000e+01 -2.637500000000000000e+01 -2.618750000000000000e+01 -6.812500000000000000e+00 -3.125000000000000000e-01
2.039999961853027344e+00 -2.809999942779541016e+00 1.034000015258789062e+01 -4.587500000000000000e+01 2.068750000000000000e+01 -2.637500000000000000e+01 -1.925000000000000000e+01 -1.287500000000000000e+01 6.562500000000000000e+00
3.819999933242797852e+00 -2.799999952316284180e+00 9.470000267028808594e+00 -4.587500000000000000e+01 2.068750000000000000e+01 -2.637500000000000000e+01 -1.925000000000000000e+01 -1.287500000000000000e+01 6.562500000000000000e+00
3.619999885559082031e+00 -2.680000066757202148e+00 9.140000343322753906e+00 -4.656250000000000000e+01 2.106250000000000000e+01 -2.518750000000000000e+01 -1.143750000000000000e+01 -1.493750000000000000e+01 1.368750000000000000e+01
3.509999990463256836e+00 -1.850000023841857910e+00 9.359999656677246094e+00 -4.656250000000000000e+01 2.106250000000000000e+01 -2.518750000000000000e+01 9.375000000000000000e+00 -1.156250000000000000e+01 2.250000000000000000e+01
4.309999942779541016e+00 -1.759999990463256836e+00 9.359999656677246094e+00 -4.656250000000000000e+01 2.106250000000000000e+01 -2.518750000000000000e+01 1.375000000000000000e+01 -9.437500000000000000e+00 2.656250000000000000e+01
3.869999885559082031e+00 -9.399999976158142090e-01 9.680000305175781250e+00 -4.656250000000000000e+01 2.106250000000000000e+01 -2.518750000000000000e+01 1.656250000000000000e+01 -5.437500000000000000e+00 2.775000000000000000e+01
3.880000114440917969e+00 -5.899999737739562988e-01 9.550000190734863281e+00 -4.656250000000000000e+01 2.106250000000000000e+01 -2.518750000000000000e+01 1.656250000000000000e+01 -5.437500000000000000e+00 2.775000000000000000e+01
3.839999914169311523e+00 -1.070000052452087402e+00 9.710000038146972656e+00 -4.587500000000000000e+01 2.256250000000000000e+01 -2.518750000000000000e+01 1.487500000000000000e+01 -5.125000000000000000e+00 2.912500000000000000e+01
3.839999914169311523e+00 -1.240000009536743164e+00 9.489999771118164062e+00 -4.587500000000000000e+01 2.256250000000000000e+01 -2.518750000000000000e+01 6.437500000000000000e+00 -5.562500000000000000e+00 2.612500000000000000e+01
4.230000019073486328e+00 -1.409999966621398926e+00 9.390000343322753906e+00 -4.587500000000000000e+01 2.256250000000000000e+01 -2.518750000000000000e+01 3.750000000000000000e+00 -5.000000000000000000e+00 2.162500000000000000e+01
4.840000152587890625e+00 -1.200000047683715820e+00 9.329999923706054688e+00 -4.587500000000000000e+01 2.256250000000000000e+01 -2.518750000000000000e+01 -1.312500000000000000e+00 -2.937500000000000000e+00 1.925000000000000000e+01
5.000000000000000000e+00 -9.499999880790710449e-01 9.050000190734863281e+00 -4.587500000000000000e+01 2.256250000000000000e+01 -2.518750000000000000e+01 -1.312500000000000000e+00 -2.937500000000000000e+00 1.925000000000000000e+01
5.130000114440917969e+00 -1.490000009536743164e+00 8.989999771118164062e+00 -4.575000000000000000e+01 2.287500000000000000e+01 -2.350000000000000000e+01 -8.937500000000000000e+00 -1.625000000000000000e+00 2.031250000000000000e+01
5.610000133514404297e+00 -1.539999961853027344e+00 8.899999618530273438e+00 -4.575000000000000000e+01 2.287500000000000000e+01 -2.350000000000000000e+01 -2.250000000000000000e+01 1.687500000000000000e+00 2.250000000000000000e+01
5.820000171661376953e+00 -1.610000014305114746e+00 8.739999771118164062e+00 -4.575000000000000000e+01 2.287500000000000000e+01 -2.350000000000000000e+01 -2.668750000000000000e+01 3.812500000000000000e+00 2.425000000000000000e+01
6.010000228881835938e+00 -2.059999942779541016e+00 8.399999618530273438e+00 -4.575000000000000000e+01 2.287500000000000000e+01 -2.350000000000000000e+01 -2.937500000000000000e+01 8.687500000000000000e+00 2.650000000000000000e+01
6.349999904632568359e+00 -2.660000085830688477e+00 8.039999961853027344e+00 -4.575000000000000000e+01 2.287500000000000000e+01 -2.350000000000000000e+01 -2.937500000000000000e+01 8.687500000000000000e+00 2.650000000000000000e+01
7.019999980926513672e+00 -3.180000066757202148e+00 7.570000171661376953e+00 -4.437500000000000000e+01 2.368750000000000000e+01 -2.387500000000000000e+01 -2.937500000000000000e+01 1.500000000000000000e+01 3.106250000000000000e+01
7.380000114440917969e+00 -3.539999961853027344e+00 7.230000019073486328e+00 -4.437500000000000000e+01 2.368750000000000000e+01 -2.387500000000000000e+01 -1.937500000000000000e+01 2.481250000000000000e+01 4.243750000000000000e+01
7.170000076293945312e+00 -3.799999952316284180e+00 6.650000095367431641e+00 -4.437500000000000000e+01 2.368750000000000000e+01 -2.387500000000000000e+01 -7.812500000000000000e+00 2.762500000000000000e+01 4.431250000000000000e+01
6.789999961853027344e+00 -3.250000000000000000e+00 5.969999790191650391e+00 -4.437500000000000000e+01 2.368750000000000000e+01 -2.387500000000000000e+01 7.125000000000000000e+00 2.687500000000000000e+01 4.293750000000000000e+01
8.069999694824218750e+00 -2.690000057220458984e+00 5.619999885559082031e+00 -4.437500000000000000e+01 2.368750000000000000e+01 -2.387500000000000000e+01 7.125000000000000000e+00 2.687500000000000000e+01 4.293750000000000000e+01
8.600000381469726562e+00 -2.490000009536743164e+00 5.019999980926513672e+00 -4.400000000000000000e+01 2.587500000000000000e+01 -2.387500000000000000e+01 2.118750000000000000e+01 2.556250000000000000e+01 4.150000000000000000e+01
8.520000457763671875e+00 -7.300000190734863281e-01 4.500000000000000000e+00 -4.400000000000000000e+01 2.587500000000000000e+01 -2.387500000000000000e+01 4.437500000000000000e+01 2.600000000000000000e+01 3.225000000000000000e+01
8.909999847412109375e+00 4.600000083446502686e-01 4.000000000000000000e+00 -4.400000000000000000e+01 2.587500000000000000e+01 -2.387500000000000000e+01 4.787500000000000000e+01 2.237500000000000000e+01 2.525000000000000000e+01
8.729999542236328125e+00 1.279999971389770508e+00 3.640000104904174805e+00 -4.400000000000000000e+01 2.587500000000000000e+01 -2.387500000000000000e+01 4.231250000000000000e+01 1.693750000000000000e+01 1.893750000000000000e+01
9.159999847412109375e+00 1.639999985694885254e+00 3.269999980926513672e+00 -4.400000000000000000e+01 2.587500000000000000e+01 -2.387500000000000000e+01 4.231250000000000000e+01 1.693750000000000000e+01 1.893750000000000000e+01
1.135999965667724609e+01 1.350000023841857910e+00 1.710000038146972656e+00 -4.137500000000000000e+01 2.775000000000000000e+01 -2.425000000000000000e+01 3.218750000000000000e+01 6.187500000000000000e+00 1.187500000000000000e+01
1.231999969482421875e+01 1.080000042915344238e+00 8.399999737739562988e-01 -4.137500000000000000e+01 2.775000000000000000e+01 -2.425000000000000000e+01 1.543750000000000000e+01 -1.075000000000000000e+01 -2.500000000000000000e+00
1.278999996185302734e+01 1.139999985694885254e+00 2.199999988079071045e-01 -4.137500000000000000e+01 2.775000000000000000e+01 -2.425000000000000000e+01 1.043750000000000000e+01 -1.612500000000000000e+01 -8.437500000000000000e+00
1.302000045776367188e+01 8.799999952316284180e-01 -5.299999713897705078e-01 -4.137500000000000000e+01 2.775000000000000000e+01 -2.425000000000000000e+01 6.437500000000000000e+00 -2.506250000000000000e+01 -1.275000000000000000e+01
1.402999973297119141e+01 5.699999928474426270e-01 -1.250000000000000000e+00 -4.137500000000000000e+01 2.775000000000000000e+01 -2.425000000000000000e+01 6.437500000000000000e+00 -2.506250000000000000e+01 -1.275000000000000000e+01
1.536999988555908203e+01 -1.009999990463256836e+00 0.000000000000000000e+00 -4.137500000000000000e+01 2.775000000000000000e+01 -2.637500000000000000e+01 3.437500000000000000e+00 -3.806250000000000000e+01 -1.650000000000000000e+01
1.796999931335449219e+01 -4.659999847412109375e+00 5.300000190734863281e+00 -4.137500000000000000e+01 2.775000000000000000e+01 -2.637500000000000000e+01 2.012500000000000000e+01 -3.187500000000000000e+01 -9.750000000000000000e+00
2.014999961853027344e+01 -1.899999976158142090e-01 1.034000015258789062e+01 -4.137500000000000000e+01 2.775000000000000000e+01 -2.637500000000000000e+01 2.131250000000000000e+01 2.018750000000000000e+01 8.312500000000000000e+00
1.677000045776367188e+01 -2.960000038146972656e+00 9.800000190734863281e+00 -4.137500000000000000e+01 2.775000000000000000e+01 -2.637500000000000000e+01 6.250000000000000000e-01 6.968750000000000000e+01 3.475000000000000000e+01
1.476000022888183594e+01 -3.769999980926513672e+00 8.670000076293945312e+00 -4.137500000000000000e+01 2.775000000000000000e+01 -2.637500000000000000e+01 6.250000000000000000e-01 6.968750000000000000e+01 3.475000000000000000e+01
1.280000019073486328e+01 -2.279999971389770508e+00 7.949999809265136719e+00 -4.256250000000000000e+01 2.737500000000000000e+01 -2.350000000000000000e+01 6.187500000000000000e+00 1.010000000000000000e+02 4.300000000000000000e+01
1.210999965667724609e+01 1.700000017881393433e-01 3.460000038146972656e+00 -4.256250000000000000e+01 2.737500000000000000e+01 -2.350000000000000000e+01 1.325000000000000000e+01 1.161250000000000000e+02 3.768750000000000000e+01
1.031999969482421875e+01 2.799999952316284180e+00 4.600000083446502686e-01 -4.256250000000000000e+01 2.737500000000000000e+01 -2.350000000000000000e+01 7.625000000000000000e+00 1.013750000000000000e+02 3.025000000000000000e+01
4.570000171661376953e+00 3.769999980926513672e+00 1.960000038146972656e+00 -4.256250000000000000e+01 2.737500000000000000e+01 -2.350000000000000000e+01 -1.718750000000000000e+01 7.443750000000000000e+01 2.381250000000000000e+01
2.710000038146972656e+00 1.830000042915344238e+00 3.839999914169311523e+00 -4.256250000000000000e+01 2.737500000000000000e+01 -2.350000000000000000e+01 -1.718750000000000000e+01 7.443750000000000000e+01 2.381250000000000000e+01
6.360000133514404297e+00 3.400000035762786865e-01 2.359999895095825195e+00 -3.968750000000000000e+01 2.737500000000000000e+01 -2.756250000000000000e+01 -4.006250000000000000e+01 1.900000000000000000e+01 1.468750000000000000e+01
7.210000038146972656e+00 -5.699999928474426270e-01 2.670000076293945312e+00 -3.968750000000000000e+01 2.737500000000000000e+01 -2.756250000000000000e+01 -5.356250000000000000e+01 -5.993750000000000000e+01 -1.643750000000000000e+01
9.390000343322753906e+00 -1.110000014305114746e+00 2.450000047683715820e+00 -3.968750000000000000e+01 2.737500000000000000e+01 -2.756250000000000000e+01 -4.943750000000000000e+01 -7.875000000000000000e+01 -2.775000000000000000e+01
1.385000038146972656e+01 -1.580000042915344238e+00 3.230000019073486328e+00 -3.968750000000000000e+01 2.737500000000000000e+01 -2.756250000000000000e+01 -4.093750000000000000e+01 -7.856250000000000000e+01 -3.312500000000000000e+01
1.535000038146972656e+01 -1.629999995231628418e+00 3.720000028610229492e+00 -3.968750000000000000e+01 2.737500000000000000e+01 -2.756250000000000000e+01 -4.093750000000000000e+01 -7.856250000000000000e+01 -3.312500000000000000e+01
1.600000000000000000e+01 -2.410000085830688477e+00 4.159999847412109375e+00 -3.887500000000000000e+01 2.850000000000000000e+01 -2.756250000000000000e+01 -3.106250000000000000e+01 -6.081250000000000000e+01 -2.837500000000000000e+01
1.573999977111816406e+01 -3.250000000000000000e+00 4.610000133514404297e+00 -3.887500000000000000e+01 2.850000000000000000e+01 -2.756250000000000000e+01 -9.375000000000000000e-01 5.250000000000000000e+00 -4.000000000000000000e+00
1.321000003814697266e+01 -4.190000057220458984e+00 5.500000000000000000e+00 -3.887500000000000000e+01 2.850000000000000000e+01 -2.756250000000000000e+01 2.300000000000000000e+01 3.600000000000000000e+01 3.125000000000000000e-01
1.201000022888183594e+01 -3.650000095367431641e+00 5.690000057220458984e+00 -3.887500000000000000e+01 2.850000000000000000e+01 -2.756250000000000000e+01 4.918750000000000000e+01 5.806250000000000000e+01 -5.250000000000000000e+00
1.061999988555908203e+01 -2.789999961853027344e+00 6.010000228881835938e+00 -3.887500000000000000e+01 2.850000000000000000e+01 -2.756250000000000000e+01 4.918750000000000000e+01 5.806250000000000000e+01 -5.250000000000000000e+00
8.609999656677246094e+00 -1.769999980926513672e+00 6.599999904632568359e+00 -4.037500000000000000e+01 2.775000000000000000e+01 -2.425000000000000000e+01 7.050000000000000000e+01 7.181250000000000000e+01 -1.631250000000000000e+01
5.099999904632568359e+00 1.450000047683715820e+00 7.320000171661376953e+00 -4.037500000000000000e+01 2.775000000000000000e+01 -2.425000000000000000e+01 7.931250000000000000e+01 6.918750000000000000e+01 -4.250000000000000000e+01
3.799999952316284180e+00 2.829999923706054688e+00 7.590000152587890625e+00 -4.037500000000000000e+01 2.775000000000000000e+01 -2.425000000000000000e+01 6.143750000000000000e+01 5.493750000000000000e+01 -4.993750000000000000e+01
2.490000009536743164e+00 3.779999971389770508e+00 7.670000076293945312e+00 -4.037500000000000000e+01 2.775000000000000000e+01 -2.425000000000000000e+01 3.143750000000000000e+01 3.262500000000000000e+01 -5.200000000000000000e+01
7.799999713897705078e-01 2.750000000000000000e+00 6.949999809265136719e+00 -4.037500000000000000e+01 2.775000000000000000e+01 -2.425000000000000000e+01 3.143750000000000000e+01 3.262500000000000000e+01 -5.200000000000000000e+01
2.599999904632568359e-01 1.399999976158142090e+00 6.920000076293945312e+00 -4.037500000000000000e+01 2.587500000000000000e+01 -2.968750000000000000e+01 -5.000000000000000000e-01 4.187500000000000000e+00 -5.156250000000000000e+01
2.199999988079071045e-01 1.400000005960464478e-01 6.960000038146972656e+00 -4.037500000000000000e+01 2.587500000000000000e+01 -2.968750000000000000e+01 -3.862500000000000000e+01 -4.850000000000000000e+01 -5.825000000000000000e+01
1.029999971389770508e+00 -7.200000286102294922e-01 7.000000000000000000e+00 -4.037500000000000000e+01 2.587500000000000000e+01 -2.968750000000000000e+01 -4.168750000000000000e+01 -6.787500000000000000e+01 -6.206250000000000000e+01
3.019999980926513672e+00 -2.220000028610229492e+00 6.969999790191650391e+00 -4.037500000000000000e+01 2.587500000000000000e+01 -2.968750000000000000e+01 -3.706250000000000000e+01 -7.612500000000000000e+01 -6.162500000000000000e+01
4.059999942779541016e+00 -2.950000047683715820e+00 6.840000152587890625e+00 -4.037500000000000000e+01 2.587500000000000000e+01 -2.968750000000000000e+01 -3.706250000000000000e+01 -7.612500000000000000e+01 -6.162500000000000000e+01
5.000000000000000000e+00 -3.339999914169311523e+00 6.869999885559082031e+00 -4.187500000000000000e+01 2.406250000000000000e+01 -3.000000000000000000e+01 -2.525000000000000000e+01 -7.312500000000000000e+01 -5.731250000000000000e+01
