2.569999933242797852e+00 -4.230000019073486328e+00 8.470000267028808594e+00 1.325000000000000000e+01 2.306250000000000000e+01 -4.868750000000000000e+01 0.000000000000000000e+00 -1.250000000000000000e-01 -6.250000000000000000e-02
2.569999933242797852e+00 -4.250000000000000000e+00 8.449999809265136719e+00 1.325000000000000000e+01 2.306250000000000000e+01 -4.868750000000000000e+01 -1.250000000000000000e-01 6.250000000000000000e-02 6.250000000000000000e-02
2.569999933242797852e+00 -4.280000209808349609e+00 8.470000267028808594e+00 1.325000000000000000e+01 2.306250000000000000e+01 -4.868750000000000000e+01 -1.250000000000000000e-01 6.250000000000000000e-02 6.250000000000000000e-02
2.569999933242797852e+00 -4.280000209808349609e+00 8.439999580383300781e+00 1.287500000000000000e+01 2.337500000000000000e+01 -5.025000000000000000e+01 0.000000000000000000e+00 0.000000000000000000e+00 -1.875000000000000000e-01
2.559999942779541016e+00 -4.289999961853027344e+00 8.420000076293945312e+00 1.287500000000000000e+01 2.337500000000000000e+01 -5.025000000000000000e+01 1.250000000000000000e-01 0.000000000000000000e+00 -6.250000000000000000e-02
2.569999933242797852e+00 -4.250000000000000000e+00 8.420000076293945312e+00 1.287500000000000000e+01 2.337500000000000000e+01 -5.025000000000000000e+01 1.875000000000000000e-01 0.000000000000000000e+00 -1.875000000000000000e-01
2.559999942779541016e+00 -4.269999980926513672e+00 8.439999580383300781e+00 1.287500000000000000e+01 2.337500000000000000e+01 -5.025000000000000000e+01 3.125000000000000000e-01 0.000000000000000000e+00 0.000000000000000000e+00
2.559999942779541016e+00 -4.239999771118164062e+00 8.479999542236328125e+00 1.287500000000000000e+01 2.337500000000000000e+01 -5.025000000000000000e+01 1.250000000000000000e-01 6.250000000000000000e-02 -1.250000000000000000e-01
2.579999923706054688e+00 -4.250000000000000000e+00 8.460000038146972656e+00 1.250000000000000000e+01 2.337500000000000000e+01 -4.950000000000000000e+01 1.875000000000000000e-01 6.250000000000000000e-02 0.000000000000000000e+00
2.569999933242797852e+00 -4.260000228881835938e+00 8.430000305175781250e+00 1.250000000000000000e+01 2.337500000000000000e+01 -4.950000000000000000e+01 1.250000000000000000e-01 6.250000000000000000e-02 -6.250000000000000000e-02
2.569999933242797852e+00 -4.260000228881835938e+00 8.439999580383300781e+00 1.250000000000000000e+01 2.337500000000000000e+01 -4.950000000000000000e+01 0.000000000000000000e+00 1.250000000000000000e-01 -6.250000000000000000e-02
2.569999933242797852e+00 -4.250000000000000000e+00 8.449999809265136719e+00 1.250000000000000000e+01 2.337500000000000000e+01 -4.950000000000000000e+01 1.250000000000000000e-01 -1.250000000000000000e-01 0.000000000000000000e+00
2.559999942779541016e+00 -4.260000228881835938e+00 8.449999809265136719e+00 1.250000000000000000e+01 2.337500000000000000e+01 -4.950000000000000000e+01 1.250000000000000000e-01 -1.250000000000000000e-01 0.000000000000000000e+00
2.569999933242797852e+00 -4.250000000000000000e+00 8.470000267028808594e+00 1.400000000000000000e+01 2.456250000000000000e+01 -5.025000000000000000e+01 6.250000000000000000e-02 6.250000000000000000e-02 0.000000000000000000e+00
2.579999923706054688e+00 -4.250000000000000000e+00 8.479999542236328125e+00 1.400000000000000000e+01 2.456250000000000000e+01 -5.025000000000000000e+01 1.250000000000000000e-01 1.250000000000000000e-01 0.000000000000000000e+00
2.569999933242797852e+00 -4.269999980926513672e+00 8.449999809265136719e+00 1.400000000000000000e+01 2.456250000000000000e+01 -5.025000000000000000e+01 1.250000000000000000e-01 6.250000000000000000e-02 -1.250000000000000000e-01
2.569999933242797852e+00 -4.260000228881835938e+00 8.460000038146972656e+00 1.400000000000000000e+01 2.456250000000000000e+01 -5.025000000000000000e+01 -6.250000000000000000e-02 -2.500000000000000000e-01 -6.250000000000000000e-02
2.569999933242797852e+00 -4.239999771118164062e+00 8.460000038146972656e+00 1.400000000000000000e+01 2.456250000000000000e+01 -5.025000000000000000e+01 -6.250000000000000000e-02 -2.500000000000000000e-01 -6.250000000000000000e-02
2.569999933242797852e+00 -4.280000209808349609e+00 8.460000038146972656e+00 1.250000000000000000e+01 2.337500000000000000e+01 -4.868750000000000000e+01 -1.875000000000000000e-01 6.250000000000000000e-02 -1.875000000000000000e-01
2.549999952316284180e+00 -4.289999961853027344e+00 8.460000038146972656e+00 1.250000000000000000e+01 2.337500000000000000e+01 -4.868750000000000000e+01 -1.250000000000000000e-01 -1.250000000000000000e-01 0.000000000000000000e+00
2.569999933242797852e+00 -4.269999980926513672e+00 8.420000076293945312e+00 1.250000000000000000e+01 2.337500000000000000e+01 -4.868750000000000000e+01 -1.250000000000000000e-01 6.250000000000000000e-02 -6.250000000000000000e-02
2.579999923706054688e+00 -4.280000209808349609e+00 8.460000038146972656e+00 1.250000000000000000e+01 2.337500000000000000e+01 -4.868750000000000000e+01 -1.250000000000000000e-01 -3.125000000000000000e-01 -1.875000000000000000e-01
2.559999942779541016e+00 -4.210000038146972656e+00 8.500000000000000000e+00 1.250000000000000000e+01 2.337500000000000000e+01 -4.868750000000000000e+01 -1.250000000000000000e-01 -3.125000000000000000e-01 -1.875000000000000000e-01
2.539999961853027344e+00 -4.250000000000000000e+00 8.510000228881835938e+00 1.325000000000000000e+01 2.418750000000000000e+01 -4.906250000000000000e+01 -6.250000000000000000e-01 -6.875000000000000000e-01 -1.875000000000000000e-01
2.549999952316284180e+00 -4.260000228881835938e+00 8.470000267028808594e+00 1.325000000000000000e+01 2.418750000000000000e+01 -4.906250000000000000e+01 -8.750000000000000000e-01 -8.750000000000000000e-01 -1.250000000000000000e-01
2.559999942779541016e+00 -4.269999980926513672e+00 8.510000228881835938e+00 1.325000000000000000e+01 2.418750000000000000e+01 -4.906250000000000000e+01 -1.187500000000000000e+00 -1.500000000000000000e+00 -5.000000000000000000e-01
2.559999942779541016e+00 -4.289999961853027344e+00 8.449999809265136719e+00 1.325000000000000000e+01 2.418750000000000000e+01 -4.906250000000000000e+01 -1.250000000000000000e+00 -1.875000000000000000e+00 -8.125000000000000000e-01
2.549999952316284180e+00 -4.349999904632568359e+00 8.510000228881835938e+00 1.325000000000000000e+01 2.418750000000000000e+01 -4.906250000000000000e+01 -1.250000000000000000e+00 -1.875000000000000000e+00 -8.125000000000000000e-01
2.519999980926513672e+00 -4.400000095367431641e+00 8.539999961853027344e+00 1.287500000000000000e+01 2.418750000000000000e+01 -4.950000000000000000e+01 -1.687500000000000000e+00 -2.187500000000000000e+00 -1.187500000000000000e+00
2.549999952316284180e+00 -4.519999980926513672e+00 8.600000381469726562e+00 1.287500000000000000e+01 2.418750000000000000e+01 -4.950000000000000000e+01 -2.000000000000000000e+00 -3.687500000000000000e+00 -2.937500000000000000e+00
2.490000009536743164e+00 -4.460000038146972656e+00 8.619999885559082031e+00 1.287500000000000000e+01 2.418750000000000000e+01 -4.950000000000000000e+01 -2.187500000000000000e+00 -4.625000000000000000e+00 -3.937500000000000000e+00
2.359999895095825195e+00 -4.559999942779541016e+00 8.619999885559082031e+00 1.287500000000000000e+01 2.418750000000000000e+01 -4.950000000000000000e+01 -3.062500000000000000e+00 -6.000000000000000000e+00 -6.187500000000000000e+00
2.119999885559082031e+00 -4.880000114440917969e+00 8.470000267028808594e+00 1.287500000000000000e+01 2.418750000000000000e+01 -4.950000000000000000e+01 -3.062500000000000000e+00 -6.000000000000000000e+00 -6.187500000000000000e+00
2.009999990463256836e+00 -5.130000114440917969e+00 8.390000343322753906e+00 1.287500000000000000e+01 2.337500000000000000e+01 -4.950000000000000000e+01 -1.812500000000000000e+00 -7.062500000000000000e+00 -9.875000000000000000e+00
1.899999976158142090e+00 -4.849999904632568359e+00 8.479999542236328125e+00 1.287500000000000000e+01 2.337500000000000000e+01 -4.950000000000000000e+01 8.312500000000000000e+00 -8.500000000000000000e+00 -1.337500000000000000e+01
1.720000028610229492e+00 -4.639999866485595703e+00 8.619999885559082031e+00 1.287500000000000000e+01 2.337500000000000000e+01 -4.950000000000000000e+01 1.056250000000000000e+01 -7.250000000000000000e+00 -1.287500000000000000e+01
1.500000000000000000e+00 -4.329999923706054688e+00 8.800000190734863281e+00 1.287500000000000000e+01 2.337500000000000000e+01 -4.950000000000000000e+01 8.562500000000000000e+00 -5.250000000000000000e+00 -1.312500000000000000e+01
6.200000047683715820e-01 -3.799999952316284180e+00 9.159999847412109375e+00 1.287500000000000000e+01 2.337500000000000000e+01 -4.950000000000000000e+01 8.562500000000000000e+00 -5.250000000000000000e+00 -1.312500000000000000e+01
2.500000000000000000e-01 -3.960000038146972656e+00 9.250000000000000000e+00 1.187500000000000000e+01 2.375000000000000000e+01 -4.906250000000000000e+01 2.062500000000000000e+00 -3.875000000000000000e+00 -1.443750000000000000e+01
-6.100000143051147461e-01 -4.219999790191650391e+00 9.720000267028808594e+00 1.187500000000000000e+01 2.375000000000000000e+01 -4.906250000000000000e+01 -1.137500000000000000e+01 6.562500000000000000e+00 -1.537500000000000000e+01
-1.610000014305114746e+00 -4.199999809265136719e+00 9.930000305175781250e+00 1.187500000000000000e+01 2.375000000000000000e+01 -4.906250000000000000e+01 -1.793750000000000000e+01 1.250000000000000000e+01 -1.681250000000000000e+01
-3.349999904632568359e+00 -4.909999847412109375e+00 1.032999992370605469e+01 1.187500000000000000e+01 2.375000000000000000e+01 -4.906250000000000000e+01 -2.275000000000000000e+01 1.487500000000000000e+01 -2.068750000000000000e+01
-2.470000028610229492e+00 -5.199999809265136719e+00 9.729999542236328125e+00 1.187500000000000000e+01 2.375000000000000000e+01 -4.906250000000000000e+01 -2.275000000000000000e+01 1.487500000000000000e+01 -2.068750000000000000e+01
-3.420000076293945312e+00 -5.150000095367431641e+00 8.609999656677246094e+00 1.218750000000000000e+01 2.456250000000000000e+01 -4.987500000000000000e+01 -2.500000000000000000e+01 9.937500000000000000e+00 -2.556250000000000000e+01
-1.179999947547912598e+00 -5.840000152587890625e+00 9.750000000000000000e+00 1.218750000000000000e+01 2.456250000000000000e+01 -4.987500000000000000e+01 -2.450000000000000000e+01 1.100000000000000000e+01 -3.187500000000000000e+01
-2.430000066757202148e+00 -5.280000209808349609e+00 9.069999694824218750e+00 1.218750000000000000e+01 2.456250000000000000e+01 -4.987500000000000000e+01 -1.662500000000000000e+01 1.056250000000000000e+01 -2.881250000000000000e+01
-1.919999957084655762e+00 -5.829999923706054688e+00 9.710000038146972656e+00 1.218750000000000000e+01 2.456250000000000000e+01 -4.987500000000000000e+01 -1.268750000000000000e+01 8.500000000000000000e+00 -2.568750000000000000e+01
-1.350000023841857910e+00 -6.150000095367431641e+00 9.470000267028808594e+00 1.218750000000000000e+01 2.456250000000000000e+01 -4.987500000000000000e+01 -1.268750000000000000e+01 8.500000000000000000e+00 -2.568750000000000000e+01
-1.389999985694885254e+00 -5.440000057220458984e+00 9.090000152587890625e+00 1.187500000000000000e+01 2.375000000000000000e+01 -4.825000000000000000e+01 -7.562500000000000000e+00 7.937500000000000000e+00 -2.075000000000000000e+01
-9.700000286102294922e-01 -5.559999942779541016e+00 8.869999885559082031e+00 1.187500000000000000e+01 2.375000000000000000e+01 -4.825000000000000000e+01 -2.812500000000000000e+00 3.187500000000000000e+00 -1.050000000000000000e+01
-3.300000131130218506e-01 -5.420000076293945312e+00 8.779999732971191406e+00 1.187500000000000000e+01 2.375000000000000000e+01 -4.825000000000000000e+01 -1.062500000000000000e+00 -6.250000000000000000e-01 -5.500000000000000000e+00
1.599999964237213135e-01 -5.179999828338623047e+00 8.899999618530273438e+00 1.187500000000000000e+01 2.375000000000000000e+01 -4.825000000000000000e+01 -1.750000000000000000e+00 -5.687500000000000000e+00 4.375000000000000000e-01
1.019999980926513672e+00 -4.340000152587890625e+00 8.649999618530273438e+00 1.187500000000000000e+01 2.375000000000000000e+01 -4.825000000000000000e+01 -1.750000000000000000e+00 -5.687500000000000000e+00 4.375000000000000000e-01
1.779999971389770508e+00 -4.519999980926513672e+00 8.520000457763671875e+00 1.368750000000000000e+01 2.337500000000000000e+01 -4.506250000000000000e+01 -7.687500000000000000e+00 -1.131250000000000000e+01 6.750000000000000000e+00
2.240000009536743164e+00 -4.610000133514404297e+00 8.430000305175781250e+00 1.368750000000000000e+01 2.337500000000000000e+01 -4.506250000000000000e+01 -1.925000000000000000e+01 -2.100000000000000000e+01 1.537500000000000000e+01
3.170000076293945312e+00 -4.860000133514404297e+00 8.329999923706054688e+00 1.368750000000000000e+01 2.337500000000000000e+01 -4.506250000000000000e+01 -2.031250000000000000e+01 -2.512500000000000000e+01 1.775000000000000000e+01
3.259999990463256836e+00 -4.579999923706054688e+00 8.140000343322753906e+00 1.368750000000000000e+01 2.337500000000000000e+01 -4.506250000000000000e+01 -1.962500000000000000e+01 -2.950000000000000000e+01 2.062500000000000000e+01
3.730000019073486328e+00 -4.690000057220458984e+00 7.969999790191650391e+00 1.368750000000000000e+01 2.337500000000000000e+01 -4.506250000000000000e+01 -1.962500000000000000e+01 -2.950000000000000000e+01 2.062500000000000000e+01
4.019999980926513672e+00 -4.719999790191650391e+00 7.860000133514404297e+00 1.325000000000000000e+01 2.125000000000000000e+01 -4.068750000000000000e+01 -1.931250000000000000e+01 -3.243750000000000000e+01 2.362500000000000000e+01
5.070000171661376953e+00 -4.820000171661376953e+00 7.550000190734863281e+00 1.325000000000000000e+01 2.125000000000000000e+01 -4.068750000000000000e+01 -2.068750000000000000e+01 -3.468750000000000000e+01 2.593750000000000000e+01
5.260000228881835938e+00 -4.570000171661376953e+00 7.199999809265136719e+00 1.325000000000000000e+01 2.125000000000000000e+01 -4.068750000000000000e+01 -2.143750000000000000e+01 -3.650000000000000000e+01 2.825000000000000000e+01
5.489999771118164062e+00 -4.539999961853027344e+00 6.980000019073486328e+00 1.325000000000000000e+01 2.125000000000000000e+01 -4.068750000000000000e+01 -2.250000000000000000e+01 -3.837500000000000000e+01 3.193750000000000000e+01
5.679999828338623047e+00 -4.519999980926513672e+00 6.909999847412109375e+00 1.325000000000000000e+01 2.125000000000000000e+01 -4.068750000000000000e+01 -2.475000000000000000e+01 -3.912500000000000000e+01 3.506250000000000000e+01
5.809999942779541016e+00 -4.590000152587890625e+00 6.559999942779541016e+00 1.187500000000000000e+01 2.050000000000000000e+01 -3.868750000000000000e+01 -2.243750000000000000e+01 -4.037500000000000000e+01 3.743750000000000000e+01
5.880000114440917969e+00 -4.840000152587890625e+00 6.500000000000000000e+00 1.187500000000000000e+01 2.050000000000000000e+01 -3.868750000000000000e+01 -1.831250000000000000e+01 -4.218750000000000000e+01 3.843750000000000000e+01
6.170000076293945312e+00 -4.750000000000000000e+00 6.610000133514404297e+00 1.187500000000000000e+01 2.050000000000000000e+01 -3.868750000000000000e+01 -1.087500000000000000e+01 -4.318750000000000000e+01 3.750000000000000000e+01
6.639999866485595703e+00 -4.739999771118164062e+00 6.909999847412109375e+00 1.187500000000000000e+01 2.050000000000000000e+01 -3.868750000000000000e+01 -8.125000000000000000e-01 -4.437500000000000000e+01 3.606250000000000000e+01
6.789999961853027344e+00 -4.510000228881835938e+00 6.909999847412109375e+00 1.187500000000000000e+01 2.050000000000000000e+01 -3.868750000000000000e+01 1.043750000000000000e+01 -4.112500000000000000e+01 3.468750000000000000e+01
6.800000190734863281e+00 -4.500000000000000000e+00 7.019999980926513672e+00 9.500000000000000000e+00 1.825000000000000000e+01 -3.706250000000000000e+01 1.893750000000000000e+01 -3.650000000000000000e+01 3.568750000000000000e+01
6.860000133514404297e+00 -4.219999790191650391e+00 7.010000228881835938e+00 9.500000000000000000e+00 1.825000000000000000e+01 -3.706250000000000000e+01 2.531250000000000000e+01 -2.931250000000000000e+01 3.731250000000000000e+01
6.829999923706054688e+00 -3.650000095367431641e+00 7.050000190734863281e+00 9.500000000000000000e+00 1.825000000000000000e+01 -3.706250000000000000e+01 2.637500000000000000e+01 -2.206250000000000000e+01 4.087500000000000000e+01
6.760000228881835938e+00 -3.660000085830688477e+00 6.829999923706054688e+00 9.500000000000000000e+00 1.825000000000000000e+01 -3.706250000000000000e+01 2.275000000000000000e+01 -1.606250000000000000e+01 4.400000000000000000e+01
6.619999885559082031e+00 -3.420000076293945312e+00 6.699999809265136719e+00 9.500000000000000000e+00 1.825000000000000000e+01 -3.706250000000000000e+01 2.081250000000000000e+01 -1.100000000000000000e+01 4.625000000000000000e+01
6.409999847412109375e+00 -3.319999933242797852e+00 6.469999790191650391e+00 8.000000000000000000e+00 1.687500000000000000e+01 -3.706250000000000000e+01 1.725000000000000000e+01 -6.125000000000000000e+00 4.675000000000000000e+01
5.679999828338623047e+00 -3.500000000000000000e+00 6.150000095367431641e+00 8.000000000000000000e+00 1.687500000000000000e+01 -3.706250000000000000e+01 1.637500000000000000e+01 -3.375000000000000000e+00 4.462500000000000000e+01
5.429999828338623047e+00 -3.670000076293945312e+00 6.059999942779541016e+00 8.000000000000000000e+00 1.687500000000000000e+01 -3.706250000000000000e+01 1.981250000000000000e+01 -3.437500000000000000e+00 3.850000000000000000e+01
5.940000057220458984e+00 -4.070000171661376953e+00 6.409999847412109375e+00 8.000000000000000000e+00 1.687500000000000000e+01 -3.706250000000000000e+01 2.768750000000000000e+01 -5.812500000000000000e+00 2.737500000000000000e+01
8.100000381469726562e+00 -4.199999809265136719e+00 7.670000076293945312e+00 8.000000000000000000e+00 1.687500000000000000e+01 -3.706250000000000000e+01 4.175000000000000000e+01 -8.500000000000000000e+00 1.275000000000000000e+01
8.020000457763671875e+00 -3.349999904632568359e+00 7.820000171661376953e+00 6.500000000000000000e+00 1.537500000000000000e+01 -3.625000000000000000e+01 4.837500000000000000e+01 -6.875000000000000000e+00 3.625000000000000000e+00
7.090000152587890625e+00 -2.920000076293945312e+00 7.969999790191650391e+00 6.500000000000000000e+00 1.537500000000000000e+01 -3.625000000000000000e+01 3.462500000000000000e+01 5.625000000000000000e-01 5.187500000000000000e+00
5.550000190734863281e+00 -3.089999914169311523e+00 7.719999790191650391e+00 6.500000000000000000e+00 1.537500000000000000e+01 -3.625000000000000000e+01 1.593750000000000000e+01 1.637500000000000000e+01 8.437500000000000000e+00
4.670000076293945312e+00 -4.349999904632568359e+00 7.739999771118164062e+00 6.500000000000000000e+00 1.537500000000000000e+01 -3.625000000000000000e+01 7.437500000000000000e+00 3.025000000000000000e+01 9.125000000000000000e+00
4.230000019073486328e+00 -4.900000095367431641e+00 7.980000019073486328e+00 6.500000000000000000e+00 1.537500000000000000e+01 -3.625000000000000000e+01 7.062500000000000000e+00 3.862500000000000000e+01 1.000000000000000000e+01
3.480000019073486328e+00 -5.420000076293945312e+00 8.239999771118164062e+00 6.500000000000000000e+00 1.468750000000000000e+01 -3.750000000000000000e+01 9.000000000000000000e+00 4.337500000000000000e+01 1.250000000000000000e+01
2.880000114440917969e+00 -5.579999923706054688e+00 8.399999618530273438e+00 6.500000000000000000e+00 1.468750000000000000e+01 -3.750000000000000000e+01 1.481250000000000000e+01 4.512500000000000000e+01 1.437500000000000000e+01
2.049999952316284180e+00 -4.670000076293945312e+00 8.489999771118164062e+00 6.500000000000000000e+00 1.468750000000000000e+01 -3.750000000000000000e+01 2.043750000000000000e+01 4.287500000000000000e+01 1.512500000000000000e+01
1.179999947547912598e+00 -4.599999904632568359e+00 8.680000305175781250e+00 6.500000000000000000e+00 1.468750000000000000e+01 -3.750000000000000000e+01 2.150000000000000000e+01 3.931250000000000000e+01 1.400000000000000000e+01
-6.299999952316284180e-01 -4.130000114440917969e+00 8.979999542236328125e+00 6.500000000000000000e+00 1.468750000000000000e+01 -3.750000000000000000e+01 2.193750000000000000e+01 3.056250000000000000e+01 8.125000000000000000e+00
1.210000038146972656e+00 -4.110000133514404297e+00 9.350000381469726562e+00 7.875000000000000000e+00 1.425000000000000000e+01 -3.556250000000000000e+01 1.656250000000000000e+01 1.168750000000000000e+01 1.312500000000000000e+00
2.259999990463256836e+00 -3.779999971389770508e+00 9.100000381469726562e+00 7.875000000000000000e+00 1.425000000000000000e+01 -3.556250000000000000e+01 9.187500000000000000e+00 -5.000000000000000000e-01 -3.687500000000000000e+00
2.609999895095825195e+00 -3.880000114440917969e+00 8.930000305175781250e+00 7.875000000000000000e+00 1.425000000000000000e+01 -3.556250000000000000e+01 1.375000000000000000e+00 -5.500000000000000000e+00 -4.437500000000000000e+00
3.000000000000000000e+00 -4.000000000000000000e+00 8.399999618530273438e+00 7.875000000000000000e+00 1.425000000000000000e+01 -3.556250000000000000e+01 -3.000000000000000000e+00 -5.562500000000000000e+00 -3.500000000000000000e+00
3.500000000000000000e+00 -4.380000114440917969e+00 8.189999580383300781e+00 7.875000000000000000e+00 1.425000000000000000e+01 -3.556250000000000000e+01 -4.187500000000000000e+00 -3.812500000000000000e+00 -1.125000000000000000e+00
3.130000114440917969e+00 -4.550000190734863281e+00 8.359999656677246094e+00 9.375000000000000000e+00 1.275000000000000000e+01 -3.518750000000000000e+01 -4.687500000000000000e+00 -1.875000000000000000e-01 1.812500000000000000e+00
2.839999914169311523e+00 -4.420000076293945312e+00 8.460000038146972656e+00 9.375000000000000000e+00 1.275000000000000000e+01 -3.518750000000000000e+01 -3.812500000000000000e+00 2.062500000000000000e+00 3.687500000000000000e+00
2.750000000000000000e+00 -4.380000114440917969e+00 8.479999542236328125e+00 9.375000000000000000e+00 1.275000000000000000e+01 -3.518750000000000000e+01 -4.750000000000000000e+00 2.750000000000000000e+00 3.687500000000000000e+00
2.910000085830688477e+00 -4.449999809265136719e+00 8.630000114440917969e+00 9.375000000000000000e+00 1.275000000000000000e+01 -3.518750000000000000e+01 -6.000000000000000000e+00 2.187500000000000000e+00 2.875000000000000000e+00
3.329999923706054688e+00 -4.440000057220458984e+00 8.619999885559082031e+00 9.375000000000000000e+00 1.275000000000000000e+01 -3.518750000000000000e+01 -6.562500000000000000e+00 1.562500000000000000e+00 1.937500000000000000e+00
3.730000019073486328e+00 -4.429999828338623047e+00 8.539999961853027344e+00 8.375000000000000000e+00 1.337500000000000000e+01 -3.637500000000000000e+01 -6.250000000000000000e+00 2.125000000000000000e+00 6.875000000000000000e-01
4.130000114440917969e+00 -4.329999923706054688e+00 8.069999694824218750e+00 8.375000000000000000e+00 1.337500000000000000e+01 -3.637500000000000000e+01 -5.375000000000000000e+00 3.937500000000000000e+00 -2.500000000000000000e-01
