2.299999952316284180e+00 -4.619999885559082031e+00 8.550000190734863281e+00 1.725000000000000000e+01 2.425000000000000000e+01 -4.318750000000000000e+01 4.375000000000000000e-01 -1.875000000000000000e+00 -1.000000000000000000e+00
2.309999942779541016e+00 -4.659999847412109375e+00 8.590000152587890625e+00 1.725000000000000000e+01 2.425000000000000000e+01 -4.318750000000000000e+01 3.750000000000000000e-01 -1.562500000000000000e+00 -1.125000000000000000e+00
2.329999923706054688e+00 -4.670000076293945312e+00 8.550000190734863281e+00 1.618750000000000000e+01 2.500000000000000000e+01 -4.437500000000000000e+01 2.500000000000000000e-01 -7.500000000000000000e-01 -7.500000000000000000e-01
2.099999904632568359e+00 -4.610000133514404297e+00 8.380000114440917969e+00 1.618750000000000000e+01 2.500000000000000000e+01 -4.437500000000000000e+01 2.500000000000000000e-01 1.875000000000000000e-01 -3.125000000000000000e-01
2.089999914169311523e+00 -4.550000190734863281e+00 8.340000152587890625e+00 1.618750000000000000e+01 2.500000000000000000e+01 -4.437500000000000000e+01 3.125000000000000000e-01 7.500000000000000000e-01 6.250000000000000000e-02
2.039999961853027344e+00 -4.530000209808349609e+00 8.310000419616699219e+00 1.618750000000000000e+01 2.500000000000000000e+01 -4.437500000000000000e+01 3.750000000000000000e-01 5.625000000000000000e-01 1.250000000000000000e-01
1.980000019073486328e+00 -4.460000038146972656e+00 8.239999771118164062e+00 1.618750000000000000e+01 2.500000000000000000e+01 -4.437500000000000000e+01 4.375000000000000000e-01 4.375000000000000000e-01 1.250000000000000000e-01
1.990000009536743164e+00 -4.489999771118164062e+00 8.279999732971191406e+00 1.575000000000000000e+01 2.468750000000000000e+01 -4.318750000000000000e+01 3.125000000000000000e-01 -1.250000000000000000e-01 -1.250000000000000000e-01
2.009999990463256836e+00 -4.480000019073486328e+00 8.229999542236328125e+00 1.575000000000000000e+01 2.468750000000000000e+01 -4.318750000000000000e+01 2.500000000000000000e-01 -1.062500000000000000e+00 -5.625000000000000000e-01
1.899999976158142090e+00 -4.460000038146972656e+00 8.229999542236328125e+00 1.575000000000000000e+01 2.468750000000000000e+01 -4.318750000000000000e+01 1.250000000000000000e-01 -1.625000000000000000e+00 -8.125000000000000000e-01
2.069999933242797852e+00 -4.539999961853027344e+00 8.329999923706054688e+00 1.575000000000000000e+01 2.468750000000000000e+01 -4.318750000000000000e+01 1.875000000000000000e-01 -2.437500000000000000e+00 -1.375000000000000000e+00
2.130000114440917969e+00 -4.570000171661376953e+00 8.340000152587890625e+00 1.575000000000000000e+01 2.468750000000000000e+01 -4.318750000000000000e+01 -2.500000000000000000e-01 -3.437500000000000000e+00 -1.562500000000000000e+00
2.180000066757202148e+00 -4.579999923706054688e+00 8.380000114440917969e+00 1.700000000000000000e+01 2.425000000000000000e+01 -4.437500000000000000e+01 -1.875000000000000000e-01 -4.187500000000000000e+00 -1.625000000000000000e+00
2.119999885559082031e+00 -4.570000171661376953e+00 8.409999847412109375e+00 1.700000000000000000e+01 2.425000000000000000e+01 -4.437500000000000000e+01 3.125000000000000000e-01 -3.875000000000000000e+00 -1.875000000000000000e+00
2.170000076293945312e+00 -4.550000190734863281e+00 8.409999847412109375e+00 1.700000000000000000e+01 2.425000000000000000e+01 -4.437500000000000000e+01 6.250000000000000000e-01 -3.812500000000000000e+00 -2.062500000000000000e+00
2.230000019073486328e+00 -4.570000171661376953e+00 8.409999847412109375e+00 1.700000000000000000e+01 2.425000000000000000e+01 -4.437500000000000000e+01 3.750000000000000000e-01 -3.937500000000000000e+00 -1.937500000000000000e+00
2.220000028610229492e+00 -4.579999923706054688e+00 8.430000305175781250e+00 1.700000000000000000e+01 2.425000000000000000e+01 -4.437500000000000000e+01 3.125000000000000000e-01 -3.875000000000000000e+00 -2.125000000000000000e+00
2.269999980926513672e+00 -4.579999923706054688e+00 8.460000038146972656e+00 1.656250000000000000e+01 2.500000000000000000e+01 -4.400000000000000000e+01 3.125000000000000000e-01 -3.562500000000000000e+00 -2.062500000000000000e+00
2.349999904632568359e+00 -4.619999885559082031e+00 8.550000190734863281e+00 1.656250000000000000e+01 2.500000000000000000e+01 -4.400000000000000000e+01 3.125000000000000000e-01 -3.562500000000000000e+00 -2.062500000000000000e+00
2.430000066757202148e+00 -4.679999828338623047e+00 8.590000152587890625e+00 1.656250000000000000e+01 2.500000000000000000e+01 -4.400000000000000000e+01 2.500000000000000000e-01 -3.375000000000000000e+00 -1.937500000000000000e+00
2.359999895095825195e+00 -4.659999847412109375e+00 8.510000228881835938e+00 1.656250000000000000e+01 2.500000000000000000e+01 -4.400000000000000000e+01 5.000000000000000000e-01 -2.250000000000000000e+00 -1.437500000000000000e+00
2.150000095367431641e+00 -4.559999942779541016e+00 8.300000190734863281e+00 1.656250000000000000e+01 2.500000000000000000e+01 -4.400000000000000000e+01 6.250000000000000000e-01 -1.062500000000000000e+00 -1.062500000000000000e+00
2.109999895095825195e+00 -4.519999980926513672e+00 8.239999771118164062e+00 1.700000000000000000e+01 2.537500000000000000e+01 -4.437500000000000000e+01 1.562500000000000000e+00 -1.250000000000000000e+00 -6.875000000000000000e-01
2.069999933242797852e+00 -4.480000019073486328e+00 8.220000267028808594e+00 1.700000000000000000e+01 2.537500000000000000e+01 -4.437500000000000000e+01 1.562500000000000000e+00 -1.250000000000000000e+00 -6.875000000000000000e-01
2.000000000000000000e+00 -4.460000038146972656e+00 8.149999618530273438e+00 1.700000000000000000e+01 2.537500000000000000e+01 -4.437500000000000000e+01 1.937500000000000000e+00 -2.000000000000000000e+00 -1.250000000000000000e+00
1.960000038146972656e+00 -4.460000038146972656e+00 8.130000114440917969e+00 1.700000000000000000e+01 2.537500000000000000e+01 -4.437500000000000000e+01 2.437500000000000000e+00 -2.937500000000000000e+00 -1.625000000000000000e+00
1.879999995231628418e+00 -4.420000076293945312e+00 8.079999923706054688e+00 1.700000000000000000e+01 2.537500000000000000e+01 -4.437500000000000000e+01 3.250000000000000000e+00 -3.875000000000000000e+00 -2.250000000000000000e+00
1.809999942779541016e+00 -4.369999885559082031e+00 8.010000228881835938e+00 1.725000000000000000e+01 2.537500000000000000e+01 -4.356250000000000000e+01 5.875000000000000000e+00 -7.125000000000000000e+00 -4.312500000000000000e+00
1.539999961853027344e+00 -4.489999771118164062e+00 7.619999885559082031e+00 1.725000000000000000e+01 2.537500000000000000e+01 -4.356250000000000000e+01 5.875000000000000000e+00 -7.125000000000000000e+00 -4.312500000000000000e+00
1.399999976158142090e+00 -4.579999923706054688e+00 7.440000057220458984e+00 1.725000000000000000e+01 2.537500000000000000e+01 -4.356250000000000000e+01 8.250000000000000000e+00 -9.562500000000000000e+00 -6.062500000000000000e+00
1.350000023841857910e+00 -4.739999771118164062e+00 7.639999866485595703e+00 1.725000000000000000e+01 2.537500000000000000e+01 -4.356250000000000000e+01 1.268750000000000000e+01 -1.293750000000000000e+01 -8.937500000000000000e+00
1.779999971389770508e+00 -5.059999942779541016e+00 8.489999771118164062e+00 1.725000000000000000e+01 2.537500000000000000e+01 -4.356250000000000000e+01 1.893750000000000000e+01 -1.856250000000000000e+01 -1.250000000000000000e+01
3.640000104904174805e+00 -5.019999980926513672e+00 9.630000114440917969e+00 1.550000000000000000e+01 2.500000000000000000e+01 -4.356250000000000000e+01 2.575000000000000000e+01 -2.412500000000000000e+01 -1.468750000000000000e+01
3.309999942779541016e+00 -4.630000114440917969e+00 9.000000000000000000e+00 1.550000000000000000e+01 2.500000000000000000e+01 -4.356250000000000000e+01 2.575000000000000000e+01 -2.412500000000000000e+01 -1.468750000000000000e+01
2.930000066757202148e+00 -4.690000057220458984e+00 8.550000190734863281e+00 1.550000000000000000e+01 2.500000000000000000e+01 -4.356250000000000000e+01 2.100000000000000000e+01 -1.650000000000000000e+01 -1.337500000000000000e+01
2.710000038146972656e+00 -4.010000228881835938e+00 9.029999732971191406e+00 1.550000000000000000e+01 2.500000000000000000e+01 -4.356250000000000000e+01 1.781250000000000000e+01 -1.193750000000000000e+01 -1.225000000000000000e+01
2.490000009536743164e+00 -3.740000009536743164e+00 9.119999885559082031e+00 1.550000000000000000e+01 2.500000000000000000e+01 -4.356250000000000000e+01 1.868750000000000000e+01 -9.937500000000000000e+00 -1.100000000000000000e+01
2.490000009536743164e+00 -3.740000009536743164e+00 9.119999885559082031e+00 1.506250000000000000e+01 2.387500000000000000e+01 -4.400000000000000000e+01 1.456250000000000000e+01 -8.500000000000000000e+00 -9.437500000000000000e+00
2.150000095367431641e+00 -3.930000066757202148e+00 8.890000343322753906e+00 1.506250000000000000e+01 2.387500000000000000e+01 -4.400000000000000000e+01 7.375000000000000000e+00 -8.937500000000000000e+00 -9.000000000000000000e+00
2.009999990463256836e+00 -4.260000228881835938e+00 8.689999580383300781e+00 1.506250000000000000e+01 2.387500000000000000e+01 -4.400000000000000000e+01 3.875000000000000000e+00 -1.106250000000000000e+01 -9.437500000000000000e+00
1.730000019073486328e+00 -4.750000000000000000e+00 8.600000381469726562e+00 1.506250000000000000e+01 2.387500000000000000e+01 -4.400000000000000000e+01 3.875000000000000000e+00 -1.243750000000000000e+01 -9.750000000000000000e+00
1.429999947547912598e+00 -4.900000095367431641e+00 8.640000343322753906e+00 1.506250000000000000e+01 2.387500000000000000e+01 -4.400000000000000000e+01 5.437500000000000000e+00 -1.256250000000000000e+01 -1.018750000000000000e+01
1.110000014305114746e+00 -4.969999790191650391e+00 8.729999542236328125e+00 1.437500000000000000e+01 2.425000000000000000e+01 -4.400000000000000000e+01 1.031250000000000000e+01 -1.181250000000000000e+01 -1.100000000000000000e+01
6.299999952316284180e-01 -5.079999923706054688e+00 8.829999923706054688e+00 1.437500000000000000e+01 2.425000000000000000e+01 -4.400000000000000000e+01 1.031250000000000000e+01 -1.181250000000000000e+01 -1.100000000000000000e+01
-5.199999809265136719e-01 -5.650000095367431641e+00 9.710000038146972656e+00 1.437500000000000000e+01 2.425000000000000000e+01 -4.400000000000000000e+01 1.062500000000000000e+01 -7.875000000000000000e+00 -1.037500000000000000e+01
-1.549999952316284180e+00 -6.050000190734863281e+00 1.043000030517578125e+01 1.437500000000000000e+01 2.425000000000000000e+01 -4.400000000000000000e+01 7.750000000000000000e+00 2.375000000000000000e+00 -8.125000000000000000e+00
-3.099999904632568359e+00 -6.329999923706054688e+00 1.047999954223632812e+01 1.437500000000000000e+01 2.425000000000000000e+01 -4.400000000000000000e+01 1.187500000000000000e+00 1.756250000000000000e+01 -4.250000000000000000e+00
-4.840000152587890625e+00 -6.440000057220458984e+00 9.439999580383300781e+00 1.287500000000000000e+01 2.387500000000000000e+01 -4.437500000000000000e+01 -6.562500000000000000e+00 2.443750000000000000e+01 -1.437500000000000000e+00
-5.289999961853027344e+00 -5.820000171661376953e+00 7.510000228881835938e+00 1.287500000000000000e+01 2.387500000000000000e+01 -4.437500000000000000e+01 -2.406250000000000000e+01 2.512500000000000000e+01 2.625000000000000000e+00
-3.380000114440917969e+00 -5.889999866485595703e+00 8.699999809265136719e+00 1.287500000000000000e+01 2.387500000000000000e+01 -4.437500000000000000e+01 -3.593750000000000000e+01 1.062500000000000000e+01 2.437500000000000000e+00
-4.199999809265136719e+00 -6.449999809265136719e+00 7.900000095367431641e+00 1.287500000000000000e+01 2.387500000000000000e+01 -4.437500000000000000e+01 -2.387500000000000000e+01 -4.062500000000000000e+00 -2.375000000000000000e+00
-1.240000009536743164e+00 -6.300000190734863281e+00 8.960000038146972656e+00 1.287500000000000000e+01 2.387500000000000000e+01 -4.437500000000000000e+01 -2.593750000000000000e+01 -5.562500000000000000e+00 8.000000000000000000e+00
-1.250000000000000000e+00 -7.139999866485595703e+00 8.989999771118164062e+00 1.400000000000000000e+01 2.237500000000000000e+01 -4.237500000000000000e+01 -2.912500000000000000e+01 -6.312500000000000000e+00 2.800000000000000000e+01
-8.500000238418579102e-01 -7.599999904632568359e+00 8.989999771118164062e+00 1.400000000000000000e+01 2.237500000000000000e+01 -4.237500000000000000e+01 -2.912500000000000000e+01 -6.312500000000000000e+00 2.800000000000000000e+01
2.800000011920928955e-01 -7.070000171661376953e+00 9.050000190734863281e+00 1.400000000000000000e+01 2.237500000000000000e+01 -4.237500000000000000e+01 -2.368750000000000000e+01 -6.687500000000000000e+00 3.850000000000000000e+01
5.999999865889549255e-02 -5.789999961853027344e+00 6.969999790191650391e+00 1.400000000000000000e+01 2.237500000000000000e+01 -4.237500000000000000e+01 -1.756250000000000000e+01 -9.125000000000000000e+00 4.712500000000000000e+01
8.799999952316284180e-01 -5.179999828338623047e+00 6.230000019073486328e+00 1.400000000000000000e+01 2.237500000000000000e+01 -4.237500000000000000e+01 -8.437500000000000000e+00 -1.887500000000000000e+01 5.118750000000000000e+01
8.399999737739562988e-01 -4.530000209808349609e+00 5.650000095367431641e+00 1.468750000000000000e+01 2.206250000000000000e+01 -3.918750000000000000e+01 3.106250000000000000e+01 -3.818750000000000000e+01 3.393750000000000000e+01
3.319999933242797852e+00 -4.030000209808349609e+00 7.269999980926513672e+00 1.468750000000000000e+01 2.206250000000000000e+01 -3.918750000000000000e+01 3.106250000000000000e+01 -3.818750000000000000e+01 3.393750000000000000e+01
7.019999980926513672e+00 -3.279999971389770508e+00 9.000000000000000000e+00 1.468750000000000000e+01 2.206250000000000000e+01 -3.918750000000000000e+01 6.093750000000000000e+01 -5.281250000000000000e+01 1.975000000000000000e+01
8.970000267028808594e+00 -2.150000095367431641e+00 1.021000003814697266e+01 1.468750000000000000e+01 2.206250000000000000e+01 -3.918750000000000000e+01 7.737500000000000000e+01 -5.681250000000000000e+01 6.812500000000000000e+00
8.119999885559082031e+00 -1.019999980926513672e+00 1.002000045776367188e+01 1.468750000000000000e+01 2.206250000000000000e+01 -3.918750000000000000e+01 6.425000000000000000e+01 -3.893750000000000000e+01 1.087500000000000000e+01
8.619999885559082031e+00 -1.169999957084655762e+00 8.810000419616699219e+00 1.350000000000000000e+01 1.875000000000000000e+01 -3.637500000000000000e+01 1.381250000000000000e+01 4.687500000000000000e+00 1.650000000000000000e+01
8.010000228881835938e+00 -1.080000042915344238e+00 7.880000114440917969e+00 1.350000000000000000e+01 1.875000000000000000e+01 -3.637500000000000000e+01 1.381250000000000000e+01 4.687500000000000000e+00 1.650000000000000000e+01
7.139999866485595703e+00 -9.399999976158142090e-01 7.250000000000000000e+00 1.350000000000000000e+01 1.875000000000000000e+01 -3.637500000000000000e+01 8.625000000000000000e+00 7.187500000000000000e+00 4.937500000000000000e+00
7.269999980926513672e+00 -4.099999964237213135e-01 7.230000019073486328e+00 1.350000000000000000e+01 1.875000000000000000e+01 -3.637500000000000000e+01 -1.375000000000000000e+00 3.312500000000000000e+00 -9.000000000000000000e+00
8.829999923706054688e+00 -1.919999957084655762e+00 7.809999942779541016e+00 1.350000000000000000e+01 1.875000000000000000e+01 -3.637500000000000000e+01 -1.181250000000000000e+01 2.500000000000000000e-01 -1.800000000000000000e+01
8.510000228881835938e+00 -2.650000095367431641e+00 6.969999790191650391e+00 1.350000000000000000e+01 1.875000000000000000e+01 -3.637500000000000000e+01 -1.675000000000000000e+01 7.500000000000000000e+00 -2.362500000000000000e+01
8.479999542236328125e+00 -3.559999942779541016e+00 7.659999847412109375e+00 1.100000000000000000e+01 1.537500000000000000e+01 -3.437500000000000000e+01 -1.675000000000000000e+01 7.500000000000000000e+00 -2.362500000000000000e+01
7.679999828338623047e+00 -4.130000114440917969e+00 6.800000190734863281e+00 1.100000000000000000e+01 1.537500000000000000e+01 -3.437500000000000000e+01 -1.406250000000000000e+01 1.012500000000000000e+01 -2.431250000000000000e+01
6.739999771118164062e+00 -4.550000190734863281e+00 7.489999771118164062e+00 1.100000000000000000e+01 1.537500000000000000e+01 -3.437500000000000000e+01 -5.250000000000000000e+00 1.006250000000000000e+01 -2.393750000000000000e+01
6.909999847412109375e+00 -3.970000028610229492e+00 8.069999694824218750e+00 1.100000000000000000e+01 1.537500000000000000e+01 -3.437500000000000000e+01 4.000000000000000000e+00 6.437500000000000000e+00 -2.256250000000000000e+01
6.110000133514404297e+00 -3.589999914169311523e+00 7.360000133514404297e+00 1.006250000000000000e+01 1.456250000000000000e+01 -3.568750000000000000e+01 6.687500000000000000e+00 5.562500000000000000e+00 -2.175000000000000000e+01
3.960000038146972656e+00 -4.360000133514404297e+00 8.600000381469726562e+00 1.006250000000000000e+01 1.456250000000000000e+01 -3.568750000000000000e+01 6.687500000000000000e+00 5.562500000000000000e+00 -2.175000000000000000e+01
2.690000057220458984e+00 -4.489999771118164062e+00 8.979999542236328125e+00 1.006250000000000000e+01 1.456250000000000000e+01 -3.568750000000000000e+01 7.187500000000000000e+00 8.125000000000000000e+00 -1.956250000000000000e+01
1.360000014305114746e+00 -4.139999866485595703e+00 8.539999961853027344e+00 1.006250000000000000e+01 1.456250000000000000e+01 -3.568750000000000000e+01 7.000000000000000000e+00 5.312500000000000000e+00 -2.043750000000000000e+01
1.000000000000000000e+00 -3.630000114440917969e+00 8.489999771118164062e+00 1.006250000000000000e+01 1.456250000000000000e+01 -3.568750000000000000e+01 4.687500000000000000e+00 -3.437500000000000000e+00 -2.618750000000000000e+01
2.039999961853027344e+00 -3.220000028610229492e+00 8.869999885559082031e+00 1.006250000000000000e+01 1.456250000000000000e+01 -3.568750000000000000e+01 -1.387500000000000000e+01 -7.062500000000000000e+00 -3.481250000000000000e+01
2.140000104904174805e+00 -3.440000057220458984e+00 8.890000343322753906e+00 1.050000000000000000e+01 1.500000000000000000e+01 -3.406250000000000000e+01 -1.387500000000000000e+01 -7.062500000000000000e+00 -3.481250000000000000e+01
1.960000038146972656e+00 -3.839999914169311523e+00 8.670000076293945312e+00 1.050000000000000000e+01 1.500000000000000000e+01 -3.406250000000000000e+01 -2.293750000000000000e+01 -3.062500000000000000e+00 -3.625000000000000000e+01
1.440000057220458984e+00 -4.539999961853027344e+00 8.979999542236328125e+00 1.050000000000000000e+01 1.500000000000000000e+01 -3.406250000000000000e+01 -2.918750000000000000e+01 2.437500000000000000e+00 -3.675000000000000000e+01
1.240000009536743164e+00 -4.800000190734863281e+00 8.899999618530273438e+00 1.050000000000000000e+01 1.500000000000000000e+01 -3.406250000000000000e+01 -3.412500000000000000e+01 7.812500000000000000e+00 -3.706250000000000000e+01
1.230000019073486328e+00 -4.780000209808349609e+00 8.590000152587890625e+00 8.250000000000000000e+00 1.500000000000000000e+01 -3.487500000000000000e+01 -3.812500000000000000e+01 1.468750000000000000e+01 -3.762500000000000000e+01
1.220000028610229492e+00 -4.809999942779541016e+00 8.310000419616699219e+00 8.250000000000000000e+00 1.500000000000000000e+01 -3.487500000000000000e+01 -3.812500000000000000e+01 1.468750000000000000e+01 -3.762500000000000000e+01
1.720000028610229492e+00 -5.050000190734863281e+00 8.310000419616699219e+00 8.250000000000000000e+00 1.500000000000000000e+01 -3.487500000000000000e+01 -3.575000000000000000e+01 1.487500000000000000e+01 -3.706250000000000000e+01
2.240000009536743164e+00 -5.090000152587890625e+00 8.189999580383300781e+00 8.250000000000000000e+00 1.500000000000000000e+01 -3.487500000000000000e+01 -2.456250000000000000e+01 1.400000000000000000e+01 -3.100000000000000000e+01
2.319999933242797852e+00 -5.340000152587890625e+00 7.829999923706054688e+00 8.250000000000000000e+00 1.500000000000000000e+01 -3.487500000000000000e+01 -2.456250000000000000e+01 1.400000000000000000e+01 -3.100000000000000000e+01
2.779999971389770508e+00 -5.369999885559082031e+00 7.880000114440917969e+00 8.250000000000000000e+00 1.500000000000000000e+01 -3.487500000000000000e+01 1.312500000000000000e+00 1.043750000000000000e+01 -2.118750000000000000e+01
3.640000104904174805e+00 -4.960000038146972656e+00 7.780000209808349609e+00 8.250000000000000000e+00 1.606250000000000000e+01 -3.337500000000000000e+01 1.312500000000000000e+00 1.043750000000000000e+01 -2.118750000000000000e+01
3.769999980926513672e+00 -4.679999828338623047e+00 8.109999656677246094e+00 8.250000000000000000e+00 1.606250000000000000e+01 -3.337500000000000000e+01 1.143750000000000000e+01 1.025000000000000000e+01 -1.425000000000000000e+01
3.880000114440917969e+00 -3.990000009536743164e+00 7.739999771118164062e+00 8.250000000000000000e+00 1.606250000000000000e+01 -3.337500000000000000e+01 1.618750000000000000e+01 8.875000000000000000e+00 -6.250000000000000000e+00
4.250000000000000000e+00 -3.720000028610229492e+00 8.109999656677246094e+00 8.250000000000000000e+00 1.606250000000000000e+01 -3.337500000000000000e+01 1.737500000000000000e+01 9.125000000000000000e+00 -1.000000000000000000e+00
4.269999980926513672e+00 -3.390000104904174805e+00 8.210000038146972656e+00 8.250000000000000000e+00 1.606250000000000000e+01 -3.337500000000000000e+01 1.743750000000000000e+01 7.687500000000000000e+00 8.312500000000000000e+00
4.170000076293945312e+00 -3.140000104904174805e+00 8.130000114440917969e+00 8.187500000000000000e+00 1.750000000000000000e+01 -3.337500000000000000e+01 1.743750000000000000e+01 7.687500000000000000e+00 8.312500000000000000e+00
4.260000228881835938e+00 -3.049999952316284180e+00 8.340000152587890625e+00 8.187500000000000000e+00 1.750000000000000000e+01 -3.337500000000000000e+01 1.162500000000000000e+01 6.812500000000000000e+00 1.325000000000000000e+01
4.179999828338623047e+00 -3.059999942779541016e+00 8.149999618530273438e+00 8.187500000000000000e+00 1.750000000000000000e+01 -3.337500000000000000e+01 9.625000000000000000e+00 7.250000000000000000e+00 1.450000000000000000e+01
4.210000038146972656e+00 -3.140000104904174805e+00 8.319999694824218750e+00 8.187500000000000000e+00 1.750000000000000000e+01 -3.337500000000000000e+01 7.000000000000000000e+00 8.750000000000000000e+00 1.543750000000000000e+01
4.190000057220458984e+00 -3.450000047683715820e+00 8.149999618530273438e+00 8.187500000000000000e+00 1.750000000000000000e+01 -3.337500000000000000e+01 6.750000000000000000e+00 1.006250000000000000e+01 1.593750000000000000e+01
3.859999895095825195e+00 -3.670000076293945312e+00 8.039999961853027344e+00 7.375000000000000000e+00 1.618750000000000000e+01 -3.137500000000000000e+01 6.750000000000000000e+00 1.006250000000000000e+01 1.593750000000000000e+01
3.809999942779541016e+00 -3.819999933242797852e+00 8.319999694824218750e+00 7.375000000000000000e+00 1.618750000000000000e+01 -3.137500000000000000e+01 6.562500000000000000e+00 1.218750000000000000e+01 1.575000000000000000e+01
