2.250000000000000000e+00 -4.389999866485595703e+00 8.489999771118164062e+00 1.568750000000000000e+01 2.350000000000000000e+01 -4.450000000000000000e+01 3.750000000000000000e-01 2.500000000000000000e-01 0.000000000000000000e+00
2.230000019073486328e+00 -4.420000076293945312e+00 8.479999542236328125e+00 1.568750000000000000e+01 2.350000000000000000e+01 -4.450000000000000000e+01 6.875000000000000000e-01 1.250000000000000000e-01 -1.875000000000000000e-01
2.250000000000000000e+00 -4.320000171661376953e+00 8.479999542236328125e+00 1.568750000000000000e+01 2.350000000000000000e+01 -4.450000000000000000e+01 6.875000000000000000e-01 1.250000000000000000e-01 -1.875000000000000000e-01
2.269999980926513672e+00 -4.300000190734863281e+00 8.510000228881835938e+00 1.500000000000000000e+01 2.350000000000000000e+01 -4.368750000000000000e+01 6.875000000000000000e-01 0.000000000000000000e+00 -3.125000000000000000e-01
2.289999961853027344e+00 -4.289999961853027344e+00 8.539999961853027344e+00 1.500000000000000000e+01 2.350000000000000000e+01 -4.368750000000000000e+01 6.250000000000000000e-01 -6.250000000000000000e-02 -2.500000000000000000e-01
2.269999980926513672e+00 -4.320000171661376953e+00 8.489999771118164062e+00 1.500000000000000000e+01 2.350000000000000000e+01 -4.368750000000000000e+01 1.250000000000000000e-01 -6.250000000000000000e-02 -1.250000000000000000e-01
2.299999952316284180e+00 -4.340000152587890625e+00 8.489999771118164062e+00 1.500000000000000000e+01 2.350000000000000000e+01 -4.368750000000000000e+01 0.000000000000000000e+00 -6.250000000000000000e-02 0.000000000000000000e+00
2.279999971389770508e+00 -4.309999942779541016e+00 8.510000228881835938e+00 1.500000000000000000e+01 2.350000000000000000e+01 -4.368750000000000000e+01 0.000000000000000000e+00 -6.250000000000000000e-02 0.000000000000000000e+00
2.269999980926513672e+00 -4.309999942779541016e+00 8.500000000000000000e+00 1.568750000000000000e+01 2.306250000000000000e+01 -4.287500000000000000e+01 -6.250000000000000000e-02 0.000000000000000000e+00 -6.250000000000000000e-02
2.250000000000000000e+00 -4.340000152587890625e+00 8.460000038146972656e+00 1.568750000000000000e+01 2.306250000000000000e+01 -4.287500000000000000e+01 -1.250000000000000000e-01 0.000000000000000000e+00 2.500000000000000000e-01
2.230000019073486328e+00 -4.400000095367431641e+00 8.460000038146972656e+00 1.568750000000000000e+01 2.306250000000000000e+01 -4.287500000000000000e+01 -1.875000000000000000e-01 1.250000000000000000e-01 6.250000000000000000e-02
2.250000000000000000e+00 -4.409999847412109375e+00 8.479999542236328125e+00 1.568750000000000000e+01 2.306250000000000000e+01 -4.287500000000000000e+01 6.250000000000000000e-02 0.000000000000000000e+00 1.250000000000000000e-01
2.279999971389770508e+00 -4.340000152587890625e+00 8.510000228881835938e+00 1.568750000000000000e+01 2.306250000000000000e+01 -4.287500000000000000e+01 6.250000000000000000e-02 0.000000000000000000e+00 1.250000000000000000e-01
2.259999990463256836e+00 -4.320000171661376953e+00 8.520000457763671875e+00 1.568750000000000000e+01 2.418750000000000000e+01 -4.368750000000000000e+01 -6.250000000000000000e-02 -3.125000000000000000e-01 -6.250000000000000000e-02
2.259999990463256836e+00 -4.320000171661376953e+00 8.520000457763671875e+00 1.568750000000000000e+01 2.418750000000000000e+01 -4.368750000000000000e+01 -6.250000000000000000e-02 -3.125000000000000000e-01 -6.250000000000000000e-02
2.269999980926513672e+00 -4.340000152587890625e+00 8.489999771118164062e+00 1.568750000000000000e+01 2.418750000000000000e+01 -4.368750000000000000e+01 -1.250000000000000000e-01 -2.500000000000000000e-01 -1.250000000000000000e-01
2.289999961853027344e+00 -4.300000190734863281e+00 8.510000228881835938e+00 1.568750000000000000e+01 2.418750000000000000e+01 -4.368750000000000000e+01 -1.250000000000000000e-01 -4.375000000000000000e-01 -2.500000000000000000e-01
2.259999990463256836e+00 -4.309999942779541016e+00 8.510000228881835938e+00 1.568750000000000000e+01 2.418750000000000000e+01 -4.368750000000000000e+01 -3.125000000000000000e-01 -3.750000000000000000e-01 -2.500000000000000000e-01
2.250000000000000000e+00 -4.329999923706054688e+00 8.510000228881835938e+00 1.568750000000000000e+01 2.306250000000000000e+01 -4.287500000000000000e+01 -7.500000000000000000e-01 -3.125000000000000000e-01 -1.250000000000000000e-01
2.250000000000000000e+00 -4.360000133514404297e+00 8.510000228881835938e+00 1.568750000000000000e+01 2.306250000000000000e+01 -4.287500000000000000e+01 -7.500000000000000000e-01 -3.125000000000000000e-01 -1.250000000000000000e-01
2.289999961853027344e+00 -4.349999904632568359e+00 8.479999542236328125e+00 1.568750000000000000e+01 2.306250000000000000e+01 -4.287500000000000000e+01 -7.500000000000000000e-01 -3.750000000000000000e-01 -2.500000000000000000e-01
2.230000019073486328e+00 -4.300000190734863281e+00 8.479999542236328125e+00 1.568750000000000000e+01 2.306250000000000000e+01 -4.287500000000000000e+01 -9.375000000000000000e-01 -6.250000000000000000e-01 -3.750000000000000000e-01
2.259999990463256836e+00 -4.300000190734863281e+00 8.510000228881835938e+00 1.568750000000000000e+01 2.306250000000000000e+01 -4.287500000000000000e+01 -1.000000000000000000e+00 -6.250000000000000000e-01 -2.500000000000000000e-01
2.250000000000000000e+00 -4.250000000000000000e+00 8.539999961853027344e+00 1.500000000000000000e+01 2.306250000000000000e+01 -4.325000000000000000e+01 -1.875000000000000000e+00 -1.437500000000000000e+00 -3.125000000000000000e-01
2.269999980926513672e+00 -4.280000209808349609e+00 8.520000457763671875e+00 1.500000000000000000e+01 2.306250000000000000e+01 -4.325000000000000000e+01 -1.875000000000000000e+00 -1.437500000000000000e+00 -3.125000000000000000e-01
2.220000028610229492e+00 -4.280000209808349609e+00 8.479999542236328125e+00 1.500000000000000000e+01 2.306250000000000000e+01 -4.325000000000000000e+01 -2.625000000000000000e+00 -1.500000000000000000e+00 -4.375000000000000000e-01
2.269999980926513672e+00 -4.289999961853027344e+00 8.539999961853027344e+00 1.500000000000000000e+01 2.306250000000000000e+01 -4.325000000000000000e+01 -3.687500000000000000e+00 -2.000000000000000000e+00 -3.750000000000000000e-01
2.269999980926513672e+00 -4.250000000000000000e+00 8.520000457763671875e+00 1.500000000000000000e+01 2.306250000000000000e+01 -4.325000000000000000e+01 -4.500000000000000000e+00 -2.125000000000000000e+00 -6.250000000000000000e-01
2.319999933242797852e+00 -4.280000209808349609e+00 8.539999961853027344e+00 1.500000000000000000e+01 2.456250000000000000e+01 -4.206250000000000000e+01 -5.125000000000000000e+00 -2.562500000000000000e+00 -2.500000000000000000e-01
2.440000057220458984e+00 -4.250000000000000000e+00 8.630000114440917969e+00 1.500000000000000000e+01 2.456250000000000000e+01 -4.206250000000000000e+01 -5.937500000000000000e+00 -2.750000000000000000e+00 0.000000000000000000e+00
2.450000047683715820e+00 -4.300000190734863281e+00 8.489999771118164062e+00 1.500000000000000000e+01 2.456250000000000000e+01 -4.206250000000000000e+01 -5.812500000000000000e+00 -2.562500000000000000e+00 6.250000000000000000e-01
2.369999885559082031e+00 -4.570000171661376953e+00 8.369999885559082031e+00 1.500000000000000000e+01 2.456250000000000000e+01 -4.206250000000000000e+01 -6.000000000000000000e+00 -1.937500000000000000e+00 1.375000000000000000e+00
2.400000095367431641e+00 -4.679999828338623047e+00 8.439999580383300781e+00 1.500000000000000000e+01 2.456250000000000000e+01 -4.206250000000000000e+01 -5.687500000000000000e+00 -1.562500000000000000e+00 1.500000000000000000e+00
2.349999904632568359e+00 -4.760000228881835938e+00 8.329999923706054688e+00 1.568750000000000000e+01 2.350000000000000000e+01 -4.206250000000000000e+01 -1.875000000000000000e+00 -3.750000000000000000e-01 1.187500000000000000e+00
2.250000000000000000e+00 -4.730000019073486328e+00 8.319999694824218750e+00 1.568750000000000000e+01 2.350000000000000000e+01 -4.206250000000000000e+01 -1.875000000000000000e+00 -3.750000000000000000e-01 1.187500000000000000e+00
2.289999961853027344e+00 -4.500000000000000000e+00 8.600000381469726562e+00 1.568750000000000000e+01 2.350000000000000000e+01 -4.206250000000000000e+01 2.062500000000000000e+00 -3.750000000000000000e-01 4.375000000000000000e-01
2.380000114440917969e+00 -4.539999961853027344e+00 8.779999732971191406e+00 1.568750000000000000e+01 2.350000000000000000e+01 -4.206250000000000000e+01 5.187500000000000000e+00 -1.125000000000000000e+00 -1.875000000000000000e-01
2.220000028610229492e+00 -4.699999809265136719e+00 8.460000038146972656e+00 1.568750000000000000e+01 2.350000000000000000e+01 -4.206250000000000000e+01 9.375000000000000000e+00 -2.250000000000000000e+00 -3.125000000000000000e-01
2.359999895095825195e+00 -5.230000019073486328e+00 8.119999885559082031e+00 1.568750000000000000e+01 2.387500000000000000e+01 -4.287500000000000000e+01 1.300000000000000000e+01 -2.312500000000000000e+00 -1.375000000000000000e+00
2.380000114440917969e+00 -5.119999885559082031e+00 8.189999580383300781e+00 1.568750000000000000e+01 2.387500000000000000e+01 -4.287500000000000000e+01 1.475000000000000000e+01 -2.062500000000000000e+00 -3.187500000000000000e+00
2.339999914169311523e+00 -4.639999866485595703e+00 8.390000343322753906e+00 1.568750000000000000e+01 2.387500000000000000e+01 -4.287500000000000000e+01 1.856250000000000000e+01 -1.250000000000000000e+00 -4.312500000000000000e+00
2.470000028610229492e+00 -4.099999904632568359e+00 8.560000419616699219e+00 1.568750000000000000e+01 2.387500000000000000e+01 -4.287500000000000000e+01 2.331250000000000000e+01 -3.750000000000000000e-01 -4.937500000000000000e+00
2.369999885559082031e+00 -4.250000000000000000e+00 8.590000152587890625e+00 1.568750000000000000e+01 2.387500000000000000e+01 -4.287500000000000000e+01 2.275000000000000000e+01 3.750000000000000000e-01 -4.875000000000000000e+00
2.369999885559082031e+00 -4.449999809265136719e+00 8.420000076293945312e+00 1.500000000000000000e+01 2.387500000000000000e+01 -4.250000000000000000e+01 1.643750000000000000e+01 2.437500000000000000e+00 -5.062500000000000000e+00
2.359999895095825195e+00 -4.469999790191650391e+00 8.439999580383300781e+00 1.500000000000000000e+01 2.387500000000000000e+01 -4.250000000000000000e+01 1.643750000000000000e+01 2.437500000000000000e+00 -5.062500000000000000e+00
2.400000095367431641e+00 -4.230000019073486328e+00 8.539999961853027344e+00 1.500000000000000000e+01 2.387500000000000000e+01 -4.250000000000000000e+01 1.725000000000000000e+01 2.562500000000000000e+00 -5.125000000000000000e+00
2.359999895095825195e+00 -4.099999904632568359e+00 8.510000228881835938e+00 1.500000000000000000e+01 2.387500000000000000e+01 -4.250000000000000000e+01 1.806250000000000000e+01 2.937500000000000000e+00 -4.937500000000000000e+00
2.309999942779541016e+00 -4.099999904632568359e+00 8.529999732971191406e+00 1.500000000000000000e+01 2.387500000000000000e+01 -4.250000000000000000e+01 1.831250000000000000e+01 3.125000000000000000e+00 -4.812500000000000000e+00
2.349999904632568359e+00 -4.190000057220458984e+00 8.470000267028808594e+00 1.525000000000000000e+01 2.306250000000000000e+01 -4.368750000000000000e+01 1.737500000000000000e+01 4.125000000000000000e+00 -5.125000000000000000e+00
2.359999895095825195e+00 -4.309999942779541016e+00 8.560000419616699219e+00 1.525000000000000000e+01 2.306250000000000000e+01 -4.368750000000000000e+01 1.737500000000000000e+01 4.125000000000000000e+00 -5.125000000000000000e+00
2.319999933242797852e+00 -4.219999790191650391e+00 8.569999694824218750e+00 1.525000000000000000e+01 2.306250000000000000e+01 -4.368750000000000000e+01 1.787500000000000000e+01 4.562500000000000000e+00 -5.562500000000000000e+00
2.289999961853027344e+00 -4.030000209808349609e+00 8.670000076293945312e+00 1.525000000000000000e+01 2.306250000000000000e+01 -4.368750000000000000e+01 1.937500000000000000e+01 4.750000000000000000e+00 -5.687500000000000000e+00
2.309999942779541016e+00 -3.789999961853027344e+00 8.760000228881835938e+00 1.525000000000000000e+01 2.306250000000000000e+01 -4.368750000000000000e+01 2.000000000000000000e+01 4.500000000000000000e+00 -5.875000000000000000e+00
2.329999923706054688e+00 -3.019999980926513672e+00 8.810000419616699219e+00 1.456250000000000000e+01 2.268750000000000000e+01 -4.368750000000000000e+01 1.931250000000000000e+01 3.937500000000000000e+00 -5.500000000000000000e+00
2.269999980926513672e+00 -2.839999914169311523e+00 8.770000457763671875e+00 1.456250000000000000e+01 2.268750000000000000e+01 -4.368750000000000000e+01 1.681250000000000000e+01 3.687500000000000000e+00 -4.437500000000000000e+00
2.059999942779541016e+00 -2.859999895095825195e+00 8.750000000000000000e+00 1.456250000000000000e+01 2.268750000000000000e+01 -4.368750000000000000e+01 1.112500000000000000e+01 3.375000000000000000e+00 -2.875000000000000000e+00
2.250000000000000000e+00 -2.900000095367431641e+00 8.800000190734863281e+00 1.456250000000000000e+01 2.268750000000000000e+01 -4.368750000000000000e+01 4.500000000000000000e+00 2.625000000000000000e+00 -1.750000000000000000e+00
2.269999980926513672e+00 -2.970000028610229492e+00 8.779999732971191406e+00 1.456250000000000000e+01 2.268750000000000000e+01 -4.368750000000000000e+01 -1.437500000000000000e+00 1.187500000000000000e+00 -6.250000000000000000e-01
2.220000028610229492e+00 -2.950000047683715820e+00 8.609999656677246094e+00 1.525000000000000000e+01 2.125000000000000000e+01 -4.325000000000000000e+01 -8.062500000000000000e+00 4.375000000000000000e-01 8.125000000000000000e-01
1.980000019073486328e+00 -2.859999895095825195e+00 8.600000381469726562e+00 1.525000000000000000e+01 2.125000000000000000e+01 -4.325000000000000000e+01 -1.612500000000000000e+01 1.250000000000000000e-01 2.187500000000000000e+00
1.960000038146972656e+00 -2.500000000000000000e+00 9.250000000000000000e+00 1.525000000000000000e+01 2.125000000000000000e+01 -4.325000000000000000e+01 -2.606250000000000000e+01 -8.125000000000000000e-01 3.562500000000000000e+00
1.889999985694885254e+00 -2.380000114440917969e+00 9.729999542236328125e+00 1.525000000000000000e+01 2.125000000000000000e+01 -4.325000000000000000e+01 -3.925000000000000000e+01 -2.625000000000000000e+00 4.937500000000000000e+00
1.980000019073486328e+00 -2.150000095367431641e+00 1.038000011444091797e+01 1.525000000000000000e+01 2.125000000000000000e+01 -4.325000000000000000e+01 -5.650000000000000000e+01 -5.937500000000000000e+00 6.687500000000000000e+00
2.339999914169311523e+00 -1.750000000000000000e+00 1.077999973297119141e+01 1.387500000000000000e+01 2.168750000000000000e+01 -4.368750000000000000e+01 -1.010625000000000000e+02 -1.993750000000000000e+01 1.606250000000000000e+01
3.420000076293945312e+00 -1.860000014305114746e+00 1.101000022888183594e+01 1.387500000000000000e+01 2.168750000000000000e+01 -4.368750000000000000e+01 -1.010625000000000000e+02 -1.993750000000000000e+01 1.606250000000000000e+01
3.539999961853027344e+00 -2.329999923706054688e+00 1.106999969482421875e+01 1.387500000000000000e+01 2.168750000000000000e+01 -4.368750000000000000e+01 -1.252500000000000000e+02 -2.225000000000000000e+01 2.400000000000000000e+01
3.650000095367431641e+00 -3.150000095367431641e+00 1.076000022888183594e+01 1.387500000000000000e+01 2.168750000000000000e+01 -4.368750000000000000e+01 -1.432500000000000000e+02 -2.100000000000000000e+01 3.275000000000000000e+01
2.880000114440917969e+00 -4.239999771118164062e+00 9.210000038146972656e+00 1.387500000000000000e+01 2.168750000000000000e+01 -4.368750000000000000e+01 -1.580625000000000000e+02 -1.768750000000000000e+01 3.943750000000000000e+01
2.609999895095825195e+00 -4.349999904632568359e+00 8.289999961853027344e+00 1.456250000000000000e+01 2.537500000000000000e+01 -4.206250000000000000e+01 -1.898750000000000000e+02 -1.081250000000000000e+01 4.887500000000000000e+01
2.480000019073486328e+00 -4.849999904632568359e+00 7.989999771118164062e+00 1.456250000000000000e+01 2.537500000000000000e+01 -4.206250000000000000e+01 -1.898750000000000000e+02 -1.081250000000000000e+01 4.887500000000000000e+01
2.339999914169311523e+00 -4.760000228881835938e+00 7.610000133514404297e+00 1.456250000000000000e+01 2.537500000000000000e+01 -4.206250000000000000e+01 -1.954375000000000000e+02 -9.687500000000000000e+00 5.268750000000000000e+01
2.079999923706054688e+00 -4.250000000000000000e+00 7.800000190734863281e+00 1.456250000000000000e+01 2.537500000000000000e+01 -4.206250000000000000e+01 -2.023125000000000000e+02 -1.012500000000000000e+01 5.606250000000000000e+01
2.009999990463256836e+00 -3.910000085830688477e+00 7.989999771118164062e+00 1.456250000000000000e+01 2.537500000000000000e+01 -4.206250000000000000e+01 -2.086875000000000000e+02 -1.150000000000000000e+01 5.962500000000000000e+01
1.870000004768371582e+00 -3.619999885559082031e+00 8.079999923706054688e+00 1.456250000000000000e+01 2.937500000000000000e+01 -3.887500000000000000e+01 -2.246250000000000000e+02 -1.500000000000000000e+01 6.937500000000000000e+01
1.809999942779541016e+00 -3.490000009536743164e+00 7.829999923706054688e+00 1.456250000000000000e+01 2.937500000000000000e+01 -3.887500000000000000e+01 -2.246250000000000000e+02 -1.500000000000000000e+01 6.937500000000000000e+01
1.769999980926513672e+00 -4.010000228881835938e+00 6.900000095367431641e+00 1.456250000000000000e+01 2.937500000000000000e+01 -3.887500000000000000e+01 -2.333125000000000000e+02 -1.687500000000000000e+01 7.500000000000000000e+01
2.069999933242797852e+00 -4.489999771118164062e+00 6.230000019073486328e+00 1.456250000000000000e+01 2.937500000000000000e+01 -3.887500000000000000e+01 -2.505000000000000000e+02 -1.762500000000000000e+01 7.900000000000000000e+01
1.679999947547912598e+00 -5.119999885559082031e+00 5.289999961853027344e+00 1.456250000000000000e+01 2.937500000000000000e+01 -3.887500000000000000e+01 -2.686250000000000000e+02 -1.568750000000000000e+01 8.206250000000000000e+01
1.490000009536743164e+00 -7.090000152587890625e+00 3.539999961853027344e+00 1.675000000000000000e+01 3.487500000000000000e+01 -3.450000000000000000e+01 -2.878125000000000000e+02 -1.062500000000000000e+01 7.831250000000000000e+01
1.299999952316284180e+00 -7.940000057220458984e+00 2.549999952316284180e+00 1.675000000000000000e+01 3.487500000000000000e+01 -3.450000000000000000e+01 -2.878125000000000000e+02 -1.062500000000000000e+01 7.831250000000000000e+01
1.029999971389770508e+00 -8.890000343322753906e+00 1.370000004768371582e+00 1.675000000000000000e+01 3.487500000000000000e+01 -3.450000000000000000e+01 -2.897500000000000000e+02 -8.250000000000000000e+00 7.081250000000000000e+01
9.499999880790710449e-01 -9.939999580383300781e+00 2.599999904632568359e-01 1.675000000000000000e+01 3.487500000000000000e+01 -3.450000000000000000e+01 -2.767500000000000000e+02 -6.000000000000000000e+00 5.875000000000000000e+01
2.399999946355819702e-01 -1.102000045776367188e+01 -1.179999947547912598e+00 1.675000000000000000e+01 3.487500000000000000e+01 -3.450000000000000000e+01 -2.523125000000000000e+02 -7.500000000000000000e-01 4.168750000000000000e+01
-2.800000011920928955e-01 -1.146000003814697266e+01 -1.399999976158142090e+00 1.868750000000000000e+01 3.956250000000000000e+01 -2.650000000000000000e+01 -1.901250000000000000e+02 6.125000000000000000e+00 -5.875000000000000000e+00
-4.399999976158142090e-01 -1.223999977111816406e+01 -1.389999985694885254e+00 1.868750000000000000e+01 3.956250000000000000e+01 -2.650000000000000000e+01 -1.901250000000000000e+02 6.125000000000000000e+00 -5.875000000000000000e+00
-3.799999952316284180e-01 -1.253999996185302734e+01 -1.419999957084655762e+00 1.868750000000000000e+01 3.956250000000000000e+01 -2.650000000000000000e+01 -1.610000000000000000e+02 3.375000000000000000e+00 -2.831250000000000000e+01
5.899999737739562988e-01 -1.146000003814697266e+01 -1.800000071525573730e-01 1.868750000000000000e+01 3.956250000000000000e+01 -2.650000000000000000e+01 -1.224375000000000000e+02 -1.062500000000000000e+00 -4.993750000000000000e+01
1.360000014305114746e+00 -1.202000045776367188e+01 7.999999821186065674e-02 1.868750000000000000e+01 3.956250000000000000e+01 -2.650000000000000000e+01 -8.581250000000000000e+01 -4.500000000000000000e+00 -7.187500000000000000e+01
1.529999971389770508e+00 -1.180000019073486328e+01 7.599999904632568359e-01 2.050000000000000000e+01 4.556250000000000000e+01 -1.918750000000000000e+01 -4.387500000000000000e+01 -6.625000000000000000e+00 -7.181250000000000000e+01
2.579999923706054688e+00 -1.127999973297119141e+01 1.919999957084655762e+00 2.050000000000000000e+01 4.556250000000000000e+01 -1.918750000000000000e+01 -4.387500000000000000e+01 -6.625000000000000000e+00 -7.181250000000000000e+01
2.589999914169311523e+00 -1.089000034332275391e+01 2.180000066757202148e+00 2.050000000000000000e+01 4.556250000000000000e+01 -1.918750000000000000e+01 -3.462500000000000000e+01 -7.437500000000000000e+00 -4.881250000000000000e+01
2.390000104904174805e+00 -1.030000019073486328e+01 2.200000047683715820e+00 2.050000000000000000e+01 4.556250000000000000e+01 -1.918750000000000000e+01 -2.150000000000000000e+01 -4.562500000000000000e+00 4.375000000000000000e+00
1.950000047683715820e+00 -9.439999580383300781e+00 2.119999885559082031e+00 2.050000000000000000e+01 4.556250000000000000e+01 -1.918750000000000000e+01 -2.150000000000000000e+01 -4.562500000000000000e+00 4.375000000000000000e+00
1.940000057220458984e+00 -9.800000190734863281e+00 2.049999952316284180e+00 1.825000000000000000e+01 4.937500000000000000e+01 -1.800000000000000000e+01 -2.437500000000000000e+01 -2.562500000000000000e+00 7.750000000000000000e+00
1.919999957084655762e+00 -9.970000267028808594e+00 1.850000023841857910e+00 1.825000000000000000e+01 4.937500000000000000e+01 -1.800000000000000000e+01 -2.437500000000000000e+01 -2.562500000000000000e+00 7.750000000000000000e+00
1.879999995231628418e+00 -1.002999973297119141e+01 1.639999985694885254e+00 1.825000000000000000e+01 4.937500000000000000e+01 -1.800000000000000000e+01 -2.225000000000000000e+01 -1.625000000000000000e+00 6.375000000000000000e+00
1.799999952316284180e+00 -1.027999973297119141e+01 1.419999957084655762e+00 1.825000000000000000e+01 4.937500000000000000e+01 -1.800000000000000000e+01 -1.768750000000000000e+01 -7.500000000000000000e-01 5.000000000000000000e+00
1.679999947547912598e+00 -1.039999961853027344e+01 1.250000000000000000e+00 1.825000000000000000e+01 4.937500000000000000e+01 -1.800000000000000000e+01 -1.118750000000000000e+01 5.000000000000000000e-01 2.875000000000000000e+00
1.710000038146972656e+00 -1.042000007629394531e+01 1.320000052452087402e+00 1.825000000000000000e+01 4.787500000000000000e+01 -1.687500000000000000e+01 6.187500000000000000e+00 2.687500000000000000e+00 -1.625000000000000000e+00
1.759999990463256836e+00 -1.034000015258789062e+01 1.419999957084655762e+00 1.825000000000000000e+01 4.787500000000000000e+01 -1.687500000000000000e+01 6.187500000000000000e+00 2.687500000000000000e+00 -1.625000000000000000e+00
