2.880000114440917969e+00 -4.010000228881835938e+00 8.449999809265136719e+00 8.000000000000000000e+00 2.287500000000000000e+01 -4.725000000000000000e+01 -1.625000000000000000e+00 -8.125000000000000000e-01 5.000000000000000000e-01
2.900000095367431641e+00 -4.030000209808349609e+00 8.439999580383300781e+00 8.000000000000000000e+00 2.287500000000000000e+01 -4.725000000000000000e+01 -1.687500000000000000e+00 -9.375000000000000000e-01 5.000000000000000000e-01
2.890000104904174805e+00 -4.050000190734863281e+00 8.439999580383300781e+00 8.000000000000000000e+00 2.287500000000000000e+01 -4.725000000000000000e+01 -1.562500000000000000e+00 -9.375000000000000000e-01 4.375000000000000000e-01
2.910000085830688477e+00 -4.030000209808349609e+00 8.409999847412109375e+00 8.000000000000000000e+00 2.287500000000000000e+01 -4.725000000000000000e+01 -1.562500000000000000e+00 -9.375000000000000000e-01 4.375000000000000000e-01
2.920000076293945312e+00 -4.039999961853027344e+00 8.449999809265136719e+00 8.000000000000000000e+00 2.287500000000000000e+01 -4.725000000000000000e+01 -1.500000000000000000e+00 -7.500000000000000000e-01 4.375000000000000000e-01
2.920000076293945312e+00 -4.039999961853027344e+00 8.439999580383300781e+00 9.875000000000000000e+00 2.425000000000000000e+01 -4.850000000000000000e+01 -1.312500000000000000e+00 -6.875000000000000000e-01 3.125000000000000000e-01
2.910000085830688477e+00 -4.090000152587890625e+00 8.439999580383300781e+00 9.875000000000000000e+00 2.425000000000000000e+01 -4.850000000000000000e+01 -1.312500000000000000e+00 -3.125000000000000000e-01 2.500000000000000000e-01
2.910000085830688477e+00 -4.059999942779541016e+00 8.420000076293945312e+00 9.875000000000000000e+00 2.425000000000000000e+01 -4.850000000000000000e+01 -1.125000000000000000e+00 -1.250000000000000000e-01 3.125000000000000000e-01
2.960000038146972656e+00 -4.099999904632568359e+00 8.430000305175781250e+00 9.875000000000000000e+00 2.425000000000000000e+01 -4.850000000000000000e+01 -1.062500000000000000e+00 -6.250000000000000000e-02 3.750000000000000000e-01
2.970000028610229492e+00 -4.119999885559082031e+00 8.430000305175781250e+00 9.875000000000000000e+00 2.425000000000000000e+01 -4.850000000000000000e+01 -6.250000000000000000e-01 1.875000000000000000e-01 6.250000000000000000e-02
3.069999933242797852e+00 -4.130000114440917969e+00 8.420000076293945312e+00 9.062500000000000000e+00 2.318750000000000000e+01 -4.725000000000000000e+01 -3.125000000000000000e-01 5.000000000000000000e-01 3.125000000000000000e-01
3.009999990463256836e+00 -4.090000152587890625e+00 8.449999809265136719e+00 9.062500000000000000e+00 2.318750000000000000e+01 -4.725000000000000000e+01 2.500000000000000000e-01 1.187500000000000000e+00 5.000000000000000000e-01
3.000000000000000000e+00 -3.849999904632568359e+00 8.789999961853027344e+00 9.062500000000000000e+00 2.318750000000000000e+01 -4.725000000000000000e+01 1.875000000000000000e-01 1.500000000000000000e+00 6.875000000000000000e-01
3.269999980926513672e+00 -3.630000114440917969e+00 8.779999732971191406e+00 9.062500000000000000e+00 2.318750000000000000e+01 -4.725000000000000000e+01 -1.312500000000000000e+00 1.000000000000000000e+00 1.312500000000000000e+00
3.299999952316284180e+00 -3.869999885559082031e+00 8.569999694824218750e+00 9.062500000000000000e+00 2.318750000000000000e+01 -4.725000000000000000e+01 -4.312500000000000000e+00 2.312500000000000000e+00 3.000000000000000000e+00
3.150000095367431641e+00 -4.659999847412109375e+00 8.310000419616699219e+00 9.500000000000000000e+00 2.318750000000000000e+01 -4.850000000000000000e+01 -4.312500000000000000e+00 4.625000000000000000e+00 4.687500000000000000e+00
3.319999933242797852e+00 -4.880000114440917969e+00 8.210000038146972656e+00 9.500000000000000000e+00 2.318750000000000000e+01 -4.850000000000000000e+01 -2.187500000000000000e+00 6.625000000000000000e+00 3.812500000000000000e+00
3.369999885559082031e+00 -4.840000152587890625e+00 8.449999809265136719e+00 9.500000000000000000e+00 2.318750000000000000e+01 -4.850000000000000000e+01 2.062500000000000000e+00 9.812500000000000000e+00 2.312500000000000000e+00
3.690000057220458984e+00 -4.550000190734863281e+00 8.720000267028808594e+00 9.500000000000000000e+00 2.318750000000000000e+01 -4.850000000000000000e+01 6.875000000000000000e+00 1.343750000000000000e+01 2.000000000000000000e+00
3.869999885559082031e+00 -4.650000095367431641e+00 8.819999694824218750e+00 9.500000000000000000e+00 2.318750000000000000e+01 -4.850000000000000000e+01 8.000000000000000000e+00 1.831250000000000000e+01 2.062500000000000000e+00
3.859999895095825195e+00 -4.760000228881835938e+00 8.909999847412109375e+00 8.375000000000000000e+00 2.237500000000000000e+01 -4.718750000000000000e+01 9.750000000000000000e+00 2.400000000000000000e+01 1.687500000000000000e+00
3.980000019073486328e+00 -4.730000019073486328e+00 8.960000038146972656e+00 8.375000000000000000e+00 2.237500000000000000e+01 -4.718750000000000000e+01 1.506250000000000000e+01 2.956250000000000000e+01 1.187500000000000000e+00
3.980000019073486328e+00 -4.480000019073486328e+00 8.609999656677246094e+00 8.375000000000000000e+00 2.237500000000000000e+01 -4.718750000000000000e+01 2.175000000000000000e+01 3.506250000000000000e+01 -3.750000000000000000e-01
4.190000057220458984e+00 -3.779999971389770508e+00 8.659999847412109375e+00 8.375000000000000000e+00 2.237500000000000000e+01 -4.718750000000000000e+01 3.100000000000000000e+01 3.993750000000000000e+01 -2.562500000000000000e+00
5.829999923706054688e+00 -3.319999933242797852e+00 8.689999580383300781e+00 8.375000000000000000e+00 2.237500000000000000e+01 -4.718750000000000000e+01 4.175000000000000000e+01 4.243750000000000000e+01 -9.625000000000000000e+00
6.230000019073486328e+00 -1.960000038146972656e+00 8.470000267028808594e+00 9.500000000000000000e+00 2.237500000000000000e+01 -4.800000000000000000e+01 5.362500000000000000e+01 3.875000000000000000e+01 -2.387500000000000000e+01
5.760000228881835938e+00 5.699999928474426270e-01 6.369999885559082031e+00 9.500000000000000000e+00 2.237500000000000000e+01 -4.800000000000000000e+01 5.618750000000000000e+01 3.356250000000000000e+01 -3.606250000000000000e+01
5.699999809265136719e+00 -6.000000238418579102e-01 7.110000133514404297e+00 9.500000000000000000e+00 2.237500000000000000e+01 -4.800000000000000000e+01 3.800000000000000000e+01 2.618750000000000000e+01 -4.700000000000000000e+01
6.599999904632568359e+00 -1.029999971389770508e+00 6.800000190734863281e+00 9.500000000000000000e+00 2.237500000000000000e+01 -4.800000000000000000e+01 1.643750000000000000e+01 1.756250000000000000e+01 -6.025000000000000000e+01
6.360000133514404297e+00 -1.559999942779541016e+00 7.480000019073486328e+00 9.500000000000000000e+00 2.237500000000000000e+01 -4.800000000000000000e+01 2.125000000000000000e+00 1.493750000000000000e+01 -6.881250000000000000e+01
7.079999923706054688e+00 -2.829999923706054688e+00 7.300000190734863281e+00 9.875000000000000000e+00 2.156250000000000000e+01 -4.756250000000000000e+01 -1.081250000000000000e+01 1.100000000000000000e+01 -7.200000000000000000e+01
6.809999942779541016e+00 -3.440000057220458984e+00 7.400000095367431641e+00 9.875000000000000000e+00 2.156250000000000000e+01 -4.756250000000000000e+01 -2.268750000000000000e+01 1.006250000000000000e+01 -7.150000000000000000e+01
6.329999923706054688e+00 -3.460000038146972656e+00 7.380000114440917969e+00 9.875000000000000000e+00 2.156250000000000000e+01 -4.756250000000000000e+01 -2.475000000000000000e+01 1.362500000000000000e+01 -6.768750000000000000e+01
5.739999771118164062e+00 -3.500000000000000000e+00 7.210000038146972656e+00 9.875000000000000000e+00 2.156250000000000000e+01 -4.756250000000000000e+01 -3.050000000000000000e+01 1.356250000000000000e+01 -6.112500000000000000e+01
4.630000114440917969e+00 -4.130000114440917969e+00 6.809999942779541016e+00 9.875000000000000000e+00 2.156250000000000000e+01 -4.756250000000000000e+01 -3.700000000000000000e+01 8.312500000000000000e+00 -5.193750000000000000e+01
4.250000000000000000e+00 -4.510000228881835938e+00 6.909999847412109375e+00 8.000000000000000000e+00 2.206250000000000000e+01 -4.875000000000000000e+01 -3.825000000000000000e+01 -1.312500000000000000e+00 -4.137500000000000000e+01
4.130000114440917969e+00 -4.829999923706054688e+00 7.449999809265136719e+00 8.000000000000000000e+00 2.206250000000000000e+01 -4.875000000000000000e+01 -3.368750000000000000e+01 -1.193750000000000000e+01 -3.075000000000000000e+01
4.349999904632568359e+00 -5.019999980926513672e+00 8.800000190734863281e+00 8.000000000000000000e+00 2.206250000000000000e+01 -4.875000000000000000e+01 -2.687500000000000000e+01 -1.956250000000000000e+01 -2.137500000000000000e+01
4.420000076293945312e+00 -4.929999828338623047e+00 9.409999847412109375e+00 8.000000000000000000e+00 2.206250000000000000e+01 -4.875000000000000000e+01 -2.200000000000000000e+01 -1.931250000000000000e+01 -1.256250000000000000e+01
4.400000095367431641e+00 -4.670000076293945312e+00 9.550000190734863281e+00 8.000000000000000000e+00 2.206250000000000000e+01 -4.875000000000000000e+01 -1.987500000000000000e+01 -1.331250000000000000e+01 -2.750000000000000000e+00
3.519999980926513672e+00 -4.190000057220458984e+00 9.189999580383300781e+00 6.500000000000000000e+00 2.387500000000000000e+01 -4.950000000000000000e+01 -2.018750000000000000e+01 -3.437500000000000000e+00 5.937500000000000000e+00
1.649999976158142090e+00 -3.029999971389770508e+00 7.880000114440917969e+00 6.500000000000000000e+00 2.387500000000000000e+01 -4.950000000000000000e+01 -2.043750000000000000e+01 2.250000000000000000e+00 1.056250000000000000e+01
1.490000009536743164e+00 -2.619999885559082031e+00 7.980000019073486328e+00 6.500000000000000000e+00 2.387500000000000000e+01 -4.950000000000000000e+01 -1.962500000000000000e+01 -1.000000000000000000e+00 9.625000000000000000e+00
1.620000004768371582e+00 -2.440000057220458984e+00 8.229999542236328125e+00 6.500000000000000000e+00 2.387500000000000000e+01 -4.950000000000000000e+01 -2.131250000000000000e+01 -9.437500000000000000e+00 3.687500000000000000e+00
1.860000014305114746e+00 -3.259999990463256836e+00 8.699999809265136719e+00 6.500000000000000000e+00 2.387500000000000000e+01 -4.950000000000000000e+01 -2.587500000000000000e+01 -1.631250000000000000e+01 -4.375000000000000000e+00
2.039999961853027344e+00 -3.670000076293945312e+00 9.050000190734863281e+00 3.187500000000000000e+00 2.656250000000000000e+01 -5.037500000000000000e+01 -2.481250000000000000e+01 -1.750000000000000000e+01 -1.218750000000000000e+01
2.150000095367431641e+00 -3.970000028610229492e+00 9.029999732971191406e+00 3.187500000000000000e+00 2.656250000000000000e+01 -5.037500000000000000e+01 -2.025000000000000000e+01 -1.631250000000000000e+01 -1.893750000000000000e+01
1.929999947547912598e+00 -4.000000000000000000e+00 8.869999885559082031e+00 3.187500000000000000e+00 2.656250000000000000e+01 -5.037500000000000000e+01 -1.293750000000000000e+01 -1.268750000000000000e+01 -2.406250000000000000e+01
1.690000057220458984e+00 -3.500000000000000000e+00 9.119999885559082031e+00 3.187500000000000000e+00 2.656250000000000000e+01 -5.037500000000000000e+01 -6.125000000000000000e+00 -9.312500000000000000e+00 -2.887500000000000000e+01
1.820000052452087402e+00 -3.569999933242797852e+00 9.289999961853027344e+00 3.187500000000000000e+00 2.656250000000000000e+01 -5.037500000000000000e+01 -4.000000000000000000e+00 -8.625000000000000000e+00 -3.212500000000000000e+01
1.970000028610229492e+00 -3.789999961853027344e+00 9.600000381469726562e+00 0.000000000000000000e+00 2.737500000000000000e+01 -4.956250000000000000e+01 -6.875000000000000000e+00 -5.500000000000000000e+00 -3.368750000000000000e+01
2.230000019073486328e+00 -4.110000133514404297e+00 9.779999732971191406e+00 0.000000000000000000e+00 2.737500000000000000e+01 -4.956250000000000000e+01 -1.075000000000000000e+01 -6.875000000000000000e-01 -3.350000000000000000e+01
2.599999904632568359e+00 -4.769999980926513672e+00 9.050000190734863281e+00 0.000000000000000000e+00 2.737500000000000000e+01 -4.956250000000000000e+01 -1.318750000000000000e+01 5.500000000000000000e+00 -2.987500000000000000e+01
2.049999952316284180e+00 -4.760000228881835938e+00 8.210000038146972656e+00 0.000000000000000000e+00 2.737500000000000000e+01 -4.956250000000000000e+01 -1.006250000000000000e+01 1.162500000000000000e+01 -2.331250000000000000e+01
1.330000042915344238e+00 -4.389999866485595703e+00 7.469999790191650391e+00 0.000000000000000000e+00 2.737500000000000000e+01 -4.956250000000000000e+01 -1.375000000000000000e+00 1.275000000000000000e+01 -1.718750000000000000e+01
9.700000286102294922e-01 -3.740000009536743164e+00 7.380000114440917969e+00 -3.000000000000000000e+00 2.625000000000000000e+01 -5.118750000000000000e+01 7.312500000000000000e+00 6.187500000000000000e+00 -1.350000000000000000e+01
1.340000033378601074e+00 -3.509999990463256836e+00 7.909999847412109375e+00 -3.000000000000000000e+00 2.625000000000000000e+01 -5.118750000000000000e+01 1.200000000000000000e+01 -6.250000000000000000e+00 -1.112500000000000000e+01
1.840000033378601074e+00 -3.720000028610229492e+00 8.960000038146972656e+00 -3.000000000000000000e+00 2.625000000000000000e+01 -5.118750000000000000e+01 1.025000000000000000e+01 -1.606250000000000000e+01 -7.500000000000000000e+00
2.309999942779541016e+00 -4.969999790191650391e+00 1.025000000000000000e+01 -3.000000000000000000e+00 2.625000000000000000e+01 -5.118750000000000000e+01 5.437500000000000000e+00 -1.531250000000000000e+01 -1.437500000000000000e+00
1.000000014901161194e-01 -4.900000095367431641e+00 9.779999732971191406e+00 -3.000000000000000000e+00 2.625000000000000000e+01 -5.118750000000000000e+01 7.312500000000000000e+00 -1.812500000000000000e+00 4.375000000000000000e+00
-9.999999776482582092e-03 -4.730000019073486328e+00 8.979999542236328125e+00 -4.875000000000000000e+00 2.750000000000000000e+01 -4.906250000000000000e+01 1.087500000000000000e+01 1.118750000000000000e+01 1.237500000000000000e+01
-7.599999904632568359e-01 -4.630000114440917969e+00 8.859999656677246094e+00 -4.875000000000000000e+00 2.750000000000000000e+01 -4.906250000000000000e+01 1.118750000000000000e+01 1.118750000000000000e+01 1.637500000000000000e+01
-7.200000286102294922e-01 -5.019999980926513672e+00 9.409999847412109375e+00 -4.875000000000000000e+00 2.750000000000000000e+01 -4.906250000000000000e+01 9.500000000000000000e+00 9.812500000000000000e+00 2.206250000000000000e+01
-6.200000047683715820e-01 -5.309999942779541016e+00 9.420000076293945312e+00 -4.875000000000000000e+00 2.750000000000000000e+01 -4.906250000000000000e+01 6.437500000000000000e+00 1.043750000000000000e+01 2.606250000000000000e+01
-1.320000052452087402e+00 -5.369999885559082031e+00 9.300000190734863281e+00 -4.875000000000000000e+00 2.750000000000000000e+01 -4.906250000000000000e+01 5.375000000000000000e+00 1.643750000000000000e+01 3.106250000000000000e+01
-1.779999971389770508e+00 -5.429999828338623047e+00 9.000000000000000000e+00 -5.875000000000000000e+00 2.537500000000000000e+01 -4.987500000000000000e+01 5.437500000000000000e+00 2.243750000000000000e+01 3.537500000000000000e+01
-1.200000047683715820e+00 -5.739999771118164062e+00 9.270000457763671875e+00 -5.875000000000000000e+00 2.537500000000000000e+01 -4.987500000000000000e+01 4.875000000000000000e+00 2.056250000000000000e+01 3.675000000000000000e+01
-5.400000214576721191e-01 -5.760000228881835938e+00 9.319999694824218750e+00 -5.875000000000000000e+00 2.537500000000000000e+01 -4.987500000000000000e+01 3.125000000000000000e+00 1.856250000000000000e+01 3.837500000000000000e+01
1.470000028610229492e+00 -3.720000028610229492e+00 8.739999771118164062e+00 -5.875000000000000000e+00 2.537500000000000000e+01 -4.987500000000000000e+01 6.312500000000000000e+00 1.825000000000000000e+01 4.112500000000000000e+01
5.299999713897705078e-01 -2.900000095367431641e+00 9.890000343322753906e+00 -5.875000000000000000e+00 2.537500000000000000e+01 -4.987500000000000000e+01 1.381250000000000000e+01 8.500000000000000000e+00 2.556250000000000000e+01
4.119999885559082031e+00 -7.559999942779541016e+00 8.279999732971191406e+00 -5.875000000000000000e+00 2.575000000000000000e+01 -4.825000000000000000e+01 -1.456250000000000000e+01 9.375000000000000000e-01 -3.437500000000000000e+00
3.640000104904174805e+00 -6.449999809265136719e+00 8.430000305175781250e+00 -5.875000000000000000e+00 2.575000000000000000e+01 -4.825000000000000000e+01 -1.312500000000000000e+01 -6.250000000000000000e-02 -2.037500000000000000e+01
3.700000047683715820e+00 -4.590000152587890625e+00 9.449999809265136719e+00 -5.875000000000000000e+00 2.575000000000000000e+01 -4.825000000000000000e+01 1.350000000000000000e+01 2.500000000000000000e+00 -2.287500000000000000e+01
3.460000038146972656e+00 -3.380000114440917969e+00 9.310000419616699219e+00 -5.875000000000000000e+00 2.575000000000000000e+01 -4.825000000000000000e+01 1.425000000000000000e+01 6.312500000000000000e+00 -5.500000000000000000e+00
1.690000057220458984e+00 -2.119999885559082031e+00 8.500000000000000000e+00 -5.875000000000000000e+00 2.575000000000000000e+01 -4.825000000000000000e+01 9.250000000000000000e+00 9.187500000000000000e+00 6.562500000000000000e+00
1.419999957084655762e+00 -2.890000104904174805e+00 8.050000190734863281e+00 -4.750000000000000000e+00 2.506250000000000000e+01 -4.987500000000000000e+01 -6.375000000000000000e+00 7.437500000000000000e+00 9.187500000000000000e+00
1.289999961853027344e+00 -3.660000085830688477e+00 7.849999904632568359e+00 -4.750000000000000000e+00 2.506250000000000000e+01 -4.987500000000000000e+01 -1.387500000000000000e+01 2.250000000000000000e+00 9.812500000000000000e+00
1.730000019073486328e+00 -3.329999923706054688e+00 8.079999923706054688e+00 -4.750000000000000000e+00 2.506250000000000000e+01 -4.987500000000000000e+01 -6.687500000000000000e+00 -4.312500000000000000e+00 1.037500000000000000e+01
1.879999995231628418e+00 -3.059999942779541016e+00 7.969999790191650391e+00 -4.750000000000000000e+00 2.506250000000000000e+01 -4.987500000000000000e+01 6.875000000000000000e-01 -7.625000000000000000e+00 1.087500000000000000e+01
2.140000104904174805e+00 -3.240000009536743164e+00 8.119999885559082031e+00 -4.750000000000000000e+00 2.506250000000000000e+01 -4.987500000000000000e+01 -2.125000000000000000e+00 -9.312500000000000000e+00 1.000000000000000000e+01
2.579999923706054688e+00 -3.710000038146972656e+00 8.539999961853027344e+00 -4.750000000000000000e+00 2.506250000000000000e+01 -4.987500000000000000e+01 -6.125000000000000000e+00 -1.193750000000000000e+01 7.437500000000000000e+00
3.140000104904174805e+00 -4.500000000000000000e+00 8.770000457763671875e+00 -4.750000000000000000e+00 2.506250000000000000e+01 -4.987500000000000000e+01 -6.375000000000000000e+00 -1.331250000000000000e+01 4.062500000000000000e+00
2.799999952316284180e+00 -4.860000133514404297e+00 8.689999580383300781e+00 -4.750000000000000000e+00 2.506250000000000000e+01 -4.987500000000000000e+01 -4.437500000000000000e+00 -1.156250000000000000e+01 1.687500000000000000e+00
2.319999933242797852e+00 -4.980000019073486328e+00 8.920000076293945312e+00 -4.750000000000000000e+00 2.506250000000000000e+01 -4.987500000000000000e+01 -1.750000000000000000e+00 -1.056250000000000000e+01 1.437500000000000000e+00
1.990000009536743164e+00 -4.739999771118164062e+00 9.149999618530273438e+00 -4.750000000000000000e+00 2.506250000000000000e+01 -4.987500000000000000e+01 2.562500000000000000e+00 -1.212500000000000000e+01 3.312500000000000000e+00
1.500000000000000000e+00 -3.960000038146972656e+00 9.210000038146972656e+00 -4.000000000000000000e+00 2.506250000000000000e+01 -4.856250000000000000e+01 3.750000000000000000e+00 -1.350000000000000000e+01 5.125000000000000000e+00
1.419999957084655762e+00 -3.680000066757202148e+00 9.539999961853027344e+00 -4.000000000000000000e+00 2.506250000000000000e+01 -4.856250000000000000e+01 1.937500000000000000e+00 -1.556250000000000000e+01 6.125000000000000000e+00
1.700000047683715820e+00 -3.769999980926513672e+00 1.001000022888183594e+01 -4.000000000000000000e+00 2.506250000000000000e+01 -4.856250000000000000e+01 -3.125000000000000000e+00 -1.875000000000000000e+01 5.875000000000000000e+00
1.159999966621398926e+00 -4.230000019073486328e+00 1.014000034332275391e+01 -4.000000000000000000e+00 2.506250000000000000e+01 -4.856250000000000000e+01 -1.018750000000000000e+01 -1.706250000000000000e+01 6.250000000000000000e+00
4.099999964237213135e-01 -4.210000038146972656e+00 1.003999996185302734e+01 -4.000000000000000000e+00 2.506250000000000000e+01 -4.856250000000000000e+01 -1.381250000000000000e+01 -1.043750000000000000e+01 7.500000000000000000e+00
-1.199999973177909851e-01 -4.219999790191650391e+00 9.899999618530273438e+00 -4.375000000000000000e+00 2.575000000000000000e+01 -4.937500000000000000e+01 -1.362500000000000000e+01 -4.312500000000000000e+00 7.937500000000000000e+00
-4.900000095367431641e-01 -4.300000190734863281e+00 9.689999580383300781e+00 -4.375000000000000000e+00 2.575000000000000000e+01 -4.937500000000000000e+01 -1.250000000000000000e+01 -1.500000000000000000e+00 8.000000000000000000e+00
-9.800000190734863281e-01 -4.719999790191650391e+00 9.670000076293945312e+00 -4.375000000000000000e+00 2.575000000000000000e+01 -4.937500000000000000e+01 -1.075000000000000000e+01 1.312500000000000000e+00 7.187500000000000000e+00
-9.200000166893005371e-01 -4.719999790191650391e+00 9.880000114440917969e+00 -4.375000000000000000e+00 2.575000000000000000e+01 -4.937500000000000000e+01 3.125000000000000000e-01 5.562500000000000000e+00 3.250000000000000000e+00
-6.899999976158142090e-01 -4.440000057220458984e+00 1.010000038146972656e+01 -4.375000000000000000e+00 2.575000000000000000e+01 -4.937500000000000000e+01 1.906250000000000000e+01 1.043750000000000000e+01 1.187500000000000000e+00
-7.200000286102294922e-01 -4.199999809265136719e+00 1.013000011444091797e+01 -4.000000000000000000e+00 2.618750000000000000e+01 -4.937500000000000000e+01 2.881250000000000000e+01 1.531250000000000000e+01 1.562500000000000000e+00
-1.169999957084655762e+00 -4.150000095367431641e+00 9.140000343322753906e+00 -4.000000000000000000e+00 2.618750000000000000e+01 -4.937500000000000000e+01 2.875000000000000000e+01 2.068750000000000000e+01 2.875000000000000000e+00
-1.330000042915344238e+00 -4.260000228881835938e+00 8.680000305175781250e+00 -4.000000000000000000e+00 2.618750000000000000e+01 -4.937500000000000000e+01 2.800000000000000000e+01 2.225000000000000000e+01 4.812500000000000000e+00
-1.279999971389770508e+00 -4.389999866485595703e+00 9.000000000000000000e+00 -4.000000000000000000e+00 2.618750000000000000e+01 -4.937500000000000000e+01 2.787500000000000000e+01 1.868750000000000000e+01 6.687500000000000000e+00
2.500000000000000000e-01 -4.760000228881835938e+00 9.909999847412109375e+00 -4.000000000000000000e+00 2.618750000000000000e+01 -4.937500000000000000e+01 2.737500000000000000e+01 1.281250000000000000e+01 9.687500000000000000e+00
