3.240000009536743164e+00 -2.980000019073486328e+00 8.729999542236328125e+00 1.000000000000000000e+01 1.950000000000000000e+01 -5.168750000000000000e+01 -6.250000000000000000e-02 -6.250000000000000000e-02 6.250000000000000000e-02
3.250000000000000000e+00 -2.970000028610229492e+00 8.720000267028808594e+00 1.000000000000000000e+01 1.950000000000000000e+01 -5.168750000000000000e+01 0.000000000000000000e+00 6.250000000000000000e-02 0.000000000000000000e+00
3.220000028610229492e+00 -2.980000019073486328e+00 8.729999542236328125e+00 1.000000000000000000e+01 1.950000000000000000e+01 -5.168750000000000000e+01 0.000000000000000000e+00 6.250000000000000000e-02 0.000000000000000000e+00
3.220000028610229492e+00 -2.980000019073486328e+00 8.750000000000000000e+00 8.875000000000000000e+00 1.825000000000000000e+01 -5.250000000000000000e+01 0.000000000000000000e+00 0.000000000000000000e+00 -1.250000000000000000e-01
3.220000028610229492e+00 -2.980000019073486328e+00 8.729999542236328125e+00 8.875000000000000000e+00 1.825000000000000000e+01 -5.250000000000000000e+01 0.000000000000000000e+00 0.000000000000000000e+00 -6.250000000000000000e-02
3.240000009536743164e+00 -2.980000019073486328e+00 8.770000457763671875e+00 8.875000000000000000e+00 1.825000000000000000e+01 -5.250000000000000000e+01 6.250000000000000000e-02 6.250000000000000000e-02 -6.250000000000000000e-02
3.220000028610229492e+00 -2.990000009536743164e+00 8.750000000000000000e+00 8.875000000000000000e+00 1.825000000000000000e+01 -5.250000000000000000e+01 1.875000000000000000e-01 0.000000000000000000e+00 -6.250000000000000000e-02
3.230000019073486328e+00 -2.970000028610229492e+00 8.739999771118164062e+00 8.875000000000000000e+00 1.825000000000000000e+01 -5.250000000000000000e+01 1.875000000000000000e-01 0.000000000000000000e+00 -6.250000000000000000e-02
3.230000019073486328e+00 -3.000000000000000000e+00 8.750000000000000000e+00 9.250000000000000000e+00 1.950000000000000000e+01 -5.200000000000000000e+01 3.125000000000000000e-01 1.875000000000000000e-01 -6.250000000000000000e-02
3.220000028610229492e+00 -2.980000019073486328e+00 8.739999771118164062e+00 9.250000000000000000e+00 1.950000000000000000e+01 -5.200000000000000000e+01 2.500000000000000000e-01 1.875000000000000000e-01 -1.250000000000000000e-01
3.230000019073486328e+00 -2.980000019073486328e+00 8.729999542236328125e+00 9.250000000000000000e+00 1.950000000000000000e+01 -5.200000000000000000e+01 2.500000000000000000e-01 1.875000000000000000e-01 -1.250000000000000000e-01
3.240000009536743164e+00 -3.000000000000000000e+00 8.770000457763671875e+00 9.250000000000000000e+00 1.950000000000000000e+01 -5.200000000000000000e+01 2.500000000000000000e-01 1.250000000000000000e-01 -6.250000000000000000e-02
3.240000009536743164e+00 -2.960000038146972656e+00 8.720000267028808594e+00 9.250000000000000000e+00 1.950000000000000000e+01 -5.200000000000000000e+01 2.500000000000000000e-01 1.250000000000000000e-01 -6.250000000000000000e-02
3.220000028610229492e+00 -2.980000019073486328e+00 8.739999771118164062e+00 9.250000000000000000e+00 1.825000000000000000e+01 -5.168750000000000000e+01 1.250000000000000000e-01 3.750000000000000000e-01 -6.250000000000000000e-02
3.250000000000000000e+00 -2.970000028610229492e+00 8.789999961853027344e+00 9.250000000000000000e+00 1.825000000000000000e+01 -5.168750000000000000e+01 3.125000000000000000e-01 1.250000000000000000e-01 -6.250000000000000000e-02
3.250000000000000000e+00 -2.970000028610229492e+00 8.760000228881835938e+00 9.250000000000000000e+00 1.825000000000000000e+01 -5.168750000000000000e+01 3.125000000000000000e-01 1.250000000000000000e-01 1.875000000000000000e-01
3.259999990463256836e+00 -2.880000114440917969e+00 8.869999885559082031e+00 9.250000000000000000e+00 1.825000000000000000e+01 -5.168750000000000000e+01 -3.125000000000000000e-01 6.250000000000000000e-02 4.375000000000000000e-01
3.299999952316284180e+00 -2.900000095367431641e+00 8.850000381469726562e+00 9.250000000000000000e+00 1.825000000000000000e+01 -5.168750000000000000e+01 -3.125000000000000000e-01 6.250000000000000000e-02 4.375000000000000000e-01
3.200000047683715820e+00 -3.039999961853027344e+00 8.739999771118164062e+00 8.875000000000000000e+00 1.950000000000000000e+01 -5.168750000000000000e+01 -1.625000000000000000e+00 1.250000000000000000e-01 8.125000000000000000e-01
3.130000114440917969e+00 -3.160000085830688477e+00 8.680000305175781250e+00 8.875000000000000000e+00 1.950000000000000000e+01 -5.168750000000000000e+01 -1.187500000000000000e+00 -3.125000000000000000e-01 6.250000000000000000e-02
3.240000009536743164e+00 -2.869999885559082031e+00 8.770000457763671875e+00 8.875000000000000000e+00 1.950000000000000000e+01 -5.168750000000000000e+01 -8.125000000000000000e-01 -3.125000000000000000e-01 -6.250000000000000000e-02
3.269999980926513672e+00 -2.730000019073486328e+00 8.789999961853027344e+00 8.875000000000000000e+00 1.950000000000000000e+01 -5.168750000000000000e+01 -2.062500000000000000e+00 0.000000000000000000e+00 5.000000000000000000e-01
3.210000038146972656e+00 -2.859999895095825195e+00 8.909999847412109375e+00 8.875000000000000000e+00 1.950000000000000000e+01 -5.168750000000000000e+01 -2.062500000000000000e+00 0.000000000000000000e+00 5.000000000000000000e-01
3.250000000000000000e+00 -2.910000085830688477e+00 8.920000076293945312e+00 9.250000000000000000e+00 1.868750000000000000e+01 -5.206250000000000000e+01 -3.812500000000000000e+00 -5.625000000000000000e-01 7.500000000000000000e-01
3.349999904632568359e+00 -2.920000076293945312e+00 8.829999923706054688e+00 9.250000000000000000e+00 1.868750000000000000e+01 -5.206250000000000000e+01 -6.437500000000000000e+00 -6.250000000000000000e-02 1.937500000000000000e+00
3.240000009536743164e+00 -2.990000009536743164e+00 8.720000267028808594e+00 9.250000000000000000e+00 1.868750000000000000e+01 -5.206250000000000000e+01 -6.625000000000000000e+00 3.125000000000000000e-01 2.187500000000000000e+00
3.210000038146972656e+00 -3.089999914169311523e+00 8.630000114440917969e+00 9.250000000000000000e+00 1.868750000000000000e+01 -5.206250000000000000e+01 -5.562500000000000000e+00 3.750000000000000000e-01 2.062500000000000000e+00
3.140000104904174805e+00 -3.099999904632568359e+00 8.649999618530273438e+00 9.250000000000000000e+00 1.868750000000000000e+01 -5.206250000000000000e+01 -5.562500000000000000e+00 3.750000000000000000e-01 2.062500000000000000e+00
3.160000085830688477e+00 -3.099999904632568359e+00 8.600000381469726562e+00 8.875000000000000000e+00 1.906250000000000000e+01 -5.125000000000000000e+01 -4.687500000000000000e+00 2.500000000000000000e-01 1.625000000000000000e+00
3.119999885559082031e+00 -3.160000085830688477e+00 8.640000343322753906e+00 8.875000000000000000e+00 1.906250000000000000e+01 -5.125000000000000000e+01 -2.812500000000000000e+00 -6.250000000000000000e-02 1.062500000000000000e+00
3.099999904632568359e+00 -3.140000104904174805e+00 8.619999885559082031e+00 8.875000000000000000e+00 1.906250000000000000e+01 -5.125000000000000000e+01 -1.750000000000000000e+00 -3.750000000000000000e-01 4.375000000000000000e-01
3.190000057220458984e+00 -3.160000085830688477e+00 8.619999885559082031e+00 8.875000000000000000e+00 1.906250000000000000e+01 -5.125000000000000000e+01 -7.500000000000000000e-01 -4.375000000000000000e-01 1.250000000000000000e-01
3.230000019073486328e+00 -3.180000066757202148e+00 8.670000076293945312e+00 8.875000000000000000e+00 1.906250000000000000e+01 -5.125000000000000000e+01 -7.500000000000000000e-01 -4.375000000000000000e-01 1.250000000000000000e-01
3.269999980926513672e+00 -3.119999885559082031e+00 8.710000038146972656e+00 9.250000000000000000e+00 1.950000000000000000e+01 -5.168750000000000000e+01 3.125000000000000000e-01 -1.875000000000000000e-01 -1.250000000000000000e-01
3.319999933242797852e+00 -3.039999961853027344e+00 8.800000190734863281e+00 9.250000000000000000e+00 1.950000000000000000e+01 -5.168750000000000000e+01 -4.375000000000000000e-01 3.750000000000000000e-01 1.875000000000000000e-01
3.279999971389770508e+00 -3.000000000000000000e+00 8.750000000000000000e+00 9.250000000000000000e+00 1.950000000000000000e+01 -5.168750000000000000e+01 -1.750000000000000000e+00 9.375000000000000000e-01 6.875000000000000000e-01
3.220000028610229492e+00 -3.089999914169311523e+00 8.670000076293945312e+00 9.250000000000000000e+00 1.950000000000000000e+01 -5.168750000000000000e+01 -1.875000000000000000e+00 1.000000000000000000e+00 5.625000000000000000e-01
3.220000028610229492e+00 -3.160000085830688477e+00 8.680000305175781250e+00 9.250000000000000000e+00 1.950000000000000000e+01 -5.168750000000000000e+01 -1.875000000000000000e+00 1.000000000000000000e+00 5.625000000000000000e-01
3.150000095367431641e+00 -3.079999923706054688e+00 8.680000305175781250e+00 9.250000000000000000e+00 1.950000000000000000e+01 -5.168750000000000000e+01 -7.500000000000000000e-01 5.625000000000000000e-01 3.125000000000000000e-01
3.160000085830688477e+00 -3.140000104904174805e+00 8.680000305175781250e+00 9.250000000000000000e+00 1.950000000000000000e+01 -5.168750000000000000e+01 -6.250000000000000000e-01 3.125000000000000000e-01 1.250000000000000000e-01
3.190000057220458984e+00 -3.130000114440917969e+00 8.739999771118164062e+00 9.250000000000000000e+00 1.950000000000000000e+01 -5.168750000000000000e+01 -1.062500000000000000e+00 -5.000000000000000000e-01 1.250000000000000000e-01
3.279999971389770508e+00 -2.990000009536743164e+00 9.250000000000000000e+00 9.250000000000000000e+00 1.950000000000000000e+01 -5.168750000000000000e+01 -6.125000000000000000e+00 -1.000000000000000000e+00 1.000000000000000000e+00
4.639999866485595703e+00 -2.500000000000000000e+00 1.027000045776367188e+01 9.250000000000000000e+00 1.950000000000000000e+01 -5.168750000000000000e+01 -6.125000000000000000e+00 -1.000000000000000000e+00 1.000000000000000000e+00
5.440000057220458984e+00 -2.559999942779541016e+00 1.152000045776367188e+01 9.687500000000000000e+00 1.950000000000000000e+01 -5.168750000000000000e+01 -1.706250000000000000e+01 4.375000000000000000e+00 4.187500000000000000e+00
7.510000228881835938e+00 -2.950000047683715820e+00 1.185000038146972656e+01 9.687500000000000000e+00 1.950000000000000000e+01 -5.168750000000000000e+01 -4.718750000000000000e+01 3.756250000000000000e+01 1.881250000000000000e+01
8.550000190734863281e+00 -3.769999980926513672e+00 1.196000003814697266e+01 9.687500000000000000e+00 1.950000000000000000e+01 -5.168750000000000000e+01 -4.306250000000000000e+01 6.281250000000000000e+01 2.662500000000000000e+01
6.119999885559082031e+00 -5.239999771118164062e+00 1.014999961853027344e+01 9.687500000000000000e+00 1.950000000000000000e+01 -5.168750000000000000e+01 -2.231250000000000000e+01 8.143750000000000000e+01 2.512500000000000000e+01
4.570000171661376953e+00 -4.710000038146972656e+00 9.029999732971191406e+00 9.687500000000000000e+00 1.950000000000000000e+01 -5.168750000000000000e+01 -2.231250000000000000e+01 8.143750000000000000e+01 2.512500000000000000e+01
2.750000000000000000e+00 -3.640000104904174805e+00 8.050000190734863281e+00 1.000000000000000000e+01 2.018750000000000000e+01 -5.206250000000000000e+01 -3.562500000000000000e+00 9.025000000000000000e+01 2.200000000000000000e+01
1.230000019073486328e+00 -3.789999961853027344e+00 8.050000190734863281e+00 1.000000000000000000e+01 2.018750000000000000e+01 -5.206250000000000000e+01 -1.062500000000000000e+01 7.706250000000000000e+01 2.293750000000000000e+01
2.140000104904174805e+00 -4.340000152587890625e+00 9.689999580383300781e+00 1.000000000000000000e+01 2.018750000000000000e+01 -5.206250000000000000e+01 -1.956250000000000000e+01 6.912500000000000000e+01 2.506250000000000000e+01
5.170000076293945312e+00 -4.659999847412109375e+00 1.221000003814697266e+01 1.000000000000000000e+01 2.018750000000000000e+01 -5.206250000000000000e+01 -3.031250000000000000e+01 7.931250000000000000e+01 3.218750000000000000e+01
8.850000381469726562e+00 -4.619999885559082031e+00 1.267000007629394531e+01 1.000000000000000000e+01 2.018750000000000000e+01 -5.206250000000000000e+01 -3.031250000000000000e+01 7.931250000000000000e+01 3.218750000000000000e+01
8.069999694824218750e+00 -5.349999904632568359e+00 1.263000011444091797e+01 1.268750000000000000e+01 1.975000000000000000e+01 -4.925000000000000000e+01 -3.118750000000000000e+01 1.099375000000000000e+02 4.475000000000000000e+01
6.710000038146972656e+00 -4.280000209808349609e+00 1.123999977111816406e+01 1.268750000000000000e+01 1.975000000000000000e+01 -4.925000000000000000e+01 -1.612500000000000000e+01 1.561875000000000000e+02 6.093750000000000000e+01
4.469999790191650391e+00 -3.269999980926513672e+00 9.729999542236328125e+00 1.268750000000000000e+01 1.975000000000000000e+01 -4.925000000000000000e+01 -1.468750000000000000e+01 1.625000000000000000e+02 6.468750000000000000e+01
1.759999990463256836e+00 -2.720000028610229492e+00 8.489999771118164062e+00 1.268750000000000000e+01 1.975000000000000000e+01 -4.925000000000000000e+01 -1.606250000000000000e+01 1.561250000000000000e+02 6.350000000000000000e+01
-1.629999995231628418e+00 -1.549999952316284180e+00 6.349999904632568359e+00 1.268750000000000000e+01 1.975000000000000000e+01 -4.925000000000000000e+01 -1.606250000000000000e+01 1.561250000000000000e+02 6.350000000000000000e+01
-3.049999952316284180e+00 -1.500000000000000000e+00 4.960000038146972656e+00 1.556250000000000000e+01 1.950000000000000000e+01 -4.687500000000000000e+01 -2.050000000000000000e+01 1.430625000000000000e+02 5.912500000000000000e+01
-4.440000057220458984e+00 -1.730000019073486328e+00 4.340000152587890625e+00 1.556250000000000000e+01 1.950000000000000000e+01 -4.687500000000000000e+01 -2.125000000000000000e+01 1.261250000000000000e+02 4.900000000000000000e+01
-3.690000057220458984e+00 -2.069999933242797852e+00 4.889999866485595703e+00 1.556250000000000000e+01 1.950000000000000000e+01 -4.687500000000000000e+01 -1.675000000000000000e+01 1.036250000000000000e+02 3.412500000000000000e+01
-3.740000009536743164e+00 -2.369999885559082031e+00 5.360000133514404297e+00 1.556250000000000000e+01 1.950000000000000000e+01 -4.687500000000000000e+01 -1.131250000000000000e+01 8.500000000000000000e+01 1.912500000000000000e+01
-3.359999895095825195e+00 -2.369999885559082031e+00 6.210000038146972656e+00 1.556250000000000000e+01 1.950000000000000000e+01 -4.687500000000000000e+01 -7.437500000000000000e+00 7.081250000000000000e+01 5.812500000000000000e+00
-2.359999895095825195e+00 -2.559999942779541016e+00 6.769999980926513672e+00 2.187500000000000000e+01 1.950000000000000000e+01 -4.606250000000000000e+01 -7.062500000000000000e+00 5.718750000000000000e+01 -3.312500000000000000e+00
-1.600000023841857910e+00 -3.700000047683715820e+00 7.550000190734863281e+00 2.187500000000000000e+01 1.950000000000000000e+01 -4.606250000000000000e+01 -9.812500000000000000e+00 4.831250000000000000e+01 -7.750000000000000000e+00
-1.200000047683715820e+00 -4.110000133514404297e+00 7.969999790191650391e+00 2.187500000000000000e+01 1.950000000000000000e+01 -4.606250000000000000e+01 -1.025000000000000000e+01 4.062500000000000000e+01 -9.812500000000000000e+00
-7.200000286102294922e-01 -4.400000095367431641e+00 8.539999961853027344e+00 2.187500000000000000e+01 1.950000000000000000e+01 -4.606250000000000000e+01 -9.625000000000000000e+00 3.306250000000000000e+01 -9.000000000000000000e+00
-2.000000029802322388e-01 -4.530000209808349609e+00 8.680000305175781250e+00 2.187500000000000000e+01 1.950000000000000000e+01 -4.606250000000000000e+01 -1.137500000000000000e+01 2.837500000000000000e+01 -5.125000000000000000e+00
2.999999932944774628e-02 -4.880000114440917969e+00 8.869999885559082031e+00 2.368750000000000000e+01 2.018750000000000000e+01 -4.475000000000000000e+01 -1.312500000000000000e+01 2.643750000000000000e+01 -1.875000000000000000e-01
-1.000000014901161194e-01 -4.780000209808349609e+00 8.630000114440917969e+00 2.368750000000000000e+01 2.018750000000000000e+01 -4.475000000000000000e+01 -1.006250000000000000e+01 2.562500000000000000e+01 4.125000000000000000e+00
-7.699999809265136719e-01 -4.360000133514404297e+00 8.359999656677246094e+00 2.368750000000000000e+01 2.018750000000000000e+01 -4.475000000000000000e+01 -4.250000000000000000e+00 2.575000000000000000e+01 6.625000000000000000e+00
-1.649999976158142090e+00 -3.460000038146972656e+00 7.969999790191650391e+00 2.368750000000000000e+01 2.018750000000000000e+01 -4.475000000000000000e+01 -6.875000000000000000e-01 2.293750000000000000e+01 6.187500000000000000e+00
-1.679999947547912598e+00 -3.359999895095825195e+00 7.889999866485595703e+00 2.368750000000000000e+01 2.018750000000000000e+01 -4.475000000000000000e+01 -3.750000000000000000e-01 1.737500000000000000e+01 4.375000000000000000e+00
-1.850000023841857910e+00 -3.349999904632568359e+00 7.719999790191650391e+00 2.437500000000000000e+01 1.937500000000000000e+01 -4.300000000000000000e+01 -1.750000000000000000e+00 1.200000000000000000e+01 2.187500000000000000e+00
-1.889999985694885254e+00 -3.400000095367431641e+00 7.880000114440917969e+00 2.437500000000000000e+01 1.937500000000000000e+01 -4.300000000000000000e+01 -3.000000000000000000e+00 6.062500000000000000e+00 -6.250000000000000000e-02
-1.519999980926513672e+00 -3.910000085830688477e+00 7.739999771118164062e+00 2.437500000000000000e+01 1.937500000000000000e+01 -4.300000000000000000e+01 -4.062500000000000000e+00 -2.500000000000000000e-01 -1.750000000000000000e+00
-1.440000057220458984e+00 -4.170000076293945312e+00 7.780000209808349609e+00 2.437500000000000000e+01 1.937500000000000000e+01 -4.300000000000000000e+01 -3.250000000000000000e+00 -4.750000000000000000e+00 -3.125000000000000000e+00
-1.460000038146972656e+00 -4.170000076293945312e+00 7.820000171661376953e+00 2.437500000000000000e+01 1.937500000000000000e+01 -4.300000000000000000e+01 8.750000000000000000e-01 -8.937500000000000000e+00 -4.375000000000000000e+00
-1.370000004768371582e+00 -4.059999942779541016e+00 7.949999809265136719e+00 2.437500000000000000e+01 1.900000000000000000e+01 -4.325000000000000000e+01 3.875000000000000000e+00 -1.312500000000000000e+01 -5.937500000000000000e+00
-6.700000166893005371e-01 -4.050000190734863281e+00 8.470000267028808594e+00 2.437500000000000000e+01 1.900000000000000000e+01 -4.325000000000000000e+01 4.625000000000000000e+00 -1.768750000000000000e+01 -7.000000000000000000e+00
-6.000000238418579102e-01 -4.099999904632568359e+00 8.529999732971191406e+00 2.437500000000000000e+01 1.900000000000000000e+01 -4.325000000000000000e+01 4.062500000000000000e+00 -2.031250000000000000e+01 -6.437500000000000000e+00
-5.699999928474426270e-01 -4.039999961853027344e+00 8.760000228881835938e+00 2.437500000000000000e+01 1.900000000000000000e+01 -4.325000000000000000e+01 4.437500000000000000e+00 -2.193750000000000000e+01 -5.875000000000000000e+00
3.100000023841857910e-01 -4.039999961853027344e+00 9.239999771118164062e+00 2.437500000000000000e+01 1.900000000000000000e+01 -4.325000000000000000e+01 4.187500000000000000e+00 -2.375000000000000000e+01 -5.250000000000000000e+00
1.899999976158142090e-01 -4.139999866485595703e+00 9.130000114440917969e+00 2.400000000000000000e+01 1.925000000000000000e+01 -4.356250000000000000e+01 4.000000000000000000e+00 -2.243750000000000000e+01 -4.125000000000000000e+00
-3.199999928474426270e-01 -3.890000104904174805e+00 8.979999542236328125e+00 2.400000000000000000e+01 1.925000000000000000e+01 -4.356250000000000000e+01 6.312500000000000000e+00 -1.925000000000000000e+01 -4.312500000000000000e+00
-5.699999928474426270e-01 -3.549999952316284180e+00 8.760000228881835938e+00 2.400000000000000000e+01 1.925000000000000000e+01 -4.356250000000000000e+01 8.437500000000000000e+00 -1.868750000000000000e+01 -5.875000000000000000e+00
-1.440000057220458984e+00 -3.359999895095825195e+00 7.619999885559082031e+00 2.400000000000000000e+01 1.925000000000000000e+01 -4.356250000000000000e+01 8.500000000000000000e+00 -2.006250000000000000e+01 -7.812500000000000000e+00
-2.160000085830688477e+00 -3.180000066757202148e+00 6.969999790191650391e+00 2.400000000000000000e+01 1.925000000000000000e+01 -4.356250000000000000e+01 9.875000000000000000e+00 -2.312500000000000000e+01 -1.118750000000000000e+01
-2.710000038146972656e+00 -3.059999942779541016e+00 6.619999885559082031e+00 2.287500000000000000e+01 1.956250000000000000e+01 -4.337500000000000000e+01 1.268750000000000000e+01 -3.006250000000000000e+01 -1.625000000000000000e+01
-2.609999895095825195e+00 -3.109999895095825195e+00 6.789999961853027344e+00 2.287500000000000000e+01 1.956250000000000000e+01 -4.337500000000000000e+01 1.468750000000000000e+01 -4.112500000000000000e+01 -2.243750000000000000e+01
-2.049999952316284180e+00 -3.069999933242797852e+00 6.210000038146972656e+00 2.287500000000000000e+01 1.956250000000000000e+01 -4.337500000000000000e+01 1.637500000000000000e+01 -5.175000000000000000e+01 -2.737500000000000000e+01
-2.329999923706054688e+00 -3.359999895095825195e+00 6.449999809265136719e+00 2.287500000000000000e+01 1.956250000000000000e+01 -4.337500000000000000e+01 1.975000000000000000e+01 -6.056250000000000000e+01 -3.156250000000000000e+01
-2.140000104904174805e+00 -3.450000047683715820e+00 6.719999790191650391e+00 2.287500000000000000e+01 1.956250000000000000e+01 -4.337500000000000000e+01 2.487500000000000000e+01 -7.250000000000000000e+01 -3.762500000000000000e+01
-1.879999995231628418e+00 -2.990000009536743164e+00 7.269999980926513672e+00 2.287500000000000000e+01 1.956250000000000000e+01 -4.418750000000000000e+01 2.731250000000000000e+01 -8.687500000000000000e+01 -4.181250000000000000e+01
-7.699999809265136719e-01 -2.619999885559082031e+00 8.010000228881835938e+00 2.287500000000000000e+01 1.956250000000000000e+01 -4.418750000000000000e+01 2.175000000000000000e+01 -1.043750000000000000e+02 -4.318750000000000000e+01
7.699999809265136719e-01 -2.700000047683715820e+00 8.470000267028808594e+00 2.287500000000000000e+01 1.956250000000000000e+01 -4.418750000000000000e+01 9.062500000000000000e+00 -1.208125000000000000e+02 -3.893750000000000000e+01
1.740000009536743164e+00 -3.190000057220458984e+00 8.430000305175781250e+00 2.287500000000000000e+01 1.956250000000000000e+01 -4.418750000000000000e+01 -2.500000000000000000e+00 -1.280000000000000000e+02 -3.162500000000000000e+01
1.960000038146972656e+00 -3.410000085830688477e+00 8.880000114440917969e+00 2.287500000000000000e+01 1.956250000000000000e+01 -4.418750000000000000e+01 -4.562500000000000000e+00 -1.291875000000000000e+02 -2.868750000000000000e+01
2.930000066757202148e+00 -3.460000038146972656e+00 9.020000457763671875e+00 1.875000000000000000e+01 1.956250000000000000e+01 -4.656250000000000000e+01 3.187500000000000000e+00 -1.276875000000000000e+02 -3.181250000000000000e+01
3.279999971389770508e+00 -2.319999933242797852e+00 8.970000267028808594e+00 1.875000000000000000e+01 1.956250000000000000e+01 -4.656250000000000000e+01 1.206250000000000000e+01 -1.173750000000000000e+02 -4.306250000000000000e+01
