3.019999980926513672e+00 -2.740000009536743164e+00 8.899999618530273438e+00 -1.106250000000000000e+01 1.956250000000000000e+01 -4.837500000000000000e+01 -6.250000000000000000e-02 -1.875000000000000000e-01 6.250000000000000000e-02
3.009999990463256836e+00 -2.750000000000000000e+00 8.899999618530273438e+00 -9.562500000000000000e+00 1.956250000000000000e+01 -4.906250000000000000e+01 1.875000000000000000e-01 0.000000000000000000e+00 6.250000000000000000e-02
3.009999990463256836e+00 -2.740000009536743164e+00 8.880000114440917969e+00 -9.562500000000000000e+00 1.956250000000000000e+01 -4.906250000000000000e+01 -1.250000000000000000e-01 6.250000000000000000e-02 0.000000000000000000e+00
3.000000000000000000e+00 -2.750000000000000000e+00 8.880000114440917969e+00 -9.562500000000000000e+00 1.956250000000000000e+01 -4.906250000000000000e+01 1.250000000000000000e-01 0.000000000000000000e+00 6.250000000000000000e-02
3.029999971389770508e+00 -2.750000000000000000e+00 8.899999618530273438e+00 -9.562500000000000000e+00 1.956250000000000000e+01 -4.906250000000000000e+01 6.250000000000000000e-02 1.250000000000000000e-01 -6.250000000000000000e-02
3.009999990463256836e+00 -2.730000019073486328e+00 8.869999885559082031e+00 -9.562500000000000000e+00 1.956250000000000000e+01 -4.906250000000000000e+01 6.250000000000000000e-02 1.875000000000000000e-01 -6.250000000000000000e-02
3.029999971389770508e+00 -2.750000000000000000e+00 8.909999847412109375e+00 -1.137500000000000000e+01 2.100000000000000000e+01 -4.787500000000000000e+01 -6.250000000000000000e-02 1.250000000000000000e-01 6.250000000000000000e-02
3.019999980926513672e+00 -2.759999990463256836e+00 8.890000343322753906e+00 -1.137500000000000000e+01 2.100000000000000000e+01 -4.787500000000000000e+01 0.000000000000000000e+00 -6.250000000000000000e-02 -6.250000000000000000e-02
3.009999990463256836e+00 -2.779999971389770508e+00 8.890000343322753906e+00 -1.137500000000000000e+01 2.100000000000000000e+01 -4.787500000000000000e+01 0.000000000000000000e+00 -6.250000000000000000e-02 6.250000000000000000e-02
3.029999971389770508e+00 -2.769999980926513672e+00 8.869999885559082031e+00 -1.137500000000000000e+01 2.100000000000000000e+01 -4.787500000000000000e+01 0.000000000000000000e+00 -1.250000000000000000e-01 1.250000000000000000e-01
3.019999980926513672e+00 -2.730000019073486328e+00 8.859999656677246094e+00 -1.137500000000000000e+01 2.100000000000000000e+01 -4.787500000000000000e+01 -6.250000000000000000e-02 -6.250000000000000000e-02 6.250000000000000000e-02
3.019999980926513672e+00 -2.740000009536743164e+00 8.880000114440917969e+00 -9.562500000000000000e+00 1.837500000000000000e+01 -4.787500000000000000e+01 6.250000000000000000e-02 1.250000000000000000e-01 -6.250000000000000000e-02
3.009999990463256836e+00 -2.750000000000000000e+00 8.859999656677246094e+00 -9.562500000000000000e+00 1.837500000000000000e+01 -4.787500000000000000e+01 -1.250000000000000000e-01 1.875000000000000000e-01 -1.250000000000000000e-01
3.019999980926513672e+00 -2.710000038146972656e+00 8.869999885559082031e+00 -9.562500000000000000e+00 1.837500000000000000e+01 -4.787500000000000000e+01 0.000000000000000000e+00 -1.250000000000000000e-01 0.000000000000000000e+00
3.009999990463256836e+00 -2.730000019073486328e+00 8.869999885559082031e+00 -9.562500000000000000e+00 1.837500000000000000e+01 -4.787500000000000000e+01 1.250000000000000000e-01 -6.250000000000000000e-02 0.000000000000000000e+00
3.019999980926513672e+00 -2.740000009536743164e+00 8.890000343322753906e+00 -9.562500000000000000e+00 1.837500000000000000e+01 -4.787500000000000000e+01 6.250000000000000000e-02 1.250000000000000000e-01 -1.250000000000000000e-01
3.009999990463256836e+00 -2.759999990463256836e+00 8.840000152587890625e+00 -1.068750000000000000e+01 1.987500000000000000e+01 -4.825000000000000000e+01 6.250000000000000000e-02 -1.250000000000000000e-01 0.000000000000000000e+00
3.000000000000000000e+00 -2.759999990463256836e+00 8.869999885559082031e+00 -1.068750000000000000e+01 1.987500000000000000e+01 -4.825000000000000000e+01 6.250000000000000000e-02 -1.250000000000000000e-01 0.000000000000000000e+00
2.990000009536743164e+00 -2.740000009536743164e+00 8.859999656677246094e+00 -1.068750000000000000e+01 1.987500000000000000e+01 -4.825000000000000000e+01 0.000000000000000000e+00 -6.250000000000000000e-02 0.000000000000000000e+00
3.029999971389770508e+00 -2.769999980926513672e+00 8.859999656677246094e+00 -1.068750000000000000e+01 1.987500000000000000e+01 -4.825000000000000000e+01 6.250000000000000000e-02 0.000000000000000000e+00 0.000000000000000000e+00
3.019999980926513672e+00 -2.750000000000000000e+00 8.899999618530273438e+00 -1.068750000000000000e+01 1.987500000000000000e+01 -4.825000000000000000e+01 0.000000000000000000e+00 -2.500000000000000000e-01 0.000000000000000000e+00
3.019999980926513672e+00 -2.750000000000000000e+00 8.880000114440917969e+00 -1.025000000000000000e+01 1.987500000000000000e+01 -4.675000000000000000e+01 1.875000000000000000e-01 1.250000000000000000e-01 -6.250000000000000000e-02
3.029999971389770508e+00 -2.759999990463256836e+00 8.840000152587890625e+00 -1.025000000000000000e+01 1.987500000000000000e+01 -4.675000000000000000e+01 1.875000000000000000e-01 -1.250000000000000000e-01 -1.250000000000000000e-01
3.019999980926513672e+00 -2.730000019073486328e+00 8.880000114440917969e+00 -1.025000000000000000e+01 1.987500000000000000e+01 -4.675000000000000000e+01 0.000000000000000000e+00 -1.250000000000000000e-01 -6.250000000000000000e-02
3.019999980926513672e+00 -2.750000000000000000e+00 8.880000114440917969e+00 -1.025000000000000000e+01 1.987500000000000000e+01 -4.675000000000000000e+01 1.250000000000000000e-01 -6.250000000000000000e-02 0.000000000000000000e+00
3.009999990463256836e+00 -2.720000028610229492e+00 8.869999885559082031e+00 -1.025000000000000000e+01 1.987500000000000000e+01 -4.675000000000000000e+01 0.000000000000000000e+00 6.250000000000000000e-02 0.000000000000000000e+00
3.029999971389770508e+00 -2.759999990463256836e+00 8.899999618530273438e+00 -1.106250000000000000e+01 1.956250000000000000e+01 -4.825000000000000000e+01 -6.250000000000000000e-02 0.000000000000000000e+00 0.000000000000000000e+00
3.019999980926513672e+00 -2.740000009536743164e+00 8.880000114440917969e+00 -1.106250000000000000e+01 1.956250000000000000e+01 -4.825000000000000000e+01 6.250000000000000000e-02 -6.250000000000000000e-02 6.250000000000000000e-02
3.019999980926513672e+00 -2.759999990463256836e+00 8.840000152587890625e+00 -1.106250000000000000e+01 1.956250000000000000e+01 -4.825000000000000000e+01 6.250000000000000000e-02 -1.250000000000000000e-01 -6.250000000000000000e-02
3.009999990463256836e+00 -2.740000009536743164e+00 8.859999656677246094e+00 -1.106250000000000000e+01 1.956250000000000000e+01 -4.825000000000000000e+01 1.250000000000000000e-01 6.250000000000000000e-02 -6.250000000000000000e-02
3.029999971389770508e+00 -2.730000019073486328e+00 8.899999618530273438e+00 -1.106250000000000000e+01 1.956250000000000000e+01 -4.825000000000000000e+01 1.250000000000000000e-01 -6.250000000000000000e-02 -6.250000000000000000e-02
3.009999990463256836e+00 -2.740000009536743164e+00 8.890000343322753906e+00 -1.068750000000000000e+01 1.987500000000000000e+01 -4.787500000000000000e+01 6.250000000000000000e-02 -1.250000000000000000e-01 1.250000000000000000e-01
3.000000000000000000e+00 -2.750000000000000000e+00 8.899999618530273438e+00 -1.068750000000000000e+01 1.987500000000000000e+01 -4.787500000000000000e+01 6.250000000000000000e-02 0.000000000000000000e+00 -1.250000000000000000e-01
3.019999980926513672e+00 -2.730000019073486328e+00 8.850000381469726562e+00 -1.068750000000000000e+01 1.987500000000000000e+01 -4.787500000000000000e+01 6.250000000000000000e-02 6.250000000000000000e-02 0.000000000000000000e+00
3.019999980926513672e+00 -2.759999990463256836e+00 8.850000381469726562e+00 -1.068750000000000000e+01 1.987500000000000000e+01 -4.787500000000000000e+01 -6.250000000000000000e-02 -1.250000000000000000e-01 -6.250000000000000000e-02
3.009999990463256836e+00 -2.740000009536743164e+00 8.869999885559082031e+00 -1.068750000000000000e+01 1.987500000000000000e+01 -4.787500000000000000e+01 6.250000000000000000e-02 6.250000000000000000e-02 6.250000000000000000e-02
2.990000009536743164e+00 -2.720000028610229492e+00 8.880000114440917969e+00 -1.025000000000000000e+01 1.875000000000000000e+01 -4.706250000000000000e+01 0.000000000000000000e+00 2.500000000000000000e-01 0.000000000000000000e+00
2.990000009536743164e+00 -2.750000000000000000e+00 8.890000343322753906e+00 -1.025000000000000000e+01 1.875000000000000000e+01 -4.706250000000000000e+01 1.250000000000000000e-01 0.000000000000000000e+00 1.250000000000000000e-01
3.009999990463256836e+00 -2.750000000000000000e+00 8.859999656677246094e+00 -1.025000000000000000e+01 1.875000000000000000e+01 -4.706250000000000000e+01 0.000000000000000000e+00 0.000000000000000000e+00 1.250000000000000000e-01
3.009999990463256836e+00 -2.750000000000000000e+00 8.880000114440917969e+00 -1.025000000000000000e+01 1.875000000000000000e+01 -4.706250000000000000e+01 0.000000000000000000e+00 6.250000000000000000e-02 0.000000000000000000e+00
3.019999980926513672e+00 -2.740000009536743164e+00 8.869999885559082031e+00 -1.025000000000000000e+01 1.875000000000000000e+01 -4.706250000000000000e+01 0.000000000000000000e+00 1.875000000000000000e-01 0.000000000000000000e+00
3.049999952316284180e+00 -2.750000000000000000e+00 8.890000343322753906e+00 -1.137500000000000000e+01 1.918750000000000000e+01 -4.906250000000000000e+01 -6.250000000000000000e-02 0.000000000000000000e+00 6.250000000000000000e-02
3.009999990463256836e+00 -2.779999971389770508e+00 8.880000114440917969e+00 -1.137500000000000000e+01 1.918750000000000000e+01 -4.906250000000000000e+01 6.250000000000000000e-02 -3.750000000000000000e-01 -6.250000000000000000e-02
3.019999980926513672e+00 -2.750000000000000000e+00 8.949999809265136719e+00 -1.137500000000000000e+01 1.918750000000000000e+01 -4.906250000000000000e+01 -4.375000000000000000e-01 -5.625000000000000000e-01 1.250000000000000000e-01
3.109999895095825195e+00 -2.460000038146972656e+00 9.340000152587890625e+00 -1.137500000000000000e+01 1.918750000000000000e+01 -4.906250000000000000e+01 -3.000000000000000000e+00 -2.562500000000000000e+00 1.437500000000000000e+00
3.450000047683715820e+00 -1.840000033378601074e+00 1.047999954223632812e+01 -1.137500000000000000e+01 1.918750000000000000e+01 -4.906250000000000000e+01 -3.000000000000000000e+00 -2.562500000000000000e+00 1.437500000000000000e+00
2.880000114440917969e+00 -2.150000095367431641e+00 1.069999980926513672e+01 -1.068750000000000000e+01 1.956250000000000000e+01 -4.787500000000000000e+01 -1.656250000000000000e+01 -3.125000000000000000e+00 3.125000000000000000e+00
5.949999809265136719e+00 -2.720000028610229492e+00 1.048999977111816406e+01 -1.068750000000000000e+01 1.956250000000000000e+01 -4.787500000000000000e+01 -3.881250000000000000e+01 3.562500000000000000e+00 6.437500000000000000e+00
7.500000000000000000e+00 -2.150000095367431641e+00 1.130000019073486328e+01 -1.068750000000000000e+01 1.956250000000000000e+01 -4.787500000000000000e+01 -4.950000000000000000e+01 3.312500000000000000e+01 1.143750000000000000e+01
4.800000190734863281e+00 -3.940000057220458984e+00 1.060999965667724609e+01 -1.068750000000000000e+01 1.956250000000000000e+01 -4.787500000000000000e+01 -4.325000000000000000e+01 5.175000000000000000e+01 1.087500000000000000e+01
3.829999923706054688e+00 -4.199999809265136719e+00 9.920000076293945312e+00 -1.068750000000000000e+01 1.956250000000000000e+01 -4.787500000000000000e+01 -4.325000000000000000e+01 5.175000000000000000e+01 1.087500000000000000e+01
4.420000076293945312e+00 -3.950000047683715820e+00 9.739999771118164062e+00 -6.500000000000000000e+00 1.200000000000000000e+01 -3.006250000000000000e+01 -2.262500000000000000e+01 5.650000000000000000e+01 8.937500000000000000e+00
5.460000038146972656e+00 -5.420000076293945312e+00 1.053999996185302734e+01 -6.500000000000000000e+00 1.200000000000000000e+01 -3.006250000000000000e+01 -2.012500000000000000e+01 7.137500000000000000e+01 1.368750000000000000e+01
6.570000171661376953e+00 -6.619999885559082031e+00 1.097999954223632812e+01 -6.500000000000000000e+00 1.200000000000000000e+01 -3.006250000000000000e+01 -1.106250000000000000e+01 8.443750000000000000e+01 2.131250000000000000e+01
7.530000209808349609e+00 -6.610000133514404297e+00 1.177000045776367188e+01 -6.500000000000000000e+00 1.200000000000000000e+01 -3.006250000000000000e+01 4.437500000000000000e+00 1.027500000000000000e+02 2.968750000000000000e+01
7.809999942779541016e+00 -5.380000114440917969e+00 1.168000030517578125e+01 -6.500000000000000000e+00 1.200000000000000000e+01 -3.006250000000000000e+01 4.437500000000000000e+00 1.027500000000000000e+02 2.968750000000000000e+01
4.059999942779541016e+00 -3.670000076293945312e+00 9.350000381469726562e+00 -4.562500000000000000e+00 1.400000000000000000e+01 -2.768750000000000000e+01 1.081250000000000000e+01 1.251875000000000000e+02 3.906250000000000000e+01
1.669999957084655762e+00 -2.920000076293945312e+00 8.140000343322753906e+00 -4.562500000000000000e+00 1.400000000000000000e+01 -2.768750000000000000e+01 1.006250000000000000e+01 1.382500000000000000e+02 4.887500000000000000e+01
-7.999999821186065674e-02 -2.119999885559082031e+00 7.219999790191650391e+00 -4.562500000000000000e+00 1.400000000000000000e+01 -2.768750000000000000e+01 6.250000000000000000e+00 1.268750000000000000e+02 4.856250000000000000e+01
-1.370000004768371582e+00 -1.580000042915344238e+00 6.429999828338623047e+00 -4.562500000000000000e+00 1.400000000000000000e+01 -2.768750000000000000e+01 1.937500000000000000e+00 1.106250000000000000e+02 4.468750000000000000e+01
-3.319999933242797852e+00 -1.029999971389770508e+00 5.260000228881835938e+00 -4.562500000000000000e+00 1.400000000000000000e+01 -2.768750000000000000e+01 1.937500000000000000e+00 1.106250000000000000e+02 4.468750000000000000e+01
-3.700000047683715820e+00 -9.700000286102294922e-01 5.130000114440917969e+00 -8.750000000000000000e-01 1.287500000000000000e+01 -2.700000000000000000e+01 -4.375000000000000000e-01 9.118750000000000000e+01 3.750000000000000000e+01
-3.720000028610229492e+00 -1.019999980926513672e+00 5.300000190734863281e+00 -8.750000000000000000e-01 1.287500000000000000e+01 -2.700000000000000000e+01 -2.750000000000000000e+00 5.093750000000000000e+01 1.837500000000000000e+01
-2.980000019073486328e+00 -1.539999961853027344e+00 6.079999923706054688e+00 -8.750000000000000000e-01 1.287500000000000000e+01 -2.700000000000000000e+01 -3.562500000000000000e+00 3.312500000000000000e+01 9.312500000000000000e+00
-2.420000076293945312e+00 -1.779999971389770508e+00 6.570000171661376953e+00 -8.750000000000000000e-01 1.287500000000000000e+01 -2.700000000000000000e+01 -5.375000000000000000e+00 1.787500000000000000e+01 2.375000000000000000e+00
-2.160000085830688477e+00 -2.029999971389770508e+00 6.739999771118164062e+00 -8.750000000000000000e-01 1.287500000000000000e+01 -2.700000000000000000e+01 -5.375000000000000000e+00 1.787500000000000000e+01 2.375000000000000000e+00
-2.150000095367431641e+00 -2.259999990463256836e+00 6.639999866485595703e+00 4.375000000000000000e+00 1.118750000000000000e+01 -2.525000000000000000e+01 -9.750000000000000000e+00 4.062500000000000000e+00 -2.437500000000000000e+00
-2.390000104904174805e+00 -2.940000057220458984e+00 5.920000076293945312e+00 4.375000000000000000e+00 1.118750000000000000e+01 -2.525000000000000000e+01 -1.031250000000000000e+01 -2.381250000000000000e+01 -6.062500000000000000e+00
-2.720000028610229492e+00 -2.819999933242797852e+00 5.619999885559082031e+00 4.375000000000000000e+00 1.118750000000000000e+01 -2.525000000000000000e+01 -4.312500000000000000e+00 -3.968750000000000000e+01 -1.031250000000000000e+01
-3.009999990463256836e+00 -2.349999904632568359e+00 5.210000038146972656e+00 4.375000000000000000e+00 1.118750000000000000e+01 -2.525000000000000000e+01 -1.187500000000000000e+00 -5.643750000000000000e+01 -1.543750000000000000e+01
-3.559999942779541016e+00 -1.820000052452087402e+00 4.519999980926513672e+00 4.375000000000000000e+00 1.118750000000000000e+01 -2.525000000000000000e+01 -1.187500000000000000e+00 -5.643750000000000000e+01 -1.543750000000000000e+01
-4.719999790191650391e+00 -1.039999961853027344e+00 3.039999961853027344e+00 8.562500000000000000e+00 1.356250000000000000e+01 -2.725000000000000000e+01 -6.250000000000000000e-02 -7.581250000000000000e+01 -2.218750000000000000e+01
-5.199999809265136719e+00 -6.899999976158142090e-01 2.460000038146972656e+00 8.562500000000000000e+00 1.356250000000000000e+01 -2.725000000000000000e+01 4.062500000000000000e+00 -1.304375000000000000e+02 -4.231250000000000000e+01
-5.400000095367431641e+00 -2.899999916553497314e-01 2.220000028610229492e+00 8.562500000000000000e+00 1.356250000000000000e+01 -2.725000000000000000e+01 3.625000000000000000e+00 -1.663125000000000000e+02 -5.400000000000000000e+01
-4.070000171661376953e+00 -1.899999976158142090e-01 2.599999904632568359e+00 8.562500000000000000e+00 1.356250000000000000e+01 -2.725000000000000000e+01 1.812500000000000000e+00 -2.046875000000000000e+02 -6.518750000000000000e+01
-2.539999961853027344e+00 -4.900000095367431641e-01 3.079999923706054688e+00 8.562500000000000000e+00 1.356250000000000000e+01 -2.725000000000000000e+01 1.812500000000000000e+00 -2.046875000000000000e+02 -6.518750000000000000e+01
-6.600000262260437012e-01 -9.499999880790710449e-01 3.559999942779541016e+00 7.187500000000000000e+00 1.437500000000000000e+01 -2.868750000000000000e+01 -4.375000000000000000e-01 -2.418750000000000000e+02 -7.675000000000000000e+01
3.549999952316284180e+00 -7.400000095367431641e+00 1.486999988555908203e+01 7.187500000000000000e+00 1.437500000000000000e+01 -2.868750000000000000e+01 1.113750000000000000e+02 -2.385000000000000000e+02 -5.150000000000000000e+01
1.427000045776367188e+01 -7.199999809265136719e+00 -2.859999895095825195e+00 7.187500000000000000e+00 1.437500000000000000e+01 -2.868750000000000000e+01 6.968750000000000000e+01 1.142500000000000000e+02 1.831250000000000000e+01
-1.248999977111816406e+01 7.309999942779541016e+00 -2.257999992370605469e+01 7.187500000000000000e+00 1.437500000000000000e+01 -2.868750000000000000e+01 -9.681250000000000000e+01 1.983125000000000000e+02 2.812500000000000000e+00
-1.168000030517578125e+01 -6.700000166893005371e-01 1.209000015258789062e+01 7.187500000000000000e+00 1.437500000000000000e+01 -2.868750000000000000e+01 -9.681250000000000000e+01 1.983125000000000000e+02 2.812500000000000000e+00
-3.529999971389770508e+00 -3.109999895095825195e+00 1.585000038146972656e+01 1.000000000000000000e+00 1.550000000000000000e+01 -3.275000000000000000e+01 1.556250000000000000e+01 -7.543750000000000000e+01 4.125000000000000000e+00
7.719999790191650391e+00 4.440000057220458984e+00 7.360000133514404297e+00 1.000000000000000000e+00 1.550000000000000000e+01 -3.275000000000000000e+01 -5.468750000000000000e+01 4.687500000000000000e+00 9.750000000000000000e+00
2.440000057220458984e+00 -2.339999914169311523e+00 1.423999977111816406e+01 1.000000000000000000e+00 1.550000000000000000e+01 -3.275000000000000000e+01 -8.606250000000000000e+01 1.725000000000000000e+01 2.456250000000000000e+01
7.590000152587890625e+00 -4.480000019073486328e+00 1.001000022888183594e+01 1.000000000000000000e+00 1.550000000000000000e+01 -3.275000000000000000e+01 -7.518750000000000000e+01 4.037500000000000000e+01 2.643750000000000000e+01
7.269999980926513672e+00 -6.840000152587890625e+00 1.160999965667724609e+01 1.000000000000000000e+00 1.550000000000000000e+01 -3.275000000000000000e+01 -7.518750000000000000e+01 4.037500000000000000e+01 2.643750000000000000e+01
6.619999885559082031e+00 -8.090000152587890625e+00 1.010000038146972656e+01 3.500000000000000000e+00 1.356250000000000000e+01 -3.318750000000000000e+01 -5.856250000000000000e+01 6.850000000000000000e+01 2.500000000000000000e+01
5.809999942779541016e+00 -7.170000076293945312e+00 8.850000381469726562e+00 3.500000000000000000e+00 1.356250000000000000e+01 -3.318750000000000000e+01 8.562500000000000000e+00 1.066250000000000000e+02 1.231250000000000000e+01
3.240000009536743164e+00 -5.300000190734863281e+00 8.170000076293945312e+00 3.500000000000000000e+00 1.356250000000000000e+01 -3.318750000000000000e+01 8.937500000000000000e+00 1.081250000000000000e+02 1.818750000000000000e+01
1.080000042915344238e+00 -4.119999885559082031e+00 8.979999542236328125e+00 3.500000000000000000e+00 1.356250000000000000e+01 -3.318750000000000000e+01 -5.000000000000000000e-01 9.400000000000000000e+01 2.656250000000000000e+01
3.029999971389770508e+00 -3.940000057220458984e+00 8.649999618530273438e+00 3.500000000000000000e+00 1.356250000000000000e+01 -3.318750000000000000e+01 -5.000000000000000000e-01 9.400000000000000000e+01 2.656250000000000000e+01
3.200000047683715820e+00 -3.609999895095825195e+00 8.220000267028808594e+00 5.687500000000000000e+00 1.550000000000000000e+01 -3.256250000000000000e+01 -3.187500000000000000e+00 8.743750000000000000e+01 3.668750000000000000e+01
1.720000028610229492e+00 -2.849999904632568359e+00 8.010000228881835938e+00 5.687500000000000000e+00 1.550000000000000000e+01 -3.256250000000000000e+01 8.125000000000000000e+00 8.850000000000000000e+01 3.731250000000000000e+01
-8.000000119209289551e-01 -1.590000033378601074e+00 7.059999942779541016e+00 5.687500000000000000e+00 1.550000000000000000e+01 -3.256250000000000000e+01 5.625000000000000000e+00 8.006250000000000000e+01 3.106250000000000000e+01
-1.629999995231628418e+00 -1.470000028610229492e+00 6.659999847412109375e+00 5.687500000000000000e+00 1.550000000000000000e+01 -3.256250000000000000e+01 5.625000000000000000e+00 8.006250000000000000e+01 3.106250000000000000e+01
-2.089999914169311523e+00 -1.539999961853027344e+00 6.309999942779541016e+00 5.687500000000000000e+00 1.550000000000000000e+01 -3.256250000000000000e+01 2.187500000000000000e+00 6.706250000000000000e+01 2.412500000000000000e+01
-1.580000042915344238e+00 -1.789999961853027344e+00 6.949999809265136719e+00 9.000000000000000000e+00 1.468750000000000000e+01 -2.925000000000000000e+01 1.875000000000000000e-01 5.100000000000000000e+01 1.675000000000000000e+01
-6.800000071525573730e-01 -2.119999885559082031e+00 7.360000133514404297e+00 9.000000000000000000e+00 1.468750000000000000e+01 -2.925000000000000000e+01 -2.250000000000000000e+00 3.437500000000000000e+01 1.056250000000000000e+01
-1.599999964237213135e-01 -2.710000038146972656e+00 7.880000114440917969e+00 9.000000000000000000e+00 1.468750000000000000e+01 -2.925000000000000000e+01 -5.750000000000000000e+00 2.362500000000000000e+01 6.500000000000000000e+00
4.600000083446502686e-01 -3.250000000000000000e+00 8.340000152587890625e+00 9.000000000000000000e+00 1.468750000000000000e+01 -2.925000000000000000e+01 -7.125000000000000000e+00 1.762500000000000000e+01 2.375000000000000000e+00
