2.380000114440917969e+00 -4.579999923706054688e+00 8.329999923706054688e+00 1.450000000000000000e+01 2.356250000000000000e+01 -4.575000000000000000e+01 6.250000000000000000e-02 6.250000000000000000e-02 -6.250000000000000000e-02
2.380000114440917969e+00 -4.530000209808349609e+00 8.390000343322753906e+00 1.450000000000000000e+01 2.356250000000000000e+01 -4.575000000000000000e+01 -6.250000000000000000e-02 -6.250000000000000000e-02 6.250000000000000000e-02
2.390000104904174805e+00 -4.489999771118164062e+00 8.380000114440917969e+00 1.450000000000000000e+01 2.356250000000000000e+01 -4.575000000000000000e+01 6.250000000000000000e-02 -6.250000000000000000e-02 0.000000000000000000e+00
2.410000085830688477e+00 -4.519999980926513672e+00 8.380000114440917969e+00 1.418750000000000000e+01 2.356250000000000000e+01 -4.537500000000000000e+01 6.250000000000000000e-02 1.250000000000000000e-01 -6.250000000000000000e-02
2.380000114440917969e+00 -4.539999961853027344e+00 8.359999656677246094e+00 1.418750000000000000e+01 2.356250000000000000e+01 -4.537500000000000000e+01 6.250000000000000000e-02 1.875000000000000000e-01 2.500000000000000000e-01
2.349999904632568359e+00 -4.619999885559082031e+00 8.340000152587890625e+00 1.418750000000000000e+01 2.356250000000000000e+01 -4.537500000000000000e+01 -6.250000000000000000e-02 3.750000000000000000e-01 3.125000000000000000e-01
2.349999904632568359e+00 -4.619999885559082031e+00 8.340000152587890625e+00 1.418750000000000000e+01 2.356250000000000000e+01 -4.537500000000000000e+01 1.250000000000000000e-01 2.500000000000000000e-01 1.250000000000000000e-01
2.369999885559082031e+00 -4.570000171661376953e+00 8.329999923706054688e+00 1.418750000000000000e+01 2.356250000000000000e+01 -4.537500000000000000e+01 3.750000000000000000e-01 0.000000000000000000e+00 1.250000000000000000e-01
2.369999885559082031e+00 -4.550000190734863281e+00 8.390000343322753906e+00 1.518750000000000000e+01 2.325000000000000000e+01 -4.618750000000000000e+01 3.125000000000000000e-01 3.125000000000000000e-01 -6.250000000000000000e-02
2.339999914169311523e+00 -4.590000152587890625e+00 8.329999923706054688e+00 1.518750000000000000e+01 2.325000000000000000e+01 -4.618750000000000000e+01 5.625000000000000000e-01 2.500000000000000000e-01 -1.250000000000000000e-01
2.349999904632568359e+00 -4.590000152587890625e+00 8.329999923706054688e+00 1.518750000000000000e+01 2.325000000000000000e+01 -4.618750000000000000e+01 5.625000000000000000e-01 4.375000000000000000e-01 -1.250000000000000000e-01
2.369999885559082031e+00 -4.599999904632568359e+00 8.340000152587890625e+00 1.518750000000000000e+01 2.325000000000000000e+01 -4.618750000000000000e+01 8.750000000000000000e-01 1.250000000000000000e-01 -4.375000000000000000e-01
2.349999904632568359e+00 -4.510000228881835938e+00 8.380000114440917969e+00 1.518750000000000000e+01 2.325000000000000000e+01 -4.618750000000000000e+01 1.000000000000000000e+00 1.875000000000000000e-01 -3.750000000000000000e-01
2.369999885559082031e+00 -4.489999771118164062e+00 8.409999847412109375e+00 1.450000000000000000e+01 2.325000000000000000e+01 -4.656250000000000000e+01 8.125000000000000000e-01 3.125000000000000000e-01 -3.125000000000000000e-01
2.390000104904174805e+00 -4.500000000000000000e+00 8.430000305175781250e+00 1.450000000000000000e+01 2.325000000000000000e+01 -4.656250000000000000e+01 7.500000000000000000e-01 2.500000000000000000e-01 -2.500000000000000000e-01
2.430000066757202148e+00 -4.510000228881835938e+00 8.390000343322753906e+00 1.450000000000000000e+01 2.325000000000000000e+01 -4.656250000000000000e+01 8.125000000000000000e-01 5.000000000000000000e-01 -6.250000000000000000e-02
2.349999904632568359e+00 -4.570000171661376953e+00 8.359999656677246094e+00 1.450000000000000000e+01 2.325000000000000000e+01 -4.656250000000000000e+01 5.625000000000000000e-01 3.750000000000000000e-01 1.875000000000000000e-01
2.359999895095825195e+00 -4.590000152587890625e+00 8.329999923706054688e+00 1.450000000000000000e+01 2.325000000000000000e+01 -4.656250000000000000e+01 1.000000000000000000e+00 4.375000000000000000e-01 -1.875000000000000000e-01
2.359999895095825195e+00 -4.539999961853027344e+00 8.340000152587890625e+00 1.375000000000000000e+01 2.287500000000000000e+01 -4.656250000000000000e+01 1.187500000000000000e+00 6.250000000000000000e-01 -3.125000000000000000e-01
2.359999895095825195e+00 -4.519999980926513672e+00 8.399999618530273438e+00 1.375000000000000000e+01 2.287500000000000000e+01 -4.656250000000000000e+01 1.187500000000000000e+00 3.750000000000000000e-01 -2.500000000000000000e-01
2.339999914169311523e+00 -4.449999809265136719e+00 8.449999809265136719e+00 1.375000000000000000e+01 2.287500000000000000e+01 -4.656250000000000000e+01 7.500000000000000000e-01 2.500000000000000000e-01 -1.250000000000000000e-01
2.380000114440917969e+00 -4.469999790191650391e+00 8.399999618530273438e+00 1.375000000000000000e+01 2.287500000000000000e+01 -4.656250000000000000e+01 3.125000000000000000e-01 1.250000000000000000e-01 -6.250000000000000000e-02
2.369999885559082031e+00 -4.500000000000000000e+00 8.390000343322753906e+00 1.375000000000000000e+01 2.287500000000000000e+01 -4.656250000000000000e+01 -6.250000000000000000e-02 1.250000000000000000e-01 0.000000000000000000e+00
2.359999895095825195e+00 -4.530000209808349609e+00 8.359999656677246094e+00 1.337500000000000000e+01 2.287500000000000000e+01 -4.700000000000000000e+01 -1.250000000000000000e-01 -6.250000000000000000e-02 -1.250000000000000000e-01
2.369999885559082031e+00 -4.579999923706054688e+00 8.369999885559082031e+00 1.337500000000000000e+01 2.287500000000000000e+01 -4.700000000000000000e+01 1.250000000000000000e-01 0.000000000000000000e+00 0.000000000000000000e+00
2.380000114440917969e+00 -4.550000190734863281e+00 8.390000343322753906e+00 1.337500000000000000e+01 2.287500000000000000e+01 -4.700000000000000000e+01 3.125000000000000000e-01 -1.250000000000000000e-01 -3.125000000000000000e-01
2.380000114440917969e+00 -4.530000209808349609e+00 8.359999656677246094e+00 1.337500000000000000e+01 2.287500000000000000e+01 -4.700000000000000000e+01 1.875000000000000000e-01 0.000000000000000000e+00 -6.250000000000000000e-02
2.359999895095825195e+00 -4.510000228881835938e+00 8.380000114440917969e+00 1.337500000000000000e+01 2.287500000000000000e+01 -4.700000000000000000e+01 1.875000000000000000e-01 1.875000000000000000e-01 -2.500000000000000000e-01
2.359999895095825195e+00 -4.500000000000000000e+00 8.359999656677246094e+00 1.450000000000000000e+01 2.356250000000000000e+01 -4.575000000000000000e+01 1.250000000000000000e-01 0.000000000000000000e+00 -6.250000000000000000e-02
2.349999904632568359e+00 -4.510000228881835938e+00 8.420000076293945312e+00 1.450000000000000000e+01 2.356250000000000000e+01 -4.575000000000000000e+01 -1.250000000000000000e-01 -1.250000000000000000e-01 -6.250000000000000000e-02
2.339999914169311523e+00 -4.429999828338623047e+00 8.439999580383300781e+00 1.450000000000000000e+01 2.356250000000000000e+01 -4.575000000000000000e+01 -3.750000000000000000e-01 -2.500000000000000000e-01 -1.250000000000000000e-01
2.339999914169311523e+00 -4.340000152587890625e+00 8.439999580383300781e+00 1.450000000000000000e+01 2.356250000000000000e+01 -4.575000000000000000e+01 -1.000000000000000000e+00 -5.000000000000000000e-01 0.000000000000000000e+00
2.349999904632568359e+00 -4.420000076293945312e+00 8.439999580383300781e+00 1.450000000000000000e+01 2.356250000000000000e+01 -4.575000000000000000e+01 -1.812500000000000000e+00 -1.062500000000000000e+00 2.500000000000000000e-01
2.359999895095825195e+00 -4.400000095367431641e+00 8.430000305175781250e+00 1.337500000000000000e+01 2.400000000000000000e+01 -4.775000000000000000e+01 -2.562500000000000000e+00 -1.250000000000000000e+00 7.500000000000000000e-01
2.390000104904174805e+00 -4.409999847412109375e+00 8.439999580383300781e+00 1.337500000000000000e+01 2.400000000000000000e+01 -4.775000000000000000e+01 -3.687500000000000000e+00 -1.500000000000000000e+00 1.125000000000000000e+00
2.390000104904174805e+00 -4.480000019073486328e+00 8.430000305175781250e+00 1.337500000000000000e+01 2.400000000000000000e+01 -4.775000000000000000e+01 -4.625000000000000000e+00 -1.687500000000000000e+00 1.562500000000000000e+00
2.500000000000000000e+00 -4.409999847412109375e+00 8.420000076293945312e+00 1.337500000000000000e+01 2.400000000000000000e+01 -4.775000000000000000e+01 -4.250000000000000000e+00 -2.062500000000000000e+00 2.125000000000000000e+00
2.450000047683715820e+00 -4.539999961853027344e+00 8.340000152587890625e+00 1.337500000000000000e+01 2.400000000000000000e+01 -4.775000000000000000e+01 -4.875000000000000000e+00 -1.312500000000000000e+00 2.250000000000000000e+00
2.349999904632568359e+00 -4.909999847412109375e+00 8.220000267028808594e+00 1.487500000000000000e+01 2.325000000000000000e+01 -4.575000000000000000e+01 -4.125000000000000000e+00 -5.625000000000000000e-01 1.750000000000000000e+00
2.410000085830688477e+00 -4.849999904632568359e+00 8.210000038146972656e+00 1.487500000000000000e+01 2.325000000000000000e+01 -4.575000000000000000e+01 -2.562500000000000000e+00 -6.250000000000000000e-01 1.187500000000000000e+00
2.430000066757202148e+00 -4.739999771118164062e+00 8.289999961853027344e+00 1.487500000000000000e+01 2.325000000000000000e+01 -4.575000000000000000e+01 -1.187500000000000000e+00 -1.875000000000000000e-01 9.375000000000000000e-01
2.519999980926513672e+00 -4.389999866485595703e+00 8.470000267028808594e+00 1.487500000000000000e+01 2.325000000000000000e+01 -4.575000000000000000e+01 -1.000000000000000000e+00 1.250000000000000000e-01 1.687500000000000000e+00
2.490000009536743164e+00 -4.389999866485595703e+00 8.569999694824218750e+00 1.487500000000000000e+01 2.325000000000000000e+01 -4.575000000000000000e+01 -2.250000000000000000e+00 9.375000000000000000e-01 2.500000000000000000e+00
2.549999952316284180e+00 -4.349999904632568359e+00 8.590000152587890625e+00 1.487500000000000000e+01 2.325000000000000000e+01 -4.575000000000000000e+01 -2.937500000000000000e+00 1.125000000000000000e+00 3.750000000000000000e+00
2.650000095367431641e+00 -4.260000228881835938e+00 8.720000267028808594e+00 1.418750000000000000e+01 2.325000000000000000e+01 -4.656250000000000000e+01 -4.000000000000000000e+00 1.437500000000000000e+00 5.500000000000000000e+00
2.940000057220458984e+00 -4.480000019073486328e+00 8.489999771118164062e+00 1.418750000000000000e+01 2.325000000000000000e+01 -4.656250000000000000e+01 -4.750000000000000000e+00 3.625000000000000000e+00 7.875000000000000000e+00
2.559999942779541016e+00 -4.849999904632568359e+00 8.380000114440917969e+00 1.418750000000000000e+01 2.325000000000000000e+01 -4.656250000000000000e+01 -4.000000000000000000e+00 6.562500000000000000e+00 8.437500000000000000e+00
2.920000076293945312e+00 -5.099999904632568359e+00 8.210000038146972656e+00 1.418750000000000000e+01 2.325000000000000000e+01 -4.656250000000000000e+01 -1.375000000000000000e+00 8.250000000000000000e+00 7.187500000000000000e+00
3.500000000000000000e+00 -5.190000057220458984e+00 8.350000381469726562e+00 1.487500000000000000e+01 2.437500000000000000e+01 -4.618750000000000000e+01 1.375000000000000000e+00 1.156250000000000000e+01 5.125000000000000000e+00
4.920000076293945312e+00 -4.929999828338623047e+00 8.699999809265136719e+00 1.487500000000000000e+01 2.437500000000000000e+01 -4.618750000000000000e+01 2.437500000000000000e+00 1.525000000000000000e+01 6.250000000000000000e-01
5.480000019073486328e+00 -4.519999980926513672e+00 8.170000076293945312e+00 1.487500000000000000e+01 2.437500000000000000e+01 -4.618750000000000000e+01 5.562500000000000000e+00 1.462500000000000000e+01 -7.687500000000000000e+00
5.199999809265136719e+00 -4.159999847412109375e+00 7.690000057220458984e+00 1.487500000000000000e+01 2.437500000000000000e+01 -4.618750000000000000e+01 1.493750000000000000e+01 1.162500000000000000e+01 -1.837500000000000000e+01
7.849999904632568359e+00 -2.950000047683715820e+00 5.539999961853027344e+00 1.487500000000000000e+01 2.437500000000000000e+01 -4.618750000000000000e+01 2.487500000000000000e+01 4.375000000000000000e+00 -3.381250000000000000e+01
8.170000076293945312e+00 -2.819999933242797852e+00 4.719999790191650391e+00 1.487500000000000000e+01 2.437500000000000000e+01 -4.618750000000000000e+01 3.331250000000000000e+01 -1.062500000000000000e+00 -4.925000000000000000e+01
7.110000133514404297e+00 -3.190000057220458984e+00 6.019999980926513672e+00 1.518750000000000000e+01 2.437500000000000000e+01 -4.618750000000000000e+01 4.200000000000000000e+01 -2.187500000000000000e+00 -6.262500000000000000e+01
8.439999580383300781e+00 -4.500000000000000000e+00 9.600000381469726562e+00 1.518750000000000000e+01 2.437500000000000000e+01 -4.618750000000000000e+01 3.400000000000000000e+01 6.250000000000000000e-01 -6.637500000000000000e+01
6.980000019073486328e+00 -2.700000047683715820e+00 7.579999923706054688e+00 1.518750000000000000e+01 2.437500000000000000e+01 -4.618750000000000000e+01 -3.125000000000000000e-01 1.925000000000000000e+01 -6.056250000000000000e+01
7.059999942779541016e+00 -3.180000066757202148e+00 6.400000095367431641e+00 1.518750000000000000e+01 2.437500000000000000e+01 -4.618750000000000000e+01 -2.262500000000000000e+01 2.537500000000000000e+01 -5.862500000000000000e+01
7.110000133514404297e+00 -4.429999828338623047e+00 7.190000057220458984e+00 1.518750000000000000e+01 2.437500000000000000e+01 -4.618750000000000000e+01 -3.968750000000000000e+01 2.587500000000000000e+01 -5.650000000000000000e+01
7.199999809265136719e+00 -5.159999847412109375e+00 6.130000114440917969e+00 1.268750000000000000e+01 2.400000000000000000e+01 -4.737500000000000000e+01 -4.031250000000000000e+01 2.687500000000000000e+01 -5.156250000000000000e+01
5.960000038146972656e+00 -6.210000038146972656e+00 6.739999771118164062e+00 1.268750000000000000e+01 2.400000000000000000e+01 -4.737500000000000000e+01 -2.456250000000000000e+01 1.512500000000000000e+01 -4.275000000000000000e+01
6.989999771118164062e+00 -6.360000133514404297e+00 7.920000076293945312e+00 1.268750000000000000e+01 2.400000000000000000e+01 -4.737500000000000000e+01 -1.112500000000000000e+01 8.062500000000000000e+00 -2.993750000000000000e+01
6.599999904632568359e+00 -5.289999961853027344e+00 7.429999828338623047e+00 1.268750000000000000e+01 2.400000000000000000e+01 -4.737500000000000000e+01 -1.250000000000000000e+01 1.525000000000000000e+01 -1.725000000000000000e+01
4.860000133514404297e+00 -4.690000057220458984e+00 7.070000171661376953e+00 1.268750000000000000e+01 2.400000000000000000e+01 -4.737500000000000000e+01 -1.700000000000000000e+01 2.275000000000000000e+01 -5.375000000000000000e+00
4.010000228881835938e+00 -4.860000133514404297e+00 6.760000228881835938e+00 1.087500000000000000e+01 2.618750000000000000e+01 -4.737500000000000000e+01 -2.118750000000000000e+01 2.350000000000000000e+01 2.437500000000000000e+00
3.269999980926513672e+00 -4.820000171661376953e+00 6.469999790191650391e+00 1.087500000000000000e+01 2.618750000000000000e+01 -4.737500000000000000e+01 -1.981250000000000000e+01 1.887500000000000000e+01 6.687500000000000000e+00
2.650000095367431641e+00 -4.769999980926513672e+00 6.320000171661376953e+00 1.087500000000000000e+01 2.618750000000000000e+01 -4.737500000000000000e+01 -1.318750000000000000e+01 1.037500000000000000e+01 9.125000000000000000e+00
1.879999995231628418e+00 -4.280000209808349609e+00 7.030000209808349609e+00 1.087500000000000000e+01 2.618750000000000000e+01 -4.737500000000000000e+01 -5.250000000000000000e+00 -1.187500000000000000e+00 8.750000000000000000e+00
2.210000038146972656e+00 -4.420000076293945312e+00 7.920000076293945312e+00 1.087500000000000000e+01 2.618750000000000000e+01 -4.737500000000000000e+01 2.625000000000000000e+00 -1.131250000000000000e+01 7.625000000000000000e+00
2.089999914169311523e+00 -4.260000228881835938e+00 8.789999961853027344e+00 9.375000000000000000e+00 2.856250000000000000e+01 -4.937500000000000000e+01 1.025000000000000000e+01 -1.331250000000000000e+01 5.750000000000000000e+00
1.519999980926513672e+00 -3.819999933242797852e+00 1.022999954223632812e+01 9.375000000000000000e+00 2.856250000000000000e+01 -4.937500000000000000e+01 1.306250000000000000e+01 -7.625000000000000000e+00 4.187500000000000000e+00
1.779999971389770508e+00 -5.489999771118164062e+00 1.310000038146972656e+01 9.375000000000000000e+00 2.856250000000000000e+01 -4.937500000000000000e+01 2.718750000000000000e+01 2.250000000000000000e+00 2.500000000000000000e-01
-1.500000059604644775e-01 1.779999971389770508e+00 9.020000457763671875e+00 9.375000000000000000e+00 2.856250000000000000e+01 -4.937500000000000000e+01 3.025000000000000000e+01 1.406250000000000000e+01 -5.125000000000000000e+00
-2.609999895095825195e+00 -1.019999980926513672e+00 1.210000038146972656e+01 9.375000000000000000e+00 2.856250000000000000e+01 -4.937500000000000000e+01 3.025000000000000000e+01 1.406250000000000000e+01 -5.125000000000000000e+00
-1.559999942779541016e+00 -3.940000057220458984e+00 8.529999732971191406e+00 6.500000000000000000e+00 2.968750000000000000e+01 -5.125000000000000000e+01 -3.412500000000000000e+01 1.325000000000000000e+01 -1.756250000000000000e+01
-1.250000000000000000e+00 -5.260000228881835938e+00 9.819999694824218750e+00 6.500000000000000000e+00 2.968750000000000000e+01 -5.125000000000000000e+01 -2.531250000000000000e+01 6.875000000000000000e+00 -1.981250000000000000e+01
-1.049999952316284180e+00 -6.269999980926513672e+00 8.750000000000000000e+00 6.500000000000000000e+00 2.968750000000000000e+01 -5.125000000000000000e+01 -1.187500000000000000e+01 2.812500000000000000e+00 -2.481250000000000000e+01
-1.250000000000000000e+00 -6.539999961853027344e+00 8.720000267028808594e+00 6.500000000000000000e+00 2.968750000000000000e+01 -5.125000000000000000e+01 1.681250000000000000e+01 -5.375000000000000000e+00 -2.193750000000000000e+01
-4.099999964237213135e-01 -4.360000133514404297e+00 1.035999965667724609e+01 6.500000000000000000e+00 2.968750000000000000e+01 -5.125000000000000000e+01 3.287500000000000000e+01 -1.231250000000000000e+01 -1.812500000000000000e+01
2.300000041723251343e-01 -4.030000209808349609e+00 1.002000045776367188e+01 4.250000000000000000e+00 3.006250000000000000e+01 -5.125000000000000000e+01 2.500000000000000000e+01 -1.231250000000000000e+01 -1.212500000000000000e+01
1.500000059604644775e-01 -4.190000057220458984e+00 9.850000381469726562e+00 4.250000000000000000e+00 3.006250000000000000e+01 -5.125000000000000000e+01 1.525000000000000000e+01 -6.187500000000000000e+00 -6.312500000000000000e+00
-6.499999761581420898e-01 -4.079999923706054688e+00 8.960000038146972656e+00 4.250000000000000000e+00 3.006250000000000000e+01 -5.125000000000000000e+01 1.137500000000000000e+01 -4.187500000000000000e+00 -3.250000000000000000e+00
-9.399999976158142090e-01 -4.710000038146972656e+00 8.630000114440917969e+00 4.250000000000000000e+00 3.006250000000000000e+01 -5.125000000000000000e+01 1.575000000000000000e+01 -7.750000000000000000e+00 -3.750000000000000000e+00
-9.200000166893005371e-01 -4.699999809265136719e+00 8.640000343322753906e+00 4.250000000000000000e+00 3.006250000000000000e+01 -5.125000000000000000e+01 2.225000000000000000e+01 -1.225000000000000000e+01 -5.125000000000000000e+00
-9.599999785423278809e-01 -4.369999885559082031e+00 8.880000114440917969e+00 1.000000000000000000e+00 2.787500000000000000e+01 -4.925000000000000000e+01 2.637500000000000000e+01 -1.575000000000000000e+01 -5.875000000000000000e+00
-4.499999880790710449e-01 -4.440000057220458984e+00 9.560000419616699219e+00 1.000000000000000000e+00 2.787500000000000000e+01 -4.925000000000000000e+01 2.462500000000000000e+01 -1.518750000000000000e+01 -5.437500000000000000e+00
-7.699999809265136719e-01 -4.550000190734863281e+00 9.430000305175781250e+00 1.000000000000000000e+00 2.787500000000000000e+01 -4.925000000000000000e+01 1.843750000000000000e+01 -9.812500000000000000e+00 -3.125000000000000000e+00
-1.139999985694885254e+00 -5.000000000000000000e+00 9.250000000000000000e+00 1.000000000000000000e+00 2.787500000000000000e+01 -4.925000000000000000e+01 1.381250000000000000e+01 -5.250000000000000000e+00 -6.250000000000000000e-01
-1.570000052452087402e+00 -4.960000038146972656e+00 8.949999809265136719e+00 1.000000000000000000e+00 2.787500000000000000e+01 -4.925000000000000000e+01 1.287500000000000000e+01 -4.625000000000000000e+00 7.500000000000000000e-01
-1.500000000000000000e+00 -4.880000114440917969e+00 9.020000457763671875e+00 -8.750000000000000000e-01 2.725000000000000000e+01 -5.037500000000000000e+01 1.081250000000000000e+01 -6.437500000000000000e+00 3.062500000000000000e+00
-1.649999976158142090e+00 -5.030000209808349609e+00 9.060000419616699219e+00 -8.750000000000000000e-01 2.725000000000000000e+01 -5.037500000000000000e+01 4.750000000000000000e+00 -7.187500000000000000e+00 6.250000000000000000e+00
-1.480000019073486328e+00 -5.230000019073486328e+00 9.260000228881835938e+00 -8.750000000000000000e-01 2.725000000000000000e+01 -5.037500000000000000e+01 5.000000000000000000e-01 -7.687500000000000000e+00 1.112500000000000000e+01
-1.279999971389770508e+00 -5.420000076293945312e+00 9.369999885559082031e+00 -8.750000000000000000e-01 2.725000000000000000e+01 -5.037500000000000000e+01 -2.125000000000000000e+00 -6.750000000000000000e+00 1.718750000000000000e+01
-1.169999957084655762e+00 -5.599999904632568359e+00 9.220000267028808594e+00 -8.750000000000000000e-01 2.725000000000000000e+01 -5.037500000000000000e+01 -2.125000000000000000e+00 -6.750000000000000000e+00 1.718750000000000000e+01
-1.269999980926513672e+00 -5.559999942779541016e+00 9.069999694824218750e+00 -1.187500000000000000e+00 2.687500000000000000e+01 -5.118750000000000000e+01 7.500000000000000000e-01 -2.937500000000000000e+00 2.312500000000000000e+01
-1.210000038146972656e+00 -5.320000171661376953e+00 9.020000457763671875e+00 -1.187500000000000000e+00 2.687500000000000000e+01 -5.118750000000000000e+01 4.750000000000000000e+00 -3.500000000000000000e+00 2.237500000000000000e+01
-1.129999995231628418e+00 -5.110000133514404297e+00 9.430000305175781250e+00 -1.187500000000000000e+00 2.687500000000000000e+01 -5.118750000000000000e+01 6.187500000000000000e+00 -3.812500000000000000e+00 1.956250000000000000e+01
-8.700000047683715820e-01 -4.739999771118164062e+00 9.380000114440917969e+00 -1.187500000000000000e+00 2.687500000000000000e+01 -5.118750000000000000e+01 7.875000000000000000e+00 -3.000000000000000000e+00 1.450000000000000000e+01
-4.600000083446502686e-01 -4.320000171661376953e+00 9.770000457763671875e+00 -1.187500000000000000e+00 2.687500000000000000e+01 -5.118750000000000000e+01 7.875000000000000000e+00 -3.000000000000000000e+00 1.450000000000000000e+01
1.500000059604644775e-01 -4.469999790191650391e+00 1.014000034332275391e+01 -7.500000000000000000e-01 2.550000000000000000e+01 -5.068750000000000000e+01 2.187500000000000000e+00 4.437500000000000000e+00 9.250000000000000000e+00
