2.890000104904174805e+00 -3.940000057220458984e+00 8.460000038146972656e+00 1.168750000000000000e+01 2.118750000000000000e+01 -4.300000000000000000e+01 -2.500000000000000000e-01 6.250000000000000000e-02 6.250000000000000000e-02
2.890000104904174805e+00 -3.960000038146972656e+00 8.470000267028808594e+00 1.087500000000000000e+01 2.075000000000000000e+01 -4.256250000000000000e+01 -1.875000000000000000e-01 6.250000000000000000e-02 1.250000000000000000e-01
2.890000104904174805e+00 -3.970000028610229492e+00 8.489999771118164062e+00 1.087500000000000000e+01 2.075000000000000000e+01 -4.256250000000000000e+01 -3.125000000000000000e-01 0.000000000000000000e+00 6.250000000000000000e-02
2.859999895095825195e+00 -3.930000066757202148e+00 8.479999542236328125e+00 1.087500000000000000e+01 2.075000000000000000e+01 -4.256250000000000000e+01 -2.500000000000000000e-01 6.250000000000000000e-02 0.000000000000000000e+00
2.880000114440917969e+00 -3.960000038146972656e+00 8.479999542236328125e+00 1.087500000000000000e+01 2.075000000000000000e+01 -4.256250000000000000e+01 0.000000000000000000e+00 -1.250000000000000000e-01 -6.250000000000000000e-02
2.869999885559082031e+00 -3.960000038146972656e+00 8.489999771118164062e+00 1.087500000000000000e+01 2.075000000000000000e+01 -4.256250000000000000e+01 0.000000000000000000e+00 -1.250000000000000000e-01 -6.250000000000000000e-02
2.859999895095825195e+00 -3.950000047683715820e+00 8.470000267028808594e+00 1.087500000000000000e+01 2.118750000000000000e+01 -4.125000000000000000e+01 0.000000000000000000e+00 6.250000000000000000e-02 0.000000000000000000e+00
2.859999895095825195e+00 -3.960000038146972656e+00 8.479999542236328125e+00 1.087500000000000000e+01 2.118750000000000000e+01 -4.125000000000000000e+01 0.000000000000000000e+00 1.250000000000000000e-01 6.250000000000000000e-02
2.869999885559082031e+00 -3.940000057220458984e+00 8.439999580383300781e+00 1.087500000000000000e+01 2.118750000000000000e+01 -4.125000000000000000e+01 -6.250000000000000000e-02 -6.250000000000000000e-02 0.000000000000000000e+00
2.859999895095825195e+00 -3.940000057220458984e+00 8.470000267028808594e+00 1.087500000000000000e+01 2.118750000000000000e+01 -4.125000000000000000e+01 0.000000000000000000e+00 -6.250000000000000000e-02 6.250000000000000000e-02
2.859999895095825195e+00 -3.950000047683715820e+00 8.500000000000000000e+00 1.087500000000000000e+01 2.118750000000000000e+01 -4.125000000000000000e+01 0.000000000000000000e+00 -6.250000000000000000e-02 6.250000000000000000e-02
2.859999895095825195e+00 -3.920000076293945312e+00 8.479999542236328125e+00 1.050000000000000000e+01 2.187500000000000000e+01 -4.056250000000000000e+01 -6.250000000000000000e-02 -1.250000000000000000e-01 -6.250000000000000000e-02
2.880000114440917969e+00 -3.930000066757202148e+00 8.479999542236328125e+00 1.050000000000000000e+01 2.187500000000000000e+01 -4.056250000000000000e+01 -2.500000000000000000e-01 -1.875000000000000000e-01 1.250000000000000000e-01
2.839999914169311523e+00 -3.930000066757202148e+00 8.470000267028808594e+00 1.050000000000000000e+01 2.187500000000000000e+01 -4.056250000000000000e+01 -1.875000000000000000e-01 -6.250000000000000000e-02 2.500000000000000000e-01
2.859999895095825195e+00 -3.900000095367431641e+00 8.460000038146972656e+00 1.050000000000000000e+01 2.187500000000000000e+01 -4.056250000000000000e+01 -1.875000000000000000e-01 -6.250000000000000000e-02 2.500000000000000000e-01
2.890000104904174805e+00 -3.910000085830688477e+00 8.510000228881835938e+00 1.050000000000000000e+01 2.187500000000000000e+01 -4.056250000000000000e+01 -3.750000000000000000e-01 -3.125000000000000000e-01 5.625000000000000000e-01
2.920000076293945312e+00 -3.960000038146972656e+00 8.489999771118164062e+00 1.087500000000000000e+01 2.156250000000000000e+01 -4.218750000000000000e+01 -6.875000000000000000e-01 -4.375000000000000000e-01 5.625000000000000000e-01
2.819999933242797852e+00 -3.940000057220458984e+00 8.510000228881835938e+00 1.087500000000000000e+01 2.156250000000000000e+01 -4.218750000000000000e+01 -9.375000000000000000e-01 -4.375000000000000000e-01 6.250000000000000000e-01
2.789999961853027344e+00 -3.869999885559082031e+00 8.479999542236328125e+00 1.087500000000000000e+01 2.156250000000000000e+01 -4.218750000000000000e+01 -9.375000000000000000e-01 -6.875000000000000000e-01 8.125000000000000000e-01
2.890000104904174805e+00 -4.070000171661376953e+00 8.409999847412109375e+00 1.087500000000000000e+01 2.156250000000000000e+01 -4.218750000000000000e+01 -1.562500000000000000e+00 -9.375000000000000000e-01 6.875000000000000000e-01
2.910000085830688477e+00 -4.059999942779541016e+00 8.449999809265136719e+00 1.087500000000000000e+01 2.156250000000000000e+01 -4.218750000000000000e+01 -1.000000000000000000e+00 -6.875000000000000000e-01 5.000000000000000000e-01
2.859999895095825195e+00 -4.050000190734863281e+00 8.420000076293945312e+00 1.125000000000000000e+01 2.187500000000000000e+01 -4.300000000000000000e+01 -3.750000000000000000e-01 -3.125000000000000000e-01 3.750000000000000000e-01
2.869999885559082031e+00 -3.990000009536743164e+00 8.460000038146972656e+00 1.125000000000000000e+01 2.187500000000000000e+01 -4.300000000000000000e+01 0.000000000000000000e+00 0.000000000000000000e+00 0.000000000000000000e+00
2.890000104904174805e+00 -3.890000104904174805e+00 8.489999771118164062e+00 1.125000000000000000e+01 2.187500000000000000e+01 -4.300000000000000000e+01 3.125000000000000000e-01 0.000000000000000000e+00 -1.250000000000000000e-01
2.849999904632568359e+00 -3.859999895095825195e+00 8.529999732971191406e+00 1.125000000000000000e+01 2.187500000000000000e+01 -4.300000000000000000e+01 1.875000000000000000e-01 -1.250000000000000000e-01 6.250000000000000000e-02
2.849999904632568359e+00 -3.900000095367431641e+00 8.510000228881835938e+00 1.125000000000000000e+01 2.187500000000000000e+01 -4.300000000000000000e+01 -4.375000000000000000e-01 -1.875000000000000000e-01 1.250000000000000000e-01
2.869999885559082031e+00 -3.960000038146972656e+00 8.460000038146972656e+00 1.087500000000000000e+01 2.187500000000000000e+01 -4.218750000000000000e+01 -9.375000000000000000e-01 -3.750000000000000000e-01 1.875000000000000000e-01
2.829999923706054688e+00 -3.950000047683715820e+00 8.500000000000000000e+00 1.087500000000000000e+01 2.187500000000000000e+01 -4.218750000000000000e+01 -9.375000000000000000e-01 -5.000000000000000000e-01 3.125000000000000000e-01
2.829999923706054688e+00 -3.990000009536743164e+00 8.439999580383300781e+00 1.087500000000000000e+01 2.187500000000000000e+01 -4.218750000000000000e+01 -9.375000000000000000e-01 -7.500000000000000000e-01 2.500000000000000000e-01
2.789999961853027344e+00 -4.039999961853027344e+00 8.409999847412109375e+00 1.087500000000000000e+01 2.187500000000000000e+01 -4.218750000000000000e+01 -8.750000000000000000e-01 -8.125000000000000000e-01 0.000000000000000000e+00
2.980000019073486328e+00 -4.019999980926513672e+00 8.460000038146972656e+00 1.087500000000000000e+01 2.187500000000000000e+01 -4.218750000000000000e+01 -3.125000000000000000e-01 -1.250000000000000000e+00 -1.250000000000000000e-01
2.869999885559082031e+00 -4.019999980926513672e+00 8.479999542236328125e+00 1.168750000000000000e+01 2.187500000000000000e+01 -4.256250000000000000e+01 0.000000000000000000e+00 -6.875000000000000000e-01 -3.750000000000000000e-01
2.769999980926513672e+00 -3.990000009536743164e+00 8.479999542236328125e+00 1.168750000000000000e+01 2.187500000000000000e+01 -4.256250000000000000e+01 1.250000000000000000e-01 -4.375000000000000000e-01 -5.000000000000000000e-01
2.859999895095825195e+00 -4.039999961853027344e+00 8.449999809265136719e+00 1.168750000000000000e+01 2.187500000000000000e+01 -4.256250000000000000e+01 5.000000000000000000e-01 -6.875000000000000000e-01 -7.500000000000000000e-01
2.930000066757202148e+00 -4.030000209808349609e+00 8.460000038146972656e+00 1.168750000000000000e+01 2.187500000000000000e+01 -4.256250000000000000e+01 1.000000000000000000e+00 -1.000000000000000000e+00 -1.125000000000000000e+00
2.930000066757202148e+00 -4.010000228881835938e+00 8.500000000000000000e+00 1.168750000000000000e+01 2.187500000000000000e+01 -4.256250000000000000e+01 1.250000000000000000e+00 -1.000000000000000000e+00 -1.062500000000000000e+00
2.680000066757202148e+00 -3.960000038146972656e+00 8.470000267028808594e+00 1.050000000000000000e+01 2.187500000000000000e+01 -4.218750000000000000e+01 1.687500000000000000e+00 -9.375000000000000000e-01 -8.750000000000000000e-01
2.670000076293945312e+00 -4.159999847412109375e+00 8.520000457763671875e+00 1.050000000000000000e+01 2.187500000000000000e+01 -4.218750000000000000e+01 1.625000000000000000e+00 -1.812500000000000000e+00 -1.562500000000000000e+00
2.579999923706054688e+00 -4.230000019073486328e+00 8.430000305175781250e+00 1.050000000000000000e+01 2.187500000000000000e+01 -4.218750000000000000e+01 2.312500000000000000e+00 -2.750000000000000000e+00 -2.125000000000000000e+00
2.549999952316284180e+00 -4.289999961853027344e+00 8.479999542236328125e+00 1.050000000000000000e+01 2.187500000000000000e+01 -4.218750000000000000e+01 3.812500000000000000e+00 -4.562500000000000000e+00 -3.000000000000000000e+00
2.579999923706054688e+00 -4.239999771118164062e+00 8.550000190734863281e+00 1.050000000000000000e+01 2.187500000000000000e+01 -4.218750000000000000e+01 5.062500000000000000e+00 -5.562500000000000000e+00 -5.125000000000000000e+00
2.900000095367431641e+00 -4.170000076293945312e+00 8.630000114440917969e+00 1.050000000000000000e+01 2.156250000000000000e+01 -4.218750000000000000e+01 5.437500000000000000e+00 -6.375000000000000000e+00 -7.000000000000000000e+00
3.019999980926513672e+00 -4.300000190734863281e+00 8.699999809265136719e+00 1.050000000000000000e+01 2.156250000000000000e+01 -4.218750000000000000e+01 5.312500000000000000e+00 -6.687500000000000000e+00 -7.937500000000000000e+00
2.740000009536743164e+00 -4.519999980926513672e+00 8.479999542236328125e+00 1.050000000000000000e+01 2.156250000000000000e+01 -4.218750000000000000e+01 5.437500000000000000e+00 -6.000000000000000000e+00 -8.062500000000000000e+00
1.809999942779541016e+00 -4.530000209808349609e+00 8.590000152587890625e+00 1.050000000000000000e+01 2.156250000000000000e+01 -4.218750000000000000e+01 8.125000000000000000e+00 -5.187500000000000000e+00 -8.375000000000000000e+00
1.679999947547912598e+00 -4.429999828338623047e+00 8.710000038146972656e+00 1.050000000000000000e+01 2.156250000000000000e+01 -4.218750000000000000e+01 1.156250000000000000e+01 -5.812500000000000000e+00 -9.687500000000000000e+00
1.919999957084655762e+00 -4.250000000000000000e+00 8.600000381469726562e+00 1.087500000000000000e+01 2.118750000000000000e+01 -4.175000000000000000e+01 1.362500000000000000e+01 -7.187500000000000000e+00 -1.081250000000000000e+01
2.150000095367431641e+00 -4.019999980926513672e+00 8.600000381469726562e+00 1.087500000000000000e+01 2.118750000000000000e+01 -4.175000000000000000e+01 1.500000000000000000e+01 -8.125000000000000000e+00 -1.100000000000000000e+01
1.299999952316284180e+00 -4.360000133514404297e+00 9.020000457763671875e+00 1.087500000000000000e+01 2.118750000000000000e+01 -4.175000000000000000e+01 1.318750000000000000e+01 -5.687500000000000000e+00 -9.187500000000000000e+00
2.399999946355819702e-01 -4.420000076293945312e+00 9.199999809265136719e+00 1.087500000000000000e+01 2.118750000000000000e+01 -4.175000000000000000e+01 1.081250000000000000e+01 -1.625000000000000000e+00 -6.750000000000000000e+00
-8.600000143051147461e-01 -5.139999866485595703e+00 1.000000000000000000e+01 1.087500000000000000e+01 2.118750000000000000e+01 -4.175000000000000000e+01 6.437500000000000000e+00 3.500000000000000000e+00 -3.625000000000000000e+00
-2.569999933242797852e+00 -5.119999885559082031e+00 9.920000076293945312e+00 1.050000000000000000e+01 2.118750000000000000e+01 -4.218750000000000000e+01 3.250000000000000000e+00 8.062500000000000000e+00 -1.562500000000000000e+00
-4.079999923706054688e+00 -5.099999904632568359e+00 7.940000057220458984e+00 1.050000000000000000e+01 2.118750000000000000e+01 -4.218750000000000000e+01 -3.187500000000000000e+00 1.100000000000000000e+01 9.375000000000000000e-01
-1.320000052452087402e+00 -5.110000133514404297e+00 9.500000000000000000e+00 1.050000000000000000e+01 2.118750000000000000e+01 -4.218750000000000000e+01 -4.437500000000000000e+00 -5.000000000000000000e-01 -2.250000000000000000e+00
1.279999971389770508e+00 -4.769999980926513672e+00 1.090999984741210938e+01 1.050000000000000000e+01 2.118750000000000000e+01 -4.218750000000000000e+01 -1.250000000000000000e+00 -5.187500000000000000e+00 -6.187500000000000000e+00
-1.240000009536743164e+00 -6.429999828338623047e+00 1.031000041961669922e+01 1.050000000000000000e+01 2.118750000000000000e+01 -4.218750000000000000e+01 -7.812500000000000000e+00 2.687500000000000000e+00 -6.562500000000000000e+00
-1.820000052452087402e+00 -6.340000152587890625e+00 1.039999961853027344e+01 9.875000000000000000e+00 2.075000000000000000e+01 -4.218750000000000000e+01 -9.125000000000000000e+00 1.250000000000000000e+00 -7.500000000000000000e+00
-2.339999914169311523e+00 -5.889999866485595703e+00 1.096000003814697266e+01 9.875000000000000000e+00 2.075000000000000000e+01 -4.218750000000000000e+01 -8.625000000000000000e+00 8.750000000000000000e-01 -3.687500000000000000e+00
-2.650000095367431641e+00 -6.599999904632568359e+00 1.122999954223632812e+01 9.875000000000000000e+00 2.075000000000000000e+01 -4.218750000000000000e+01 -2.068750000000000000e+01 6.562500000000000000e+00 8.750000000000000000e-01
-3.640000104904174805e+00 -7.969999790191650391e+00 1.010999965667724609e+01 9.875000000000000000e+00 2.075000000000000000e+01 -4.218750000000000000e+01 -3.237500000000000000e+01 1.743750000000000000e+01 4.000000000000000000e+00
-3.130000114440917969e+00 -6.869999885559082031e+00 9.250000000000000000e+00 9.875000000000000000e+00 2.075000000000000000e+01 -4.218750000000000000e+01 -2.362500000000000000e+01 1.918750000000000000e+01 7.250000000000000000e+00
-1.139999985694885254e+00 -6.739999771118164062e+00 9.510000228881835938e+00 9.500000000000000000e+00 1.937500000000000000e+01 -4.018750000000000000e+01 -2.687500000000000000e+01 2.325000000000000000e+01 1.550000000000000000e+01
-5.000000000000000000e-01 -7.349999904632568359e+00 8.420000076293945312e+00 9.500000000000000000e+00 1.937500000000000000e+01 -4.018750000000000000e+01 -2.893750000000000000e+01 1.656250000000000000e+01 2.643750000000000000e+01
8.700000047683715820e-01 -7.019999980926513672e+00 7.659999847412109375e+00 9.500000000000000000e+00 1.937500000000000000e+01 -4.018750000000000000e+01 -1.900000000000000000e+01 1.156250000000000000e+01 3.825000000000000000e+01
1.419999957084655762e+00 -6.280000209808349609e+00 7.269999980926513672e+00 9.500000000000000000e+00 1.937500000000000000e+01 -4.018750000000000000e+01 -5.062500000000000000e+00 6.187500000000000000e+00 4.643750000000000000e+01
2.069999933242797852e+00 -5.059999942779541016e+00 7.239999771118164062e+00 9.500000000000000000e+00 1.937500000000000000e+01 -4.018750000000000000e+01 1.025000000000000000e+01 -8.750000000000000000e-01 5.425000000000000000e+01
3.619999885559082031e+00 -3.930000066757202148e+00 6.969999790191650391e+00 9.750000000000000000e+00 1.900000000000000000e+01 -3.575000000000000000e+01 1.606250000000000000e+01 -1.050000000000000000e+01 5.937500000000000000e+01
5.059999942779541016e+00 -2.910000085830688477e+00 6.809999942779541016e+00 9.750000000000000000e+00 1.900000000000000000e+01 -3.575000000000000000e+01 1.943750000000000000e+01 -2.406250000000000000e+01 6.162500000000000000e+01
6.170000076293945312e+00 -1.789999961853027344e+00 6.789999961853027344e+00 9.750000000000000000e+00 1.900000000000000000e+01 -3.575000000000000000e+01 1.775000000000000000e+01 -3.806250000000000000e+01 6.231250000000000000e+01
7.010000228881835938e+00 -9.300000071525573730e-01 6.460000038146972656e+00 9.750000000000000000e+00 1.900000000000000000e+01 -3.575000000000000000e+01 9.500000000000000000e+00 -5.356250000000000000e+01 6.006250000000000000e+01
9.140000343322753906e+00 2.000000029802322388e-01 5.869999885559082031e+00 9.750000000000000000e+00 1.900000000000000000e+01 -3.575000000000000000e+01 -2.625000000000000000e+00 -6.606250000000000000e+01 5.356250000000000000e+01
9.750000000000000000e+00 5.699999928474426270e-01 5.840000152587890625e+00 8.250000000000000000e+00 1.487500000000000000e+01 -3.418750000000000000e+01 -1.387500000000000000e+01 -7.462500000000000000e+01 4.356250000000000000e+01
1.009000015258789062e+01 4.000000059604644775e-01 5.469999790191650391e+00 8.250000000000000000e+00 1.487500000000000000e+01 -3.418750000000000000e+01 -2.293750000000000000e+01 -8.275000000000000000e+01 3.037500000000000000e+01
1.106999969482421875e+01 6.700000166893005371e-01 5.500000000000000000e+00 8.250000000000000000e+00 1.487500000000000000e+01 -3.418750000000000000e+01 -2.787500000000000000e+01 -8.937500000000000000e+01 1.493750000000000000e+01
1.201000022888183594e+01 -9.399999976158142090e-01 6.400000095367431641e+00 8.250000000000000000e+00 1.487500000000000000e+01 -3.418750000000000000e+01 -2.912500000000000000e+01 -9.156250000000000000e+01 -2.562500000000000000e+00
1.382999992370605469e+01 -2.809999942779541016e+00 8.649999618530273438e+00 8.250000000000000000e+00 1.487500000000000000e+01 -3.418750000000000000e+01 -1.337500000000000000e+01 -8.956250000000000000e+01 -2.018750000000000000e+01
1.653000068664550781e+01 -1.009999990463256836e+00 9.210000038146972656e+00 3.062500000000000000e+00 1.337500000000000000e+01 -3.375000000000000000e+01 2.181250000000000000e+01 -7.687500000000000000e+01 -3.806250000000000000e+01
7.659999847412109375e+00 -1.740000009536743164e+00 6.579999923706054688e+00 3.062500000000000000e+00 1.337500000000000000e+01 -3.375000000000000000e+01 7.562500000000000000e+00 -5.818750000000000000e+01 -3.181250000000000000e+01
7.519999980926513672e+00 -3.490000009536743164e+00 5.880000114440917969e+00 3.062500000000000000e+00 1.337500000000000000e+01 -3.375000000000000000e+01 -2.168750000000000000e+01 -3.031250000000000000e+01 -1.531250000000000000e+01
8.619999885559082031e+00 -4.969999790191650391e+00 6.409999847412109375e+00 3.062500000000000000e+00 1.337500000000000000e+01 -3.375000000000000000e+01 -2.075000000000000000e+01 -7.812500000000000000e+00 -3.062500000000000000e+00
6.050000190734863281e+00 -6.349999904632568359e+00 6.789999961853027344e+00 3.062500000000000000e+00 1.337500000000000000e+01 -3.375000000000000000e+01 -1.050000000000000000e+01 1.068750000000000000e+01 7.562500000000000000e+00
3.680000066757202148e+00 -5.159999847412109375e+00 7.199999809265136719e+00 1.875000000000000000e-01 1.268750000000000000e+01 -3.425000000000000000e+01 4.562500000000000000e+00 2.381250000000000000e+01 1.900000000000000000e+01
2.950000047683715820e+00 -4.590000152587890625e+00 7.699999809265136719e+00 1.875000000000000000e-01 1.268750000000000000e+01 -3.425000000000000000e+01 1.831250000000000000e+01 2.943750000000000000e+01 2.181250000000000000e+01
2.869999885559082031e+00 -4.199999809265136719e+00 8.229999542236328125e+00 1.875000000000000000e-01 1.268750000000000000e+01 -3.425000000000000000e+01 2.168750000000000000e+01 3.100000000000000000e+01 1.750000000000000000e+01
2.650000095367431641e+00 -4.059999942779541016e+00 8.159999847412109375e+00 1.875000000000000000e-01 1.268750000000000000e+01 -3.425000000000000000e+01 1.781250000000000000e+01 3.181250000000000000e+01 1.043750000000000000e+01
3.309999942779541016e+00 -4.590000152587890625e+00 7.980000019073486328e+00 1.875000000000000000e-01 1.268750000000000000e+01 -3.425000000000000000e+01 1.418750000000000000e+01 3.087500000000000000e+01 2.812500000000000000e+00
3.819999933242797852e+00 -4.590000152587890625e+00 8.029999732971191406e+00 6.250000000000000000e-02 1.325000000000000000e+01 -3.318750000000000000e+01 1.437500000000000000e+01 3.131250000000000000e+01 -1.125000000000000000e+00
3.920000076293945312e+00 -4.539999961853027344e+00 8.039999961853027344e+00 6.250000000000000000e-02 1.325000000000000000e+01 -3.318750000000000000e+01 1.593750000000000000e+01 3.362500000000000000e+01 -1.562500000000000000e+00
4.190000057220458984e+00 -4.119999885559082031e+00 8.170000076293945312e+00 6.250000000000000000e-02 1.325000000000000000e+01 -3.318750000000000000e+01 1.812500000000000000e+01 3.668750000000000000e+01 1.125000000000000000e+00
4.119999885559082031e+00 -4.019999980926513672e+00 8.470000267028808594e+00 6.250000000000000000e-02 1.325000000000000000e+01 -3.318750000000000000e+01 1.918750000000000000e+01 3.993750000000000000e+01 4.937500000000000000e+00
3.809999942779541016e+00 -4.000000000000000000e+00 8.600000381469726562e+00 6.250000000000000000e-02 1.325000000000000000e+01 -3.318750000000000000e+01 1.831250000000000000e+01 4.200000000000000000e+01 9.312500000000000000e+00
3.480000019073486328e+00 -3.960000038146972656e+00 8.779999732971191406e+00 1.875000000000000000e+00 1.368750000000000000e+01 -3.325000000000000000e+01 1.637500000000000000e+01 4.275000000000000000e+01 1.237500000000000000e+01
1.620000004768371582e+00 -4.269999980926513672e+00 8.659999847412109375e+00 1.875000000000000000e+00 1.368750000000000000e+01 -3.325000000000000000e+01 1.306250000000000000e+01 4.156250000000000000e+01 1.350000000000000000e+01
7.000000029802322388e-02 -4.099999904632568359e+00 8.909999847412109375e+00 1.875000000000000000e+00 1.368750000000000000e+01 -3.325000000000000000e+01 1.212500000000000000e+01 3.625000000000000000e+01 1.006250000000000000e+01
1.159999966621398926e+00 -3.890000104904174805e+00 9.409999847412109375e+00 1.875000000000000000e+00 1.368750000000000000e+01 -3.325000000000000000e+01 1.168750000000000000e+01 1.900000000000000000e+01 3.312500000000000000e+00
2.079999923706054688e+00 -3.970000028610229492e+00 9.189999580383300781e+00 1.875000000000000000e+00 1.368750000000000000e+01 -3.325000000000000000e+01 4.937500000000000000e+00 4.750000000000000000e+00 -2.000000000000000000e+00
3.170000076293945312e+00 -3.849999904632568359e+00 8.449999809265136719e+00 3.062500000000000000e+00 1.218750000000000000e+01 -3.325000000000000000e+01 1.500000000000000000e+00 -2.312500000000000000e+00 -4.125000000000000000e+00
3.619999885559082031e+00 -3.859999895095825195e+00 8.409999847412109375e+00 3.062500000000000000e+00 1.218750000000000000e+01 -3.325000000000000000e+01 5.000000000000000000e-01 -3.687500000000000000e+00 -3.875000000000000000e+00
3.650000095367431641e+00 -3.930000066757202148e+00 8.350000381469726562e+00 3.062500000000000000e+00 1.218750000000000000e+01 -3.325000000000000000e+01 -5.000000000000000000e-01 -1.062500000000000000e+00 -2.562500000000000000e+00
3.259999990463256836e+00 -4.099999904632568359e+00 8.149999618530273438e+00 3.062500000000000000e+00 1.218750000000000000e+01 -3.325000000000000000e+01 -5.000000000000000000e-01 2.250000000000000000e+00 -1.312500000000000000e+00
