2.769999980926513672e+00 -4.340000152587890625e+00 8.340000152587890625e+00 1.237500000000000000e+01 2.550000000000000000e+01 -4.556250000000000000e+01 -6.250000000000000000e-02 6.250000000000000000e-02 1.250000000000000000e-01
2.769999980926513672e+00 -4.360000133514404297e+00 8.369999885559082031e+00 1.206250000000000000e+01 2.618750000000000000e+01 -4.400000000000000000e+01 1.875000000000000000e-01 0.000000000000000000e+00 0.000000000000000000e+00
2.759999990463256836e+00 -4.369999885559082031e+00 8.329999923706054688e+00 1.206250000000000000e+01 2.618750000000000000e+01 -4.400000000000000000e+01 0.000000000000000000e+00 6.250000000000000000e-02 1.875000000000000000e-01
2.789999961853027344e+00 -4.349999904632568359e+00 8.319999694824218750e+00 1.206250000000000000e+01 2.618750000000000000e+01 -4.400000000000000000e+01 -3.125000000000000000e-01 1.250000000000000000e-01 0.000000000000000000e+00
2.789999961853027344e+00 -4.360000133514404297e+00 8.319999694824218750e+00 1.206250000000000000e+01 2.618750000000000000e+01 -4.400000000000000000e+01 -2.500000000000000000e-01 6.250000000000000000e-02 1.250000000000000000e-01
2.769999980926513672e+00 -4.380000114440917969e+00 8.319999694824218750e+00 1.206250000000000000e+01 2.618750000000000000e+01 -4.400000000000000000e+01 -6.250000000000000000e-02 6.250000000000000000e-02 6.250000000000000000e-02
2.750000000000000000e+00 -4.360000133514404297e+00 8.340000152587890625e+00 1.237500000000000000e+01 2.437500000000000000e+01 -4.318750000000000000e+01 -3.750000000000000000e-01 0.000000000000000000e+00 1.875000000000000000e-01
2.740000009536743164e+00 -4.400000095367431641e+00 8.319999694824218750e+00 1.237500000000000000e+01 2.437500000000000000e+01 -4.318750000000000000e+01 -3.750000000000000000e-01 2.500000000000000000e-01 6.250000000000000000e-02
2.750000000000000000e+00 -4.389999866485595703e+00 8.310000419616699219e+00 1.237500000000000000e+01 2.437500000000000000e+01 -4.318750000000000000e+01 -3.125000000000000000e-01 1.875000000000000000e-01 6.250000000000000000e-02
2.769999980926513672e+00 -4.369999885559082031e+00 8.319999694824218750e+00 1.237500000000000000e+01 2.437500000000000000e+01 -4.318750000000000000e+01 -6.250000000000000000e-02 0.000000000000000000e+00 1.250000000000000000e-01
2.799999952316284180e+00 -4.340000152587890625e+00 8.350000381469726562e+00 1.237500000000000000e+01 2.437500000000000000e+01 -4.318750000000000000e+01 6.250000000000000000e-02 1.250000000000000000e-01 -6.250000000000000000e-02
2.730000019073486328e+00 -4.369999885559082031e+00 8.310000419616699219e+00 1.306250000000000000e+01 2.437500000000000000e+01 -4.437500000000000000e+01 -1.250000000000000000e-01 0.000000000000000000e+00 0.000000000000000000e+00
2.750000000000000000e+00 -4.389999866485595703e+00 8.319999694824218750e+00 1.306250000000000000e+01 2.437500000000000000e+01 -4.437500000000000000e+01 -1.875000000000000000e-01 1.875000000000000000e-01 0.000000000000000000e+00
2.779999971389770508e+00 -4.340000152587890625e+00 8.359999656677246094e+00 1.306250000000000000e+01 2.437500000000000000e+01 -4.437500000000000000e+01 -2.500000000000000000e-01 -6.250000000000000000e-02 0.000000000000000000e+00
2.769999980926513672e+00 -4.340000152587890625e+00 8.340000152587890625e+00 1.306250000000000000e+01 2.437500000000000000e+01 -4.437500000000000000e+01 -2.500000000000000000e-01 0.000000000000000000e+00 6.250000000000000000e-02
2.750000000000000000e+00 -4.369999885559082031e+00 8.319999694824218750e+00 1.306250000000000000e+01 2.437500000000000000e+01 -4.437500000000000000e+01 -3.750000000000000000e-01 1.250000000000000000e-01 0.000000000000000000e+00
2.750000000000000000e+00 -4.349999904632568359e+00 8.340000152587890625e+00 1.237500000000000000e+01 2.437500000000000000e+01 -4.518750000000000000e+01 -4.375000000000000000e-01 6.250000000000000000e-02 6.250000000000000000e-02
2.740000009536743164e+00 -4.360000133514404297e+00 8.279999732971191406e+00 1.237500000000000000e+01 2.437500000000000000e+01 -4.518750000000000000e+01 -4.375000000000000000e-01 -2.500000000000000000e-01 1.250000000000000000e-01
2.730000019073486328e+00 -4.369999885559082031e+00 8.300000190734863281e+00 1.237500000000000000e+01 2.437500000000000000e+01 -4.518750000000000000e+01 -6.250000000000000000e-01 -1.250000000000000000e-01 0.000000000000000000e+00
2.740000009536743164e+00 -4.340000152587890625e+00 8.319999694824218750e+00 1.237500000000000000e+01 2.437500000000000000e+01 -4.518750000000000000e+01 -5.625000000000000000e-01 -1.875000000000000000e-01 0.000000000000000000e+00
2.750000000000000000e+00 -4.340000152587890625e+00 8.340000152587890625e+00 1.237500000000000000e+01 2.437500000000000000e+01 -4.518750000000000000e+01 -5.625000000000000000e-01 -3.750000000000000000e-01 6.250000000000000000e-02
2.720000028610229492e+00 -4.230000019073486328e+00 8.399999618530273438e+00 1.306250000000000000e+01 2.618750000000000000e+01 -4.400000000000000000e+01 -6.250000000000000000e-01 -5.000000000000000000e-01 -1.250000000000000000e-01
2.700000047683715820e+00 -4.159999847412109375e+00 8.420000076293945312e+00 1.306250000000000000e+01 2.618750000000000000e+01 -4.400000000000000000e+01 -9.375000000000000000e-01 -1.000000000000000000e+00 2.500000000000000000e-01
2.690000057220458984e+00 -4.099999904632568359e+00 8.479999542236328125e+00 1.306250000000000000e+01 2.618750000000000000e+01 -4.400000000000000000e+01 -1.750000000000000000e+00 -1.500000000000000000e+00 2.500000000000000000e-01
2.750000000000000000e+00 -4.139999866485595703e+00 8.479999542236328125e+00 1.306250000000000000e+01 2.618750000000000000e+01 -4.400000000000000000e+01 -3.062500000000000000e+00 -2.187500000000000000e+00 8.750000000000000000e-01
2.809999942779541016e+00 -4.199999809265136719e+00 8.430000305175781250e+00 1.306250000000000000e+01 2.618750000000000000e+01 -4.400000000000000000e+01 -5.375000000000000000e+00 -3.062500000000000000e+00 1.125000000000000000e+00
2.859999895095825195e+00 -4.300000190734863281e+00 8.539999961853027344e+00 1.306250000000000000e+01 2.468750000000000000e+01 -4.437500000000000000e+01 -7.375000000000000000e+00 -3.625000000000000000e+00 1.687500000000000000e+00
2.829999923706054688e+00 -4.139999866485595703e+00 8.609999656677246094e+00 1.306250000000000000e+01 2.468750000000000000e+01 -4.437500000000000000e+01 -8.687500000000000000e+00 -3.500000000000000000e+00 2.437500000000000000e+00
2.819999933242797852e+00 -4.019999980926513672e+00 8.579999923706054688e+00 1.306250000000000000e+01 2.468750000000000000e+01 -4.437500000000000000e+01 -1.075000000000000000e+01 -4.062500000000000000e+00 3.625000000000000000e+00
2.759999990463256836e+00 -4.090000152587890625e+00 8.550000190734863281e+00 1.306250000000000000e+01 2.468750000000000000e+01 -4.437500000000000000e+01 -1.375000000000000000e+01 -4.062500000000000000e+00 4.562500000000000000e+00
2.769999980926513672e+00 -4.000000000000000000e+00 8.520000457763671875e+00 1.306250000000000000e+01 2.468750000000000000e+01 -4.437500000000000000e+01 -1.631250000000000000e+01 -4.375000000000000000e+00 5.437500000000000000e+00
2.710000038146972656e+00 -4.010000228881835938e+00 8.550000190734863281e+00 1.268750000000000000e+01 2.550000000000000000e+01 -4.318750000000000000e+01 -1.812500000000000000e+01 -5.562500000000000000e+00 6.312500000000000000e+00
3.019999980926513672e+00 -4.170000076293945312e+00 8.640000343322753906e+00 1.268750000000000000e+01 2.550000000000000000e+01 -4.318750000000000000e+01 -1.943750000000000000e+01 -5.937500000000000000e+00 6.562500000000000000e+00
3.039999961853027344e+00 -4.280000209808349609e+00 8.529999732971191406e+00 1.268750000000000000e+01 2.550000000000000000e+01 -4.318750000000000000e+01 -2.225000000000000000e+01 -5.812500000000000000e+00 6.375000000000000000e+00
2.849999904632568359e+00 -4.360000133514404297e+00 8.359999656677246094e+00 1.268750000000000000e+01 2.550000000000000000e+01 -4.318750000000000000e+01 -2.487500000000000000e+01 -4.000000000000000000e+00 5.187500000000000000e+00
2.589999914169311523e+00 -3.990000009536743164e+00 8.720000267028808594e+00 1.268750000000000000e+01 2.550000000000000000e+01 -4.318750000000000000e+01 -2.375000000000000000e+01 -1.500000000000000000e+00 3.625000000000000000e+00
2.609999895095825195e+00 -3.509999990463256836e+00 9.149999618530273438e+00 1.237500000000000000e+01 2.618750000000000000e+01 -4.318750000000000000e+01 -2.100000000000000000e+01 2.500000000000000000e-01 1.437500000000000000e+00
2.619999885559082031e+00 -2.880000114440917969e+00 9.489999771118164062e+00 1.237500000000000000e+01 2.618750000000000000e+01 -4.318750000000000000e+01 -2.137500000000000000e+01 8.125000000000000000e-01 -7.500000000000000000e-01
2.630000114440917969e+00 -2.000000000000000000e+00 1.011999988555908203e+01 1.237500000000000000e+01 2.618750000000000000e+01 -4.318750000000000000e+01 -2.187500000000000000e+01 2.062500000000000000e+00 -3.312500000000000000e+00
1.970000028610229492e+00 -7.999999821186065674e-02 1.106000041961669922e+01 1.237500000000000000e+01 2.618750000000000000e+01 -4.318750000000000000e+01 -2.000000000000000000e+01 7.000000000000000000e+00 -8.312500000000000000e+00
1.450000047683715820e+00 4.000000059604644775e-01 1.151000022888183594e+01 1.237500000000000000e+01 2.618750000000000000e+01 -4.318750000000000000e+01 -1.893750000000000000e+01 1.625000000000000000e+01 -1.906250000000000000e+01
7.300000190734863281e-01 -2.599999904632568359e-01 1.209000015258789062e+01 1.237500000000000000e+01 2.725000000000000000e+01 -4.275000000000000000e+01 -2.143750000000000000e+01 2.412500000000000000e+01 -3.212500000000000000e+01
1.220000028610229492e+00 -1.789999961853027344e+00 1.168999958038330078e+01 1.237500000000000000e+01 2.725000000000000000e+01 -4.275000000000000000e+01 -2.168750000000000000e+01 2.768750000000000000e+01 -4.412500000000000000e+01
8.899999856948852539e-01 1.580000042915344238e+00 1.114999961853027344e+01 1.237500000000000000e+01 2.725000000000000000e+01 -4.275000000000000000e+01 6.375000000000000000e+00 2.881250000000000000e+01 -4.118750000000000000e+01
2.899999916553497314e-01 3.970000028610229492e+00 1.213000011444091797e+01 1.237500000000000000e+01 2.725000000000000000e+01 -4.275000000000000000e+01 6.475000000000000000e+01 3.518750000000000000e+01 -2.450000000000000000e+01
7.500000000000000000e-01 4.269999980926513672e+00 1.194999980926513672e+01 1.237500000000000000e+01 2.725000000000000000e+01 -4.275000000000000000e+01 8.487500000000000000e+01 2.962500000000000000e+01 -9.687500000000000000e+00
1.720000028610229492e+00 2.880000114440917969e+00 1.231999969482421875e+01 1.237500000000000000e+01 2.768750000000000000e+01 -4.356250000000000000e+01 6.387500000000000000e+01 1.150000000000000000e+01 3.125000000000000000e-01
2.410000085830688477e+00 1.519999980926513672e+00 1.194999980926513672e+01 1.237500000000000000e+01 2.768750000000000000e+01 -4.356250000000000000e+01 3.581250000000000000e+01 3.375000000000000000e+00 -2.625000000000000000e+00
2.589999914169311523e+00 -1.299999952316284180e-01 1.102999973297119141e+01 1.237500000000000000e+01 2.768750000000000000e+01 -4.356250000000000000e+01 8.937500000000000000e+00 4.937500000000000000e+00 -1.506250000000000000e+01
2.829999923706054688e+00 -1.129999995231628418e+00 1.048999977111816406e+01 1.237500000000000000e+01 2.768750000000000000e+01 -4.356250000000000000e+01 -6.000000000000000000e+00 1.037500000000000000e+01 -2.275000000000000000e+01
2.619999885559082031e+00 -2.589999914169311523e+00 9.369999885559082031e+00 1.237500000000000000e+01 2.768750000000000000e+01 -4.356250000000000000e+01 -2.812500000000000000e+00 1.881250000000000000e+01 -3.193750000000000000e+01
2.599999904632568359e+00 -3.109999895095825195e+00 8.720000267028808594e+00 1.237500000000000000e+01 2.550000000000000000e+01 -4.518750000000000000e+01 4.562500000000000000e+00 2.450000000000000000e+01 -4.262500000000000000e+01
2.500000000000000000e+00 -3.430000066757202148e+00 8.600000381469726562e+00 1.237500000000000000e+01 2.550000000000000000e+01 -4.518750000000000000e+01 1.587500000000000000e+01 2.743750000000000000e+01 -5.150000000000000000e+01
2.490000009536743164e+00 -4.000000000000000000e+00 8.460000038146972656e+00 1.237500000000000000e+01 2.550000000000000000e+01 -4.518750000000000000e+01 2.262500000000000000e+01 2.631250000000000000e+01 -5.493750000000000000e+01
2.650000095367431641e+00 -6.650000095367431641e+00 7.269999980926513672e+00 1.237500000000000000e+01 2.550000000000000000e+01 -4.518750000000000000e+01 1.693750000000000000e+01 1.912500000000000000e+01 -5.000000000000000000e+01
2.769999980926513672e+00 -7.219999790191650391e+00 7.059999942779541016e+00 1.237500000000000000e+01 2.550000000000000000e+01 -4.518750000000000000e+01 1.250000000000000000e+01 1.325000000000000000e+01 -3.993750000000000000e+01
2.579999923706054688e+00 -7.360000133514404297e+00 7.199999809265136719e+00 1.268750000000000000e+01 2.468750000000000000e+01 -4.837500000000000000e+01 2.006250000000000000e+01 7.187500000000000000e+00 -2.762500000000000000e+01
2.880000114440917969e+00 -8.949999809265136719e+00 7.250000000000000000e+00 1.268750000000000000e+01 2.468750000000000000e+01 -4.837500000000000000e+01 2.600000000000000000e+01 -1.000000000000000000e+00 -9.625000000000000000e+00
3.250000000000000000e+00 -9.510000228881835938e+00 7.389999866485595703e+00 1.268750000000000000e+01 2.468750000000000000e+01 -4.837500000000000000e+01 2.668750000000000000e+01 -1.043750000000000000e+01 1.143750000000000000e+01
3.269999980926513672e+00 -9.210000038146972656e+00 7.909999847412109375e+00 1.268750000000000000e+01 2.468750000000000000e+01 -4.837500000000000000e+01 4.375000000000000000e+01 -1.543750000000000000e+01 3.206250000000000000e+01
3.059999942779541016e+00 -8.409999847412109375e+00 8.159999847412109375e+00 1.268750000000000000e+01 2.468750000000000000e+01 -4.837500000000000000e+01 7.106250000000000000e+01 -1.893750000000000000e+01 5.343750000000000000e+01
3.079999923706054688e+00 -6.059999942779541016e+00 8.149999618530273438e+00 1.168750000000000000e+01 2.137500000000000000e+01 -5.400000000000000000e+01 9.500000000000000000e+01 -2.062500000000000000e+01 7.150000000000000000e+01
2.990000009536743164e+00 -4.300000190734863281e+00 8.220000267028808594e+00 1.168750000000000000e+01 2.137500000000000000e+01 -5.400000000000000000e+01 1.156875000000000000e+02 -1.975000000000000000e+01 8.781250000000000000e+01
2.900000095367431641e+00 -3.609999895095825195e+00 7.940000057220458984e+00 1.168750000000000000e+01 2.137500000000000000e+01 -5.400000000000000000e+01 1.245625000000000000e+02 -1.975000000000000000e+01 9.775000000000000000e+01
2.509999990463256836e+00 -2.839999914169311523e+00 8.229999542236328125e+00 1.168750000000000000e+01 2.137500000000000000e+01 -5.400000000000000000e+01 1.193750000000000000e+02 -2.237500000000000000e+01 1.026250000000000000e+02
2.680000066757202148e+00 -3.390000104904174805e+00 8.180000305175781250e+00 1.168750000000000000e+01 2.137500000000000000e+01 -5.400000000000000000e+01 1.088750000000000000e+02 -2.175000000000000000e+01 9.050000000000000000e+01
3.079999923706054688e+00 -3.549999952316284180e+00 8.210000038146972656e+00 1.256250000000000000e+01 1.337500000000000000e+01 -5.800000000000000000e+01 9.162500000000000000e+01 -2.312500000000000000e+01 6.906250000000000000e+01
3.059999942779541016e+00 -4.150000095367431641e+00 8.140000343322753906e+00 1.256250000000000000e+01 1.337500000000000000e+01 -5.800000000000000000e+01 7.750000000000000000e+01 -2.100000000000000000e+01 4.656250000000000000e+01
3.369999885559082031e+00 -5.909999847412109375e+00 7.940000057220458984e+00 1.256250000000000000e+01 1.337500000000000000e+01 -5.800000000000000000e+01 6.456250000000000000e+01 -1.625000000000000000e+01 2.743750000000000000e+01
3.569999933242797852e+00 -6.599999904632568359e+00 7.949999809265136719e+00 1.256250000000000000e+01 1.337500000000000000e+01 -5.800000000000000000e+01 5.512500000000000000e+01 -1.137500000000000000e+01 1.068750000000000000e+01
3.740000009536743164e+00 -7.420000076293945312e+00 7.900000095367431641e+00 1.256250000000000000e+01 1.337500000000000000e+01 -5.800000000000000000e+01 5.043750000000000000e+01 -5.000000000000000000e+00 -2.500000000000000000e+00
4.039999961853027344e+00 -7.889999866485595703e+00 7.750000000000000000e+00 1.225000000000000000e+01 2.000000000000000000e+00 -6.400000000000000000e+01 4.562500000000000000e+01 2.500000000000000000e-01 -1.043750000000000000e+01
4.090000152587890625e+00 -8.939999580383300781e+00 6.929999828338623047e+00 1.225000000000000000e+01 2.000000000000000000e+00 -6.400000000000000000e+01 4.056250000000000000e+01 4.937500000000000000e+00 -1.293750000000000000e+01
3.970000028610229492e+00 -8.609999656677246094e+00 6.920000076293945312e+00 1.225000000000000000e+01 2.000000000000000000e+00 -6.400000000000000000e+01 3.787500000000000000e+01 1.031250000000000000e+01 -1.218750000000000000e+01
3.900000095367431641e+00 -8.439999580383300781e+00 6.989999771118164062e+00 1.225000000000000000e+01 2.000000000000000000e+00 -6.400000000000000000e+01 3.881250000000000000e+01 1.368750000000000000e+01 -8.375000000000000000e+00
3.920000076293945312e+00 -8.260000228881835938e+00 6.650000095367431641e+00 1.225000000000000000e+01 2.000000000000000000e+00 -6.400000000000000000e+01 3.168750000000000000e+01 1.231250000000000000e+01 -2.812500000000000000e+00
3.589999914169311523e+00 -8.300000190734863281e+00 6.389999866485595703e+00 1.250000000000000000e+01 -8.000000000000000000e+00 -6.700000000000000000e+01 1.893750000000000000e+01 7.437500000000000000e+00 2.562500000000000000e+00
3.609999895095825195e+00 -8.159999847412109375e+00 6.360000133514404297e+00 1.250000000000000000e+01 -8.000000000000000000e+00 -6.700000000000000000e+01 4.500000000000000000e+00 2.812500000000000000e+00 6.687500000000000000e+00
3.700000047683715820e+00 -8.189999580383300781e+00 6.369999885559082031e+00 1.250000000000000000e+01 -8.000000000000000000e+00 -6.700000000000000000e+01 -1.137500000000000000e+01 -1.687500000000000000e+00 8.625000000000000000e+00
3.769999980926513672e+00 -8.260000228881835938e+00 6.579999923706054688e+00 1.250000000000000000e+01 -8.000000000000000000e+00 -6.700000000000000000e+01 -2.675000000000000000e+01 -4.562500000000000000e+00 9.937500000000000000e+00
3.690000057220458984e+00 -7.980000019073486328e+00 6.690000057220458984e+00 1.250000000000000000e+01 -8.000000000000000000e+00 -6.700000000000000000e+01 -3.737500000000000000e+01 -4.562500000000000000e+00 9.875000000000000000e+00
3.589999914169311523e+00 -7.559999942779541016e+00 6.860000133514404297e+00 1.250000000000000000e+01 -1.387500000000000000e+01 -6.775000000000000000e+01 -4.737500000000000000e+01 -1.062500000000000000e+00 5.812500000000000000e+00
3.589999914169311523e+00 -7.170000076293945312e+00 7.000000000000000000e+00 1.250000000000000000e+01 -1.387500000000000000e+01 -6.775000000000000000e+01 -4.737500000000000000e+01 -1.062500000000000000e+00 5.812500000000000000e+00
3.480000019073486328e+00 -6.559999942779541016e+00 7.190000057220458984e+00 1.250000000000000000e+01 -1.387500000000000000e+01 -6.775000000000000000e+01 -5.293750000000000000e+01 1.000000000000000000e+00 2.437500000000000000e+00
3.410000085830688477e+00 -6.320000171661376953e+00 7.369999885559082031e+00 1.250000000000000000e+01 -1.387500000000000000e+01 -6.775000000000000000e+01 -5.937500000000000000e+01 3.000000000000000000e+00 -3.125000000000000000e-01
3.529999971389770508e+00 -6.340000152587890625e+00 7.659999847412109375e+00 1.250000000000000000e+01 -1.387500000000000000e+01 -6.775000000000000000e+01 -6.606250000000000000e+01 5.187500000000000000e+00 -3.062500000000000000e+00
3.799999952316284180e+00 -6.500000000000000000e+00 7.940000057220458984e+00 1.306250000000000000e+01 -8.500000000000000000e+00 -6.568750000000000000e+01 -7.468750000000000000e+01 1.368750000000000000e+01 -7.812500000000000000e+00
3.640000104904174805e+00 -6.710000038146972656e+00 8.289999961853027344e+00 1.306250000000000000e+01 -8.500000000000000000e+00 -6.568750000000000000e+01 -7.468750000000000000e+01 1.368750000000000000e+01 -7.812500000000000000e+00
3.490000009536743164e+00 -6.610000133514404297e+00 8.369999885559082031e+00 1.306250000000000000e+01 -8.500000000000000000e+00 -6.568750000000000000e+01 -7.081250000000000000e+01 2.118750000000000000e+01 -8.937500000000000000e+00
3.279999971389770508e+00 -6.389999866485595703e+00 8.420000076293945312e+00 1.306250000000000000e+01 -8.500000000000000000e+00 -6.568750000000000000e+01 -6.050000000000000000e+01 2.837500000000000000e+01 -9.687500000000000000e+00
2.440000057220458984e+00 -4.829999923706054688e+00 8.029999732971191406e+00 1.306250000000000000e+01 -8.500000000000000000e+00 -6.568750000000000000e+01 -4.687500000000000000e+01 3.418750000000000000e+01 -1.093750000000000000e+01
1.970000028610229492e+00 -3.740000009536743164e+00 7.920000076293945312e+00 1.425000000000000000e+01 2.062500000000000000e+00 -6.387500000000000000e+01 -3.137500000000000000e+01 3.893750000000000000e+01 -1.487500000000000000e+01
1.669999957084655762e+00 -2.970000028610229492e+00 7.800000190734863281e+00 1.425000000000000000e+01 2.062500000000000000e+00 -6.387500000000000000e+01 -3.137500000000000000e+01 3.893750000000000000e+01 -1.487500000000000000e+01
1.620000004768371582e+00 -2.640000104904174805e+00 7.650000095367431641e+00 1.425000000000000000e+01 2.062500000000000000e+00 -6.387500000000000000e+01 -4.031250000000000000e+01 3.412500000000000000e+01 -1.781250000000000000e+01
2.059999942779541016e+00 -3.559999942779541016e+00 7.570000171661376953e+00 1.425000000000000000e+01 2.062500000000000000e+00 -6.387500000000000000e+01 -5.731250000000000000e+01 2.568750000000000000e+01 -2.043750000000000000e+01
2.319999933242797852e+00 -4.179999828338623047e+00 7.559999942779541016e+00 1.425000000000000000e+01 2.062500000000000000e+00 -6.387500000000000000e+01 -7.206250000000000000e+01 1.768750000000000000e+01 -2.287500000000000000e+01
2.390000104904174805e+00 -4.710000038146972656e+00 7.659999847412109375e+00 1.575000000000000000e+01 9.062500000000000000e+00 -5.825000000000000000e+01 -7.612500000000000000e+01 9.312500000000000000e+00 -2.662500000000000000e+01
2.460000038146972656e+00 -5.199999809265136719e+00 7.780000209808349609e+00 1.575000000000000000e+01 9.062500000000000000e+00 -5.825000000000000000e+01 -7.612500000000000000e+01 9.312500000000000000e+00 -2.662500000000000000e+01
2.589999914169311523e+00 -5.750000000000000000e+00 7.840000152587890625e+00 1.575000000000000000e+01 9.062500000000000000e+00 -5.825000000000000000e+01 -6.812500000000000000e+01 6.000000000000000000e+00 -2.468750000000000000e+01
2.599999904632568359e+00 -5.519999980926513672e+00 7.969999790191650391e+00 1.575000000000000000e+01 9.062500000000000000e+00 -5.825000000000000000e+01 -5.612500000000000000e+01 3.125000000000000000e+00 -2.075000000000000000e+01
