2.609999895095825195e+00 -3.890000104904174805e+00 8.520000457763671875e+00 7.875000000000000000e+00 2.187500000000000000e+01 -4.737500000000000000e+01 -4.375000000000000000e-01 -6.250000000000000000e-02 6.250000000000000000e-02
2.650000095367431641e+00 -3.930000066757202148e+00 8.529999732971191406e+00 7.875000000000000000e+00 2.187500000000000000e+01 -4.737500000000000000e+01 -1.250000000000000000e-01 -1.250000000000000000e-01 -1.250000000000000000e-01
2.680000066757202148e+00 -3.910000085830688477e+00 8.539999961853027344e+00 8.687500000000000000e+00 2.268750000000000000e+01 -4.575000000000000000e+01 1.875000000000000000e-01 -6.875000000000000000e-01 0.000000000000000000e+00
2.670000076293945312e+00 -3.880000114440917969e+00 8.520000457763671875e+00 8.687500000000000000e+00 2.268750000000000000e+01 -4.575000000000000000e+01 3.125000000000000000e-01 -4.375000000000000000e-01 -1.250000000000000000e-01
2.640000104904174805e+00 -3.900000095367431641e+00 8.529999732971191406e+00 8.687500000000000000e+00 2.268750000000000000e+01 -4.575000000000000000e+01 3.125000000000000000e-01 -5.625000000000000000e-01 -2.500000000000000000e-01
2.670000076293945312e+00 -3.900000095367431641e+00 8.520000457763671875e+00 8.687500000000000000e+00 2.268750000000000000e+01 -4.575000000000000000e+01 5.000000000000000000e-01 -8.750000000000000000e-01 -3.125000000000000000e-01
2.680000066757202148e+00 -3.890000104904174805e+00 8.560000419616699219e+00 8.687500000000000000e+00 2.268750000000000000e+01 -4.575000000000000000e+01 8.750000000000000000e-01 -9.375000000000000000e-01 -2.500000000000000000e-01
2.680000066757202148e+00 -3.890000104904174805e+00 8.560000419616699219e+00 9.375000000000000000e+00 2.225000000000000000e+01 -4.618750000000000000e+01 1.062500000000000000e+00 -1.000000000000000000e+00 -5.625000000000000000e-01
2.680000066757202148e+00 -3.880000114440917969e+00 8.569999694824218750e+00 9.375000000000000000e+00 2.225000000000000000e+01 -4.618750000000000000e+01 1.375000000000000000e+00 -1.187500000000000000e+00 -3.750000000000000000e-01
2.670000076293945312e+00 -3.890000104904174805e+00 8.510000228881835938e+00 9.375000000000000000e+00 2.225000000000000000e+01 -4.618750000000000000e+01 1.312500000000000000e+00 -1.312500000000000000e+00 -5.000000000000000000e-01
2.700000047683715820e+00 -3.930000066757202148e+00 8.520000457763671875e+00 9.375000000000000000e+00 2.225000000000000000e+01 -4.618750000000000000e+01 1.437500000000000000e+00 -1.500000000000000000e+00 -3.750000000000000000e-01
2.680000066757202148e+00 -3.930000066757202148e+00 8.479999542236328125e+00 9.375000000000000000e+00 2.225000000000000000e+01 -4.618750000000000000e+01 2.000000000000000000e+00 -1.812500000000000000e+00 -2.500000000000000000e-01
2.650000095367431641e+00 -3.910000085830688477e+00 8.489999771118164062e+00 9.375000000000000000e+00 2.300000000000000000e+01 -4.537500000000000000e+01 2.687500000000000000e+00 -1.875000000000000000e+00 -5.000000000000000000e-01
2.809999942779541016e+00 -3.890000104904174805e+00 8.670000076293945312e+00 9.375000000000000000e+00 2.300000000000000000e+01 -4.537500000000000000e+01 2.875000000000000000e+00 -1.625000000000000000e+00 -5.625000000000000000e-01
2.910000085830688477e+00 -3.880000114440917969e+00 8.670000076293945312e+00 9.375000000000000000e+00 2.300000000000000000e+01 -4.537500000000000000e+01 2.625000000000000000e+00 -1.125000000000000000e+00 -5.625000000000000000e-01
2.799999952316284180e+00 -3.890000104904174805e+00 8.630000114440917969e+00 9.375000000000000000e+00 2.300000000000000000e+01 -4.537500000000000000e+01 2.312500000000000000e+00 -5.000000000000000000e-01 -3.125000000000000000e-01
2.700000047683715820e+00 -3.700000047683715820e+00 8.630000114440917969e+00 9.375000000000000000e+00 2.300000000000000000e+01 -4.537500000000000000e+01 2.437500000000000000e+00 -8.125000000000000000e-01 6.250000000000000000e-02
2.720000028610229492e+00 -3.579999923706054688e+00 8.689999580383300781e+00 9.375000000000000000e+00 2.268750000000000000e+01 -4.575000000000000000e+01 1.812500000000000000e+00 -9.375000000000000000e-01 2.500000000000000000e-01
2.700000047683715820e+00 -3.599999904632568359e+00 8.699999809265136719e+00 9.375000000000000000e+00 2.268750000000000000e+01 -4.575000000000000000e+01 6.250000000000000000e-02 -1.062500000000000000e+00 7.500000000000000000e-01
2.700000047683715820e+00 -3.670000076293945312e+00 8.619999885559082031e+00 9.375000000000000000e+00 2.268750000000000000e+01 -4.575000000000000000e+01 -1.562500000000000000e+00 -1.000000000000000000e+00 8.750000000000000000e-01
2.690000057220458984e+00 -3.940000057220458984e+00 8.489999771118164062e+00 9.375000000000000000e+00 2.268750000000000000e+01 -4.575000000000000000e+01 -2.125000000000000000e+00 -1.375000000000000000e+00 1.000000000000000000e+00
2.730000019073486328e+00 -4.030000209808349609e+00 8.460000038146972656e+00 9.375000000000000000e+00 2.268750000000000000e+01 -4.575000000000000000e+01 -1.625000000000000000e+00 -1.312500000000000000e+00 1.000000000000000000e+00
2.730000019073486328e+00 -4.050000190734863281e+00 8.449999809265136719e+00 8.250000000000000000e+00 2.187500000000000000e+01 -4.618750000000000000e+01 -4.375000000000000000e-01 -1.187500000000000000e+00 7.500000000000000000e-01
2.609999895095825195e+00 -3.990000009536743164e+00 8.430000305175781250e+00 8.250000000000000000e+00 2.187500000000000000e+01 -4.618750000000000000e+01 8.125000000000000000e-01 -1.437500000000000000e+00 5.625000000000000000e-01
2.670000076293945312e+00 -3.980000019073486328e+00 8.470000267028808594e+00 8.250000000000000000e+00 2.187500000000000000e+01 -4.618750000000000000e+01 2.000000000000000000e+00 -1.625000000000000000e+00 1.250000000000000000e-01
2.710000038146972656e+00 -3.950000047683715820e+00 8.619999885559082031e+00 8.250000000000000000e+00 2.187500000000000000e+01 -4.618750000000000000e+01 2.750000000000000000e+00 -1.875000000000000000e+00 -3.750000000000000000e-01
2.829999923706054688e+00 -3.859999895095825195e+00 8.670000076293945312e+00 8.250000000000000000e+00 2.187500000000000000e+01 -4.618750000000000000e+01 2.250000000000000000e+00 -2.250000000000000000e+00 -5.000000000000000000e-01
2.759999990463256836e+00 -3.670000076293945312e+00 8.710000038146972656e+00 8.687500000000000000e+00 2.150000000000000000e+01 -4.500000000000000000e+01 1.375000000000000000e+00 -1.812500000000000000e+00 -3.750000000000000000e-01
2.839999914169311523e+00 -3.589999914169311523e+00 8.770000457763671875e+00 8.687500000000000000e+00 2.150000000000000000e+01 -4.500000000000000000e+01 5.625000000000000000e-01 -1.937500000000000000e+00 1.250000000000000000e-01
2.869999885559082031e+00 -3.539999961853027344e+00 8.810000419616699219e+00 8.687500000000000000e+00 2.150000000000000000e+01 -4.500000000000000000e+01 -1.312500000000000000e+00 -1.312500000000000000e+00 6.875000000000000000e-01
2.789999961853027344e+00 -3.490000009536743164e+00 8.819999694824218750e+00 8.687500000000000000e+00 2.150000000000000000e+01 -4.500000000000000000e+01 -3.437500000000000000e+00 -1.250000000000000000e+00 1.562500000000000000e+00
2.829999923706054688e+00 -3.680000066757202148e+00 8.699999809265136719e+00 8.687500000000000000e+00 2.150000000000000000e+01 -4.500000000000000000e+01 -5.812500000000000000e+00 -1.500000000000000000e+00 2.125000000000000000e+00
2.869999885559082031e+00 -3.789999961853027344e+00 8.760000228881835938e+00 8.687500000000000000e+00 2.268750000000000000e+01 -4.537500000000000000e+01 -7.500000000000000000e+00 -1.562500000000000000e+00 2.750000000000000000e+00
2.960000038146972656e+00 -3.859999895095825195e+00 8.689999580383300781e+00 8.687500000000000000e+00 2.268750000000000000e+01 -4.537500000000000000e+01 -8.375000000000000000e+00 -1.000000000000000000e+00 3.375000000000000000e+00
2.880000114440917969e+00 -3.940000057220458984e+00 8.600000381469726562e+00 8.687500000000000000e+00 2.268750000000000000e+01 -4.537500000000000000e+01 -8.937500000000000000e+00 -3.125000000000000000e-01 3.812500000000000000e+00
2.769999980926513672e+00 -3.799999952316284180e+00 8.670000076293945312e+00 8.687500000000000000e+00 2.268750000000000000e+01 -4.537500000000000000e+01 -8.625000000000000000e+00 -2.500000000000000000e-01 4.375000000000000000e+00
2.880000114440917969e+00 -3.680000066757202148e+00 8.739999771118164062e+00 8.687500000000000000e+00 2.268750000000000000e+01 -4.537500000000000000e+01 -9.312500000000000000e+00 -6.250000000000000000e-01 4.812500000000000000e+00
2.890000104904174805e+00 -3.509999990463256836e+00 8.779999732971191406e+00 8.687500000000000000e+00 2.268750000000000000e+01 -4.537500000000000000e+01 -1.112500000000000000e+01 -3.125000000000000000e-01 6.062500000000000000e+00
2.740000009536743164e+00 -3.190000057220458984e+00 8.949999809265136719e+00 8.687500000000000000e+00 2.268750000000000000e+01 -4.537500000000000000e+01 -1.312500000000000000e+01 -5.625000000000000000e-01 7.125000000000000000e+00
2.799999952316284180e+00 -3.279999971389770508e+00 8.960000038146972656e+00 8.687500000000000000e+00 2.268750000000000000e+01 -4.537500000000000000e+01 -1.368750000000000000e+01 -7.500000000000000000e-01 7.937500000000000000e+00
2.900000095367431641e+00 -3.289999961853027344e+00 8.899999618530273438e+00 8.687500000000000000e+00 2.268750000000000000e+01 -4.537500000000000000e+01 -1.400000000000000000e+01 -1.250000000000000000e-01 6.500000000000000000e+00
2.509999990463256836e+00 -3.400000095367431641e+00 8.930000305175781250e+00 8.687500000000000000e+00 2.268750000000000000e+01 -4.537500000000000000e+01 -1.687500000000000000e+01 8.750000000000000000e-01 3.062500000000000000e+00
2.619999885559082031e+00 -2.960000038146972656e+00 9.090000152587890625e+00 8.250000000000000000e+00 2.268750000000000000e+01 -4.575000000000000000e+01 -1.706250000000000000e+01 1.312500000000000000e+00 -7.500000000000000000e-01
2.500000000000000000e+00 -2.490000009536743164e+00 9.180000305175781250e+00 8.250000000000000000e+00 2.268750000000000000e+01 -4.575000000000000000e+01 -1.700000000000000000e+01 2.000000000000000000e+00 -5.125000000000000000e+00
2.470000028610229492e+00 -1.570000052452087402e+00 9.409999847412109375e+00 8.250000000000000000e+00 2.268750000000000000e+01 -4.575000000000000000e+01 -1.162500000000000000e+01 3.875000000000000000e+00 -1.325000000000000000e+01
1.720000028610229492e+00 2.899999916553497314e-01 1.027000045776367188e+01 8.250000000000000000e+00 2.268750000000000000e+01 -4.575000000000000000e+01 -4.187500000000000000e+00 6.062500000000000000e+00 -2.343750000000000000e+01
1.720000028610229492e+00 0.000000000000000000e+00 1.060000038146972656e+01 8.250000000000000000e+00 2.268750000000000000e+01 -4.575000000000000000e+01 3.250000000000000000e+00 6.812500000000000000e+00 -3.212500000000000000e+01
2.180000066757202148e+00 -6.499999761581420898e-01 1.003999996185302734e+01 8.687500000000000000e+00 2.337500000000000000e+01 -4.500000000000000000e+01 3.168750000000000000e+01 3.937500000000000000e+00 -2.968750000000000000e+01
2.349999904632568359e+00 2.529999971389770508e+00 1.061999988555908203e+01 8.687500000000000000e+00 2.337500000000000000e+01 -4.500000000000000000e+01 7.550000000000000000e+01 2.500000000000000000e-01 -2.243750000000000000e+01
3.029999971389770508e+00 5.800000190734863281e+00 1.185999965667724609e+01 8.687500000000000000e+00 2.337500000000000000e+01 -4.500000000000000000e+01 8.000000000000000000e+01 -5.375000000000000000e+00 -1.506250000000000000e+01
3.160000085830688477e+00 4.300000190734863281e+00 1.210000038146972656e+01 8.687500000000000000e+00 2.337500000000000000e+01 -4.500000000000000000e+01 4.231250000000000000e+01 -6.875000000000000000e+00 -1.037500000000000000e+01
2.890000104904174805e+00 2.299999952316284180e+00 1.155000019073486328e+01 8.687500000000000000e+00 2.337500000000000000e+01 -4.500000000000000000e+01 1.300000000000000000e+01 -1.875000000000000000e+00 -1.125000000000000000e+01
2.859999895095825195e+00 1.100000023841857910e+00 1.156000041961669922e+01 7.875000000000000000e+00 2.300000000000000000e+01 -4.656250000000000000e+01 1.212500000000000000e+01 4.562500000000000000e+00 -1.868750000000000000e+01
2.430000066757202148e+00 2.700000107288360596e-01 1.092000007629394531e+01 7.875000000000000000e+00 2.300000000000000000e+01 -4.656250000000000000e+01 1.781250000000000000e+01 1.037500000000000000e+01 -3.037500000000000000e+01
2.690000057220458984e+00 -2.999999932944774628e-02 1.050000000000000000e+01 7.875000000000000000e+00 2.300000000000000000e+01 -4.656250000000000000e+01 2.568750000000000000e+01 1.300000000000000000e+01 -3.850000000000000000e+01
2.529999971389770508e+00 -4.300000071525573730e-01 1.059000015258789062e+01 7.875000000000000000e+00 2.300000000000000000e+01 -4.656250000000000000e+01 3.100000000000000000e+01 1.556250000000000000e+01 -4.218750000000000000e+01
2.559999942779541016e+00 -2.089999914169311523e+00 1.009000015258789062e+01 7.875000000000000000e+00 2.300000000000000000e+01 -4.656250000000000000e+01 3.687500000000000000e+01 1.656250000000000000e+01 -4.175000000000000000e+01
2.559999942779541016e+00 -2.089999914169311523e+00 1.009000015258789062e+01 9.000000000000000000e+00 2.037500000000000000e+01 -4.900000000000000000e+01 4.968750000000000000e+01 1.631250000000000000e+01 -3.987500000000000000e+01
2.440000057220458984e+00 -2.589999914169311523e+00 9.970000267028808594e+00 9.000000000000000000e+00 2.037500000000000000e+01 -4.900000000000000000e+01 6.650000000000000000e+01 1.506250000000000000e+01 -3.687500000000000000e+01
2.720000028610229492e+00 -2.299999952316284180e+00 9.930000305175781250e+00 9.000000000000000000e+00 2.037500000000000000e+01 -4.900000000000000000e+01 7.750000000000000000e+01 1.381250000000000000e+01 -3.156250000000000000e+01
2.180000066757202148e+00 -1.019999980926513672e+00 1.015999984741210938e+01 9.000000000000000000e+00 2.037500000000000000e+01 -4.900000000000000000e+01 7.850000000000000000e+01 1.287500000000000000e+01 -2.143750000000000000e+01
2.170000076293945312e+00 -1.309999942779541016e+00 1.044999980926513672e+01 9.000000000000000000e+00 2.037500000000000000e+01 -4.900000000000000000e+01 7.062500000000000000e+01 8.687500000000000000e+00 -6.375000000000000000e+00
2.170000076293945312e+00 -1.309999942779541016e+00 1.044999980926513672e+01 7.375000000000000000e+00 1.937500000000000000e+01 -5.100000000000000000e+01 6.437500000000000000e+01 5.187500000000000000e+00 1.175000000000000000e+01
2.839999914169311523e+00 -3.660000085830688477e+00 1.001000022888183594e+01 7.375000000000000000e+00 1.937500000000000000e+01 -5.100000000000000000e+01 7.537500000000000000e+01 6.312500000000000000e+00 2.837500000000000000e+01
2.660000085830688477e+00 -4.019999980926513672e+00 9.090000152587890625e+00 7.375000000000000000e+00 1.937500000000000000e+01 -5.100000000000000000e+01 1.049375000000000000e+02 8.375000000000000000e+00 3.818750000000000000e+01
2.799999952316284180e+00 -3.069999933242797852e+00 8.710000038146972656e+00 7.375000000000000000e+00 1.937500000000000000e+01 -5.100000000000000000e+01 1.336250000000000000e+02 8.500000000000000000e+00 4.300000000000000000e+01
2.400000095367431641e+00 -2.289999961853027344e+00 8.319999694824218750e+00 7.375000000000000000e+00 1.937500000000000000e+01 -5.100000000000000000e+01 1.442500000000000000e+02 6.750000000000000000e+00 4.243750000000000000e+01
2.400000095367431641e+00 -2.289999961853027344e+00 8.319999694824218750e+00 7.375000000000000000e+00 1.275000000000000000e+01 -5.500000000000000000e+01 1.415625000000000000e+02 1.687500000000000000e+00 3.881250000000000000e+01
2.970000028610229492e+00 -3.839999914169311523e+00 8.380000114440917969e+00 7.375000000000000000e+00 1.275000000000000000e+01 -5.500000000000000000e+01 1.339375000000000000e+02 -1.687500000000000000e+00 3.206250000000000000e+01
2.809999942779541016e+00 -3.740000009536743164e+00 8.789999961853027344e+00 7.375000000000000000e+00 1.275000000000000000e+01 -5.500000000000000000e+01 1.267500000000000000e+02 -5.250000000000000000e+00 2.206250000000000000e+01
3.400000095367431641e+00 -4.000000000000000000e+00 9.500000000000000000e+00 7.375000000000000000e+00 1.275000000000000000e+01 -5.500000000000000000e+01 1.078750000000000000e+02 -9.687500000000000000e+00 1.087500000000000000e+01
3.359999895095825195e+00 -7.090000152587890625e+00 8.779999732971191406e+00 7.375000000000000000e+00 1.275000000000000000e+01 -5.500000000000000000e+01 8.356250000000000000e+01 -1.156250000000000000e+01 -5.000000000000000000e-01
3.359999895095825195e+00 -7.090000152587890625e+00 8.779999732971191406e+00 8.562500000000000000e+00 1.750000000000000000e+00 -5.818750000000000000e+01 7.556250000000000000e+01 -1.087500000000000000e+01 -1.150000000000000000e+01
3.740000009536743164e+00 -7.360000133514404297e+00 8.890000343322753906e+00 8.562500000000000000e+00 1.750000000000000000e+00 -5.818750000000000000e+01 6.775000000000000000e+01 -1.131250000000000000e+01 -1.737500000000000000e+01
3.619999885559082031e+00 -7.090000152587890625e+00 8.729999542236328125e+00 8.562500000000000000e+00 1.750000000000000000e+00 -5.818750000000000000e+01 5.281250000000000000e+01 -1.412500000000000000e+01 -1.743750000000000000e+01
4.099999904632568359e+00 -6.989999771118164062e+00 8.590000152587890625e+00 8.562500000000000000e+00 1.750000000000000000e+00 -5.818750000000000000e+01 2.718750000000000000e+01 -1.812500000000000000e+01 -1.081250000000000000e+01
4.179999828338623047e+00 -7.730000019073486328e+00 8.250000000000000000e+00 8.562500000000000000e+00 1.750000000000000000e+00 -5.818750000000000000e+01 -5.625000000000000000e+00 -2.237500000000000000e+01 -5.000000000000000000e-01
4.179999828338623047e+00 -7.730000019073486328e+00 8.250000000000000000e+00 9.750000000000000000e+00 -9.062500000000000000e+00 -6.206250000000000000e+01 -3.156250000000000000e+01 -2.575000000000000000e+01 1.243750000000000000e+01
3.549999952316284180e+00 -1.023999977111816406e+01 7.420000076293945312e+00 9.750000000000000000e+00 -9.062500000000000000e+00 -6.206250000000000000e+01 -4.668750000000000000e+01 -2.925000000000000000e+01 2.437500000000000000e+01
3.420000076293945312e+00 -1.123999977111816406e+01 7.489999771118164062e+00 9.750000000000000000e+00 -9.062500000000000000e+00 -6.206250000000000000e+01 -4.843750000000000000e+01 -3.168750000000000000e+01 3.412500000000000000e+01
3.390000104904174805e+00 -1.138000011444091797e+01 7.519999980926513672e+00 9.750000000000000000e+00 -9.062500000000000000e+00 -6.206250000000000000e+01 -4.250000000000000000e+01 -3.268750000000000000e+01 3.856250000000000000e+01
3.549999952316284180e+00 -1.069999980926513672e+01 7.599999904632568359e+00 9.750000000000000000e+00 -9.062500000000000000e+00 -6.206250000000000000e+01 -2.956250000000000000e+01 -3.050000000000000000e+01 4.006250000000000000e+01
3.109999895095825195e+00 -8.619999885559082031e+00 7.599999904632568359e+00 1.075000000000000000e+01 -1.487500000000000000e+01 -6.368750000000000000e+01 -2.287500000000000000e+01 -2.456250000000000000e+01 4.218750000000000000e+01
2.700000047683715820e+00 -7.500000000000000000e+00 7.530000209808349609e+00 1.075000000000000000e+01 -1.487500000000000000e+01 -6.368750000000000000e+01 -2.387500000000000000e+01 -1.775000000000000000e+01 4.293750000000000000e+01
2.480000019073486328e+00 -6.519999980926513672e+00 7.400000095367431641e+00 1.075000000000000000e+01 -1.487500000000000000e+01 -6.368750000000000000e+01 -3.206250000000000000e+01 -1.187500000000000000e+01 4.106250000000000000e+01
2.250000000000000000e+00 -5.829999923706054688e+00 7.369999885559082031e+00 1.075000000000000000e+01 -1.487500000000000000e+01 -6.368750000000000000e+01 -4.675000000000000000e+01 -8.187500000000000000e+00 3.756250000000000000e+01
2.109999895095825195e+00 -5.210000038146972656e+00 7.380000114440917969e+00 1.075000000000000000e+01 -1.487500000000000000e+01 -6.368750000000000000e+01 -6.331250000000000000e+01 -5.937500000000000000e+00 3.268750000000000000e+01
2.160000085830688477e+00 -5.289999961853027344e+00 7.420000076293945312e+00 8.500000000000000000e+00 -1.256250000000000000e+01 -6.256250000000000000e+01 -7.793750000000000000e+01 -3.812500000000000000e+00 2.693750000000000000e+01
2.279999971389770508e+00 -5.380000114440917969e+00 7.440000057220458984e+00 8.500000000000000000e+00 -1.256250000000000000e+01 -6.256250000000000000e+01 -8.656250000000000000e+01 -1.625000000000000000e+00 2.106250000000000000e+01
2.279999971389770508e+00 -5.380000114440917969e+00 7.440000057220458984e+00 8.500000000000000000e+00 -1.256250000000000000e+01 -6.256250000000000000e+01 -8.893750000000000000e+01 5.000000000000000000e-01 1.531250000000000000e+01
2.359999895095825195e+00 -5.480000019073486328e+00 7.750000000000000000e+00 8.500000000000000000e+00 -1.256250000000000000e+01 -6.256250000000000000e+01 -8.750000000000000000e+01 2.312500000000000000e+00 1.056250000000000000e+01
2.460000038146972656e+00 -5.340000152587890625e+00 7.960000038146972656e+00 8.500000000000000000e+00 -1.256250000000000000e+01 -6.256250000000000000e+01 -8.487500000000000000e+01 3.687500000000000000e+00 8.312500000000000000e+00
2.470000028610229492e+00 -5.070000171661376953e+00 8.199999809265136719e+00 8.062500000000000000e+00 -6.875000000000000000e+00 -6.087500000000000000e+01 -8.312500000000000000e+01 4.812500000000000000e+00 8.312500000000000000e+00
2.490000009536743164e+00 -4.869999885559082031e+00 8.329999923706054688e+00 8.062500000000000000e+00 -6.875000000000000000e+00 -6.087500000000000000e+01 -8.225000000000000000e+01 5.625000000000000000e+00 9.375000000000000000e+00
2.900000095367431641e+00 -5.010000228881835938e+00 8.510000228881835938e+00 8.062500000000000000e+00 -6.875000000000000000e+00 -6.087500000000000000e+01 -7.975000000000000000e+01 8.187500000000000000e+00 1.081250000000000000e+01
3.140000104904174805e+00 -5.110000133514404297e+00 8.479999542236328125e+00 8.062500000000000000e+00 -6.875000000000000000e+00 -6.087500000000000000e+01 -7.587500000000000000e+01 1.193750000000000000e+01 1.187500000000000000e+01
3.009999990463256836e+00 -4.829999923706054688e+00 8.449999809265136719e+00 8.062500000000000000e+00 -6.875000000000000000e+00 -6.087500000000000000e+01 -7.325000000000000000e+01 1.350000000000000000e+01 1.337500000000000000e+01
2.720000028610229492e+00 -4.099999904632568359e+00 8.380000114440917969e+00 6.875000000000000000e+00 3.187500000000000000e+00 -6.056250000000000000e+01 -7.687500000000000000e+01 1.225000000000000000e+01 1.550000000000000000e+01
2.460000038146972656e+00 -3.369999885559082031e+00 8.369999885559082031e+00 6.875000000000000000e+00 3.187500000000000000e+00 -6.056250000000000000e+01 -8.187500000000000000e+01 8.812500000000000000e+00 1.656250000000000000e+01
2.509999990463256836e+00 -3.630000114440917969e+00 8.369999885559082031e+00 6.875000000000000000e+00 3.187500000000000000e+00 -6.056250000000000000e+01 -8.212500000000000000e+01 4.562500000000000000e+00 1.593750000000000000e+01
