2.809999942779541016e+00 -3.980000019073486328e+00 8.510000228881835938e+00 1.237500000000000000e+01 2.700000000000000000e+01 -4.687500000000000000e+01 3.750000000000000000e-01 1.875000000000000000e-01 -1.875000000000000000e-01
2.809999942779541016e+00 -3.970000028610229492e+00 8.489999771118164062e+00 1.237500000000000000e+01 2.700000000000000000e+01 -4.687500000000000000e+01 3.750000000000000000e-01 1.250000000000000000e-01 0.000000000000000000e+00
2.809999942779541016e+00 -3.980000019073486328e+00 8.439999580383300781e+00 1.237500000000000000e+01 2.700000000000000000e+01 -4.687500000000000000e+01 2.500000000000000000e-01 1.250000000000000000e-01 -6.250000000000000000e-02
2.809999942779541016e+00 -3.980000019073486328e+00 8.479999542236328125e+00 1.237500000000000000e+01 2.700000000000000000e+01 -4.687500000000000000e+01 3.750000000000000000e-01 1.875000000000000000e-01 6.250000000000000000e-02
2.809999942779541016e+00 -3.960000038146972656e+00 8.470000267028808594e+00 1.237500000000000000e+01 2.700000000000000000e+01 -4.687500000000000000e+01 3.750000000000000000e-01 2.500000000000000000e-01 -6.250000000000000000e-02
2.809999942779541016e+00 -3.960000038146972656e+00 8.460000038146972656e+00 1.237500000000000000e+01 2.656250000000000000e+01 -4.687500000000000000e+01 1.875000000000000000e-01 1.250000000000000000e-01 -1.250000000000000000e-01
2.809999942779541016e+00 -3.980000019073486328e+00 8.460000038146972656e+00 1.237500000000000000e+01 2.656250000000000000e+01 -4.687500000000000000e+01 3.125000000000000000e-01 3.125000000000000000e-01 -1.875000000000000000e-01
2.819999933242797852e+00 -3.990000009536743164e+00 8.449999809265136719e+00 1.237500000000000000e+01 2.656250000000000000e+01 -4.687500000000000000e+01 3.750000000000000000e-01 6.250000000000000000e-02 -6.250000000000000000e-02
2.809999942779541016e+00 -3.950000047683715820e+00 8.470000267028808594e+00 1.237500000000000000e+01 2.656250000000000000e+01 -4.687500000000000000e+01 5.000000000000000000e-01 -6.250000000000000000e-02 -1.250000000000000000e-01
2.819999933242797852e+00 -3.960000038146972656e+00 8.460000038146972656e+00 1.237500000000000000e+01 2.656250000000000000e+01 -4.687500000000000000e+01 4.375000000000000000e-01 6.250000000000000000e-02 -2.500000000000000000e-01
2.789999961853027344e+00 -3.950000047683715820e+00 8.470000267028808594e+00 1.275000000000000000e+01 2.656250000000000000e+01 -4.768750000000000000e+01 1.875000000000000000e-01 -2.500000000000000000e-01 -1.875000000000000000e-01
2.829999923706054688e+00 -3.960000038146972656e+00 8.489999771118164062e+00 1.275000000000000000e+01 2.656250000000000000e+01 -4.768750000000000000e+01 1.875000000000000000e-01 -1.875000000000000000e-01 -1.250000000000000000e-01
2.809999942779541016e+00 -3.960000038146972656e+00 8.470000267028808594e+00 1.275000000000000000e+01 2.656250000000000000e+01 -4.768750000000000000e+01 6.250000000000000000e-02 -1.875000000000000000e-01 -6.250000000000000000e-02
2.809999942779541016e+00 -3.960000038146972656e+00 8.510000228881835938e+00 1.275000000000000000e+01 2.656250000000000000e+01 -4.768750000000000000e+01 0.000000000000000000e+00 -1.875000000000000000e-01 -1.875000000000000000e-01
2.819999933242797852e+00 -3.970000028610229492e+00 8.489999771118164062e+00 1.275000000000000000e+01 2.656250000000000000e+01 -4.768750000000000000e+01 -6.250000000000000000e-02 -5.625000000000000000e-01 -1.875000000000000000e-01
2.839999914169311523e+00 -4.000000000000000000e+00 8.470000267028808594e+00 1.237500000000000000e+01 2.700000000000000000e+01 -4.568750000000000000e+01 0.000000000000000000e+00 -3.125000000000000000e-01 6.250000000000000000e-02
2.809999942779541016e+00 -3.950000047683715820e+00 8.489999771118164062e+00 1.237500000000000000e+01 2.700000000000000000e+01 -4.568750000000000000e+01 -1.250000000000000000e-01 -3.125000000000000000e-01 -1.875000000000000000e-01
2.829999923706054688e+00 -3.940000057220458984e+00 8.479999542236328125e+00 1.237500000000000000e+01 2.700000000000000000e+01 -4.568750000000000000e+01 -1.250000000000000000e-01 -3.750000000000000000e-01 -1.250000000000000000e-01
2.769999980926513672e+00 -3.910000085830688477e+00 8.500000000000000000e+00 1.237500000000000000e+01 2.700000000000000000e+01 -4.568750000000000000e+01 -2.500000000000000000e-01 -7.500000000000000000e-01 -1.250000000000000000e-01
2.759999990463256836e+00 -3.900000095367431641e+00 8.529999732971191406e+00 1.237500000000000000e+01 2.700000000000000000e+01 -4.568750000000000000e+01 -6.875000000000000000e-01 -1.000000000000000000e+00 1.250000000000000000e-01
2.750000000000000000e+00 -3.849999904632568359e+00 8.529999732971191406e+00 1.237500000000000000e+01 2.656250000000000000e+01 -4.568750000000000000e+01 -1.562500000000000000e+00 -1.937500000000000000e+00 5.000000000000000000e-01
2.710000038146972656e+00 -3.710000038146972656e+00 8.579999923706054688e+00 1.237500000000000000e+01 2.656250000000000000e+01 -4.568750000000000000e+01 -3.000000000000000000e+00 -2.625000000000000000e+00 7.500000000000000000e-01
2.720000028610229492e+00 -3.809999942779541016e+00 8.449999809265136719e+00 1.237500000000000000e+01 2.656250000000000000e+01 -4.568750000000000000e+01 -4.375000000000000000e+00 -3.187500000000000000e+00 6.250000000000000000e-01
2.779999971389770508e+00 -4.000000000000000000e+00 8.289999961853027344e+00 1.237500000000000000e+01 2.656250000000000000e+01 -4.568750000000000000e+01 -4.000000000000000000e+00 -3.062500000000000000e+00 4.375000000000000000e-01
2.769999980926513672e+00 -4.199999809265136719e+00 8.180000305175781250e+00 1.237500000000000000e+01 2.656250000000000000e+01 -4.568750000000000000e+01 -4.000000000000000000e+00 -3.062500000000000000e+00 4.375000000000000000e-01
2.910000085830688477e+00 -4.489999771118164062e+00 8.239999771118164062e+00 1.237500000000000000e+01 2.700000000000000000e+01 -4.687500000000000000e+01 -1.250000000000000000e+00 -2.375000000000000000e+00 -7.500000000000000000e-01
2.980000019073486328e+00 -4.309999942779541016e+00 8.510000228881835938e+00 1.237500000000000000e+01 2.700000000000000000e+01 -4.687500000000000000e+01 4.250000000000000000e+00 -1.375000000000000000e+00 -2.062500000000000000e+00
2.730000019073486328e+00 -3.950000047683715820e+00 8.600000381469726562e+00 1.237500000000000000e+01 2.700000000000000000e+01 -4.687500000000000000e+01 5.187500000000000000e+00 -1.437500000000000000e+00 -2.187500000000000000e+00
2.539999961853027344e+00 -3.640000104904174805e+00 8.710000038146972656e+00 1.237500000000000000e+01 2.700000000000000000e+01 -4.687500000000000000e+01 1.062500000000000000e+00 -5.687500000000000000e+00 -2.750000000000000000e+00
2.849999904632568359e+00 -3.920000076293945312e+00 8.770000457763671875e+00 1.237500000000000000e+01 2.700000000000000000e+01 -4.687500000000000000e+01 1.062500000000000000e+00 -5.687500000000000000e+00 -2.750000000000000000e+00
3.160000085830688477e+00 -4.170000076293945312e+00 8.949999809265136719e+00 1.175000000000000000e+01 2.737500000000000000e+01 -4.568750000000000000e+01 -3.125000000000000000e-01 -9.187500000000000000e+00 -2.812500000000000000e+00
3.299999952316284180e+00 -4.489999771118164062e+00 8.479999542236328125e+00 1.175000000000000000e+01 2.737500000000000000e+01 -4.568750000000000000e+01 5.750000000000000000e+00 -4.062500000000000000e+00 -4.125000000000000000e+00
3.160000085830688477e+00 -4.550000190734863281e+00 8.439999580383300781e+00 1.175000000000000000e+01 2.737500000000000000e+01 -4.568750000000000000e+01 1.031250000000000000e+01 -2.437500000000000000e+00 -4.812500000000000000e+00
2.950000047683715820e+00 -4.090000152587890625e+00 9.220000267028808594e+00 1.175000000000000000e+01 2.737500000000000000e+01 -4.568750000000000000e+01 1.156250000000000000e+01 -3.562500000000000000e+00 -6.000000000000000000e+00
2.819999933242797852e+00 -4.179999828338623047e+00 9.100000381469726562e+00 1.175000000000000000e+01 2.737500000000000000e+01 -4.568750000000000000e+01 1.156250000000000000e+01 -3.562500000000000000e+00 -6.000000000000000000e+00
3.470000028610229492e+00 -4.710000038146972656e+00 7.909999847412109375e+00 1.175000000000000000e+01 2.656250000000000000e+01 -4.606250000000000000e+01 9.062500000000000000e+00 -3.312500000000000000e+00 -9.312500000000000000e+00
3.549999952316284180e+00 -5.920000076293945312e+00 8.670000076293945312e+00 1.175000000000000000e+01 2.656250000000000000e+01 -4.606250000000000000e+01 1.275000000000000000e+01 2.500000000000000000e+00 -1.712500000000000000e+01
3.819999933242797852e+00 -6.090000152587890625e+00 8.720000267028808594e+00 1.175000000000000000e+01 2.656250000000000000e+01 -4.606250000000000000e+01 3.031250000000000000e+01 1.131250000000000000e+01 -2.131250000000000000e+01
4.050000190734863281e+00 -6.260000228881835938e+00 8.489999771118164062e+00 1.175000000000000000e+01 2.656250000000000000e+01 -4.606250000000000000e+01 5.150000000000000000e+01 2.125000000000000000e+01 -2.237500000000000000e+01
4.519999980926513672e+00 -6.079999923706054688e+00 8.510000228881835938e+00 1.175000000000000000e+01 2.656250000000000000e+01 -4.606250000000000000e+01 5.150000000000000000e+01 2.125000000000000000e+01 -2.237500000000000000e+01
4.170000076293945312e+00 -5.400000095367431641e+00 9.229999542236328125e+00 1.175000000000000000e+01 2.587500000000000000e+01 -4.568750000000000000e+01 7.075000000000000000e+01 2.893750000000000000e+01 -1.893750000000000000e+01
3.849999904632568359e+00 -4.300000190734863281e+00 9.029999732971191406e+00 1.175000000000000000e+01 2.587500000000000000e+01 -4.568750000000000000e+01 1.097500000000000000e+02 4.737500000000000000e+01 -7.937500000000000000e+00
3.339999914169311523e+00 -3.140000104904174805e+00 9.109999656677246094e+00 1.175000000000000000e+01 2.587500000000000000e+01 -4.568750000000000000e+01 1.153750000000000000e+02 5.350000000000000000e+01 -2.312500000000000000e+00
2.329999923706054688e+00 -1.600000023841857910e+00 8.619999885559082031e+00 1.175000000000000000e+01 2.587500000000000000e+01 -4.568750000000000000e+01 1.066250000000000000e+02 5.212500000000000000e+01 1.562500000000000000e+00
1.919999957084655762e+00 -1.250000000000000000e+00 9.149999618530273438e+00 1.175000000000000000e+01 2.587500000000000000e+01 -4.568750000000000000e+01 1.066250000000000000e+02 5.212500000000000000e+01 1.562500000000000000e+00
2.059999942779541016e+00 -1.639999985694885254e+00 1.039000034332275391e+01 1.237500000000000000e+01 2.368750000000000000e+01 -4.606250000000000000e+01 8.906250000000000000e+01 4.100000000000000000e+01 4.125000000000000000e+00
2.789999961853027344e+00 -3.160000085830688477e+00 9.649999618530273438e+00 1.237500000000000000e+01 2.368750000000000000e+01 -4.606250000000000000e+01 6.500000000000000000e+01 2.456250000000000000e+01 1.375000000000000000e+00
3.299999952316284180e+00 -5.300000190734863281e+00 9.399999618530273438e+00 1.237500000000000000e+01 2.368750000000000000e+01 -4.606250000000000000e+01 8.406250000000000000e+01 2.950000000000000000e+01 1.875000000000000000e-01
3.450000047683715820e+00 -5.519999980926513672e+00 9.189999580383300781e+00 1.237500000000000000e+01 2.368750000000000000e+01 -4.606250000000000000e+01 1.111250000000000000e+02 4.106250000000000000e+01 -3.437500000000000000e+00
3.650000095367431641e+00 -5.170000076293945312e+00 8.180000305175781250e+00 1.237500000000000000e+01 2.368750000000000000e+01 -4.606250000000000000e+01 1.111250000000000000e+02 4.106250000000000000e+01 -3.437500000000000000e+00
2.769999980926513672e+00 -4.340000152587890625e+00 8.420000076293945312e+00 1.356250000000000000e+01 2.000000000000000000e+01 -4.887500000000000000e+01 1.394375000000000000e+02 5.556250000000000000e+01 -5.625000000000000000e+00
1.820000052452087402e+00 -1.700000047683715820e+00 8.439999580383300781e+00 1.356250000000000000e+01 2.000000000000000000e+01 -4.887500000000000000e+01 1.602500000000000000e+02 6.612500000000000000e+01 -8.750000000000000000e+00
1.509999990463256836e+00 -5.600000023841857910e-01 8.340000152587890625e+00 1.356250000000000000e+01 2.000000000000000000e+01 -4.887500000000000000e+01 1.442500000000000000e+02 6.075000000000000000e+01 -7.500000000000000000e+00
1.009999990463256836e+00 6.700000166893005371e-01 9.020000457763671875e+00 1.356250000000000000e+01 2.000000000000000000e+01 -4.887500000000000000e+01 1.168750000000000000e+02 4.612500000000000000e+01 -6.875000000000000000e+00
1.210000038146972656e+00 6.999999880790710449e-01 8.510000228881835938e+00 1.356250000000000000e+01 2.000000000000000000e+01 -4.887500000000000000e+01 1.168750000000000000e+02 4.612500000000000000e+01 -6.875000000000000000e+00
1.370000004768371582e+00 6.000000238418579102e-01 8.489999771118164062e+00 1.506250000000000000e+01 1.475000000000000000e+01 -4.806250000000000000e+01 9.375000000000000000e+01 3.693750000000000000e+01 -7.375000000000000000e+00
1.240000009536743164e+00 4.900000095367431641e-01 9.199999809265136719e+00 1.506250000000000000e+01 1.475000000000000000e+01 -4.806250000000000000e+01 7.350000000000000000e+01 2.943750000000000000e+01 -3.812500000000000000e+00
1.440000057220458984e+00 4.600000083446502686e-01 8.829999923706054688e+00 1.506250000000000000e+01 1.475000000000000000e+01 -4.806250000000000000e+01 6.562500000000000000e+01 3.043750000000000000e+01 -2.625000000000000000e+00
1.029999971389770508e+00 2.199999988079071045e-01 9.189999580383300781e+00 1.506250000000000000e+01 1.475000000000000000e+01 -4.806250000000000000e+01 5.937500000000000000e+01 2.725000000000000000e+01 -6.875000000000000000e-01
1.440000057220458984e+00 3.700000047683715820e-01 9.390000343322753906e+00 1.506250000000000000e+01 1.475000000000000000e+01 -4.806250000000000000e+01 5.937500000000000000e+01 2.725000000000000000e+01 -6.875000000000000000e-01
1.710000038146972656e+00 2.099999934434890747e-01 9.260000228881835938e+00 1.537500000000000000e+01 1.068750000000000000e+01 -4.806250000000000000e+01 5.112500000000000000e+01 2.468750000000000000e+01 7.500000000000000000e-01
1.590000033378601074e+00 -1.000000014901161194e-01 9.359999656677246094e+00 1.537500000000000000e+01 1.068750000000000000e+01 -4.806250000000000000e+01 4.268750000000000000e+01 2.368750000000000000e+01 2.812500000000000000e+00
1.600000023841857910e+00 -4.199999868869781494e-01 9.449999809265136719e+00 1.537500000000000000e+01 1.068750000000000000e+01 -4.806250000000000000e+01 4.156250000000000000e+01 2.375000000000000000e+01 2.437500000000000000e+00
1.629999995231628418e+00 -6.800000071525573730e-01 9.500000000000000000e+00 1.537500000000000000e+01 1.068750000000000000e+01 -4.806250000000000000e+01 4.125000000000000000e+01 2.412500000000000000e+01 2.312500000000000000e+00
1.679999947547912598e+00 -6.999999880790710449e-01 9.569999694824218750e+00 1.537500000000000000e+01 1.068750000000000000e+01 -4.806250000000000000e+01 4.125000000000000000e+01 2.412500000000000000e+01 2.312500000000000000e+00
1.490000009536743164e+00 -4.699999988079071045e-01 9.720000267028808594e+00 1.768750000000000000e+01 7.250000000000000000e+00 -4.850000000000000000e+01 4.331250000000000000e+01 2.506250000000000000e+01 2.250000000000000000e+00
1.440000057220458984e+00 -5.799999833106994629e-01 9.739999771118164062e+00 1.768750000000000000e+01 7.250000000000000000e+00 -4.850000000000000000e+01 4.618750000000000000e+01 2.443750000000000000e+01 -4.375000000000000000e-01
1.580000042915344238e+00 -7.300000190734863281e-01 9.850000381469726562e+00 1.768750000000000000e+01 7.250000000000000000e+00 -4.850000000000000000e+01 4.831250000000000000e+01 2.425000000000000000e+01 -1.000000000000000000e+00
1.940000057220458984e+00 -1.000000000000000000e+00 9.909999847412109375e+00 1.768750000000000000e+01 7.250000000000000000e+00 -4.850000000000000000e+01 5.425000000000000000e+01 2.731250000000000000e+01 -3.750000000000000000e-01
2.140000104904174805e+00 -1.070000052452087402e+00 9.729999542236328125e+00 1.768750000000000000e+01 7.250000000000000000e+00 -4.850000000000000000e+01 5.425000000000000000e+01 2.731250000000000000e+01 -3.750000000000000000e-01
1.850000023841857910e+00 -6.600000262260437012e-01 9.630000114440917969e+00 1.737500000000000000e+01 5.687500000000000000e+00 -4.887500000000000000e+01 6.243750000000000000e+01 3.406250000000000000e+01 1.000000000000000000e+00
1.450000047683715820e+00 -2.399999946355819702e-01 9.600000381469726562e+00 1.737500000000000000e+01 5.687500000000000000e+00 -4.887500000000000000e+01 7.175000000000000000e+01 4.043750000000000000e+01 2.562500000000000000e+00
9.499999880790710449e-01 5.000000074505805969e-02 9.260000228881835938e+00 1.737500000000000000e+01 5.687500000000000000e+00 -4.887500000000000000e+01 7.306250000000000000e+01 4.025000000000000000e+01 1.437500000000000000e+00
8.100000023841857910e-01 7.999999821186065674e-02 9.170000076293945312e+00 1.737500000000000000e+01 5.687500000000000000e+00 -4.887500000000000000e+01 7.437500000000000000e+01 3.900000000000000000e+01 6.250000000000000000e-02
7.500000000000000000e-01 2.399999946355819702e-01 9.199999809265136719e+00 1.737500000000000000e+01 5.687500000000000000e+00 -4.887500000000000000e+01 7.437500000000000000e+01 3.900000000000000000e+01 6.250000000000000000e-02
7.099999785423278809e-01 6.299999952316284180e-01 9.279999732971191406e+00 1.887500000000000000e+01 3.500000000000000000e+00 -4.768750000000000000e+01 7.643750000000000000e+01 3.800000000000000000e+01 -8.125000000000000000e-01
5.099999904632568359e-01 1.399999976158142090e+00 9.340000152587890625e+00 1.887500000000000000e+01 3.500000000000000000e+00 -4.768750000000000000e+01 7.631250000000000000e+01 3.512500000000000000e+01 -1.937500000000000000e+00
4.000000059604644775e-01 1.529999971389770508e+00 9.310000419616699219e+00 1.887500000000000000e+01 3.500000000000000000e+00 -4.768750000000000000e+01 7.150000000000000000e+01 3.212500000000000000e+01 -2.812500000000000000e+00
5.000000000000000000e-01 1.429999947547912598e+00 9.420000076293945312e+00 1.887500000000000000e+01 3.500000000000000000e+00 -4.768750000000000000e+01 6.587500000000000000e+01 2.843750000000000000e+01 -2.500000000000000000e+00
7.300000190734863281e-01 1.269999980926513672e+00 9.449999809265136719e+00 1.887500000000000000e+01 3.500000000000000000e+00 -4.768750000000000000e+01 6.587500000000000000e+01 2.843750000000000000e+01 -2.500000000000000000e+00
9.900000095367431641e-01 1.259999990463256836e+00 9.390000343322753906e+00 2.068750000000000000e+01 8.750000000000000000e-01 -4.768750000000000000e+01 6.493750000000000000e+01 2.831250000000000000e+01 -1.625000000000000000e+00
8.799999952316284180e-01 1.350000023841857910e+00 9.619999885559082031e+00 2.068750000000000000e+01 8.750000000000000000e-01 -4.768750000000000000e+01 6.675000000000000000e+01 3.281250000000000000e+01 3.125000000000000000e-01
8.399999737739562988e-01 1.500000000000000000e+00 9.460000038146972656e+00 2.068750000000000000e+01 8.750000000000000000e-01 -4.768750000000000000e+01 6.787500000000000000e+01 3.500000000000000000e+01 2.125000000000000000e+00
5.099999904632568359e-01 1.750000000000000000e+00 9.029999732971191406e+00 2.068750000000000000e+01 8.750000000000000000e-01 -4.768750000000000000e+01 6.812500000000000000e+01 3.625000000000000000e+01 4.937500000000000000e+00
2.599999904632568359e-01 2.150000095367431641e+00 9.069999694824218750e+00 2.068750000000000000e+01 8.750000000000000000e-01 -4.768750000000000000e+01 6.812500000000000000e+01 3.625000000000000000e+01 4.937500000000000000e+00
1.700000017881393433e-01 2.309999942779541016e+00 9.130000114440917969e+00 2.106250000000000000e+01 -3.187500000000000000e+00 -4.687500000000000000e+01 6.687500000000000000e+01 3.568750000000000000e+01 8.375000000000000000e+00
5.999999865889549255e-02 2.529999971389770508e+00 9.220000267028808594e+00 2.106250000000000000e+01 -3.187500000000000000e+00 -4.687500000000000000e+01 6.031250000000000000e+01 3.118750000000000000e+01 1.100000000000000000e+01
-3.100000023841857910e-01 2.890000104904174805e+00 8.960000038146972656e+00 2.106250000000000000e+01 -3.187500000000000000e+00 -4.687500000000000000e+01 5.856250000000000000e+01 2.781250000000000000e+01 1.175000000000000000e+01
-4.099999964237213135e-01 3.119999885559082031e+00 8.989999771118164062e+00 2.106250000000000000e+01 -3.187500000000000000e+00 -4.687500000000000000e+01 5.431250000000000000e+01 2.337500000000000000e+01 1.156250000000000000e+01
-2.599999904632568359e-01 3.309999942779541016e+00 9.439999580383300781e+00 2.106250000000000000e+01 -3.187500000000000000e+00 -4.687500000000000000e+01 5.431250000000000000e+01 2.337500000000000000e+01 1.156250000000000000e+01
5.999999865889549255e-02 3.170000076293945312e+00 9.420000076293945312e+00 2.218750000000000000e+01 -5.062500000000000000e+00 -4.650000000000000000e+01 4.462500000000000000e+01 1.825000000000000000e+01 1.131250000000000000e+01
3.700000047683715820e-01 2.549999952316284180e+00 9.210000038146972656e+00 2.218750000000000000e+01 -5.062500000000000000e+00 -4.650000000000000000e+01 3.712500000000000000e+01 1.775000000000000000e+01 9.312500000000000000e+00
2.399999946355819702e-01 2.369999885559082031e+00 9.189999580383300781e+00 2.218750000000000000e+01 -5.062500000000000000e+00 -4.650000000000000000e+01 3.906250000000000000e+01 2.156250000000000000e+01 1.000000000000000000e+01
1.500000059604644775e-01 2.549999952316284180e+00 9.220000267028808594e+00 2.218750000000000000e+01 -5.062500000000000000e+00 -4.650000000000000000e+01 3.906250000000000000e+01 2.156250000000000000e+01 1.000000000000000000e+01
-2.000000029802322388e-01 2.920000076293945312e+00 9.020000457763671875e+00 2.218750000000000000e+01 -5.062500000000000000e+00 -4.650000000000000000e+01 4.150000000000000000e+01 2.356250000000000000e+01 1.093750000000000000e+01
-3.499999940395355225e-01 3.119999885559082031e+00 9.119999885559082031e+00 2.368750000000000000e+01 -7.250000000000000000e+00 -4.525000000000000000e+01 4.181250000000000000e+01 2.350000000000000000e+01 1.137500000000000000e+01
-3.499999940395355225e-01 3.279999971389770508e+00 9.090000152587890625e+00 2.368750000000000000e+01 -7.250000000000000000e+00 -4.525000000000000000e+01 3.918750000000000000e+01 2.037500000000000000e+01 1.250000000000000000e+01
-3.899999856948852539e-01 3.289999961853027344e+00 9.000000000000000000e+00 2.368750000000000000e+01 -7.250000000000000000e+00 -4.525000000000000000e+01 3.512500000000000000e+01 1.675000000000000000e+01 1.181250000000000000e+01
-3.100000023841857910e-01 3.549999952316284180e+00 9.119999885559082031e+00 2.368750000000000000e+01 -7.250000000000000000e+00 -4.525000000000000000e+01 3.112500000000000000e+01 1.412500000000000000e+01 9.875000000000000000e+00
-3.899999856948852539e-01 3.630000114440917969e+00 9.119999885559082031e+00 2.368750000000000000e+01 -7.250000000000000000e+00 -4.525000000000000000e+01 2.675000000000000000e+01 1.143750000000000000e+01 9.437500000000000000e+00
