2.970000028610229492e+00 -4.019999980926513672e+00 8.399999618530273438e+00 1.050000000000000000e+01 2.700000000000000000e+01 -4.700000000000000000e+01 -1.250000000000000000e-01 -6.250000000000000000e-02 -6.250000000000000000e-02
2.940000057220458984e+00 -4.019999980926513672e+00 8.380000114440917969e+00 1.050000000000000000e+01 2.700000000000000000e+01 -4.700000000000000000e+01 1.250000000000000000e-01 6.250000000000000000e-02 0.000000000000000000e+00
2.960000038146972656e+00 -4.019999980926513672e+00 8.350000381469726562e+00 1.050000000000000000e+01 2.700000000000000000e+01 -4.700000000000000000e+01 1.875000000000000000e-01 0.000000000000000000e+00 0.000000000000000000e+00
2.980000019073486328e+00 -4.000000000000000000e+00 8.380000114440917969e+00 1.050000000000000000e+01 2.700000000000000000e+01 -4.700000000000000000e+01 3.125000000000000000e-01 -1.875000000000000000e-01 -6.250000000000000000e-02
2.980000019073486328e+00 -4.010000228881835938e+00 8.420000076293945312e+00 1.050000000000000000e+01 2.700000000000000000e+01 -4.700000000000000000e+01 3.125000000000000000e-01 -3.750000000000000000e-01 0.000000000000000000e+00
3.000000000000000000e+00 -4.019999980926513672e+00 8.399999618530273438e+00 1.087500000000000000e+01 2.737500000000000000e+01 -4.618750000000000000e+01 5.000000000000000000e-01 -3.125000000000000000e-01 0.000000000000000000e+00
2.980000019073486328e+00 -4.000000000000000000e+00 8.409999847412109375e+00 1.087500000000000000e+01 2.737500000000000000e+01 -4.618750000000000000e+01 5.625000000000000000e-01 -3.750000000000000000e-01 -1.250000000000000000e-01
2.970000028610229492e+00 -4.000000000000000000e+00 8.399999618530273438e+00 1.087500000000000000e+01 2.737500000000000000e+01 -4.618750000000000000e+01 4.375000000000000000e-01 -4.375000000000000000e-01 0.000000000000000000e+00
2.970000028610229492e+00 -4.010000228881835938e+00 8.390000343322753906e+00 1.087500000000000000e+01 2.737500000000000000e+01 -4.618750000000000000e+01 5.000000000000000000e-01 -1.875000000000000000e-01 -6.250000000000000000e-02
2.990000009536743164e+00 -4.010000228881835938e+00 8.390000343322753906e+00 1.087500000000000000e+01 2.737500000000000000e+01 -4.618750000000000000e+01 7.500000000000000000e-01 -2.500000000000000000e-01 -1.250000000000000000e-01
3.019999980926513672e+00 -4.019999980926513672e+00 8.430000305175781250e+00 1.156250000000000000e+01 2.656250000000000000e+01 -4.656250000000000000e+01 1.000000000000000000e+00 -5.000000000000000000e-01 6.250000000000000000e-02
2.990000009536743164e+00 -3.980000019073486328e+00 8.430000305175781250e+00 1.156250000000000000e+01 2.656250000000000000e+01 -4.656250000000000000e+01 1.062500000000000000e+00 -1.250000000000000000e-01 -6.250000000000000000e-02
3.009999990463256836e+00 -4.039999961853027344e+00 8.390000343322753906e+00 1.156250000000000000e+01 2.656250000000000000e+01 -4.656250000000000000e+01 1.125000000000000000e+00 0.000000000000000000e+00 -6.250000000000000000e-02
3.000000000000000000e+00 -4.019999980926513672e+00 8.390000343322753906e+00 1.156250000000000000e+01 2.656250000000000000e+01 -4.656250000000000000e+01 1.312500000000000000e+00 -2.500000000000000000e-01 6.250000000000000000e-02
2.980000019073486328e+00 -3.980000019073486328e+00 8.449999809265136719e+00 1.156250000000000000e+01 2.656250000000000000e+01 -4.656250000000000000e+01 1.437500000000000000e+00 -3.750000000000000000e-01 -6.250000000000000000e-02
3.049999952316284180e+00 -3.960000038146972656e+00 8.479999542236328125e+00 1.087500000000000000e+01 2.737500000000000000e+01 -4.656250000000000000e+01 8.125000000000000000e-01 -3.750000000000000000e-01 -6.250000000000000000e-02
3.119999885559082031e+00 -3.950000047683715820e+00 8.550000190734863281e+00 1.087500000000000000e+01 2.737500000000000000e+01 -4.656250000000000000e+01 1.250000000000000000e-01 -1.875000000000000000e-01 6.250000000000000000e-02
3.079999923706054688e+00 -3.940000057220458984e+00 8.560000419616699219e+00 1.087500000000000000e+01 2.737500000000000000e+01 -4.656250000000000000e+01 -5.625000000000000000e-01 6.250000000000000000e-02 3.750000000000000000e-01
3.220000028610229492e+00 -3.980000019073486328e+00 8.689999580383300781e+00 1.087500000000000000e+01 2.737500000000000000e+01 -4.656250000000000000e+01 -1.250000000000000000e+00 -6.250000000000000000e-02 1.062500000000000000e+00
3.509999990463256836e+00 -4.019999980926513672e+00 9.060000419616699219e+00 1.087500000000000000e+01 2.737500000000000000e+01 -4.656250000000000000e+01 -2.937500000000000000e+00 6.875000000000000000e-01 1.937500000000000000e+00
4.050000190734863281e+00 -4.039999961853027344e+00 9.199999809265136719e+00 1.087500000000000000e+01 2.768750000000000000e+01 -4.700000000000000000e+01 -7.875000000000000000e+00 2.562500000000000000e+00 3.687500000000000000e+00
3.650000095367431641e+00 -4.389999866485595703e+00 8.960000038146972656e+00 1.087500000000000000e+01 2.768750000000000000e+01 -4.700000000000000000e+01 -1.462500000000000000e+01 8.875000000000000000e+00 6.062500000000000000e+00
3.430000066757202148e+00 -4.489999771118164062e+00 8.710000038146972656e+00 1.087500000000000000e+01 2.768750000000000000e+01 -4.700000000000000000e+01 -1.525000000000000000e+01 1.368750000000000000e+01 8.250000000000000000e+00
3.180000066757202148e+00 -4.280000209808349609e+00 8.659999847412109375e+00 1.087500000000000000e+01 2.768750000000000000e+01 -4.700000000000000000e+01 -1.106250000000000000e+01 1.700000000000000000e+01 9.375000000000000000e+00
2.819999933242797852e+00 -4.199999809265136719e+00 8.300000190734863281e+00 1.087500000000000000e+01 2.768750000000000000e+01 -4.700000000000000000e+01 -8.812500000000000000e+00 1.868750000000000000e+01 1.000000000000000000e+01
2.539999961853027344e+00 -4.130000114440917969e+00 7.960000038146972656e+00 1.118750000000000000e+01 2.768750000000000000e+01 -4.575000000000000000e+01 -6.625000000000000000e+00 1.962500000000000000e+01 9.875000000000000000e+00
2.200000047683715820e+00 -4.030000209808349609e+00 7.639999866485595703e+00 1.118750000000000000e+01 2.768750000000000000e+01 -4.575000000000000000e+01 -2.312500000000000000e+00 1.837500000000000000e+01 8.250000000000000000e+00
1.580000042915344238e+00 -3.670000076293945312e+00 7.190000057220458984e+00 1.118750000000000000e+01 2.768750000000000000e+01 -4.575000000000000000e+01 6.250000000000000000e-02 1.462500000000000000e+01 6.312500000000000000e+00
1.289999961853027344e+00 -3.569999933242797852e+00 6.909999847412109375e+00 1.118750000000000000e+01 2.768750000000000000e+01 -4.575000000000000000e+01 6.250000000000000000e-01 8.687500000000000000e+00 3.812500000000000000e+00
1.059999942779541016e+00 -3.460000038146972656e+00 6.730000019073486328e+00 1.118750000000000000e+01 2.768750000000000000e+01 -4.575000000000000000e+01 1.312500000000000000e+00 1.500000000000000000e+00 3.750000000000000000e-01
1.110000014305114746e+00 -3.410000085830688477e+00 6.719999790191650391e+00 1.200000000000000000e+01 2.737500000000000000e+01 -4.618750000000000000e+01 3.062500000000000000e+00 -7.250000000000000000e+00 -4.062500000000000000e+00
1.779999971389770508e+00 -3.910000085830688477e+00 7.329999923706054688e+00 1.200000000000000000e+01 2.737500000000000000e+01 -4.618750000000000000e+01 5.312500000000000000e+00 -1.531250000000000000e+01 -8.312500000000000000e+00
2.279999971389770508e+00 -4.400000095367431641e+00 7.650000095367431641e+00 1.200000000000000000e+01 2.737500000000000000e+01 -4.618750000000000000e+01 9.812500000000000000e+00 -2.112500000000000000e+01 -1.262500000000000000e+01
2.730000019073486328e+00 -4.840000152587890625e+00 8.539999961853027344e+00 1.200000000000000000e+01 2.737500000000000000e+01 -4.618750000000000000e+01 1.943750000000000000e+01 -2.437500000000000000e+01 -1.643750000000000000e+01
5.469999790191650391e+00 -5.030000209808349609e+00 1.011999988555908203e+01 1.200000000000000000e+01 2.737500000000000000e+01 -4.618750000000000000e+01 2.418750000000000000e+01 -2.675000000000000000e+01 -1.675000000000000000e+01
4.449999809265136719e+00 -4.260000228881835938e+00 8.539999961853027344e+00 1.268750000000000000e+01 2.768750000000000000e+01 -4.537500000000000000e+01 2.118750000000000000e+01 -1.712500000000000000e+01 -1.043750000000000000e+01
2.339999914169311523e+00 -3.849999904632568359e+00 8.010000228881835938e+00 1.268750000000000000e+01 2.768750000000000000e+01 -4.537500000000000000e+01 2.287500000000000000e+01 -2.625000000000000000e+00 -6.687500000000000000e+00
1.990000009536743164e+00 -3.599999904632568359e+00 8.010000228881835938e+00 1.268750000000000000e+01 2.768750000000000000e+01 -4.537500000000000000e+01 2.400000000000000000e+01 -5.312500000000000000e+00 -7.625000000000000000e+00
1.379999995231628418e+00 -3.950000047683715820e+00 9.000000000000000000e+00 1.268750000000000000e+01 2.768750000000000000e+01 -4.537500000000000000e+01 2.500000000000000000e+01 -7.937500000000000000e+00 -1.137500000000000000e+01
1.990000009536743164e+00 -3.609999895095825195e+00 9.960000038146972656e+00 1.268750000000000000e+01 2.768750000000000000e+01 -4.537500000000000000e+01 2.668750000000000000e+01 -1.718750000000000000e+01 -1.481250000000000000e+01
2.650000095367431641e+00 -2.660000085830688477e+00 9.989999771118164062e+00 1.156250000000000000e+01 2.737500000000000000e+01 -4.700000000000000000e+01 2.150000000000000000e+01 -2.750000000000000000e+01 -1.643750000000000000e+01
3.279999971389770508e+00 -2.819999933242797852e+00 9.840000152587890625e+00 1.156250000000000000e+01 2.737500000000000000e+01 -4.700000000000000000e+01 6.187500000000000000e+00 -3.275000000000000000e+01 -1.631250000000000000e+01
2.960000038146972656e+00 -4.219999790191650391e+00 9.579999923706054688e+00 1.156250000000000000e+01 2.737500000000000000e+01 -4.700000000000000000e+01 -3.875000000000000000e+00 -3.593750000000000000e+01 -1.287500000000000000e+01
8.500000238418579102e-01 -3.549999952316284180e+00 9.399999618530273438e+00 1.156250000000000000e+01 2.737500000000000000e+01 -4.700000000000000000e+01 -4.312500000000000000e+00 -4.318750000000000000e+01 -9.687500000000000000e+00
3.000000119209289551e-01 -2.690000057220458984e+00 1.059000015258789062e+01 1.156250000000000000e+01 2.737500000000000000e+01 -4.700000000000000000e+01 -7.687500000000000000e+00 -6.106250000000000000e+01 -1.993750000000000000e+01
2.650000095367431641e+00 -4.650000095367431641e+00 9.770000457763671875e+00 1.050000000000000000e+01 2.587500000000000000e+01 -4.737500000000000000e+01 -1.768750000000000000e+01 -8.456250000000000000e+01 -2.850000000000000000e+01
2.359999895095825195e+00 -5.019999980926513672e+00 9.729999542236328125e+00 1.050000000000000000e+01 2.587500000000000000e+01 -4.737500000000000000e+01 -2.000000000000000000e+01 -9.600000000000000000e+01 -3.431250000000000000e+01
3.509999990463256836e+00 -5.280000209808349609e+00 9.369999885559082031e+00 1.050000000000000000e+01 2.587500000000000000e+01 -4.737500000000000000e+01 -1.756250000000000000e+01 -1.121250000000000000e+02 -4.312500000000000000e+01
3.960000038146972656e+00 -5.039999961853027344e+00 8.949999809265136719e+00 1.050000000000000000e+01 2.587500000000000000e+01 -4.737500000000000000e+01 -1.956250000000000000e+01 -1.245625000000000000e+02 -5.037500000000000000e+01
2.730000019073486328e+00 -4.010000228881835938e+00 8.149999618530273438e+00 1.050000000000000000e+01 2.587500000000000000e+01 -4.737500000000000000e+01 -2.368750000000000000e+01 -1.296250000000000000e+02 -5.662500000000000000e+01
3.660000085830688477e+00 -3.400000095367431641e+00 7.159999847412109375e+00 7.187500000000000000e+00 2.700000000000000000e+01 -4.618750000000000000e+01 -2.687500000000000000e+01 -1.295625000000000000e+02 -6.143750000000000000e+01
4.239999771118164062e+00 -3.069999933242797852e+00 7.650000095367431641e+00 7.187500000000000000e+00 2.700000000000000000e+01 -4.618750000000000000e+01 -2.693750000000000000e+01 -1.282500000000000000e+02 -6.225000000000000000e+01
3.829999923706054688e+00 -3.579999923706054688e+00 8.010000228881835938e+00 7.187500000000000000e+00 2.700000000000000000e+01 -4.618750000000000000e+01 -2.806250000000000000e+01 -1.288750000000000000e+02 -5.575000000000000000e+01
5.070000171661376953e+00 -3.789999961853027344e+00 7.699999809265136719e+00 7.187500000000000000e+00 2.700000000000000000e+01 -4.618750000000000000e+01 -2.862500000000000000e+01 -1.324375000000000000e+02 -5.037500000000000000e+01
4.909999847412109375e+00 -4.239999771118164062e+00 7.400000095367431641e+00 7.187500000000000000e+00 2.700000000000000000e+01 -4.618750000000000000e+01 -1.775000000000000000e+01 -1.318125000000000000e+02 -4.743750000000000000e+01
5.679999828338623047e+00 -3.890000104904174805e+00 6.380000114440917969e+00 3.750000000000000000e-01 2.656250000000000000e+01 -4.575000000000000000e+01 -9.000000000000000000e+00 -1.290000000000000000e+02 -4.387500000000000000e+01
6.440000057220458984e+00 -3.019999980926513672e+00 5.940000057220458984e+00 3.750000000000000000e-01 2.656250000000000000e+01 -4.575000000000000000e+01 -2.875000000000000000e+00 -1.227500000000000000e+02 -3.525000000000000000e+01
5.679999828338623047e+00 -2.400000095367431641e+00 5.530000209808349609e+00 3.750000000000000000e-01 2.656250000000000000e+01 -4.575000000000000000e+01 -1.562500000000000000e+00 -1.111250000000000000e+02 -2.162500000000000000e+01
6.489999771118164062e+00 -2.069999933242797852e+00 5.579999923706054688e+00 3.750000000000000000e-01 2.656250000000000000e+01 -4.575000000000000000e+01 -5.062500000000000000e+00 -1.000000000000000000e+02 -7.562500000000000000e+00
7.039999961853027344e+00 -2.990000009536743164e+00 5.250000000000000000e+00 3.750000000000000000e-01 2.656250000000000000e+01 -4.575000000000000000e+01 -1.062500000000000000e+01 -9.037500000000000000e+01 -2.000000000000000000e+00
7.400000095367431641e+00 -3.490000009536743164e+00 5.130000114440917969e+00 -5.875000000000000000e+00 2.737500000000000000e+01 -4.500000000000000000e+01 -1.056250000000000000e+01 -7.793750000000000000e+01 -5.687500000000000000e+00
7.429999828338623047e+00 -3.180000066757202148e+00 4.739999771118164062e+00 -5.875000000000000000e+00 2.737500000000000000e+01 -4.500000000000000000e+01 -1.131250000000000000e+01 -6.225000000000000000e+01 -4.500000000000000000e+00
8.279999732971191406e+00 -3.339999914169311523e+00 4.900000095367431641e+00 -5.875000000000000000e+00 2.737500000000000000e+01 -4.500000000000000000e+01 -1.425000000000000000e+01 -5.043750000000000000e+01 -1.312500000000000000e+00
8.000000000000000000e+00 -3.519999980926513672e+00 5.150000095367431641e+00 -5.875000000000000000e+00 2.737500000000000000e+01 -4.500000000000000000e+01 -1.612500000000000000e+01 -3.762500000000000000e+01 -2.687500000000000000e+00
7.599999904632568359e+00 -3.880000114440917969e+00 5.590000152587890625e+00 -5.875000000000000000e+00 2.737500000000000000e+01 -4.500000000000000000e+01 -1.662500000000000000e+01 -2.725000000000000000e+01 -7.687500000000000000e+00
7.010000228881835938e+00 -3.750000000000000000e+00 5.829999923706054688e+00 -8.562500000000000000e+00 2.587500000000000000e+01 -4.425000000000000000e+01 -1.243750000000000000e+01 -1.862500000000000000e+01 -1.062500000000000000e+01
6.679999828338623047e+00 -3.609999895095825195e+00 5.969999790191650391e+00 -8.562500000000000000e+00 2.587500000000000000e+01 -4.425000000000000000e+01 -9.250000000000000000e+00 -1.137500000000000000e+01 -7.937500000000000000e+00
6.539999961853027344e+00 -3.240000009536743164e+00 6.280000209808349609e+00 -8.562500000000000000e+00 2.587500000000000000e+01 -4.425000000000000000e+01 -8.500000000000000000e+00 -1.006250000000000000e+01 -5.250000000000000000e+00
6.559999942779541016e+00 -3.430000066757202148e+00 6.559999942779541016e+00 -8.562500000000000000e+00 2.587500000000000000e+01 -4.425000000000000000e+01 -1.006250000000000000e+01 -8.875000000000000000e+00 -3.375000000000000000e+00
6.519999980926513672e+00 -3.500000000000000000e+00 6.739999771118164062e+00 -8.562500000000000000e+00 2.587500000000000000e+01 -4.425000000000000000e+01 -1.012500000000000000e+01 -1.018750000000000000e+01 -1.375000000000000000e+00
6.440000057220458984e+00 -3.559999942779541016e+00 6.369999885559082031e+00 -9.375000000000000000e+00 2.737500000000000000e+01 -4.337500000000000000e+01 -1.093750000000000000e+01 -1.143750000000000000e+01 1.875000000000000000e-01
6.360000133514404297e+00 -3.730000019073486328e+00 6.369999885559082031e+00 -9.375000000000000000e+00 2.737500000000000000e+01 -4.337500000000000000e+01 -1.012500000000000000e+01 -1.143750000000000000e+01 8.125000000000000000e-01
6.570000171661376953e+00 -4.000000000000000000e+00 6.250000000000000000e+00 -9.375000000000000000e+00 2.737500000000000000e+01 -4.337500000000000000e+01 -9.062500000000000000e+00 -1.131250000000000000e+01 1.875000000000000000e+00
6.630000114440917969e+00 -3.869999885559082031e+00 6.159999847412109375e+00 -9.375000000000000000e+00 2.737500000000000000e+01 -4.337500000000000000e+01 -8.500000000000000000e+00 -1.112500000000000000e+01 1.562500000000000000e+00
6.780000209808349609e+00 -3.900000095367431641e+00 6.239999771118164062e+00 -9.375000000000000000e+00 2.737500000000000000e+01 -4.337500000000000000e+01 -8.125000000000000000e+00 -1.043750000000000000e+01 1.500000000000000000e+00
6.900000095367431641e+00 -3.539999961853027344e+00 6.030000209808349609e+00 -9.500000000000000000e+00 2.850000000000000000e+01 -4.375000000000000000e+01 -7.312500000000000000e+00 -9.937500000000000000e+00 5.000000000000000000e-01
6.920000076293945312e+00 -3.519999980926513672e+00 5.980000019073486328e+00 -9.500000000000000000e+00 2.850000000000000000e+01 -4.375000000000000000e+01 -6.125000000000000000e+00 -8.625000000000000000e+00 1.562500000000000000e+00
7.000000000000000000e+00 -3.750000000000000000e+00 5.929999828338623047e+00 -9.500000000000000000e+00 2.850000000000000000e+01 -4.375000000000000000e+01 -5.562500000000000000e+00 -6.187500000000000000e+00 2.687500000000000000e+00
7.139999866485595703e+00 -3.819999933242797852e+00 5.739999771118164062e+00 -9.500000000000000000e+00 2.850000000000000000e+01 -4.375000000000000000e+01 -3.750000000000000000e+00 -3.250000000000000000e+00 2.375000000000000000e+00
6.980000019073486328e+00 -3.880000114440917969e+00 5.739999771118164062e+00 -9.500000000000000000e+00 2.850000000000000000e+01 -4.375000000000000000e+01 -1.562500000000000000e+00 8.125000000000000000e-01 2.187500000000000000e+00
7.030000209808349609e+00 -3.819999933242797852e+00 5.639999866485595703e+00 -1.056250000000000000e+01 2.737500000000000000e+01 -4.300000000000000000e+01 8.750000000000000000e-01 5.937500000000000000e+00 2.750000000000000000e+00
6.800000190734863281e+00 -3.569999933242797852e+00 5.659999847412109375e+00 -1.056250000000000000e+01 2.737500000000000000e+01 -4.300000000000000000e+01 3.000000000000000000e+00 1.137500000000000000e+01 4.250000000000000000e+00
6.400000095367431641e+00 -3.390000104904174805e+00 5.909999847412109375e+00 -1.056250000000000000e+01 2.737500000000000000e+01 -4.300000000000000000e+01 3.312500000000000000e+00 1.575000000000000000e+01 6.125000000000000000e+00
6.570000171661376953e+00 -3.390000104904174805e+00 6.039999961853027344e+00 -1.056250000000000000e+01 2.737500000000000000e+01 -4.300000000000000000e+01 3.437500000000000000e+00 2.006250000000000000e+01 1.000000000000000000e+01
6.510000228881835938e+00 -3.700000047683715820e+00 6.059999942779541016e+00 -1.056250000000000000e+01 2.737500000000000000e+01 -4.300000000000000000e+01 1.500000000000000000e+00 2.368750000000000000e+01 1.262500000000000000e+01
6.739999771118164062e+00 -3.849999904632568359e+00 6.239999771118164062e+00 -9.500000000000000000e+00 2.887500000000000000e+01 -4.368750000000000000e+01 3.125000000000000000e-01 2.618750000000000000e+01 1.337500000000000000e+01
6.019999980926513672e+00 -3.799999952316284180e+00 6.179999828338623047e+00 -9.500000000000000000e+00 2.887500000000000000e+01 -4.368750000000000000e+01 7.500000000000000000e-01 2.925000000000000000e+01 1.362500000000000000e+01
6.639999866485595703e+00 -3.759999990463256836e+00 6.219999790191650391e+00 -9.500000000000000000e+00 2.887500000000000000e+01 -4.368750000000000000e+01 6.250000000000000000e-02 3.237500000000000000e+01 1.431250000000000000e+01
6.690000057220458984e+00 -4.039999961853027344e+00 6.530000209808349609e+00 -9.500000000000000000e+00 2.887500000000000000e+01 -4.368750000000000000e+01 -1.062500000000000000e+00 3.425000000000000000e+01 1.456250000000000000e+01
6.460000038146972656e+00 -3.940000057220458984e+00 6.420000076293945312e+00 -9.500000000000000000e+00 2.887500000000000000e+01 -4.368750000000000000e+01 1.625000000000000000e+00 3.418750000000000000e+01 1.468750000000000000e+01
5.659999847412109375e+00 -3.759999990463256836e+00 6.469999790191650391e+00 -8.000000000000000000e+00 2.737500000000000000e+01 -4.368750000000000000e+01 5.500000000000000000e+00 3.450000000000000000e+01 1.693750000000000000e+01
5.769999980926513672e+00 -3.599999904632568359e+00 6.489999771118164062e+00 -8.000000000000000000e+00 2.737500000000000000e+01 -4.368750000000000000e+01 6.312500000000000000e+00 3.668750000000000000e+01 1.850000000000000000e+01
5.909999847412109375e+00 -3.839999914169311523e+00 6.699999809265136719e+00 -8.000000000000000000e+00 2.737500000000000000e+01 -4.368750000000000000e+01 2.875000000000000000e+00 3.831250000000000000e+01 1.825000000000000000e+01
6.809999942779541016e+00 -4.619999885559082031e+00 6.000000000000000000e+00 -8.000000000000000000e+00 2.737500000000000000e+01 -4.368750000000000000e+01 2.312500000000000000e+00 3.793750000000000000e+01 1.681250000000000000e+01
6.599999904632568359e+00 -4.440000057220458984e+00 6.150000095367431641e+00 -8.000000000000000000e+00 2.737500000000000000e+01 -4.368750000000000000e+01 8.187500000000000000e+00 4.293750000000000000e+01 1.556250000000000000e+01
6.400000095367431641e+00 -3.829999923706054688e+00 6.360000133514404297e+00 -6.500000000000000000e+00 2.806250000000000000e+01 -4.406250000000000000e+01 1.493750000000000000e+01 4.781250000000000000e+01 1.618750000000000000e+01
6.489999771118164062e+00 -3.650000095367431641e+00 6.349999904632568359e+00 -6.500000000000000000e+00 2.806250000000000000e+01 -4.406250000000000000e+01 1.662500000000000000e+01 5.200000000000000000e+01 1.818750000000000000e+01
5.469999790191650391e+00 -3.750000000000000000e+00 6.940000057220458984e+00 -6.500000000000000000e+00 2.806250000000000000e+01 -4.406250000000000000e+01 1.681250000000000000e+01 5.525000000000000000e+01 2.081250000000000000e+01
5.510000228881835938e+00 -3.980000019073486328e+00 6.920000076293945312e+00 -6.500000000000000000e+00 2.806250000000000000e+01 -4.406250000000000000e+01 1.875000000000000000e+01 5.725000000000000000e+01 2.400000000000000000e+01
5.949999809265136719e+00 -3.869999885559082031e+00 6.599999904632568359e+00 -6.500000000000000000e+00 2.806250000000000000e+01 -4.406250000000000000e+01 1.712500000000000000e+01 5.800000000000000000e+01 2.293750000000000000e+01
