3.140000104904174805e+00 -2.549999952316284180e+00 8.880000114440917969e+00 7.687500000000000000e+00 1.475000000000000000e+01 -5.437500000000000000e+01 3.750000000000000000e-01 5.000000000000000000e-01 -8.125000000000000000e-01
3.140000104904174805e+00 -2.519999980926513672e+00 8.850000381469726562e+00 7.687500000000000000e+00 1.475000000000000000e+01 -5.437500000000000000e+01 5.000000000000000000e-01 4.375000000000000000e-01 -9.375000000000000000e-01
3.140000104904174805e+00 -2.549999952316284180e+00 8.869999885559082031e+00 7.687500000000000000e+00 1.475000000000000000e+01 -5.437500000000000000e+01 4.375000000000000000e-01 5.625000000000000000e-01 -9.375000000000000000e-01
3.130000114440917969e+00 -2.559999942779541016e+00 8.859999656677246094e+00 7.687500000000000000e+00 1.475000000000000000e+01 -5.437500000000000000e+01 4.375000000000000000e-01 6.250000000000000000e-01 -1.062500000000000000e+00
3.099999904632568359e+00 -2.539999961853027344e+00 8.880000114440917969e+00 7.687500000000000000e+00 1.475000000000000000e+01 -5.437500000000000000e+01 4.375000000000000000e-01 6.250000000000000000e-01 -8.750000000000000000e-01
3.119999885559082031e+00 -2.509999990463256836e+00 8.890000343322753906e+00 7.250000000000000000e+00 1.506250000000000000e+01 -5.318750000000000000e+01 6.250000000000000000e-01 5.625000000000000000e-01 -1.000000000000000000e+00
3.150000095367431641e+00 -2.519999980926513672e+00 8.890000343322753906e+00 7.250000000000000000e+00 1.506250000000000000e+01 -5.318750000000000000e+01 5.625000000000000000e-01 5.625000000000000000e-01 -1.062500000000000000e+00
3.140000104904174805e+00 -2.539999961853027344e+00 8.890000343322753906e+00 7.250000000000000000e+00 1.506250000000000000e+01 -5.318750000000000000e+01 5.625000000000000000e-01 3.125000000000000000e-01 -1.000000000000000000e+00
3.200000047683715820e+00 -2.549999952316284180e+00 9.039999961853027344e+00 7.250000000000000000e+00 1.506250000000000000e+01 -5.318750000000000000e+01 5.625000000000000000e-01 2.500000000000000000e-01 -1.062500000000000000e+00
3.230000019073486328e+00 -2.589999914169311523e+00 9.100000381469726562e+00 7.250000000000000000e+00 1.506250000000000000e+01 -5.318750000000000000e+01 -1.875000000000000000e-01 -3.750000000000000000e-01 -8.750000000000000000e-01
3.309999942779541016e+00 -2.640000104904174805e+00 9.039999961853027344e+00 6.875000000000000000e+00 1.550000000000000000e+01 -5.318750000000000000e+01 -1.687500000000000000e+00 0.000000000000000000e+00 -1.000000000000000000e+00
3.250000000000000000e+00 -2.700000047683715820e+00 8.819999694824218750e+00 6.875000000000000000e+00 1.550000000000000000e+01 -5.318750000000000000e+01 -2.062500000000000000e+00 1.187500000000000000e+00 -1.437500000000000000e+00
3.180000066757202148e+00 -2.759999990463256836e+00 8.789999961853027344e+00 6.875000000000000000e+00 1.550000000000000000e+01 -5.318750000000000000e+01 -1.500000000000000000e+00 1.375000000000000000e+00 -2.000000000000000000e+00
3.140000104904174805e+00 -2.609999895095825195e+00 8.789999961853027344e+00 6.875000000000000000e+00 1.550000000000000000e+01 -5.318750000000000000e+01 -1.250000000000000000e-01 1.625000000000000000e+00 -2.312500000000000000e+00
3.039999961853027344e+00 -2.400000095367431641e+00 8.789999961853027344e+00 6.875000000000000000e+00 1.550000000000000000e+01 -5.318750000000000000e+01 5.000000000000000000e-01 1.812500000000000000e+00 -2.375000000000000000e+00
3.009999990463256836e+00 -2.240000009536743164e+00 8.869999885559082031e+00 6.562500000000000000e+00 1.550000000000000000e+01 -5.200000000000000000e+01 6.250000000000000000e-01 1.375000000000000000e+00 -1.750000000000000000e+00
3.009999990463256836e+00 -2.259999990463256836e+00 8.880000114440917969e+00 6.562500000000000000e+00 1.550000000000000000e+01 -5.200000000000000000e+01 6.250000000000000000e-02 9.375000000000000000e-01 -1.187500000000000000e+00
3.029999971389770508e+00 -2.339999914169311523e+00 8.789999961853027344e+00 6.562500000000000000e+00 1.550000000000000000e+01 -5.200000000000000000e+01 -5.625000000000000000e-01 6.250000000000000000e-01 -6.875000000000000000e-01
3.059999942779541016e+00 -2.500000000000000000e+00 8.779999732971191406e+00 6.562500000000000000e+00 1.550000000000000000e+01 -5.200000000000000000e+01 -6.875000000000000000e-01 2.500000000000000000e-01 -8.125000000000000000e-01
3.130000114440917969e+00 -2.549999952316284180e+00 8.819999694824218750e+00 6.562500000000000000e+00 1.550000000000000000e+01 -5.200000000000000000e+01 6.250000000000000000e-02 1.250000000000000000e-01 -6.875000000000000000e-01
3.099999904632568359e+00 -2.509999990463256836e+00 8.890000343322753906e+00 7.250000000000000000e+00 1.475000000000000000e+01 -5.275000000000000000e+01 6.875000000000000000e-01 6.250000000000000000e-02 -7.500000000000000000e-01
3.089999914169311523e+00 -2.480000019073486328e+00 8.880000114440917969e+00 7.250000000000000000e+00 1.475000000000000000e+01 -5.275000000000000000e+01 8.125000000000000000e-01 1.250000000000000000e-01 -6.250000000000000000e-01
3.069999933242797852e+00 -2.470000028610229492e+00 8.890000343322753906e+00 7.250000000000000000e+00 1.475000000000000000e+01 -5.275000000000000000e+01 5.625000000000000000e-01 -1.250000000000000000e-01 -5.625000000000000000e-01
3.099999904632568359e+00 -2.500000000000000000e+00 8.859999656677246094e+00 7.250000000000000000e+00 1.475000000000000000e+01 -5.275000000000000000e+01 5.000000000000000000e-01 -1.250000000000000000e-01 -5.625000000000000000e-01
3.069999933242797852e+00 -2.519999980926513672e+00 8.829999923706054688e+00 7.250000000000000000e+00 1.475000000000000000e+01 -5.275000000000000000e+01 5.000000000000000000e-01 -1.250000000000000000e-01 -5.625000000000000000e-01
3.079999923706054688e+00 -2.470000028610229492e+00 8.869999885559082031e+00 6.875000000000000000e+00 1.506250000000000000e+01 -5.437500000000000000e+01 8.125000000000000000e-01 -3.750000000000000000e-01 -6.250000000000000000e-01
3.150000095367431641e+00 -2.470000028610229492e+00 8.869999885559082031e+00 6.875000000000000000e+00 1.506250000000000000e+01 -5.437500000000000000e+01 6.875000000000000000e-01 -9.375000000000000000e-01 -4.375000000000000000e-01
3.200000047683715820e+00 -2.500000000000000000e+00 8.850000381469726562e+00 6.875000000000000000e+00 1.506250000000000000e+01 -5.437500000000000000e+01 4.375000000000000000e-01 -7.500000000000000000e-01 -4.375000000000000000e-01
3.160000085830688477e+00 -2.589999914169311523e+00 8.859999656677246094e+00 6.875000000000000000e+00 1.506250000000000000e+01 -5.437500000000000000e+01 5.625000000000000000e-01 -3.750000000000000000e-01 -2.500000000000000000e-01
3.119999885559082031e+00 -2.589999914169311523e+00 8.880000114440917969e+00 6.875000000000000000e+00 1.506250000000000000e+01 -5.437500000000000000e+01 1.062500000000000000e+00 -3.125000000000000000e-01 -5.000000000000000000e-01
3.140000104904174805e+00 -2.460000038146972656e+00 8.939999580383300781e+00 7.250000000000000000e+00 1.437500000000000000e+01 -5.275000000000000000e+01 1.375000000000000000e+00 -3.125000000000000000e-01 -6.875000000000000000e-01
3.170000076293945312e+00 -2.470000028610229492e+00 8.939999580383300781e+00 7.250000000000000000e+00 1.437500000000000000e+01 -5.275000000000000000e+01 1.062500000000000000e+00 -2.500000000000000000e-01 -9.375000000000000000e-01
3.200000047683715820e+00 -2.509999990463256836e+00 8.960000038146972656e+00 7.250000000000000000e+00 1.437500000000000000e+01 -5.275000000000000000e+01 4.375000000000000000e-01 -2.500000000000000000e-01 -8.125000000000000000e-01
3.200000047683715820e+00 -2.500000000000000000e+00 8.949999809265136719e+00 7.250000000000000000e+00 1.437500000000000000e+01 -5.275000000000000000e+01 5.625000000000000000e-01 -2.500000000000000000e-01 -6.875000000000000000e-01
3.140000104904174805e+00 -2.450000047683715820e+00 8.800000190734863281e+00 7.250000000000000000e+00 1.437500000000000000e+01 -5.275000000000000000e+01 3.750000000000000000e-01 0.000000000000000000e+00 -6.875000000000000000e-01
2.930000066757202148e+00 -2.470000028610229492e+00 8.800000190734863281e+00 6.875000000000000000e+00 1.437500000000000000e+01 -5.275000000000000000e+01 3.750000000000000000e-01 2.500000000000000000e-01 -6.875000000000000000e-01
2.950000047683715820e+00 -2.599999904632568359e+00 8.880000114440917969e+00 6.875000000000000000e+00 1.437500000000000000e+01 -5.275000000000000000e+01 2.500000000000000000e-01 -4.375000000000000000e-01 -1.250000000000000000e+00
3.200000047683715820e+00 -2.619999885559082031e+00 8.930000305175781250e+00 6.875000000000000000e+00 1.437500000000000000e+01 -5.275000000000000000e+01 6.875000000000000000e-01 -6.875000000000000000e-01 -2.187500000000000000e+00
3.059999942779541016e+00 -2.450000047683715820e+00 8.970000267028808594e+00 6.875000000000000000e+00 1.437500000000000000e+01 -5.275000000000000000e+01 1.437500000000000000e+00 -8.750000000000000000e-01 -2.437500000000000000e+00
3.099999904632568359e+00 -2.299999952316284180e+00 9.000000000000000000e+00 6.875000000000000000e+00 1.437500000000000000e+01 -5.275000000000000000e+01 1.437500000000000000e+00 -1.312500000000000000e+00 -2.437500000000000000e+00
3.250000000000000000e+00 -2.319999933242797852e+00 9.000000000000000000e+00 6.875000000000000000e+00 1.506250000000000000e+01 -5.275000000000000000e+01 5.000000000000000000e-01 -1.750000000000000000e+00 -2.125000000000000000e+00
3.349999904632568359e+00 -2.400000095367431641e+00 8.989999771118164062e+00 6.875000000000000000e+00 1.506250000000000000e+01 -5.275000000000000000e+01 -7.500000000000000000e-01 -1.875000000000000000e+00 -1.250000000000000000e+00
3.269999980926513672e+00 -2.369999885559082031e+00 8.949999809265136719e+00 6.875000000000000000e+00 1.506250000000000000e+01 -5.275000000000000000e+01 -1.437500000000000000e+00 -1.500000000000000000e+00 -4.375000000000000000e-01
3.200000047683715820e+00 -2.319999933242797852e+00 8.939999580383300781e+00 6.875000000000000000e+00 1.506250000000000000e+01 -5.275000000000000000e+01 -2.062500000000000000e+00 -1.500000000000000000e+00 1.250000000000000000e-01
3.150000095367431641e+00 -2.339999914169311523e+00 8.960000038146972656e+00 6.875000000000000000e+00 1.506250000000000000e+01 -5.275000000000000000e+01 -2.812500000000000000e+00 -1.812500000000000000e+00 5.625000000000000000e-01
3.079999923706054688e+00 -2.440000057220458984e+00 8.750000000000000000e+00 6.875000000000000000e+00 1.587500000000000000e+01 -5.356250000000000000e+01 -3.687500000000000000e+00 -1.812500000000000000e+00 8.125000000000000000e-01
2.740000009536743164e+00 -2.480000019073486328e+00 8.600000381469726562e+00 6.875000000000000000e+00 1.587500000000000000e+01 -5.356250000000000000e+01 -4.750000000000000000e+00 -1.437500000000000000e+00 4.375000000000000000e-01
2.380000114440917969e+00 -2.410000085830688477e+00 8.619999885559082031e+00 6.875000000000000000e+00 1.587500000000000000e+01 -5.356250000000000000e+01 -5.000000000000000000e+00 -3.187500000000000000e+00 -3.750000000000000000e-01
2.460000038146972656e+00 -2.250000000000000000e+00 9.210000038146972656e+00 6.875000000000000000e+00 1.587500000000000000e+01 -5.356250000000000000e+01 -6.625000000000000000e+00 -7.875000000000000000e+00 -1.875000000000000000e+00
2.519999980926513672e+00 -2.170000076293945312e+00 9.689999580383300781e+00 6.875000000000000000e+00 1.587500000000000000e+01 -5.356250000000000000e+01 -5.000000000000000000e+00 -1.256250000000000000e+01 -3.500000000000000000e+00
2.859999895095825195e+00 -2.289999961853027344e+00 9.689999580383300781e+00 8.000000000000000000e+00 1.475000000000000000e+01 -5.318750000000000000e+01 -6.312500000000000000e+00 -1.831250000000000000e+01 -4.062500000000000000e+00
3.410000085830688477e+00 -2.630000114440917969e+00 9.479999542236328125e+00 8.000000000000000000e+00 1.475000000000000000e+01 -5.318750000000000000e+01 -1.075000000000000000e+01 -2.131250000000000000e+01 -4.625000000000000000e+00
3.759999990463256836e+00 -2.599999904632568359e+00 9.060000419616699219e+00 8.000000000000000000e+00 1.475000000000000000e+01 -5.318750000000000000e+01 -1.237500000000000000e+01 -2.218750000000000000e+01 -4.125000000000000000e+00
3.490000009536743164e+00 -2.160000085830688477e+00 9.130000114440917969e+00 8.000000000000000000e+00 1.475000000000000000e+01 -5.318750000000000000e+01 -1.187500000000000000e+01 -2.293750000000000000e+01 -2.062500000000000000e+00
3.059999942779541016e+00 -1.960000038146972656e+00 9.270000457763671875e+00 8.000000000000000000e+00 1.475000000000000000e+01 -5.318750000000000000e+01 -1.293750000000000000e+01 -2.381250000000000000e+01 1.250000000000000000e+00
2.920000076293945312e+00 -1.850000023841857910e+00 9.250000000000000000e+00 6.562500000000000000e+00 1.506250000000000000e+01 -5.237500000000000000e+01 -1.462500000000000000e+01 -2.706250000000000000e+01 2.812500000000000000e+00
3.480000019073486328e+00 -2.460000038146972656e+00 8.779999732971191406e+00 6.562500000000000000e+00 1.506250000000000000e+01 -5.237500000000000000e+01 -2.056250000000000000e+01 -3.093750000000000000e+01 1.125000000000000000e+00
3.849999904632568359e+00 -2.970000028610229492e+00 8.489999771118164062e+00 6.562500000000000000e+00 1.506250000000000000e+01 -5.237500000000000000e+01 -2.281250000000000000e+01 -3.087500000000000000e+01 8.125000000000000000e-01
3.930000066757202148e+00 -3.009999990463256836e+00 8.310000419616699219e+00 6.562500000000000000e+00 1.506250000000000000e+01 -5.237500000000000000e+01 -2.012500000000000000e+01 -2.850000000000000000e+01 1.437500000000000000e+00
4.159999847412109375e+00 -3.000000000000000000e+00 8.159999847412109375e+00 6.562500000000000000e+00 1.506250000000000000e+01 -5.237500000000000000e+01 -1.768750000000000000e+01 -2.537500000000000000e+01 1.875000000000000000e+00
4.219999790191650391e+00 -3.059999942779541016e+00 8.010000228881835938e+00 5.062500000000000000e+00 1.506250000000000000e+01 -5.275000000000000000e+01 -1.537500000000000000e+01 -2.068750000000000000e+01 1.875000000000000000e+00
4.260000228881835938e+00 -3.170000076293945312e+00 7.920000076293945312e+00 5.062500000000000000e+00 1.506250000000000000e+01 -5.275000000000000000e+01 -1.262500000000000000e+01 -1.550000000000000000e+01 1.875000000000000000e+00
4.269999980926513672e+00 -3.289999961853027344e+00 7.929999828338623047e+00 5.062500000000000000e+00 1.506250000000000000e+01 -5.275000000000000000e+01 -8.937500000000000000e+00 -1.012500000000000000e+01 1.687500000000000000e+00
4.619999885559082031e+00 -3.250000000000000000e+00 8.079999923706054688e+00 5.062500000000000000e+00 1.506250000000000000e+01 -5.275000000000000000e+01 -5.625000000000000000e+00 -6.125000000000000000e+00 1.625000000000000000e+00
4.730000019073486328e+00 -3.319999933242797852e+00 7.510000228881835938e+00 5.062500000000000000e+00 1.506250000000000000e+01 -5.275000000000000000e+01 -3.312500000000000000e+00 7.500000000000000000e-01 1.625000000000000000e+00
4.730000019073486328e+00 -3.319999933242797852e+00 7.510000228881835938e+00 4.687500000000000000e+00 1.618750000000000000e+01 -5.275000000000000000e+01 9.375000000000000000e-01 1.031250000000000000e+01 1.875000000000000000e+00
5.150000095367431641e+00 -3.470000028610229492e+00 6.980000019073486328e+00 4.687500000000000000e+00 1.618750000000000000e+01 -5.275000000000000000e+01 9.625000000000000000e+00 2.025000000000000000e+01 3.937500000000000000e+00
5.130000114440917969e+00 -2.990000009536743164e+00 7.429999828338623047e+00 4.687500000000000000e+00 1.618750000000000000e+01 -5.275000000000000000e+01 1.775000000000000000e+01 3.256250000000000000e+01 7.000000000000000000e+00
4.980000019073486328e+00 -2.890000104904174805e+00 7.699999809265136719e+00 4.687500000000000000e+00 1.618750000000000000e+01 -5.275000000000000000e+01 2.193750000000000000e+01 4.543750000000000000e+01 9.687500000000000000e+00
3.259999990463256836e+00 -3.349999904632568359e+00 9.140000343322753906e+00 4.687500000000000000e+00 1.618750000000000000e+01 -5.275000000000000000e+01 2.387500000000000000e+01 5.537500000000000000e+01 1.131250000000000000e+01
3.259999990463256836e+00 -3.349999904632568359e+00 9.140000343322753906e+00 4.687500000000000000e+00 1.506250000000000000e+01 -5.318750000000000000e+01 2.156250000000000000e+01 4.300000000000000000e+01 7.375000000000000000e+00
2.640000104904174805e+00 -3.210000038146972656e+00 1.401000022888183594e+01 4.687500000000000000e+00 1.506250000000000000e+01 -5.318750000000000000e+01 5.687500000000000000e+00 2.368750000000000000e+01 8.812500000000000000e+00
2.420000076293945312e+00 -3.029999971389770508e+00 1.289999961853027344e+01 4.687500000000000000e+00 1.506250000000000000e+01 -5.318750000000000000e+01 -1.781250000000000000e+01 1.562500000000000000e+01 4.000000000000000000e+00
6.070000171661376953e+00 -3.359999895095825195e+00 1.125000000000000000e+01 4.687500000000000000e+00 1.506250000000000000e+01 -5.318750000000000000e+01 -2.600000000000000000e+01 1.118750000000000000e+01 6.187500000000000000e+00
8.260000228881835938e+00 -3.680000066757202148e+00 1.081999969482421875e+01 4.687500000000000000e+00 1.506250000000000000e+01 -5.318750000000000000e+01 -3.075000000000000000e+01 4.725000000000000000e+01 1.312500000000000000e+01
8.140000343322753906e+00 -5.510000228881835938e+00 1.293999958038330078e+01 5.750000000000000000e+00 1.587500000000000000e+01 -5.237500000000000000e+01 -3.231250000000000000e+01 7.781250000000000000e+01 1.850000000000000000e+01
9.149999618530273438e+00 -6.780000209808349609e+00 1.306999969482421875e+01 5.750000000000000000e+00 1.587500000000000000e+01 -5.237500000000000000e+01 -1.756250000000000000e+01 9.743750000000000000e+01 2.431250000000000000e+01
9.069999694824218750e+00 -4.619999885559082031e+00 1.134000015258789062e+01 5.750000000000000000e+00 1.587500000000000000e+01 -5.237500000000000000e+01 7.500000000000000000e-01 1.213125000000000000e+02 2.906250000000000000e+01
5.750000000000000000e+00 -3.400000095367431641e+00 1.014000034332275391e+01 5.750000000000000000e+00 1.587500000000000000e+01 -5.237500000000000000e+01 7.187500000000000000e+00 1.487500000000000000e+02 3.537500000000000000e+01
3.440000057220458984e+00 -3.009999990463256836e+00 9.020000457763671875e+00 5.750000000000000000e+00 1.587500000000000000e+01 -5.237500000000000000e+01 9.375000000000000000e+00 1.600625000000000000e+02 4.250000000000000000e+01
2.119999885559082031e+00 -2.559999942779541016e+00 8.670000076293945312e+00 8.750000000000000000e+00 1.700000000000000000e+01 -5.075000000000000000e+01 9.625000000000000000e+00 1.579375000000000000e+02 4.631250000000000000e+01
4.300000071525573730e-01 -2.180000066757202148e+00 7.119999885559082031e+00 8.750000000000000000e+00 1.700000000000000000e+01 -5.075000000000000000e+01 8.625000000000000000e+00 1.519375000000000000e+02 4.831250000000000000e+01
-9.800000190734863281e-01 -1.970000028610229492e+00 6.849999904632568359e+00 8.750000000000000000e+00 1.700000000000000000e+01 -5.075000000000000000e+01 9.062500000000000000e+00 1.441875000000000000e+02 4.618750000000000000e+01
-1.019999980926513672e+00 -1.519999980926513672e+00 6.920000076293945312e+00 8.750000000000000000e+00 1.700000000000000000e+01 -5.075000000000000000e+01 1.087500000000000000e+01 1.297500000000000000e+02 4.006250000000000000e+01
-1.100000023841857910e+00 -1.129999995231628418e+00 6.840000152587890625e+00 8.750000000000000000e+00 1.700000000000000000e+01 -5.075000000000000000e+01 7.062500000000000000e+00 1.171875000000000000e+02 3.568750000000000000e+01
-2.380000114440917969e+00 -1.129999995231628418e+00 6.420000076293945312e+00 1.387500000000000000e+01 1.618750000000000000e+01 -4.875000000000000000e+01 1.062500000000000000e+00 1.045000000000000000e+02 3.075000000000000000e+01
-2.619999885559082031e+00 -1.289999961853027344e+00 6.630000114440917969e+00 1.387500000000000000e+01 1.618750000000000000e+01 -4.875000000000000000e+01 -2.625000000000000000e+00 8.931250000000000000e+01 2.437500000000000000e+01
-2.099999904632568359e+00 -1.409999966621398926e+00 7.170000076293945312e+00 1.387500000000000000e+01 1.618750000000000000e+01 -4.875000000000000000e+01 -5.937500000000000000e+00 7.425000000000000000e+01 1.737500000000000000e+01
-6.899999976158142090e-01 -2.180000066757202148e+00 8.850000381469726562e+00 1.387500000000000000e+01 1.618750000000000000e+01 -4.875000000000000000e+01 -8.625000000000000000e+00 6.443750000000000000e+01 1.162500000000000000e+01
7.699999809265136719e-01 -2.339999914169311523e+00 9.359999656677246094e+00 1.387500000000000000e+01 1.618750000000000000e+01 -4.875000000000000000e+01 -1.162500000000000000e+01 5.887500000000000000e+01 8.250000000000000000e+00
8.500000238418579102e-01 -2.799999952316284180e+00 9.170000076293945312e+00 1.875000000000000000e+01 1.356250000000000000e+01 -4.837500000000000000e+01 -1.281250000000000000e+01 6.025000000000000000e+01 8.812500000000000000e+00
5.999999865889549255e-02 -3.000000000000000000e+00 9.229999542236328125e+00 1.875000000000000000e+01 1.356250000000000000e+01 -4.837500000000000000e+01 -1.000000000000000000e+01 6.081250000000000000e+01 8.687500000000000000e+00
-3.700000047683715820e-01 -2.930000066757202148e+00 9.029999732971191406e+00 1.875000000000000000e+01 1.356250000000000000e+01 -4.837500000000000000e+01 -3.437500000000000000e+00 5.818750000000000000e+01 7.250000000000000000e+00
-5.099999904632568359e-01 -2.660000085830688477e+00 9.000000000000000000e+00 1.875000000000000000e+01 1.356250000000000000e+01 -4.837500000000000000e+01 -8.125000000000000000e-01 5.543750000000000000e+01 5.312500000000000000e+00
-5.500000119209289551e-01 -2.579999923706054688e+00 8.659999847412109375e+00 1.875000000000000000e+01 1.356250000000000000e+01 -4.837500000000000000e+01 -2.187500000000000000e+00 5.300000000000000000e+01 4.625000000000000000e+00
-1.059999942779541016e+00 -2.750000000000000000e+00 8.420000076293945312e+00 2.068750000000000000e+01 1.356250000000000000e+01 -4.587500000000000000e+01 -4.187500000000000000e+00 5.018750000000000000e+01 3.500000000000000000e+00
-1.059999942779541016e+00 -2.750000000000000000e+00 8.420000076293945312e+00 2.068750000000000000e+01 1.356250000000000000e+01 -4.587500000000000000e+01 -4.062500000000000000e+00 4.493750000000000000e+01 2.000000000000000000e+00
-1.169999957084655762e+00 -3.000000000000000000e+00 8.149999618530273438e+00 2.068750000000000000e+01 1.356250000000000000e+01 -4.587500000000000000e+01 -4.062500000000000000e+00 4.143750000000000000e+01 1.750000000000000000e+00
-1.490000009536743164e+00 -3.059999942779541016e+00 8.170000076293945312e+00 2.068750000000000000e+01 1.356250000000000000e+01 -4.587500000000000000e+01 -1.500000000000000000e+00 3.737500000000000000e+01 1.250000000000000000e-01
-1.159999966621398926e+00 -3.089999914169311523e+00 8.750000000000000000e+00 2.068750000000000000e+01 1.356250000000000000e+01 -4.587500000000000000e+01 1.312500000000000000e+00 3.325000000000000000e+01 -1.312500000000000000e+00
