3.190000057220458984e+00 -2.900000095367431641e+00 8.779999732971191406e+00 9.187500000000000000e+00 1.787500000000000000e+01 -5.368750000000000000e+01 0.000000000000000000e+00 -6.250000000000000000e-02 0.000000000000000000e+00
3.170000076293945312e+00 -2.880000114440917969e+00 8.789999961853027344e+00 9.187500000000000000e+00 1.787500000000000000e+01 -5.368750000000000000e+01 0.000000000000000000e+00 -6.250000000000000000e-02 0.000000000000000000e+00
3.180000066757202148e+00 -2.890000104904174805e+00 8.789999961853027344e+00 9.187500000000000000e+00 1.787500000000000000e+01 -5.368750000000000000e+01 6.250000000000000000e-02 -6.250000000000000000e-02 1.250000000000000000e-01
3.170000076293945312e+00 -2.880000114440917969e+00 8.789999961853027344e+00 9.187500000000000000e+00 1.787500000000000000e+01 -5.368750000000000000e+01 1.250000000000000000e-01 -2.500000000000000000e-01 -6.250000000000000000e-02
3.170000076293945312e+00 -2.859999895095825195e+00 8.779999732971191406e+00 9.187500000000000000e+00 1.787500000000000000e+01 -5.325000000000000000e+01 -6.250000000000000000e-02 -3.125000000000000000e-01 1.250000000000000000e-01
3.190000057220458984e+00 -2.869999885559082031e+00 8.810000419616699219e+00 9.187500000000000000e+00 1.787500000000000000e+01 -5.325000000000000000e+01 1.875000000000000000e-01 -6.250000000000000000e-02 -1.250000000000000000e-01
3.180000066757202148e+00 -2.880000114440917969e+00 8.779999732971191406e+00 9.187500000000000000e+00 1.787500000000000000e+01 -5.325000000000000000e+01 0.000000000000000000e+00 -1.250000000000000000e-01 6.250000000000000000e-02
3.190000057220458984e+00 -2.869999885559082031e+00 8.800000190734863281e+00 9.187500000000000000e+00 1.787500000000000000e+01 -5.325000000000000000e+01 -1.250000000000000000e-01 -1.875000000000000000e-01 1.250000000000000000e-01
3.160000085830688477e+00 -2.859999895095825195e+00 8.779999732971191406e+00 9.187500000000000000e+00 1.787500000000000000e+01 -5.325000000000000000e+01 0.000000000000000000e+00 -1.250000000000000000e-01 6.250000000000000000e-02
3.190000057220458984e+00 -2.869999885559082031e+00 8.789999961853027344e+00 8.750000000000000000e+00 1.706250000000000000e+01 -5.250000000000000000e+01 -6.250000000000000000e-02 -1.250000000000000000e-01 6.250000000000000000e-02
3.170000076293945312e+00 -2.900000095367431641e+00 8.800000190734863281e+00 8.750000000000000000e+00 1.706250000000000000e+01 -5.250000000000000000e+01 -1.250000000000000000e-01 -6.250000000000000000e-02 0.000000000000000000e+00
3.190000057220458984e+00 -2.880000114440917969e+00 8.789999961853027344e+00 8.750000000000000000e+00 1.706250000000000000e+01 -5.250000000000000000e+01 -1.875000000000000000e-01 0.000000000000000000e+00 0.000000000000000000e+00
3.200000047683715820e+00 -2.890000104904174805e+00 8.789999961853027344e+00 8.750000000000000000e+00 1.706250000000000000e+01 -5.250000000000000000e+01 -2.500000000000000000e-01 -1.250000000000000000e-01 6.250000000000000000e-02
3.170000076293945312e+00 -2.869999885559082031e+00 8.810000419616699219e+00 8.750000000000000000e+00 1.706250000000000000e+01 -5.250000000000000000e+01 -1.875000000000000000e-01 -1.250000000000000000e-01 6.250000000000000000e-02
3.190000057220458984e+00 -2.900000095367431641e+00 8.789999961853027344e+00 9.562500000000000000e+00 1.750000000000000000e+01 -5.250000000000000000e+01 -1.250000000000000000e-01 -6.250000000000000000e-02 0.000000000000000000e+00
3.190000057220458984e+00 -2.890000104904174805e+00 8.789999961853027344e+00 9.562500000000000000e+00 1.750000000000000000e+01 -5.250000000000000000e+01 -1.250000000000000000e-01 -1.250000000000000000e-01 6.250000000000000000e-02
3.180000066757202148e+00 -2.890000104904174805e+00 8.779999732971191406e+00 9.562500000000000000e+00 1.750000000000000000e+01 -5.250000000000000000e+01 -6.250000000000000000e-02 0.000000000000000000e+00 6.250000000000000000e-02
3.200000047683715820e+00 -2.880000114440917969e+00 8.779999732971191406e+00 9.562500000000000000e+00 1.750000000000000000e+01 -5.250000000000000000e+01 -2.500000000000000000e-01 0.000000000000000000e+00 0.000000000000000000e+00
3.190000057220458984e+00 -2.890000104904174805e+00 8.800000190734863281e+00 9.562500000000000000e+00 1.750000000000000000e+01 -5.250000000000000000e+01 -3.125000000000000000e-01 -1.250000000000000000e-01 6.250000000000000000e-02
3.180000066757202148e+00 -2.900000095367431641e+00 8.789999961853027344e+00 9.187500000000000000e+00 1.818750000000000000e+01 -5.168750000000000000e+01 -1.875000000000000000e-01 0.000000000000000000e+00 1.250000000000000000e-01
3.190000057220458984e+00 -2.890000104904174805e+00 8.800000190734863281e+00 9.187500000000000000e+00 1.818750000000000000e+01 -5.168750000000000000e+01 -6.250000000000000000e-02 1.250000000000000000e-01 -6.250000000000000000e-02
3.180000066757202148e+00 -2.890000104904174805e+00 8.810000419616699219e+00 9.187500000000000000e+00 1.818750000000000000e+01 -5.168750000000000000e+01 0.000000000000000000e+00 0.000000000000000000e+00 6.250000000000000000e-02
3.220000028610229492e+00 -2.880000114440917969e+00 8.829999923706054688e+00 9.187500000000000000e+00 1.818750000000000000e+01 -5.168750000000000000e+01 -6.250000000000000000e-02 0.000000000000000000e+00 -6.250000000000000000e-02
3.250000000000000000e+00 -2.940000057220458984e+00 8.850000381469726562e+00 9.187500000000000000e+00 1.818750000000000000e+01 -5.168750000000000000e+01 -6.250000000000000000e-02 -1.875000000000000000e-01 1.250000000000000000e-01
3.259999990463256836e+00 -2.920000076293945312e+00 8.869999885559082031e+00 9.187500000000000000e+00 1.750000000000000000e+01 -5.406250000000000000e+01 0.000000000000000000e+00 -6.250000000000000000e-02 1.875000000000000000e-01
3.349999904632568359e+00 -2.839999914169311523e+00 8.909999847412109375e+00 9.187500000000000000e+00 1.750000000000000000e+01 -5.406250000000000000e+01 -6.250000000000000000e-02 -1.250000000000000000e-01 6.875000000000000000e-01
3.259999990463256836e+00 -2.680000066757202148e+00 8.819999694824218750e+00 9.187500000000000000e+00 1.750000000000000000e+01 -5.406250000000000000e+01 -2.500000000000000000e-01 3.750000000000000000e-01 1.250000000000000000e+00
3.380000114440917969e+00 -2.799999952316284180e+00 8.920000076293945312e+00 9.187500000000000000e+00 1.750000000000000000e+01 -5.406250000000000000e+01 -8.750000000000000000e-01 8.125000000000000000e-01 2.125000000000000000e+00
3.630000114440917969e+00 -2.910000085830688477e+00 8.850000381469726562e+00 9.187500000000000000e+00 1.750000000000000000e+01 -5.406250000000000000e+01 -9.375000000000000000e-01 2.125000000000000000e+00 2.687500000000000000e+00
3.660000085830688477e+00 -2.890000104904174805e+00 9.010000228881835938e+00 7.687500000000000000e+00 1.787500000000000000e+01 -5.325000000000000000e+01 -7.500000000000000000e-01 4.312500000000000000e+00 3.500000000000000000e+00
3.660000085830688477e+00 -3.000000000000000000e+00 8.869999885559082031e+00 7.687500000000000000e+00 1.787500000000000000e+01 -5.325000000000000000e+01 -1.562500000000000000e+00 7.312500000000000000e+00 3.937500000000000000e+00
3.450000047683715820e+00 -3.289999961853027344e+00 8.819999694824218750e+00 7.687500000000000000e+00 1.787500000000000000e+01 -5.325000000000000000e+01 -3.187500000000000000e+00 1.075000000000000000e+01 4.000000000000000000e+00
3.509999990463256836e+00 -3.430000066757202148e+00 8.899999618530273438e+00 7.687500000000000000e+00 1.787500000000000000e+01 -5.325000000000000000e+01 -2.187500000000000000e+00 1.275000000000000000e+01 3.312500000000000000e+00
4.150000095367431641e+00 -3.720000028610229492e+00 9.079999923706054688e+00 7.687500000000000000e+00 1.787500000000000000e+01 -5.325000000000000000e+01 6.250000000000000000e-02 1.400000000000000000e+01 3.062500000000000000e+00
4.039999961853027344e+00 -3.819999933242797852e+00 9.020000457763671875e+00 9.562500000000000000e+00 1.706250000000000000e+01 -5.250000000000000000e+01 1.562500000000000000e+00 1.662500000000000000e+01 2.562500000000000000e+00
4.070000171661376953e+00 -3.859999895095825195e+00 8.970000267028808594e+00 9.562500000000000000e+00 1.706250000000000000e+01 -5.250000000000000000e+01 5.125000000000000000e+00 1.843750000000000000e+01 2.187500000000000000e+00
4.239999771118164062e+00 -3.680000066757202148e+00 8.810000419616699219e+00 9.562500000000000000e+00 1.706250000000000000e+01 -5.250000000000000000e+01 1.018750000000000000e+01 1.850000000000000000e+01 1.875000000000000000e+00
4.300000190734863281e+00 -3.019999980926513672e+00 8.729999542236328125e+00 9.562500000000000000e+00 1.706250000000000000e+01 -5.250000000000000000e+01 1.512500000000000000e+01 1.825000000000000000e+01 2.375000000000000000e+00
4.280000209808349609e+00 -2.700000047683715820e+00 8.800000190734863281e+00 9.562500000000000000e+00 1.706250000000000000e+01 -5.250000000000000000e+01 1.668750000000000000e+01 1.812500000000000000e+01 3.625000000000000000e+00
4.400000095367431641e+00 -2.529999971389770508e+00 8.590000152587890625e+00 9.187500000000000000e+00 1.787500000000000000e+01 -5.125000000000000000e+01 1.537500000000000000e+01 1.787500000000000000e+01 5.312500000000000000e+00
5.369999885559082031e+00 -1.519999980926513672e+00 7.800000190734863281e+00 9.187500000000000000e+00 1.787500000000000000e+01 -5.125000000000000000e+01 1.162500000000000000e+01 1.600000000000000000e+01 6.500000000000000000e+00
6.170000076293945312e+00 -1.330000042915344238e+00 6.389999866485595703e+00 9.187500000000000000e+00 1.787500000000000000e+01 -5.125000000000000000e+01 5.375000000000000000e+00 1.193750000000000000e+01 6.125000000000000000e+00
6.650000095367431641e+00 -1.750000000000000000e+00 5.539999961853027344e+00 9.187500000000000000e+00 1.787500000000000000e+01 -5.125000000000000000e+01 -2.312500000000000000e+00 4.937500000000000000e+00 3.500000000000000000e+00
6.449999809265136719e+00 -2.190000057220458984e+00 5.389999866485595703e+00 9.187500000000000000e+00 1.787500000000000000e+01 -5.125000000000000000e+01 -3.937500000000000000e+00 -1.625000000000000000e+00 -1.312500000000000000e+00
7.579999923706054688e+00 -1.740000009536743164e+00 7.989999771118164062e+00 1.106250000000000000e+01 1.675000000000000000e+01 -5.168750000000000000e+01 5.625000000000000000e-01 -7.375000000000000000e+00 -7.187500000000000000e+00
8.619999885559082031e+00 -1.419999957084655762e+00 6.110000133514404297e+00 1.106250000000000000e+01 1.675000000000000000e+01 -5.168750000000000000e+01 -6.250000000000000000e-01 -1.487500000000000000e+01 -1.212500000000000000e+01
6.619999885559082031e+00 -1.090000033378601074e+00 7.570000171661376953e+00 1.106250000000000000e+01 1.675000000000000000e+01 -5.168750000000000000e+01 -9.437500000000000000e+00 -1.050000000000000000e+01 -1.093750000000000000e+01
8.329999923706054688e+00 -1.450000047683715820e+00 7.889999866485595703e+00 1.106250000000000000e+01 1.675000000000000000e+01 -5.168750000000000000e+01 -1.737500000000000000e+01 -9.000000000000000000e+00 -1.100000000000000000e+01
6.949999809265136719e+00 -1.960000038146972656e+00 8.119999885559082031e+00 1.106250000000000000e+01 1.675000000000000000e+01 -5.168750000000000000e+01 -2.293750000000000000e+01 -5.750000000000000000e+00 -8.437500000000000000e+00
6.840000152587890625e+00 -2.309999942779541016e+00 7.880000114440917969e+00 9.562500000000000000e+00 1.706250000000000000e+01 -5.287500000000000000e+01 -2.287500000000000000e+01 -5.812500000000000000e+00 -7.250000000000000000e+00
6.219999790191650391e+00 -2.519999980926513672e+00 8.409999847412109375e+00 9.562500000000000000e+00 1.706250000000000000e+01 -5.287500000000000000e+01 -1.862500000000000000e+01 -3.812500000000000000e+00 -5.687500000000000000e+00
5.730000019073486328e+00 -2.440000057220458984e+00 8.970000267028808594e+00 9.562500000000000000e+00 1.706250000000000000e+01 -5.287500000000000000e+01 -1.212500000000000000e+01 -2.500000000000000000e+00 -4.875000000000000000e+00
4.869999885559082031e+00 -2.269999980926513672e+00 9.510000228881835938e+00 9.562500000000000000e+00 1.706250000000000000e+01 -5.287500000000000000e+01 -7.000000000000000000e+00 -1.000000000000000000e+00 -3.500000000000000000e+00
4.280000209808349609e+00 -2.019999980926513672e+00 8.819999694824218750e+00 9.562500000000000000e+00 1.706250000000000000e+01 -5.287500000000000000e+01 -5.062500000000000000e+00 2.437500000000000000e+00 -1.500000000000000000e+00
3.970000028610229492e+00 -2.019999980926513672e+00 9.210000038146972656e+00 7.000000000000000000e+00 1.856250000000000000e+01 -5.368750000000000000e+01 -5.812500000000000000e+00 3.437500000000000000e+00 -2.500000000000000000e-01
3.529999971389770508e+00 -2.549999952316284180e+00 8.329999923706054688e+00 7.000000000000000000e+00 1.856250000000000000e+01 -5.368750000000000000e+01 -6.250000000000000000e+00 6.875000000000000000e-01 -8.125000000000000000e-01
3.039999961853027344e+00 -2.599999904632568359e+00 8.720000267028808594e+00 7.000000000000000000e+00 1.856250000000000000e+01 -5.368750000000000000e+01 -3.437500000000000000e+00 -3.250000000000000000e+00 -2.812500000000000000e+00
3.369999885559082031e+00 -2.279999971389770508e+00 8.829999923706054688e+00 7.000000000000000000e+00 1.856250000000000000e+01 -5.368750000000000000e+01 1.125000000000000000e+00 -8.000000000000000000e+00 -6.437500000000000000e+00
3.650000095367431641e+00 -2.170000076293945312e+00 9.250000000000000000e+00 7.000000000000000000e+00 1.856250000000000000e+01 -5.368750000000000000e+01 1.312500000000000000e+00 -9.125000000000000000e+00 -1.050000000000000000e+01
3.430000066757202148e+00 -2.470000028610229492e+00 9.050000190734863281e+00 5.062500000000000000e+00 1.937500000000000000e+01 -5.606250000000000000e+01 -1.687500000000000000e+00 -7.125000000000000000e+00 -1.281250000000000000e+01
2.690000057220458984e+00 -2.930000066757202148e+00 8.819999694824218750e+00 5.062500000000000000e+00 1.937500000000000000e+01 -5.606250000000000000e+01 -4.000000000000000000e+00 -4.250000000000000000e+00 -1.337500000000000000e+01
2.119999885559082031e+00 -3.380000114440917969e+00 8.659999847412109375e+00 5.062500000000000000e+00 1.937500000000000000e+01 -5.606250000000000000e+01 -2.625000000000000000e+00 -5.812500000000000000e+00 -1.431250000000000000e+01
2.250000000000000000e+00 -3.640000104904174805e+00 8.520000457763671875e+00 5.062500000000000000e+00 1.937500000000000000e+01 -5.606250000000000000e+01 3.562500000000000000e+00 -1.337500000000000000e+01 -1.543750000000000000e+01
2.430000066757202148e+00 -3.720000028610229492e+00 8.739999771118164062e+00 5.062500000000000000e+00 1.937500000000000000e+01 -5.606250000000000000e+01 1.050000000000000000e+01 -1.993750000000000000e+01 -1.493750000000000000e+01
2.519999980926513672e+00 -3.440000057220458984e+00 8.930000305175781250e+00 2.187500000000000000e+00 1.937500000000000000e+01 -5.568750000000000000e+01 1.537500000000000000e+01 -2.531250000000000000e+01 -1.312500000000000000e+01
2.819999933242797852e+00 -3.019999980926513672e+00 9.279999732971191406e+00 2.187500000000000000e+00 1.937500000000000000e+01 -5.568750000000000000e+01 1.575000000000000000e+01 -2.937500000000000000e+01 -9.875000000000000000e+00
3.549999952316284180e+00 -3.170000076293945312e+00 9.579999923706054688e+00 2.187500000000000000e+00 1.937500000000000000e+01 -5.568750000000000000e+01 9.812500000000000000e+00 -2.943750000000000000e+01 -5.937500000000000000e+00
3.380000114440917969e+00 -3.390000104904174805e+00 9.600000381469726562e+00 2.187500000000000000e+00 1.937500000000000000e+01 -5.568750000000000000e+01 3.000000000000000000e+00 -2.556250000000000000e+01 -2.875000000000000000e+00
3.230000019073486328e+00 -3.500000000000000000e+00 9.369999885559082031e+00 2.187500000000000000e+00 1.937500000000000000e+01 -5.568750000000000000e+01 -4.375000000000000000e-01 -2.075000000000000000e+01 -7.500000000000000000e-01
2.779999971389770508e+00 -3.599999904632568359e+00 9.039999961853027344e+00 -7.500000000000000000e-01 1.856250000000000000e+01 -5.487500000000000000e+01 1.875000000000000000e-01 -1.656250000000000000e+01 -6.250000000000000000e-02
2.420000076293945312e+00 -3.309999942779541016e+00 9.180000305175781250e+00 -7.500000000000000000e-01 1.856250000000000000e+01 -5.487500000000000000e+01 2.562500000000000000e+00 -1.568750000000000000e+01 -9.375000000000000000e-01
2.319999933242797852e+00 -3.160000085830688477e+00 8.800000190734863281e+00 -7.500000000000000000e-01 1.856250000000000000e+01 -5.487500000000000000e+01 3.187500000000000000e+00 -1.443750000000000000e+01 -9.375000000000000000e-01
1.669999957084655762e+00 -3.309999942779541016e+00 8.659999847412109375e+00 -7.500000000000000000e-01 1.856250000000000000e+01 -5.487500000000000000e+01 2.312500000000000000e+00 -1.175000000000000000e+01 -1.437500000000000000e+00
1.289999961853027344e+00 -3.109999895095825195e+00 8.369999885559082031e+00 -7.500000000000000000e-01 1.856250000000000000e+01 -5.487500000000000000e+01 2.000000000000000000e+00 -1.181250000000000000e+01 -4.500000000000000000e+00
1.210000038146972656e+00 -3.119999885559082031e+00 8.069999694824218750e+00 -3.750000000000000000e+00 1.787500000000000000e+01 -5.525000000000000000e+01 2.250000000000000000e+00 -1.368750000000000000e+01 -6.375000000000000000e+00
8.799999952316284180e-01 -3.089999914169311523e+00 7.960000038146972656e+00 -3.750000000000000000e+00 1.787500000000000000e+01 -5.525000000000000000e+01 2.500000000000000000e+00 -1.481250000000000000e+01 -8.187500000000000000e+00
7.400000095367431641e-01 -2.980000019073486328e+00 8.010000228881835938e+00 -3.750000000000000000e+00 1.787500000000000000e+01 -5.525000000000000000e+01 2.750000000000000000e+00 -1.756250000000000000e+01 -1.075000000000000000e+01
1.509999990463256836e+00 -2.670000076293945312e+00 8.670000076293945312e+00 -3.750000000000000000e+00 1.787500000000000000e+01 -5.525000000000000000e+01 2.187500000000000000e+00 -2.118750000000000000e+01 -1.193750000000000000e+01
1.990000009536743164e+00 -2.700000047683715820e+00 8.989999771118164062e+00 -3.750000000000000000e+00 1.787500000000000000e+01 -5.525000000000000000e+01 -9.375000000000000000e-01 -2.056250000000000000e+01 -1.106250000000000000e+01
1.940000057220458984e+00 -2.930000066757202148e+00 8.859999656677246094e+00 -7.000000000000000000e+00 1.800000000000000000e+01 -5.450000000000000000e+01 -5.000000000000000000e+00 -1.406250000000000000e+01 -9.937500000000000000e+00
1.440000057220458984e+00 -3.250000000000000000e+00 8.510000228881835938e+00 -7.000000000000000000e+00 1.800000000000000000e+01 -5.450000000000000000e+01 -5.000000000000000000e+00 -5.750000000000000000e+00 -1.093750000000000000e+01
8.799999952316284180e-01 -2.769999980926513672e+00 8.449999809265136719e+00 -7.000000000000000000e+00 1.800000000000000000e+01 -5.450000000000000000e+01 2.500000000000000000e-01 -2.125000000000000000e+00 -1.468750000000000000e+01
9.900000095367431641e-01 -2.390000104904174805e+00 9.319999694824218750e+00 -7.000000000000000000e+00 1.800000000000000000e+01 -5.450000000000000000e+01 4.125000000000000000e+00 -1.500000000000000000e+00 -1.693750000000000000e+01
1.629999995231628418e+00 -2.460000038146972656e+00 1.155000019073486328e+01 -7.000000000000000000e+00 1.800000000000000000e+01 -5.450000000000000000e+01 6.875000000000000000e-01 7.187500000000000000e+00 -1.493750000000000000e+01
-6.499999761581420898e-01 -4.590000152587890625e+00 1.130000019073486328e+01 -8.375000000000000000e+00 1.687500000000000000e+01 -5.175000000000000000e+01 -1.262500000000000000e+01 3.075000000000000000e+01 -1.056250000000000000e+01
-3.079999923706054688e+00 -4.599999904632568359e+00 9.489999771118164062e+00 -8.375000000000000000e+00 1.687500000000000000e+01 -5.175000000000000000e+01 -1.481250000000000000e+01 5.081250000000000000e+01 -1.356250000000000000e+01
-3.039999961853027344e+00 -3.730000019073486328e+00 1.031000041961669922e+01 -8.375000000000000000e+00 1.687500000000000000e+01 -5.175000000000000000e+01 4.062500000000000000e+00 4.518750000000000000e+01 -2.181250000000000000e+01
-1.549999952316284180e+00 -4.429999828338623047e+00 1.210999965667724609e+01 -8.375000000000000000e+00 1.687500000000000000e+01 -5.175000000000000000e+01 2.250000000000000000e+00 3.606250000000000000e+01 -1.887500000000000000e+01
-5.000000000000000000e-01 -5.409999847412109375e+00 9.210000038146972656e+00 -8.375000000000000000e+00 1.687500000000000000e+01 -5.175000000000000000e+01 -9.625000000000000000e+00 4.075000000000000000e+01 -1.425000000000000000e+01
7.599999904632568359e-01 -3.940000057220458984e+00 9.130000114440917969e+00 -8.062500000000000000e+00 1.687500000000000000e+01 -5.256250000000000000e+01 9.375000000000000000e-01 3.275000000000000000e+01 -2.000000000000000000e+01
3.640000104904174805e+00 -3.259999990463256836e+00 1.085999965667724609e+01 -8.062500000000000000e+00 1.687500000000000000e+01 -5.256250000000000000e+01 1.543750000000000000e+01 1.668750000000000000e+01 -2.068750000000000000e+01
4.280000209808349609e+00 -3.140000104904174805e+00 1.035000038146972656e+01 -8.062500000000000000e+00 1.687500000000000000e+01 -5.256250000000000000e+01 7.937500000000000000e+00 1.525000000000000000e+01 -1.331250000000000000e+01
2.869999885559082031e+00 -2.960000038146972656e+00 9.460000038146972656e+00 -8.062500000000000000e+00 1.687500000000000000e+01 -5.256250000000000000e+01 4.000000000000000000e+00 1.543750000000000000e+01 -1.125000000000000000e+01
3.329999923706054688e+00 -2.519999980926513672e+00 9.880000114440917969e+00 -8.062500000000000000e+00 1.687500000000000000e+01 -5.256250000000000000e+01 6.000000000000000000e+00 6.312500000000000000e+00 -1.012500000000000000e+01
3.019999980926513672e+00 -2.470000028610229492e+00 1.002999973297119141e+01 -6.562500000000000000e+00 1.656250000000000000e+01 -5.268750000000000000e+01 2.875000000000000000e+00 3.062500000000000000e+00 -8.000000000000000000e+00
1.320000052452087402e+00 -2.799999952316284180e+00 9.149999618530273438e+00 -6.562500000000000000e+00 1.656250000000000000e+01 -5.268750000000000000e+01 2.500000000000000000e-01 3.750000000000000000e+00 -6.312500000000000000e+00
8.199999928474426270e-01 -2.819999933242797852e+00 8.979999542236328125e+00 -6.562500000000000000e+00 1.656250000000000000e+01 -5.268750000000000000e+01 1.750000000000000000e+00 1.375000000000000000e+00 -5.562500000000000000e+00
9.399999976158142090e-01 -2.829999923706054688e+00 9.220000267028808594e+00 -6.562500000000000000e+00 1.656250000000000000e+01 -5.268750000000000000e+01 3.375000000000000000e+00 -5.375000000000000000e+00 -5.187500000000000000e+00
1.210000038146972656e+00 -2.970000028610229492e+00 9.359999656677246094e+00 -6.562500000000000000e+00 1.656250000000000000e+01 -5.268750000000000000e+01 2.812500000000000000e+00 -9.687500000000000000e+00 -4.125000000000000000e+00
7.300000190734863281e-01 -3.119999885559082031e+00 9.239999771118164062e+00 -7.250000000000000000e+00 1.656250000000000000e+01 -5.306250000000000000e+01 1.750000000000000000e+00 -9.250000000000000000e+00 -2.062500000000000000e+00
