2.660000085830688477e+00 -3.660000085830688477e+00 8.670000076293945312e+00 1.250000000000000000e+01 1.837500000000000000e+01 -4.700000000000000000e+01 6.250000000000000000e-02 -6.250000000000000000e-02 -1.250000000000000000e-01
2.670000076293945312e+00 -3.660000085830688477e+00 8.659999847412109375e+00 1.250000000000000000e+01 1.837500000000000000e+01 -4.700000000000000000e+01 6.250000000000000000e-02 -1.250000000000000000e-01 6.250000000000000000e-02
2.680000066757202148e+00 -3.619999885559082031e+00 8.680000305175781250e+00 1.250000000000000000e+01 1.837500000000000000e+01 -4.700000000000000000e+01 1.250000000000000000e-01 1.250000000000000000e-01 -6.250000000000000000e-02
2.660000085830688477e+00 -3.660000085830688477e+00 8.699999809265136719e+00 1.250000000000000000e+01 1.837500000000000000e+01 -4.700000000000000000e+01 -6.250000000000000000e-02 0.000000000000000000e+00 0.000000000000000000e+00
2.650000095367431641e+00 -3.660000085830688477e+00 8.680000305175781250e+00 1.250000000000000000e+01 1.875000000000000000e+01 -4.775000000000000000e+01 6.250000000000000000e-02 -6.250000000000000000e-02 0.000000000000000000e+00
2.640000104904174805e+00 -3.650000095367431641e+00 8.689999580383300781e+00 1.250000000000000000e+01 1.875000000000000000e+01 -4.775000000000000000e+01 0.000000000000000000e+00 0.000000000000000000e+00 -1.250000000000000000e-01
2.660000085830688477e+00 -3.660000085830688477e+00 8.680000305175781250e+00 1.250000000000000000e+01 1.875000000000000000e+01 -4.775000000000000000e+01 -6.250000000000000000e-02 0.000000000000000000e+00 6.250000000000000000e-02
2.650000095367431641e+00 -3.680000066757202148e+00 8.710000038146972656e+00 1.250000000000000000e+01 1.875000000000000000e+01 -4.775000000000000000e+01 -6.250000000000000000e-02 -1.875000000000000000e-01 1.250000000000000000e-01
2.680000066757202148e+00 -3.680000066757202148e+00 8.680000305175781250e+00 1.250000000000000000e+01 1.875000000000000000e+01 -4.775000000000000000e+01 -6.250000000000000000e-02 0.000000000000000000e+00 0.000000000000000000e+00
2.660000085830688477e+00 -3.680000066757202148e+00 8.670000076293945312e+00 1.250000000000000000e+01 1.806250000000000000e+01 -4.775000000000000000e+01 0.000000000000000000e+00 0.000000000000000000e+00 -6.250000000000000000e-02
2.619999885559082031e+00 -3.660000085830688477e+00 8.600000381469726562e+00 1.250000000000000000e+01 1.806250000000000000e+01 -4.775000000000000000e+01 0.000000000000000000e+00 1.250000000000000000e-01 0.000000000000000000e+00
2.579999923706054688e+00 -3.720000028610229492e+00 8.640000343322753906e+00 1.250000000000000000e+01 1.806250000000000000e+01 -4.775000000000000000e+01 2.500000000000000000e-01 4.375000000000000000e-01 -2.500000000000000000e-01
2.539999961853027344e+00 -3.690000057220458984e+00 8.319999694824218750e+00 1.250000000000000000e+01 1.806250000000000000e+01 -4.775000000000000000e+01 6.250000000000000000e-01 3.125000000000000000e-01 -6.875000000000000000e-01
2.349999904632568359e+00 -3.759999990463256836e+00 8.159999847412109375e+00 1.250000000000000000e+01 1.806250000000000000e+01 -4.775000000000000000e+01 2.250000000000000000e+00 1.000000000000000000e+00 -1.500000000000000000e+00
2.009999990463256836e+00 -4.079999923706054688e+00 7.760000228881835938e+00 1.325000000000000000e+01 1.837500000000000000e+01 -4.575000000000000000e+01 4.875000000000000000e+00 1.812500000000000000e+00 -4.250000000000000000e+00
1.899999976158142090e+00 -3.470000028610229492e+00 9.859999656677246094e+00 1.325000000000000000e+01 1.837500000000000000e+01 -4.575000000000000000e+01 7.437500000000000000e+00 -9.375000000000000000e-01 -7.687500000000000000e+00
1.830000042915344238e+00 -2.839999914169311523e+00 9.729999542236328125e+00 1.325000000000000000e+01 1.837500000000000000e+01 -4.575000000000000000e+01 5.187500000000000000e+00 -8.437500000000000000e+00 -9.125000000000000000e+00
2.960000038146972656e+00 -2.809999942779541016e+00 9.420000076293945312e+00 1.325000000000000000e+01 1.837500000000000000e+01 -4.575000000000000000e+01 -6.875000000000000000e-01 -1.675000000000000000e+01 -9.125000000000000000e+00
3.269999980926513672e+00 -3.519999980926513672e+00 8.909999847412109375e+00 1.325000000000000000e+01 1.837500000000000000e+01 -4.575000000000000000e+01 -8.250000000000000000e+00 -1.850000000000000000e+01 -6.750000000000000000e+00
8.199999928474426270e-01 -2.890000104904174805e+00 9.810000419616699219e+00 1.400000000000000000e+01 1.875000000000000000e+01 -4.656250000000000000e+01 -7.000000000000000000e+00 -2.037500000000000000e+01 -5.375000000000000000e+00
1.599999964237213135e-01 -2.440000057220458984e+00 1.026000022888183594e+01 1.400000000000000000e+01 1.875000000000000000e+01 -4.656250000000000000e+01 -9.750000000000000000e+00 -3.243750000000000000e+01 -5.437500000000000000e+00
1.600000023841857910e+00 -2.509999990463256836e+00 1.022000026702880859e+01 1.400000000000000000e+01 1.875000000000000000e+01 -4.656250000000000000e+01 -2.443750000000000000e+01 -5.000000000000000000e+01 -1.025000000000000000e+01
2.609999895095825195e+00 -4.110000133514404297e+00 9.140000343322753906e+00 1.400000000000000000e+01 1.875000000000000000e+01 -4.656250000000000000e+01 -3.575000000000000000e+01 -6.000000000000000000e+01 -1.456250000000000000e+01
3.019999980926513672e+00 -4.210000038146972656e+00 8.930000305175781250e+00 1.400000000000000000e+01 1.875000000000000000e+01 -4.656250000000000000e+01 -3.587500000000000000e+01 -6.475000000000000000e+01 -1.787500000000000000e+01
3.440000057220458984e+00 -3.980000019073486328e+00 8.829999923706054688e+00 1.150000000000000000e+01 1.837500000000000000e+01 -4.656250000000000000e+01 -3.381250000000000000e+01 -6.743750000000000000e+01 -1.931250000000000000e+01
3.579999923706054688e+00 -3.799999952316284180e+00 8.409999847412109375e+00 1.150000000000000000e+01 1.837500000000000000e+01 -4.656250000000000000e+01 -3.337500000000000000e+01 -6.700000000000000000e+01 -1.900000000000000000e+01
4.030000209808349609e+00 -3.890000104904174805e+00 7.769999980926513672e+00 1.150000000000000000e+01 1.837500000000000000e+01 -4.656250000000000000e+01 -3.337500000000000000e+01 -6.443750000000000000e+01 -1.806250000000000000e+01
4.079999923706054688e+00 -4.030000209808349609e+00 7.869999885559082031e+00 1.150000000000000000e+01 1.837500000000000000e+01 -4.656250000000000000e+01 -3.206250000000000000e+01 -6.018750000000000000e+01 -1.756250000000000000e+01
3.869999885559082031e+00 -4.110000133514404297e+00 7.690000057220458984e+00 1.150000000000000000e+01 1.837500000000000000e+01 -4.656250000000000000e+01 -2.956250000000000000e+01 -5.600000000000000000e+01 -1.650000000000000000e+01
3.809999942779541016e+00 -4.210000038146972656e+00 7.809999942779541016e+00 1.068750000000000000e+01 1.956250000000000000e+01 -4.656250000000000000e+01 -2.481250000000000000e+01 -5.287500000000000000e+01 -1.618750000000000000e+01
4.099999904632568359e+00 -4.050000190734863281e+00 7.780000209808349609e+00 1.068750000000000000e+01 1.956250000000000000e+01 -4.656250000000000000e+01 -2.243750000000000000e+01 -4.937500000000000000e+01 -1.593750000000000000e+01
4.010000228881835938e+00 -3.990000009536743164e+00 7.780000209808349609e+00 1.068750000000000000e+01 1.956250000000000000e+01 -4.656250000000000000e+01 -2.206250000000000000e+01 -4.625000000000000000e+01 -1.556250000000000000e+01
3.829999923706054688e+00 -3.900000095367431641e+00 7.670000076293945312e+00 1.068750000000000000e+01 1.956250000000000000e+01 -4.656250000000000000e+01 -2.156250000000000000e+01 -4.425000000000000000e+01 -1.493750000000000000e+01
3.890000104904174805e+00 -3.720000028610229492e+00 8.130000114440917969e+00 1.068750000000000000e+01 1.956250000000000000e+01 -4.656250000000000000e+01 -2.075000000000000000e+01 -4.312500000000000000e+01 -1.425000000000000000e+01
3.849999904632568359e+00 -3.589999914169311523e+00 8.119999885559082031e+00 7.000000000000000000e+00 2.056250000000000000e+01 -4.700000000000000000e+01 -2.262500000000000000e+01 -4.368750000000000000e+01 -1.325000000000000000e+01
3.990000009536743164e+00 -3.690000057220458984e+00 8.020000457763671875e+00 7.000000000000000000e+00 2.056250000000000000e+01 -4.700000000000000000e+01 -2.725000000000000000e+01 -4.506250000000000000e+01 -1.206250000000000000e+01
4.010000228881835938e+00 -4.000000000000000000e+00 7.739999771118164062e+00 7.000000000000000000e+00 2.056250000000000000e+01 -4.700000000000000000e+01 -2.968750000000000000e+01 -4.587500000000000000e+01 -1.212500000000000000e+01
4.099999904632568359e+00 -4.460000038146972656e+00 7.889999866485595703e+00 7.000000000000000000e+00 2.056250000000000000e+01 -4.700000000000000000e+01 -2.981250000000000000e+01 -4.662500000000000000e+01 -1.431250000000000000e+01
4.079999923706054688e+00 -4.599999904632568359e+00 7.570000171661376953e+00 7.000000000000000000e+00 2.056250000000000000e+01 -4.700000000000000000e+01 -2.981250000000000000e+01 -4.768750000000000000e+01 -1.631250000000000000e+01
4.250000000000000000e+00 -4.599999904632568359e+00 7.400000095367431641e+00 5.187500000000000000e+00 2.206250000000000000e+01 -4.656250000000000000e+01 -2.675000000000000000e+01 -4.743750000000000000e+01 -1.962500000000000000e+01
4.679999828338623047e+00 -4.519999980926513672e+00 7.429999828338623047e+00 5.187500000000000000e+00 2.206250000000000000e+01 -4.656250000000000000e+01 -2.306250000000000000e+01 -4.650000000000000000e+01 -2.187500000000000000e+01
4.670000076293945312e+00 -4.469999790191650391e+00 7.099999904632568359e+00 5.187500000000000000e+00 2.206250000000000000e+01 -4.656250000000000000e+01 -2.137500000000000000e+01 -4.425000000000000000e+01 -2.225000000000000000e+01
4.849999904632568359e+00 -4.449999809265136719e+00 7.360000133514404297e+00 5.187500000000000000e+00 2.206250000000000000e+01 -4.656250000000000000e+01 -1.812500000000000000e+01 -4.200000000000000000e+01 -2.262500000000000000e+01
4.750000000000000000e+00 -4.559999942779541016e+00 7.190000057220458984e+00 5.187500000000000000e+00 2.206250000000000000e+01 -4.656250000000000000e+01 -1.631250000000000000e+01 -4.000000000000000000e+01 -2.318750000000000000e+01
5.110000133514404297e+00 -4.559999942779541016e+00 6.980000019073486328e+00 3.000000000000000000e+00 2.287500000000000000e+01 -4.537500000000000000e+01 -1.175000000000000000e+01 -3.787500000000000000e+01 -2.456250000000000000e+01
5.179999828338623047e+00 -4.420000076293945312e+00 6.969999790191650391e+00 3.000000000000000000e+00 2.287500000000000000e+01 -4.537500000000000000e+01 -5.125000000000000000e+00 -3.487500000000000000e+01 -2.468750000000000000e+01
5.190000057220458984e+00 -4.250000000000000000e+00 7.070000171661376953e+00 3.000000000000000000e+00 2.287500000000000000e+01 -4.537500000000000000e+01 7.500000000000000000e-01 -3.162500000000000000e+01 -2.331250000000000000e+01
5.059999942779541016e+00 -4.110000133514404297e+00 7.139999866485595703e+00 3.000000000000000000e+00 2.287500000000000000e+01 -4.537500000000000000e+01 3.312500000000000000e+00 -2.900000000000000000e+01 -2.175000000000000000e+01
5.019999980926513672e+00 -3.930000066757202148e+00 7.340000152587890625e+00 3.000000000000000000e+00 2.287500000000000000e+01 -4.537500000000000000e+01 4.625000000000000000e+00 -2.750000000000000000e+01 -2.056250000000000000e+01
5.139999866485595703e+00 -4.050000190734863281e+00 7.369999885559082031e+00 -5.000000000000000000e-01 2.318750000000000000e+01 -4.575000000000000000e+01 5.812500000000000000e+00 -2.687500000000000000e+01 -1.975000000000000000e+01
5.170000076293945312e+00 -4.130000114440917969e+00 7.329999923706054688e+00 -5.000000000000000000e-01 2.318750000000000000e+01 -4.575000000000000000e+01 5.062500000000000000e+00 -2.668750000000000000e+01 -1.956250000000000000e+01
5.340000152587890625e+00 -4.110000133514404297e+00 7.170000076293945312e+00 -5.000000000000000000e-01 2.318750000000000000e+01 -4.575000000000000000e+01 3.687500000000000000e+00 -2.625000000000000000e+01 -1.831250000000000000e+01
5.500000000000000000e+00 -4.059999942779541016e+00 7.050000190734863281e+00 -5.000000000000000000e-01 2.318750000000000000e+01 -4.575000000000000000e+01 1.812500000000000000e+00 -2.543750000000000000e+01 -1.525000000000000000e+01
5.440000057220458984e+00 -4.010000228881835938e+00 7.090000152587890625e+00 -5.000000000000000000e-01 2.318750000000000000e+01 -4.575000000000000000e+01 7.500000000000000000e-01 -2.387500000000000000e+01 -1.225000000000000000e+01
5.429999828338623047e+00 -4.000000000000000000e+00 6.969999790191650391e+00 -1.500000000000000000e+00 2.318750000000000000e+01 -4.618750000000000000e+01 5.625000000000000000e-01 -2.231250000000000000e+01 -1.037500000000000000e+01
5.650000095367431641e+00 -4.050000190734863281e+00 7.059999942779541016e+00 -1.500000000000000000e+00 2.318750000000000000e+01 -4.618750000000000000e+01 1.687500000000000000e+00 -2.056250000000000000e+01 -9.312500000000000000e+00
5.429999828338623047e+00 -4.110000133514404297e+00 6.929999828338623047e+00 -1.500000000000000000e+00 2.318750000000000000e+01 -4.618750000000000000e+01 6.875000000000000000e-01 -1.918750000000000000e+01 -8.562500000000000000e+00
5.420000076293945312e+00 -4.159999847412109375e+00 6.989999771118164062e+00 -1.500000000000000000e+00 2.318750000000000000e+01 -4.618750000000000000e+01 7.500000000000000000e-01 -1.762500000000000000e+01 -8.500000000000000000e+00
5.500000000000000000e+00 -3.990000009536743164e+00 7.000000000000000000e+00 -1.500000000000000000e+00 2.318750000000000000e+01 -4.618750000000000000e+01 1.062500000000000000e+00 -1.618750000000000000e+01 -8.625000000000000000e+00
5.610000133514404297e+00 -4.050000190734863281e+00 7.010000228881835938e+00 -1.750000000000000000e+00 2.287500000000000000e+01 -4.500000000000000000e+01 3.750000000000000000e-01 -1.518750000000000000e+01 -8.500000000000000000e+00
5.599999904632568359e+00 -4.010000228881835938e+00 6.820000171661376953e+00 -1.750000000000000000e+00 2.287500000000000000e+01 -4.500000000000000000e+01 -3.125000000000000000e-01 -1.406250000000000000e+01 -8.875000000000000000e+00
5.630000114440917969e+00 -3.980000019073486328e+00 6.900000095367431641e+00 -1.750000000000000000e+00 2.287500000000000000e+01 -4.500000000000000000e+01 6.250000000000000000e-02 -1.250000000000000000e+01 -8.625000000000000000e+00
5.570000171661376953e+00 -3.859999895095825195e+00 6.769999980926513672e+00 -1.750000000000000000e+00 2.287500000000000000e+01 -4.500000000000000000e+01 6.250000000000000000e-01 -1.068750000000000000e+01 -8.062500000000000000e+00
5.619999885559082031e+00 -3.789999961853027344e+00 7.000000000000000000e+00 -1.750000000000000000e+00 2.287500000000000000e+01 -4.500000000000000000e+01 6.875000000000000000e-01 -9.125000000000000000e+00 -7.625000000000000000e+00
5.570000171661376953e+00 -3.839999914169311523e+00 7.059999942779541016e+00 -2.687500000000000000e+00 2.300000000000000000e+01 -4.456250000000000000e+01 2.500000000000000000e-01 -8.312500000000000000e+00 -6.375000000000000000e+00
5.699999809265136719e+00 -3.829999923706054688e+00 7.059999942779541016e+00 -2.687500000000000000e+00 2.300000000000000000e+01 -4.456250000000000000e+01 0.000000000000000000e+00 -8.062500000000000000e+00 -5.312500000000000000e+00
5.809999942779541016e+00 -3.960000038146972656e+00 6.860000133514404297e+00 -2.687500000000000000e+00 2.300000000000000000e+01 -4.456250000000000000e+01 -6.250000000000000000e-01 -7.187500000000000000e+00 -4.562500000000000000e+00
5.849999904632568359e+00 -4.019999980926513672e+00 6.829999923706054688e+00 -2.687500000000000000e+00 2.300000000000000000e+01 -4.456250000000000000e+01 -6.250000000000000000e-01 -5.875000000000000000e+00 -4.250000000000000000e+00
5.909999847412109375e+00 -4.099999904632568359e+00 6.730000019073486328e+00 -2.687500000000000000e+00 2.300000000000000000e+01 -4.456250000000000000e+01 1.875000000000000000e-01 -4.062500000000000000e+00 -4.000000000000000000e+00
5.929999828338623047e+00 -4.119999885559082031e+00 6.739999771118164062e+00 -2.250000000000000000e+00 2.256250000000000000e+01 -4.500000000000000000e+01 1.187500000000000000e+00 -1.812500000000000000e+00 -3.625000000000000000e+00
5.760000228881835938e+00 -4.010000228881835938e+00 6.780000209808349609e+00 -2.250000000000000000e+00 2.256250000000000000e+01 -4.500000000000000000e+01 2.562500000000000000e+00 5.625000000000000000e-01 -3.125000000000000000e+00
5.699999809265136719e+00 -4.010000228881835938e+00 6.880000114440917969e+00 -2.250000000000000000e+00 2.256250000000000000e+01 -4.500000000000000000e+01 3.687500000000000000e+00 2.437500000000000000e+00 -2.562500000000000000e+00
5.619999885559082031e+00 -3.940000057220458984e+00 6.869999885559082031e+00 -2.250000000000000000e+00 2.256250000000000000e+01 -4.500000000000000000e+01 5.062500000000000000e+00 3.937500000000000000e+00 -2.562500000000000000e+00
5.530000209808349609e+00 -3.940000057220458984e+00 7.050000190734863281e+00 -2.250000000000000000e+00 2.256250000000000000e+01 -4.500000000000000000e+01 5.687500000000000000e+00 4.875000000000000000e+00 -2.562500000000000000e+00
5.519999980926513672e+00 -3.769999980926513672e+00 7.130000114440917969e+00 -3.750000000000000000e+00 2.206250000000000000e+01 -4.418750000000000000e+01 5.875000000000000000e+00 4.750000000000000000e+00 -2.500000000000000000e+00
5.500000000000000000e+00 -3.690000057220458984e+00 7.150000095367431641e+00 -3.750000000000000000e+00 2.206250000000000000e+01 -4.418750000000000000e+01 5.062500000000000000e+00 4.625000000000000000e+00 -2.062500000000000000e+00
5.519999980926513672e+00 -3.680000066757202148e+00 7.179999828338623047e+00 -3.750000000000000000e+00 2.206250000000000000e+01 -4.418750000000000000e+01 3.812500000000000000e+00 4.250000000000000000e+00 -1.000000000000000000e+00
5.550000190734863281e+00 -3.619999885559082031e+00 7.050000190734863281e+00 -3.750000000000000000e+00 2.206250000000000000e+01 -4.418750000000000000e+01 2.812500000000000000e+00 3.812500000000000000e+00 6.250000000000000000e-02
5.610000133514404297e+00 -3.619999885559082031e+00 6.989999771118164062e+00 -3.750000000000000000e+00 2.206250000000000000e+01 -4.418750000000000000e+01 1.625000000000000000e+00 4.250000000000000000e+00 1.437500000000000000e+00
5.630000114440917969e+00 -3.630000114440917969e+00 6.969999790191650391e+00 -3.750000000000000000e+00 2.218750000000000000e+01 -4.456250000000000000e+01 6.875000000000000000e-01 5.125000000000000000e+00 3.250000000000000000e+00
5.619999885559082031e+00 -3.609999895095825195e+00 6.800000190734863281e+00 -3.750000000000000000e+00 2.218750000000000000e+01 -4.456250000000000000e+01 1.000000000000000000e+00 6.875000000000000000e+00 5.312500000000000000e+00
5.510000228881835938e+00 -3.759999990463256836e+00 6.670000076293945312e+00 -3.750000000000000000e+00 2.218750000000000000e+01 -4.456250000000000000e+01 3.562500000000000000e+00 1.031250000000000000e+01 8.062500000000000000e+00
6.079999923706054688e+00 -4.280000209808349609e+00 6.969999790191650391e+00 -3.750000000000000000e+00 2.218750000000000000e+01 -4.456250000000000000e+01 7.250000000000000000e+00 1.412500000000000000e+01 1.031250000000000000e+01
6.619999885559082031e+00 -4.079999923706054688e+00 6.750000000000000000e+00 -3.750000000000000000e+00 2.218750000000000000e+01 -4.456250000000000000e+01 5.687500000000000000e+00 1.581250000000000000e+01 8.625000000000000000e+00
5.369999885559082031e+00 -3.940000057220458984e+00 6.690000057220458984e+00 -2.750000000000000000e+00 2.175000000000000000e+01 -4.418750000000000000e+01 9.562500000000000000e+00 1.868750000000000000e+01 6.562500000000000000e+00
6.090000152587890625e+00 -3.789999961853027344e+00 6.619999885559082031e+00 -2.750000000000000000e+00 2.175000000000000000e+01 -4.418750000000000000e+01 1.231250000000000000e+01 2.181250000000000000e+01 5.375000000000000000e+00
5.809999942779541016e+00 -3.700000047683715820e+00 6.929999828338623047e+00 -2.750000000000000000e+00 2.175000000000000000e+01 -4.418750000000000000e+01 1.375000000000000000e+01 2.525000000000000000e+01 4.937500000000000000e+00
5.750000000000000000e+00 -3.519999980926513672e+00 7.010000228881835938e+00 -2.750000000000000000e+00 2.175000000000000000e+01 -4.418750000000000000e+01 1.406250000000000000e+01 2.868750000000000000e+01 4.750000000000000000e+00
5.510000228881835938e+00 -3.329999923706054688e+00 7.159999847412109375e+00 -2.750000000000000000e+00 2.175000000000000000e+01 -4.418750000000000000e+01 1.131250000000000000e+01 3.093750000000000000e+01 5.750000000000000000e+00
5.510000228881835938e+00 -3.450000047683715820e+00 7.320000171661376953e+00 -2.000000000000000000e+00 2.256250000000000000e+01 -4.575000000000000000e+01 7.312500000000000000e+00 3.268750000000000000e+01 7.625000000000000000e+00
5.460000038146972656e+00 -3.670000076293945312e+00 7.139999866485595703e+00 -2.000000000000000000e+00 2.256250000000000000e+01 -4.575000000000000000e+01 3.437500000000000000e+00 3.350000000000000000e+01 8.437500000000000000e+00
5.260000228881835938e+00 -3.730000019073486328e+00 6.920000076293945312e+00 -2.000000000000000000e+00 2.256250000000000000e+01 -4.575000000000000000e+01 6.875000000000000000e-01 3.643750000000000000e+01 7.875000000000000000e+00
5.300000190734863281e+00 -3.900000095367431641e+00 7.269999980926513672e+00 -2.000000000000000000e+00 2.256250000000000000e+01 -4.575000000000000000e+01 -2.500000000000000000e-01 3.912500000000000000e+01 8.437500000000000000e+00
5.250000000000000000e+00 -3.869999885559082031e+00 7.179999828338623047e+00 -2.000000000000000000e+00 2.256250000000000000e+01 -4.575000000000000000e+01 2.375000000000000000e+00 4.143750000000000000e+01 8.000000000000000000e+00
5.289999961853027344e+00 -3.799999952316284180e+00 7.260000228881835938e+00 -2.750000000000000000e+00 2.175000000000000000e+01 -4.537500000000000000e+01 5.875000000000000000e+00 4.412500000000000000e+01 7.875000000000000000e+00
5.230000019073486328e+00 -3.759999990463256836e+00 7.250000000000000000e+00 -2.750000000000000000e+00 2.175000000000000000e+01 -4.537500000000000000e+01 8.250000000000000000e+00 4.712500000000000000e+01 8.312500000000000000e+00
4.960000038146972656e+00 -4.030000209808349609e+00 7.340000152587890625e+00 -2.750000000000000000e+00 2.175000000000000000e+01 -4.537500000000000000e+01 9.375000000000000000e+00 5.037500000000000000e+01 8.187500000000000000e+00
4.719999790191650391e+00 -4.030000209808349609e+00 7.349999904632568359e+00 -2.750000000000000000e+00 2.175000000000000000e+01 -4.537500000000000000e+01 8.812500000000000000e+00 5.231250000000000000e+01 7.375000000000000000e+00
4.590000152587890625e+00 -3.890000104904174805e+00 7.659999847412109375e+00 -2.750000000000000000e+00 2.175000000000000000e+01 -4.537500000000000000e+01 9.562500000000000000e+00 5.362500000000000000e+01 6.812500000000000000e+00
4.440000057220458984e+00 -3.990000009536743164e+00 7.559999942779541016e+00 5.000000000000000000e-01 2.218750000000000000e+01 -4.618750000000000000e+01 1.131250000000000000e+01 5.375000000000000000e+01 7.062500000000000000e+00
