2.339999914169311523e+00 -3.859999895095825195e+00 8.699999809265136719e+00 1.506250000000000000e+01 2.056250000000000000e+01 -4.906250000000000000e+01 -3.125000000000000000e-01 -2.500000000000000000e-01 -1.250000000000000000e-01
2.329999923706054688e+00 -3.880000114440917969e+00 8.710000038146972656e+00 1.506250000000000000e+01 2.056250000000000000e+01 -4.906250000000000000e+01 -3.125000000000000000e-01 -5.000000000000000000e-01 0.000000000000000000e+00
2.349999904632568359e+00 -3.869999885559082031e+00 8.710000038146972656e+00 1.506250000000000000e+01 2.056250000000000000e+01 -4.906250000000000000e+01 -5.000000000000000000e-01 -3.750000000000000000e-01 -1.250000000000000000e-01
2.349999904632568359e+00 -3.859999895095825195e+00 8.680000305175781250e+00 1.506250000000000000e+01 2.056250000000000000e+01 -4.906250000000000000e+01 -4.375000000000000000e-01 -1.250000000000000000e-01 -1.250000000000000000e-01
2.329999923706054688e+00 -3.890000104904174805e+00 8.720000267028808594e+00 1.468750000000000000e+01 2.087500000000000000e+01 -4.906250000000000000e+01 -8.125000000000000000e-01 -3.125000000000000000e-01 0.000000000000000000e+00
2.339999914169311523e+00 -3.900000095367431641e+00 8.699999809265136719e+00 1.468750000000000000e+01 2.087500000000000000e+01 -4.906250000000000000e+01 -7.500000000000000000e-01 -4.375000000000000000e-01 0.000000000000000000e+00
2.359999895095825195e+00 -3.920000076293945312e+00 8.680000305175781250e+00 1.468750000000000000e+01 2.087500000000000000e+01 -4.906250000000000000e+01 -6.875000000000000000e-01 -3.750000000000000000e-01 0.000000000000000000e+00
2.339999914169311523e+00 -3.910000085830688477e+00 8.680000305175781250e+00 1.468750000000000000e+01 2.087500000000000000e+01 -4.906250000000000000e+01 -5.625000000000000000e-01 -1.875000000000000000e-01 0.000000000000000000e+00
2.349999904632568359e+00 -3.910000085830688477e+00 8.680000305175781250e+00 1.468750000000000000e+01 2.087500000000000000e+01 -4.906250000000000000e+01 -6.250000000000000000e-01 -2.500000000000000000e-01 -1.250000000000000000e-01
2.349999904632568359e+00 -3.920000076293945312e+00 8.670000076293945312e+00 1.618750000000000000e+01 1.975000000000000000e+01 -4.837500000000000000e+01 -4.375000000000000000e-01 -3.125000000000000000e-01 6.250000000000000000e-02
2.410000085830688477e+00 -3.930000066757202148e+00 8.670000076293945312e+00 1.618750000000000000e+01 1.975000000000000000e+01 -4.837500000000000000e+01 -3.125000000000000000e-01 -1.250000000000000000e-01 -6.250000000000000000e-02
2.359999895095825195e+00 -3.950000047683715820e+00 8.659999847412109375e+00 1.618750000000000000e+01 1.975000000000000000e+01 -4.837500000000000000e+01 0.000000000000000000e+00 6.250000000000000000e-02 6.250000000000000000e-02
2.339999914169311523e+00 -3.940000057220458984e+00 8.689999580383300781e+00 1.618750000000000000e+01 1.975000000000000000e+01 -4.837500000000000000e+01 1.250000000000000000e-01 4.375000000000000000e-01 6.250000000000000000e-02
2.380000114440917969e+00 -3.900000095367431641e+00 8.689999580383300781e+00 1.618750000000000000e+01 1.975000000000000000e+01 -4.837500000000000000e+01 6.875000000000000000e-01 1.875000000000000000e-01 1.250000000000000000e-01
2.299999952316284180e+00 -3.920000076293945312e+00 8.680000305175781250e+00 1.550000000000000000e+01 2.087500000000000000e+01 -4.918750000000000000e+01 5.625000000000000000e-01 5.000000000000000000e-01 6.250000000000000000e-02
2.329999923706054688e+00 -3.880000114440917969e+00 8.729999542236328125e+00 1.550000000000000000e+01 2.087500000000000000e+01 -4.918750000000000000e+01 6.875000000000000000e-01 4.375000000000000000e-01 -1.875000000000000000e-01
2.329999923706054688e+00 -3.819999933242797852e+00 8.689999580383300781e+00 1.550000000000000000e+01 2.087500000000000000e+01 -4.918750000000000000e+01 8.125000000000000000e-01 1.250000000000000000e-01 -1.250000000000000000e-01
2.329999923706054688e+00 -3.819999933242797852e+00 8.720000267028808594e+00 1.550000000000000000e+01 2.087500000000000000e+01 -4.918750000000000000e+01 3.750000000000000000e-01 6.250000000000000000e-02 0.000000000000000000e+00
2.339999914169311523e+00 -3.910000085830688477e+00 8.680000305175781250e+00 1.550000000000000000e+01 2.087500000000000000e+01 -4.918750000000000000e+01 0.000000000000000000e+00 1.250000000000000000e-01 6.250000000000000000e-02
2.329999923706054688e+00 -3.910000085830688477e+00 8.670000076293945312e+00 1.575000000000000000e+01 2.125000000000000000e+01 -4.956250000000000000e+01 -3.125000000000000000e-01 -1.250000000000000000e-01 1.875000000000000000e-01
2.349999904632568359e+00 -3.910000085830688477e+00 8.680000305175781250e+00 1.575000000000000000e+01 2.125000000000000000e+01 -4.956250000000000000e+01 -1.875000000000000000e-01 1.875000000000000000e-01 -6.250000000000000000e-02
2.319999933242797852e+00 -3.900000095367431641e+00 8.630000114440917969e+00 1.575000000000000000e+01 2.125000000000000000e+01 -4.956250000000000000e+01 6.250000000000000000e-02 0.000000000000000000e+00 0.000000000000000000e+00
2.329999923706054688e+00 -3.960000038146972656e+00 8.649999618530273438e+00 1.575000000000000000e+01 2.125000000000000000e+01 -4.956250000000000000e+01 2.500000000000000000e-01 1.250000000000000000e-01 -6.250000000000000000e-02
2.329999923706054688e+00 -3.950000047683715820e+00 8.670000076293945312e+00 1.575000000000000000e+01 2.125000000000000000e+01 -4.956250000000000000e+01 4.375000000000000000e-01 6.250000000000000000e-02 -1.875000000000000000e-01
2.380000114440917969e+00 -3.900000095367431641e+00 8.680000305175781250e+00 1.550000000000000000e+01 2.056250000000000000e+01 -4.825000000000000000e+01 8.125000000000000000e-01 1.250000000000000000e-01 -3.750000000000000000e-01
2.299999952316284180e+00 -3.900000095367431641e+00 8.710000038146972656e+00 1.550000000000000000e+01 2.056250000000000000e+01 -4.825000000000000000e+01 8.750000000000000000e-01 3.125000000000000000e-01 -3.750000000000000000e-01
2.329999923706054688e+00 -3.930000066757202148e+00 8.689999580383300781e+00 1.550000000000000000e+01 2.056250000000000000e+01 -4.825000000000000000e+01 9.375000000000000000e-01 0.000000000000000000e+00 -5.625000000000000000e-01
2.400000095367431641e+00 -3.869999885559082031e+00 8.710000038146972656e+00 1.550000000000000000e+01 2.056250000000000000e+01 -4.825000000000000000e+01 9.375000000000000000e-01 -6.250000000000000000e-02 -5.625000000000000000e-01
2.359999895095825195e+00 -3.849999904632568359e+00 8.750000000000000000e+00 1.550000000000000000e+01 2.056250000000000000e+01 -4.825000000000000000e+01 1.000000000000000000e+00 6.250000000000000000e-02 -5.000000000000000000e-01
2.329999923706054688e+00 -3.839999914169311523e+00 8.739999771118164062e+00 1.618750000000000000e+01 1.975000000000000000e+01 -4.918750000000000000e+01 1.250000000000000000e+00 0.000000000000000000e+00 -3.750000000000000000e-01
2.250000000000000000e+00 -3.950000047683715820e+00 8.670000076293945312e+00 1.618750000000000000e+01 1.975000000000000000e+01 -4.918750000000000000e+01 2.187500000000000000e+00 0.000000000000000000e+00 -2.500000000000000000e-01
2.240000009536743164e+00 -4.130000114440917969e+00 8.539999961853027344e+00 1.618750000000000000e+01 1.975000000000000000e+01 -4.918750000000000000e+01 3.250000000000000000e+00 -6.250000000000000000e-02 -5.000000000000000000e-01
2.319999933242797852e+00 -4.099999904632568359e+00 8.600000381469726562e+00 1.618750000000000000e+01 1.975000000000000000e+01 -4.918750000000000000e+01 4.000000000000000000e+00 -2.500000000000000000e-01 -1.312500000000000000e+00
2.319999933242797852e+00 -3.880000114440917969e+00 8.680000305175781250e+00 1.618750000000000000e+01 1.975000000000000000e+01 -4.918750000000000000e+01 6.062500000000000000e+00 -1.875000000000000000e-01 -2.000000000000000000e+00
2.339999914169311523e+00 -3.789999961853027344e+00 8.750000000000000000e+00 1.650000000000000000e+01 1.975000000000000000e+01 -5.000000000000000000e+01 7.250000000000000000e+00 -6.250000000000000000e-02 -2.375000000000000000e+00
2.329999923706054688e+00 -3.779999971389770508e+00 8.689999580383300781e+00 1.650000000000000000e+01 1.975000000000000000e+01 -5.000000000000000000e+01 6.625000000000000000e+00 0.000000000000000000e+00 -2.562500000000000000e+00
2.440000057220458984e+00 -3.900000095367431641e+00 8.710000038146972656e+00 1.650000000000000000e+01 1.975000000000000000e+01 -5.000000000000000000e+01 5.937500000000000000e+00 0.000000000000000000e+00 -2.437500000000000000e+00
2.430000066757202148e+00 -3.910000085830688477e+00 8.689999580383300781e+00 1.650000000000000000e+01 1.975000000000000000e+01 -5.000000000000000000e+01 5.875000000000000000e+00 3.125000000000000000e-01 -2.562500000000000000e+00
2.359999895095825195e+00 -3.839999914169311523e+00 8.729999542236328125e+00 1.650000000000000000e+01 1.975000000000000000e+01 -5.000000000000000000e+01 5.812500000000000000e+00 6.250000000000000000e-01 -2.500000000000000000e+00
2.359999895095825195e+00 -3.710000038146972656e+00 8.779999732971191406e+00 1.550000000000000000e+01 2.087500000000000000e+01 -5.000000000000000000e+01 6.125000000000000000e+00 1.187500000000000000e+00 -2.312500000000000000e+00
2.420000076293945312e+00 -3.410000085830688477e+00 8.899999618530273438e+00 1.550000000000000000e+01 2.087500000000000000e+01 -5.000000000000000000e+01 5.062500000000000000e+00 8.125000000000000000e-01 -2.125000000000000000e+00
2.349999904632568359e+00 -3.369999885559082031e+00 8.880000114440917969e+00 1.550000000000000000e+01 2.087500000000000000e+01 -5.000000000000000000e+01 2.750000000000000000e+00 6.250000000000000000e-01 -1.437500000000000000e+00
2.390000104904174805e+00 -3.539999961853027344e+00 8.859999656677246094e+00 1.550000000000000000e+01 2.087500000000000000e+01 -5.000000000000000000e+01 -2.500000000000000000e-01 1.250000000000000000e-01 -3.750000000000000000e-01
2.329999923706054688e+00 -3.609999895095825195e+00 8.850000381469726562e+00 1.550000000000000000e+01 2.087500000000000000e+01 -5.000000000000000000e+01 -3.000000000000000000e+00 6.250000000000000000e-02 1.875000000000000000e-01
2.369999885559082031e+00 -3.549999952316284180e+00 8.810000419616699219e+00 1.618750000000000000e+01 2.018750000000000000e+01 -4.956250000000000000e+01 -4.562500000000000000e+00 -3.750000000000000000e-01 7.500000000000000000e-01
2.210000038146972656e+00 -3.490000009536743164e+00 9.100000381469726562e+00 1.618750000000000000e+01 2.018750000000000000e+01 -4.956250000000000000e+01 -7.312500000000000000e+00 -9.375000000000000000e-01 1.187500000000000000e+00
2.269999980926513672e+00 -3.180000066757202148e+00 9.390000343322753906e+00 1.618750000000000000e+01 2.018750000000000000e+01 -4.956250000000000000e+01 -1.337500000000000000e+01 -1.375000000000000000e+00 1.437500000000000000e+00
2.220000028610229492e+00 -2.299999952316284180e+00 9.789999961853027344e+00 1.618750000000000000e+01 2.018750000000000000e+01 -4.956250000000000000e+01 -2.343750000000000000e+01 -4.125000000000000000e+00 2.437500000000000000e+00
2.349999904632568359e+00 -1.340000033378601074e+00 9.819999694824218750e+00 1.618750000000000000e+01 2.018750000000000000e+01 -4.956250000000000000e+01 -4.281250000000000000e+01 -6.562500000000000000e+00 4.625000000000000000e+00
2.369999885559082031e+00 -7.599999904632568359e-01 1.064999961853027344e+01 1.550000000000000000e+01 2.056250000000000000e+01 -4.800000000000000000e+01 -6.587500000000000000e+01 -1.056250000000000000e+01 9.562500000000000000e+00
3.210000038146972656e+00 -7.799999713897705078e-01 1.071000003814697266e+01 1.550000000000000000e+01 2.056250000000000000e+01 -4.800000000000000000e+01 -8.556250000000000000e+01 -1.587500000000000000e+01 1.750000000000000000e+01
3.680000066757202148e+00 -2.369999885559082031e+00 9.880000114440917969e+00 1.550000000000000000e+01 2.056250000000000000e+01 -4.800000000000000000e+01 -1.046250000000000000e+02 -1.606250000000000000e+01 2.637500000000000000e+01
3.190000057220458984e+00 -3.670000076293945312e+00 9.489999771118164062e+00 1.550000000000000000e+01 2.056250000000000000e+01 -4.800000000000000000e+01 -1.290000000000000000e+02 -9.062500000000000000e+00 3.156250000000000000e+01
2.539999961853027344e+00 -4.309999942779541016e+00 9.119999885559082031e+00 1.550000000000000000e+01 2.056250000000000000e+01 -4.800000000000000000e+01 -1.452500000000000000e+02 -1.937500000000000000e+00 3.500000000000000000e+01
2.039999961853027344e+00 -4.679999828338623047e+00 8.239999771118164062e+00 1.425000000000000000e+01 2.206250000000000000e+01 -4.756250000000000000e+01 -1.488125000000000000e+02 -6.250000000000000000e-02 3.687500000000000000e+01
2.240000009536743164e+00 -4.699999809265136719e+00 7.980000019073486328e+00 1.425000000000000000e+01 2.206250000000000000e+01 -4.756250000000000000e+01 -1.435625000000000000e+02 -1.625000000000000000e+00 3.768750000000000000e+01
2.500000000000000000e+00 -4.889999866485595703e+00 7.730000019073486328e+00 1.425000000000000000e+01 2.206250000000000000e+01 -4.756250000000000000e+01 -1.427500000000000000e+02 -3.187500000000000000e+00 3.843750000000000000e+01
2.430000066757202148e+00 -4.880000114440917969e+00 7.570000171661376953e+00 1.425000000000000000e+01 2.206250000000000000e+01 -4.756250000000000000e+01 -1.448125000000000000e+02 -2.437500000000000000e+00 3.981250000000000000e+01
2.259999990463256836e+00 -4.929999828338623047e+00 7.929999828338623047e+00 1.425000000000000000e+01 2.206250000000000000e+01 -4.756250000000000000e+01 -1.447500000000000000e+02 -1.500000000000000000e+00 4.100000000000000000e+01
2.529999971389770508e+00 -4.800000190734863281e+00 8.020000457763671875e+00 1.650000000000000000e+01 2.718750000000000000e+01 -4.675000000000000000e+01 -1.446250000000000000e+02 -3.437500000000000000e+00 4.281250000000000000e+01
2.519999980926513672e+00 -4.539999961853027344e+00 8.020000457763671875e+00 1.650000000000000000e+01 2.718750000000000000e+01 -4.675000000000000000e+01 -1.485625000000000000e+02 -4.750000000000000000e+00 4.718750000000000000e+01
2.279999971389770508e+00 -4.469999790191650391e+00 7.900000095367431641e+00 1.650000000000000000e+01 2.718750000000000000e+01 -4.675000000000000000e+01 -1.543750000000000000e+02 -2.875000000000000000e+00 5.325000000000000000e+01
2.000000000000000000e+00 -4.889999866485595703e+00 7.280000209808349609e+00 1.650000000000000000e+01 2.718750000000000000e+01 -4.675000000000000000e+01 -1.623750000000000000e+02 -8.125000000000000000e-01 5.606250000000000000e+01
1.889999985694885254e+00 -5.309999942779541016e+00 6.869999885559082031e+00 1.650000000000000000e+01 2.718750000000000000e+01 -4.675000000000000000e+01 -1.723750000000000000e+02 4.375000000000000000e-01 5.487500000000000000e+01
1.730000019073486328e+00 -5.760000228881835938e+00 6.429999828338623047e+00 1.687500000000000000e+01 3.075000000000000000e+01 -4.237500000000000000e+01 -1.809375000000000000e+02 2.000000000000000000e+00 5.193750000000000000e+01
1.620000004768371582e+00 -6.500000000000000000e+00 5.679999828338623047e+00 1.687500000000000000e+01 3.075000000000000000e+01 -4.237500000000000000e+01 -1.868750000000000000e+02 2.750000000000000000e+00 4.781250000000000000e+01
1.529999971389770508e+00 -6.760000228881835938e+00 5.309999942779541016e+00 1.687500000000000000e+01 3.075000000000000000e+01 -4.237500000000000000e+01 -1.914375000000000000e+02 2.937500000000000000e+00 4.350000000000000000e+01
1.389999985694885254e+00 -6.989999771118164062e+00 5.059999942779541016e+00 1.687500000000000000e+01 3.075000000000000000e+01 -4.237500000000000000e+01 -1.925000000000000000e+02 2.937500000000000000e+00 3.818750000000000000e+01
1.429999947547912598e+00 -7.340000152587890625e+00 4.699999809265136719e+00 1.687500000000000000e+01 3.075000000000000000e+01 -4.237500000000000000e+01 -1.925000000000000000e+02 2.375000000000000000e+00 3.125000000000000000e+01
1.389999985694885254e+00 -8.069999694824218750e+00 3.599999904632568359e+00 1.837500000000000000e+01 3.606250000000000000e+01 -3.875000000000000000e+01 -1.911875000000000000e+02 1.937500000000000000e+00 2.256250000000000000e+01
1.080000042915344238e+00 -8.689999580383300781e+00 3.000000000000000000e+00 1.837500000000000000e+01 3.606250000000000000e+01 -3.875000000000000000e+01 -1.871875000000000000e+02 4.062500000000000000e+00 1.268750000000000000e+01
7.099999785423278809e-01 -9.720000267028808594e+00 2.390000104904174805e+00 1.837500000000000000e+01 3.606250000000000000e+01 -3.875000000000000000e+01 -1.793750000000000000e+02 6.750000000000000000e+00 1.187500000000000000e+00
4.000000059604644775e-01 -1.076000022888183594e+01 1.570000052452087402e+00 1.837500000000000000e+01 3.606250000000000000e+01 -3.875000000000000000e+01 -1.645625000000000000e+02 6.437500000000000000e+00 -1.568750000000000000e+01
2.199999988079071045e-01 -1.084000015258789062e+01 1.610000014305114746e+00 1.837500000000000000e+01 3.606250000000000000e+01 -3.875000000000000000e+01 -1.400625000000000000e+02 5.750000000000000000e+00 -3.381250000000000000e+01
6.899999976158142090e-01 -1.090999984741210938e+01 1.289999961853027344e+00 1.950000000000000000e+01 4.106250000000000000e+01 -3.400000000000000000e+01 -1.191875000000000000e+02 2.312500000000000000e+00 -5.131250000000000000e+01
9.200000166893005371e-01 -1.047000026702880859e+01 1.940000057220458984e+00 1.950000000000000000e+01 4.106250000000000000e+01 -3.400000000000000000e+01 -9.400000000000000000e+01 -1.812500000000000000e+00 -6.356250000000000000e+01
2.049999952316284180e+00 -1.034000015258789062e+01 2.789999961853027344e+00 1.950000000000000000e+01 4.106250000000000000e+01 -3.400000000000000000e+01 -8.143750000000000000e+01 -5.500000000000000000e+00 -6.900000000000000000e+01
2.329999923706054688e+00 -1.044999980926513672e+01 3.210000038146972656e+00 1.950000000000000000e+01 4.106250000000000000e+01 -3.400000000000000000e+01 -7.550000000000000000e+01 -7.750000000000000000e+00 -6.381250000000000000e+01
2.480000019073486328e+00 -1.050000000000000000e+01 3.279999971389770508e+00 1.950000000000000000e+01 4.106250000000000000e+01 -3.400000000000000000e+01 -6.931250000000000000e+01 -8.250000000000000000e+00 -4.937500000000000000e+01
2.430000066757202148e+00 -1.051000022888183594e+01 3.390000104904174805e+00 1.800000000000000000e+01 4.587500000000000000e+01 -2.900000000000000000e+01 -5.856250000000000000e+01 -7.812500000000000000e+00 -2.943750000000000000e+01
2.329999923706054688e+00 -9.880000114440917969e+00 3.470000028610229492e+00 1.800000000000000000e+01 4.587500000000000000e+01 -2.900000000000000000e+01 -4.262500000000000000e+01 -7.250000000000000000e+00 -9.187500000000000000e+00
2.170000076293945312e+00 -9.050000190734863281e+00 3.460000038146972656e+00 1.800000000000000000e+01 4.587500000000000000e+01 -2.900000000000000000e+01 -2.400000000000000000e+01 -6.500000000000000000e+00 5.375000000000000000e+00
2.230000019073486328e+00 -8.640000343322753906e+00 3.640000104904174805e+00 1.800000000000000000e+01 4.587500000000000000e+01 -2.900000000000000000e+01 -1.550000000000000000e+01 -5.500000000000000000e+00 9.125000000000000000e+00
2.319999933242797852e+00 -9.239999771118164062e+00 3.549999952316284180e+00 1.800000000000000000e+01 4.587500000000000000e+01 -2.900000000000000000e+01 -2.193750000000000000e+01 -4.875000000000000000e+00 7.437500000000000000e+00
2.210000038146972656e+00 -9.140000343322753906e+00 3.460000038146972656e+00 1.725000000000000000e+01 4.818750000000000000e+01 -2.750000000000000000e+01 -2.393750000000000000e+01 -3.875000000000000000e+00 6.250000000000000000e+00
2.089999914169311523e+00 -9.319999694824218750e+00 3.220000028610229492e+00 1.725000000000000000e+01 4.818750000000000000e+01 -2.750000000000000000e+01 -2.162500000000000000e+01 -2.625000000000000000e+00 5.437500000000000000e+00
2.039999961853027344e+00 -9.550000190734863281e+00 2.950000047683715820e+00 1.725000000000000000e+01 4.818750000000000000e+01 -2.750000000000000000e+01 -2.062500000000000000e+01 -1.500000000000000000e+00 3.937500000000000000e+00
1.960000038146972656e+00 -9.680000305175781250e+00 2.859999895095825195e+00 1.725000000000000000e+01 4.818750000000000000e+01 -2.750000000000000000e+01 -1.675000000000000000e+01 -3.750000000000000000e-01 1.562500000000000000e+00
1.990000009536743164e+00 -9.649999618530273438e+00 2.980000019073486328e+00 1.725000000000000000e+01 4.818750000000000000e+01 -2.750000000000000000e+01 -1.025000000000000000e+01 -2.500000000000000000e-01 -6.250000000000000000e-02
2.039999961853027344e+00 -9.510000228881835938e+00 3.039999961853027344e+00 1.768750000000000000e+01 4.850000000000000000e+01 -2.750000000000000000e+01 -3.937500000000000000e+00 -4.375000000000000000e-01 -3.750000000000000000e-01
2.009999990463256836e+00 -9.369999885559082031e+00 3.130000114440917969e+00 1.768750000000000000e+01 4.850000000000000000e+01 -2.750000000000000000e+01 1.812500000000000000e+00 -1.250000000000000000e-01 -5.000000000000000000e-01
2.069999933242797852e+00 -9.329999923706054688e+00 3.130000114440917969e+00 1.768750000000000000e+01 4.850000000000000000e+01 -2.750000000000000000e+01 5.937500000000000000e+00 3.750000000000000000e-01 -9.375000000000000000e-01
2.059999942779541016e+00 -9.340000152587890625e+00 3.160000085830688477e+00 1.768750000000000000e+01 4.850000000000000000e+01 -2.750000000000000000e+01 9.625000000000000000e+00 7.500000000000000000e-01 -1.875000000000000000e+00
2.049999952316284180e+00 -9.300000190734863281e+00 3.259999990463256836e+00 1.768750000000000000e+01 4.850000000000000000e+01 -2.750000000000000000e+01 1.362500000000000000e+01 1.250000000000000000e+00 -2.500000000000000000e+00
2.059999942779541016e+00 -9.170000076293945312e+00 3.400000095367431641e+00 1.618750000000000000e+01 4.900000000000000000e+01 -2.668750000000000000e+01 1.781250000000000000e+01 1.750000000000000000e+00 -2.937500000000000000e+00
2.099999904632568359e+00 -9.149999618530273438e+00 3.480000019073486328e+00 1.618750000000000000e+01 4.900000000000000000e+01 -2.668750000000000000e+01 2.112500000000000000e+01 1.875000000000000000e+00 -3.437500000000000000e+00
2.160000085830688477e+00 -9.109999656677246094e+00 3.509999990463256836e+00 1.618750000000000000e+01 4.900000000000000000e+01 -2.668750000000000000e+01 2.293750000000000000e+01 1.937500000000000000e+00 -4.062500000000000000e+00
2.220000028610229492e+00 -9.130000114440917969e+00 3.500000000000000000e+00 1.618750000000000000e+01 4.900000000000000000e+01 -2.668750000000000000e+01 2.331250000000000000e+01 2.187500000000000000e+00 -4.562500000000000000e+00
2.130000114440917969e+00 -9.409999847412109375e+00 3.250000000000000000e+00 1.618750000000000000e+01 4.900000000000000000e+01 -2.668750000000000000e+01 2.475000000000000000e+01 3.062500000000000000e+00 -5.562500000000000000e+00
2.089999914169311523e+00 -9.590000152587890625e+00 3.150000095367431641e+00 1.618750000000000000e+01 4.818750000000000000e+01 -2.787500000000000000e+01 2.825000000000000000e+01 4.312500000000000000e+00 -6.812500000000000000e+00
