2.960000038146972656e+00 -4.250000000000000000e+00 8.289999961853027344e+00 9.000000000000000000e+00 2.300000000000000000e+01 -4.650000000000000000e+01 -5.000000000000000000e-01 6.250000000000000000e-02 1.875000000000000000e-01
2.960000038146972656e+00 -4.230000019073486328e+00 8.329999923706054688e+00 9.000000000000000000e+00 2.300000000000000000e+01 -4.650000000000000000e+01 -3.750000000000000000e-01 6.250000000000000000e-02 2.500000000000000000e-01
2.930000066757202148e+00 -4.230000019073486328e+00 8.350000381469726562e+00 9.000000000000000000e+00 2.300000000000000000e+01 -4.650000000000000000e+01 -3.750000000000000000e-01 1.875000000000000000e-01 1.250000000000000000e-01
2.950000047683715820e+00 -4.239999771118164062e+00 8.329999923706054688e+00 9.687500000000000000e+00 2.300000000000000000e+01 -4.768750000000000000e+01 -3.125000000000000000e-01 -1.250000000000000000e-01 2.500000000000000000e-01
2.940000057220458984e+00 -4.190000057220458984e+00 8.310000419616699219e+00 9.687500000000000000e+00 2.300000000000000000e+01 -4.768750000000000000e+01 -1.875000000000000000e-01 1.875000000000000000e-01 1.875000000000000000e-01
2.920000076293945312e+00 -4.230000019073486328e+00 8.329999923706054688e+00 9.687500000000000000e+00 2.300000000000000000e+01 -4.768750000000000000e+01 -2.500000000000000000e-01 0.000000000000000000e+00 3.125000000000000000e-01
2.960000038146972656e+00 -4.230000019073486328e+00 8.329999923706054688e+00 9.687500000000000000e+00 2.300000000000000000e+01 -4.768750000000000000e+01 -3.125000000000000000e-01 -1.875000000000000000e-01 1.250000000000000000e-01
2.940000057220458984e+00 -4.239999771118164062e+00 8.329999923706054688e+00 9.687500000000000000e+00 2.300000000000000000e+01 -4.768750000000000000e+01 -5.000000000000000000e-01 1.250000000000000000e-01 0.000000000000000000e+00
2.930000066757202148e+00 -4.230000019073486328e+00 8.340000152587890625e+00 1.000000000000000000e+01 2.300000000000000000e+01 -4.650000000000000000e+01 -2.500000000000000000e-01 -2.500000000000000000e-01 2.500000000000000000e-01
2.950000047683715820e+00 -4.219999790191650391e+00 8.310000419616699219e+00 1.000000000000000000e+01 2.300000000000000000e+01 -4.650000000000000000e+01 -3.750000000000000000e-01 -2.500000000000000000e-01 2.500000000000000000e-01
2.970000028610229492e+00 -4.239999771118164062e+00 8.310000419616699219e+00 1.000000000000000000e+01 2.300000000000000000e+01 -4.650000000000000000e+01 -3.125000000000000000e-01 -6.250000000000000000e-02 6.250000000000000000e-02
2.940000057220458984e+00 -4.239999771118164062e+00 8.300000190734863281e+00 1.000000000000000000e+01 2.300000000000000000e+01 -4.650000000000000000e+01 -1.875000000000000000e-01 6.250000000000000000e-02 1.250000000000000000e-01
2.950000047683715820e+00 -4.250000000000000000e+00 8.329999923706054688e+00 1.000000000000000000e+01 2.300000000000000000e+01 -4.650000000000000000e+01 -1.875000000000000000e-01 1.250000000000000000e-01 0.000000000000000000e+00
2.940000057220458984e+00 -4.210000038146972656e+00 8.310000419616699219e+00 9.375000000000000000e+00 2.375000000000000000e+01 -4.725000000000000000e+01 -1.875000000000000000e-01 0.000000000000000000e+00 3.125000000000000000e-01
2.930000066757202148e+00 -4.210000038146972656e+00 8.340000152587890625e+00 9.375000000000000000e+00 2.375000000000000000e+01 -4.725000000000000000e+01 -4.375000000000000000e-01 -1.250000000000000000e-01 3.125000000000000000e-01
2.940000057220458984e+00 -4.210000038146972656e+00 8.310000419616699219e+00 9.375000000000000000e+00 2.375000000000000000e+01 -4.725000000000000000e+01 -5.000000000000000000e-01 -1.250000000000000000e-01 1.875000000000000000e-01
2.940000057220458984e+00 -4.139999866485595703e+00 8.369999885559082031e+00 9.375000000000000000e+00 2.375000000000000000e+01 -4.725000000000000000e+01 -5.625000000000000000e-01 -2.500000000000000000e-01 4.375000000000000000e-01
2.970000028610229492e+00 -4.130000114440917969e+00 8.420000076293945312e+00 9.375000000000000000e+00 2.375000000000000000e+01 -4.725000000000000000e+01 -8.750000000000000000e-01 -3.750000000000000000e-01 5.000000000000000000e-01
2.970000028610229492e+00 -4.190000057220458984e+00 8.479999542236328125e+00 9.375000000000000000e+00 2.450000000000000000e+01 -4.606250000000000000e+01 -1.500000000000000000e+00 -5.625000000000000000e-01 5.000000000000000000e-01
3.319999933242797852e+00 -3.589999914169311523e+00 8.579999923706054688e+00 9.375000000000000000e+00 2.450000000000000000e+01 -4.606250000000000000e+01 -2.875000000000000000e+00 -1.312500000000000000e+00 8.750000000000000000e-01
3.289999961853027344e+00 -3.420000076293945312e+00 8.800000190734863281e+00 9.375000000000000000e+00 2.450000000000000000e+01 -4.606250000000000000e+01 -5.125000000000000000e+00 -6.875000000000000000e-01 3.250000000000000000e+00
3.059999942779541016e+00 -3.910000085830688477e+00 8.729999542236328125e+00 9.375000000000000000e+00 2.450000000000000000e+01 -4.606250000000000000e+01 -9.687500000000000000e+00 0.000000000000000000e+00 6.062500000000000000e+00
2.799999952316284180e+00 -4.429999828338623047e+00 8.399999618530273438e+00 9.375000000000000000e+00 2.450000000000000000e+01 -4.606250000000000000e+01 -1.406250000000000000e+01 -3.750000000000000000e-01 5.875000000000000000e+00
2.849999904632568359e+00 -4.440000057220458984e+00 8.399999618530273438e+00 9.000000000000000000e+00 2.300000000000000000e+01 -4.768750000000000000e+01 -1.281250000000000000e+01 -1.687500000000000000e+00 4.562500000000000000e+00
2.990000009536743164e+00 -4.250000000000000000e+00 8.199999809265136719e+00 9.000000000000000000e+00 2.300000000000000000e+01 -4.768750000000000000e+01 -1.237500000000000000e+01 -3.062500000000000000e+00 2.625000000000000000e+00
3.079999923706054688e+00 -4.190000057220458984e+00 8.170000076293945312e+00 9.000000000000000000e+00 2.300000000000000000e+01 -4.768750000000000000e+01 -1.268750000000000000e+01 -2.125000000000000000e+00 6.875000000000000000e-01
3.390000104904174805e+00 -3.519999980926513672e+00 8.409999847412109375e+00 9.000000000000000000e+00 2.300000000000000000e+01 -4.768750000000000000e+01 -1.075000000000000000e+01 -1.875000000000000000e-01 -3.750000000000000000e-01
3.230000019073486328e+00 -3.140000104904174805e+00 8.680000305175781250e+00 9.000000000000000000e+00 2.300000000000000000e+01 -4.768750000000000000e+01 -9.062500000000000000e+00 3.937500000000000000e+00 -3.375000000000000000e+00
3.190000057220458984e+00 -2.319999933242797852e+00 9.210000038146972656e+00 9.250000000000000000e+00 2.375000000000000000e+01 -4.606250000000000000e+01 -3.500000000000000000e+00 9.062500000000000000e+00 -1.043750000000000000e+01
3.309999942779541016e+00 -9.700000286102294922e-01 9.770000457763671875e+00 9.250000000000000000e+00 2.375000000000000000e+01 -4.606250000000000000e+01 3.312500000000000000e+00 1.362500000000000000e+01 -2.268750000000000000e+01
3.470000028610229492e+00 2.559999942779541016e+00 1.142000007629394531e+01 9.250000000000000000e+00 2.375000000000000000e+01 -4.606250000000000000e+01 3.187500000000000000e+00 1.993750000000000000e+01 -4.000000000000000000e+01
3.480000019073486328e+00 3.450000047683715820e+00 1.189000034332275391e+01 9.250000000000000000e+00 2.375000000000000000e+01 -4.606250000000000000e+01 -8.812500000000000000e+00 2.731250000000000000e+01 -6.018750000000000000e+01
3.150000095367431641e+00 4.239999771118164062e+00 1.185999965667724609e+01 9.250000000000000000e+00 2.375000000000000000e+01 -4.606250000000000000e+01 -2.837500000000000000e+01 3.550000000000000000e+01 -8.168750000000000000e+01
3.230000019073486328e+00 4.110000133514404297e+00 1.238000011444091797e+01 9.562500000000000000e+00 2.418750000000000000e+01 -4.650000000000000000e+01 -4.925000000000000000e+01 4.168750000000000000e+01 -1.000000000000000000e+02
1.679999947547912598e+00 4.699999988079071045e-01 1.206999969482421875e+01 9.562500000000000000e+00 2.418750000000000000e+01 -4.650000000000000000e+01 -6.456250000000000000e+01 4.700000000000000000e+01 -1.083750000000000000e+02
6.200000047683715820e-01 -1.620000004768371582e+00 1.122000026702880859e+01 9.562500000000000000e+00 2.418750000000000000e+01 -4.650000000000000000e+01 -4.418750000000000000e+01 4.743750000000000000e+01 -1.057500000000000000e+02
5.600000023841857910e-01 4.499999880790710449e-01 1.109000015258789062e+01 9.562500000000000000e+00 2.418750000000000000e+01 -4.650000000000000000e+01 1.956250000000000000e+01 3.612500000000000000e+01 -9.137500000000000000e+01
1.519999980926513672e+00 2.259999990463256836e+00 1.302000045776367188e+01 9.562500000000000000e+00 2.418750000000000000e+01 -4.650000000000000000e+01 4.943750000000000000e+01 1.950000000000000000e+01 -6.406250000000000000e+01
1.889999985694885254e+00 4.000000059604644775e-01 1.210999965667724609e+01 8.500000000000000000e+00 2.600000000000000000e+01 -4.487500000000000000e+01 3.631250000000000000e+01 4.750000000000000000e+00 -2.887500000000000000e+01
1.490000009536743164e+00 -1.199999973177909851e-01 1.238000011444091797e+01 8.500000000000000000e+00 2.600000000000000000e+01 -4.487500000000000000e+01 4.737500000000000000e+01 2.062500000000000000e+00 -6.625000000000000000e+00
2.089999914169311523e+00 3.799999952316284180e-01 1.263000011444091797e+01 8.500000000000000000e+00 2.600000000000000000e+01 -4.487500000000000000e+01 7.100000000000000000e+01 1.000000000000000000e+00 3.125000000000000000e-01
2.769999980926513672e+00 2.500000000000000000e-01 1.232999992370605469e+01 8.500000000000000000e+00 2.600000000000000000e+01 -4.487500000000000000e+01 8.993750000000000000e+01 2.875000000000000000e+00 1.250000000000000000e-01
3.079999923706054688e+00 2.599999904632568359e-01 1.188000011444091797e+01 8.500000000000000000e+00 2.600000000000000000e+01 -4.487500000000000000e+01 1.051875000000000000e+02 7.250000000000000000e+00 -5.250000000000000000e+00
3.059999942779541016e+00 9.000000357627868652e-02 1.142000007629394531e+01 7.000000000000000000e+00 2.637500000000000000e+01 -4.850000000000000000e+01 1.109375000000000000e+02 1.306250000000000000e+01 -1.275000000000000000e+01
2.950000047683715820e+00 -7.699999809265136719e-01 1.071000003814697266e+01 7.000000000000000000e+00 2.637500000000000000e+01 -4.850000000000000000e+01 1.092500000000000000e+02 2.000000000000000000e+01 -2.200000000000000000e+01
3.089999914169311523e+00 -3.000000000000000000e+00 8.449999809265136719e+00 7.000000000000000000e+00 2.637500000000000000e+01 -4.850000000000000000e+01 1.048125000000000000e+02 2.750000000000000000e+01 -3.112500000000000000e+01
3.259999990463256836e+00 -4.030000209808349609e+00 8.000000000000000000e+00 7.000000000000000000e+00 2.637500000000000000e+01 -4.850000000000000000e+01 1.028125000000000000e+02 3.306250000000000000e+01 -4.037500000000000000e+01
2.880000114440917969e+00 -5.150000095367431641e+00 7.159999847412109375e+00 7.000000000000000000e+00 2.637500000000000000e+01 -4.850000000000000000e+01 9.931250000000000000e+01 3.237500000000000000e+01 -4.812500000000000000e+01
3.599999904632568359e+00 -6.349999904632568359e+00 6.860000133514404297e+00 7.000000000000000000e+00 2.018750000000000000e+01 -5.275000000000000000e+01 9.706250000000000000e+01 2.731250000000000000e+01 -5.362500000000000000e+01
3.809999942779541016e+00 -7.019999980926513672e+00 6.659999847412109375e+00 7.000000000000000000e+00 2.018750000000000000e+01 -5.275000000000000000e+01 8.412500000000000000e+01 2.037500000000000000e+01 -5.356250000000000000e+01
4.429999828338623047e+00 -7.039999961853027344e+00 6.570000171661376953e+00 7.000000000000000000e+00 2.018750000000000000e+01 -5.275000000000000000e+01 6.437500000000000000e+01 1.306250000000000000e+01 -4.981250000000000000e+01
4.389999866485595703e+00 -8.039999961853027344e+00 6.079999923706054688e+00 7.000000000000000000e+00 2.018750000000000000e+01 -5.275000000000000000e+01 3.381250000000000000e+01 8.250000000000000000e+00 -3.956250000000000000e+01
4.849999904632568359e+00 -1.193000030517578125e+01 5.519999980926513672e+00 7.000000000000000000e+00 2.018750000000000000e+01 -5.275000000000000000e+01 4.875000000000000000e+00 4.562500000000000000e+00 -2.218750000000000000e+01
5.690000057220458984e+00 -1.309000015258789062e+01 4.960000038146972656e+00 7.687500000000000000e+00 1.306250000000000000e+01 -5.756250000000000000e+01 -7.375000000000000000e+00 -3.750000000000000000e-01 2.375000000000000000e+00
5.719999790191650391e+00 -1.364999961853027344e+01 4.849999904632568359e+00 7.687500000000000000e+00 1.306250000000000000e+01 -5.756250000000000000e+01 -3.187500000000000000e+00 -6.375000000000000000e+00 2.756250000000000000e+01
5.139999866485595703e+00 -1.365999984741210938e+01 4.889999866485595703e+00 7.687500000000000000e+00 1.306250000000000000e+01 -5.756250000000000000e+01 2.500000000000000000e-01 -1.662500000000000000e+01 5.106250000000000000e+01
4.800000190734863281e+00 -1.392000007629394531e+01 4.349999904632568359e+00 7.687500000000000000e+00 1.306250000000000000e+01 -5.756250000000000000e+01 4.312500000000000000e+00 -2.875000000000000000e+01 6.912500000000000000e+01
4.610000133514404297e+00 -1.355000019073486328e+01 4.480000019073486328e+00 7.687500000000000000e+00 1.306250000000000000e+01 -5.756250000000000000e+01 1.456250000000000000e+01 -3.706250000000000000e+01 8.193750000000000000e+01
4.610000133514404297e+00 -1.355000019073486328e+01 4.480000019073486328e+00 7.000000000000000000e+00 7.062500000000000000e+00 -5.956250000000000000e+01 2.668750000000000000e+01 -4.293750000000000000e+01 8.837500000000000000e+01
4.380000114440917969e+00 -1.048999977111816406e+01 5.590000152587890625e+00 7.000000000000000000e+00 7.062500000000000000e+00 -5.956250000000000000e+01 3.275000000000000000e+01 -4.762500000000000000e+01 8.950000000000000000e+01
4.360000133514404297e+00 -9.409999847412109375e+00 6.039999961853027344e+00 7.000000000000000000e+00 7.062500000000000000e+00 -5.956250000000000000e+01 3.156250000000000000e+01 -5.075000000000000000e+01 8.662500000000000000e+01
4.199999809265136719e+00 -8.489999771118164062e+00 6.400000095367431641e+00 7.000000000000000000e+00 7.062500000000000000e+00 -5.956250000000000000e+01 2.206250000000000000e+01 -4.931250000000000000e+01 8.087500000000000000e+01
3.849999904632568359e+00 -7.639999866485595703e+00 6.610000133514404297e+00 7.000000000000000000e+00 7.062500000000000000e+00 -5.956250000000000000e+01 4.312500000000000000e+00 -4.381250000000000000e+01 7.150000000000000000e+01
3.849999904632568359e+00 -7.639999866485595703e+00 6.610000133514404297e+00 5.875000000000000000e+00 4.562500000000000000e+00 -6.125000000000000000e+01 -1.793750000000000000e+01 -3.687500000000000000e+01 5.975000000000000000e+01
3.190000057220458984e+00 -6.230000019073486328e+00 7.739999771118164062e+00 5.875000000000000000e+00 4.562500000000000000e+00 -6.125000000000000000e+01 -4.462500000000000000e+01 -3.043750000000000000e+01 4.712500000000000000e+01
3.349999904632568359e+00 -6.219999790191650391e+00 7.849999904632568359e+00 5.875000000000000000e+00 4.562500000000000000e+00 -6.125000000000000000e+01 -7.087500000000000000e+01 -2.400000000000000000e+01 3.518750000000000000e+01
3.759999990463256836e+00 -6.190000057220458984e+00 8.359999656677246094e+00 5.875000000000000000e+00 4.562500000000000000e+00 -6.125000000000000000e+01 -9.287500000000000000e+01 -1.443750000000000000e+01 2.418750000000000000e+01
3.869999885559082031e+00 -6.400000095367431641e+00 8.449999809265136719e+00 5.875000000000000000e+00 4.562500000000000000e+00 -6.125000000000000000e+01 -1.096875000000000000e+02 -4.250000000000000000e+00 1.418750000000000000e+01
3.869999885559082031e+00 -6.400000095367431641e+00 8.449999809265136719e+00 4.000000000000000000e+00 5.500000000000000000e+00 -6.056250000000000000e+01 -1.210000000000000000e+02 7.187500000000000000e+00 5.375000000000000000e+00
3.440000057220458984e+00 -6.960000038146972656e+00 8.140000343322753906e+00 4.000000000000000000e+00 5.500000000000000000e+00 -6.056250000000000000e+01 -1.240000000000000000e+02 1.800000000000000000e+01 -2.125000000000000000e+00
2.220000028610229492e+00 -6.130000114440917969e+00 7.969999790191650391e+00 4.000000000000000000e+00 5.500000000000000000e+00 -6.056250000000000000e+01 -1.183750000000000000e+02 2.462500000000000000e+01 -9.437500000000000000e+00
1.820000052452087402e+00 -5.619999885559082031e+00 7.949999809265136719e+00 4.000000000000000000e+00 5.500000000000000000e+00 -6.056250000000000000e+01 -1.136875000000000000e+02 2.506250000000000000e+01 -1.518750000000000000e+01
1.789999961853027344e+00 -5.460000038146972656e+00 8.000000000000000000e+00 4.000000000000000000e+00 5.500000000000000000e+00 -6.056250000000000000e+01 -1.124375000000000000e+02 2.025000000000000000e+01 -1.837500000000000000e+01
1.789999961853027344e+00 -5.460000038146972656e+00 8.000000000000000000e+00 5.687500000000000000e+00 1.406250000000000000e+01 -5.906250000000000000e+01 -1.119375000000000000e+02 1.281250000000000000e+01 -1.937500000000000000e+01
2.480000019073486328e+00 -6.000000000000000000e+00 8.359999656677246094e+00 5.687500000000000000e+00 1.406250000000000000e+01 -5.906250000000000000e+01 -1.055000000000000000e+02 6.437500000000000000e+00 -1.931250000000000000e+01
2.789999961853027344e+00 -5.940000057220458984e+00 8.649999618530273438e+00 5.687500000000000000e+00 1.406250000000000000e+01 -5.906250000000000000e+01 -9.300000000000000000e+01 3.625000000000000000e+00 -1.737500000000000000e+01
3.009999990463256836e+00 -5.800000190734863281e+00 8.689999580383300781e+00 5.687500000000000000e+00 1.406250000000000000e+01 -5.906250000000000000e+01 -7.831250000000000000e+01 4.312500000000000000e+00 -1.431250000000000000e+01
2.609999895095825195e+00 -5.070000171661376953e+00 8.630000114440917969e+00 5.687500000000000000e+00 1.406250000000000000e+01 -5.906250000000000000e+01 -6.325000000000000000e+01 7.562500000000000000e+00 -1.212500000000000000e+01
2.609999895095825195e+00 -5.070000171661376953e+00 8.630000114440917969e+00 5.375000000000000000e+00 2.187500000000000000e+01 -5.350000000000000000e+01 -4.775000000000000000e+01 8.625000000000000000e+00 -1.081250000000000000e+01
2.420000076293945312e+00 -4.369999885559082031e+00 8.529999732971191406e+00 5.375000000000000000e+00 2.187500000000000000e+01 -5.350000000000000000e+01 -3.787500000000000000e+01 7.000000000000000000e+00 -1.056250000000000000e+01
2.390000104904174805e+00 -3.519999980926513672e+00 8.390000343322753906e+00 5.375000000000000000e+00 2.187500000000000000e+01 -5.350000000000000000e+01 -3.512500000000000000e+01 3.562500000000000000e+00 -1.025000000000000000e+01
2.569999933242797852e+00 -3.410000085830688477e+00 8.390000343322753906e+00 5.375000000000000000e+00 2.187500000000000000e+01 -5.350000000000000000e+01 -3.568750000000000000e+01 8.750000000000000000e-01 -1.006250000000000000e+01
2.559999942779541016e+00 -3.079999923706054688e+00 8.550000190734863281e+00 5.375000000000000000e+00 2.187500000000000000e+01 -5.350000000000000000e+01 -3.837500000000000000e+01 -5.625000000000000000e-01 -9.187500000000000000e+00
2.559999942779541016e+00 -3.079999923706054688e+00 8.550000190734863281e+00 6.500000000000000000e+00 2.556250000000000000e+01 -4.950000000000000000e+01 -4.562500000000000000e+01 -1.687500000000000000e+00 -5.937500000000000000e+00
2.640000104904174805e+00 -2.940000057220458984e+00 8.500000000000000000e+00 6.500000000000000000e+00 2.556250000000000000e+01 -4.950000000000000000e+01 -5.612500000000000000e+01 -3.125000000000000000e+00 -1.687500000000000000e+00
2.680000066757202148e+00 -3.109999895095825195e+00 8.229999542236328125e+00 6.500000000000000000e+00 2.556250000000000000e+01 -4.950000000000000000e+01 -6.281250000000000000e+01 -4.687500000000000000e+00 2.812500000000000000e+00
2.109999895095825195e+00 -2.930000066757202148e+00 7.599999904632568359e+00 6.500000000000000000e+00 2.556250000000000000e+01 -4.950000000000000000e+01 -6.637500000000000000e+01 -9.312500000000000000e+00 7.875000000000000000e+00
1.759999990463256836e+00 -2.380000114440917969e+00 7.650000095367431641e+00 6.500000000000000000e+00 2.556250000000000000e+01 -4.950000000000000000e+01 -7.225000000000000000e+01 -1.856250000000000000e+01 1.425000000000000000e+01
1.850000023841857910e+00 -2.319999933242797852e+00 7.780000209808349609e+00 5.375000000000000000e+00 2.825000000000000000e+01 -4.600000000000000000e+01 -7.575000000000000000e+01 -3.000000000000000000e+01 2.125000000000000000e+01
3.519999980926513672e+00 -3.680000066757202148e+00 8.329999923706054688e+00 5.375000000000000000e+00 2.825000000000000000e+01 -4.600000000000000000e+01 -6.956250000000000000e+01 -3.643750000000000000e+01 2.743750000000000000e+01
4.340000152587890625e+00 -4.570000171661376953e+00 8.439999580383300781e+00 5.375000000000000000e+00 2.825000000000000000e+01 -4.600000000000000000e+01 -5.150000000000000000e+01 -3.500000000000000000e+01 3.393750000000000000e+01
4.760000228881835938e+00 -5.210000038146972656e+00 8.340000152587890625e+00 5.375000000000000000e+00 2.825000000000000000e+01 -4.600000000000000000e+01 -2.350000000000000000e+01 -2.750000000000000000e+01 3.850000000000000000e+01
4.809999942779541016e+00 -5.380000114440917969e+00 8.279999732971191406e+00 5.375000000000000000e+00 2.825000000000000000e+01 -4.600000000000000000e+01 7.125000000000000000e+00 -1.931250000000000000e+01 4.006250000000000000e+01
4.269999980926513672e+00 -4.159999847412109375e+00 7.769999980926513672e+00 5.750000000000000000e+00 3.025000000000000000e+01 -4.437500000000000000e+01 3.068750000000000000e+01 -1.368750000000000000e+01 3.943750000000000000e+01
3.880000114440917969e+00 -2.930000066757202148e+00 7.400000095367431641e+00 5.750000000000000000e+00 3.025000000000000000e+01 -4.437500000000000000e+01 4.150000000000000000e+01 -1.106250000000000000e+01 3.762500000000000000e+01
3.369999885559082031e+00 -1.500000000000000000e+00 7.309999942779541016e+00 5.750000000000000000e+00 3.025000000000000000e+01 -4.437500000000000000e+01 3.506250000000000000e+01 -1.312500000000000000e+01 3.487500000000000000e+01
3.009999990463256836e+00 -5.000000000000000000e-01 7.230000019073486328e+00 5.750000000000000000e+00 3.025000000000000000e+01 -4.437500000000000000e+01 1.675000000000000000e+01 -1.793750000000000000e+01 3.031250000000000000e+01
3.130000114440917969e+00 1.800000071525573730e-01 7.340000152587890625e+00 5.750000000000000000e+00 3.025000000000000000e+01 -4.437500000000000000e+01 -3.625000000000000000e+00 -2.237500000000000000e+01 2.375000000000000000e+01
3.349999904632568359e+00 1.000000014901161194e-01 7.469999790191650391e+00 7.250000000000000000e+00 3.000000000000000000e+01 -4.168750000000000000e+01 -2.025000000000000000e+01 -2.450000000000000000e+01 1.637500000000000000e+01
3.589999914169311523e+00 -3.300000131130218506e-01 7.610000133514404297e+00 7.250000000000000000e+00 3.000000000000000000e+01 -4.168750000000000000e+01 -2.787500000000000000e+01 -2.325000000000000000e+01 8.250000000000000000e+00
