2.849999904632568359e+00 -4.099999904632568359e+00 8.449999809265136719e+00 1.187500000000000000e+01 2.200000000000000000e+01 -4.368750000000000000e+01 -1.250000000000000000e-01 0.000000000000000000e+00 2.500000000000000000e-01
2.849999904632568359e+00 -4.119999885559082031e+00 8.449999809265136719e+00 1.187500000000000000e+01 2.156250000000000000e+01 -4.450000000000000000e+01 -1.875000000000000000e-01 -6.250000000000000000e-02 6.250000000000000000e-02
2.829999923706054688e+00 -4.139999866485595703e+00 8.449999809265136719e+00 1.187500000000000000e+01 2.156250000000000000e+01 -4.450000000000000000e+01 -2.500000000000000000e-01 -1.250000000000000000e-01 2.500000000000000000e-01
2.920000076293945312e+00 -4.150000095367431641e+00 8.520000457763671875e+00 1.187500000000000000e+01 2.156250000000000000e+01 -4.450000000000000000e+01 -2.500000000000000000e-01 -2.500000000000000000e-01 1.875000000000000000e-01
3.130000114440917969e+00 -4.000000000000000000e+00 8.760000228881835938e+00 1.187500000000000000e+01 2.156250000000000000e+01 -4.450000000000000000e+01 -6.875000000000000000e-01 -3.750000000000000000e-01 2.500000000000000000e-01
3.539999961853027344e+00 -3.680000066757202148e+00 9.300000190734863281e+00 1.187500000000000000e+01 2.156250000000000000e+01 -4.450000000000000000e+01 -4.375000000000000000e+00 -6.250000000000000000e-02 1.375000000000000000e+00
3.819999933242797852e+00 -3.519999980926513672e+00 9.760000228881835938e+00 1.106250000000000000e+01 2.268750000000000000e+01 -4.368750000000000000e+01 -1.443750000000000000e+01 1.562500000000000000e+00 4.500000000000000000e+00
4.550000190734863281e+00 -4.929999828338623047e+00 1.043999958038330078e+01 1.106250000000000000e+01 2.268750000000000000e+01 -4.368750000000000000e+01 -2.937500000000000000e+01 6.250000000000000000e+00 6.812500000000000000e+00
5.980000019073486328e+00 -4.969999790191650391e+00 1.078999996185302734e+01 1.106250000000000000e+01 2.268750000000000000e+01 -4.368750000000000000e+01 -4.643750000000000000e+01 1.437500000000000000e+01 7.562500000000000000e+00
7.019999980926513672e+00 -5.250000000000000000e+00 1.150000000000000000e+01 1.106250000000000000e+01 2.268750000000000000e+01 -4.368750000000000000e+01 -5.406250000000000000e+01 3.175000000000000000e+01 1.706250000000000000e+01
5.760000228881835938e+00 -6.409999847412109375e+00 1.210000038146972656e+01 1.106250000000000000e+01 2.268750000000000000e+01 -4.368750000000000000e+01 -5.531250000000000000e+01 5.231250000000000000e+01 3.231250000000000000e+01
6.449999809265136719e+00 -7.760000228881835938e+00 1.177999973297119141e+01 1.187500000000000000e+01 2.200000000000000000e+01 -4.125000000000000000e+01 -5.387500000000000000e+01 6.593750000000000000e+01 4.512500000000000000e+01
7.289999961853027344e+00 -7.250000000000000000e+00 1.068000030517578125e+01 1.187500000000000000e+01 2.200000000000000000e+01 -4.125000000000000000e+01 -3.481250000000000000e+01 8.368750000000000000e+01 5.087500000000000000e+01
6.230000019073486328e+00 -6.460000038146972656e+00 1.039999961853027344e+01 1.187500000000000000e+01 2.200000000000000000e+01 -4.125000000000000000e+01 -2.650000000000000000e+01 1.055000000000000000e+02 5.581250000000000000e+01
5.230000019073486328e+00 -6.630000114440917969e+00 1.000000000000000000e+01 1.187500000000000000e+01 2.200000000000000000e+01 -4.125000000000000000e+01 -2.556250000000000000e+01 1.182500000000000000e+02 6.475000000000000000e+01
4.920000076293945312e+00 -6.619999885559082031e+00 9.789999961853027344e+00 1.187500000000000000e+01 2.200000000000000000e+01 -4.125000000000000000e+01 -1.987500000000000000e+01 1.295000000000000000e+02 7.325000000000000000e+01
4.219999790191650391e+00 -6.199999809265136719e+00 9.500000000000000000e+00 1.368750000000000000e+01 2.350000000000000000e+01 -4.087500000000000000e+01 -9.937500000000000000e+00 1.417500000000000000e+02 7.800000000000000000e+01
3.500000000000000000e+00 -5.730000019073486328e+00 9.369999885559082031e+00 1.368750000000000000e+01 2.350000000000000000e+01 -4.087500000000000000e+01 -2.250000000000000000e+00 1.506250000000000000e+02 8.062500000000000000e+01
1.159999966621398926e+00 -4.289999961853027344e+00 6.980000019073486328e+00 1.368750000000000000e+01 2.350000000000000000e+01 -4.087500000000000000e+01 1.625000000000000000e+00 1.543750000000000000e+02 8.306250000000000000e+01
-6.899999976158142090e-01 -3.230000019073486328e+00 5.929999828338623047e+00 1.368750000000000000e+01 2.350000000000000000e+01 -4.087500000000000000e+01 8.687500000000000000e+00 1.525625000000000000e+02 8.075000000000000000e+01
-2.309999942779541016e+00 -2.119999885559082031e+00 5.239999771118164062e+00 1.368750000000000000e+01 2.350000000000000000e+01 -4.087500000000000000e+01 1.168750000000000000e+01 1.423750000000000000e+02 7.312500000000000000e+01
-3.940000057220458984e+00 -1.509999990463256836e+00 4.519999980926513672e+00 1.818750000000000000e+01 2.200000000000000000e+01 -4.000000000000000000e+01 5.750000000000000000e+00 1.245625000000000000e+02 6.306250000000000000e+01
-3.990000009536743164e+00 -1.629999995231628418e+00 4.420000076293945312e+00 1.818750000000000000e+01 2.200000000000000000e+01 -4.000000000000000000e+01 -1.937500000000000000e+00 1.030000000000000000e+02 5.212500000000000000e+01
-3.900000095367431641e+00 -1.909999966621398926e+00 4.710000038146972656e+00 1.818750000000000000e+01 2.200000000000000000e+01 -4.000000000000000000e+01 -6.687500000000000000e+00 8.312500000000000000e+01 4.118750000000000000e+01
-3.490000009536743164e+00 -2.259999990463256836e+00 5.090000152587890625e+00 1.818750000000000000e+01 2.200000000000000000e+01 -4.000000000000000000e+01 -9.437500000000000000e+00 6.618750000000000000e+01 3.006250000000000000e+01
-2.640000104904174805e+00 -3.420000076293945312e+00 6.190000057220458984e+00 1.818750000000000000e+01 2.200000000000000000e+01 -4.000000000000000000e+01 -1.000000000000000000e+01 5.387500000000000000e+01 1.937500000000000000e+01
-2.069999933242797852e+00 -3.900000095367431641e+00 6.619999885559082031e+00 2.225000000000000000e+01 2.075000000000000000e+01 -3.718750000000000000e+01 -8.812500000000000000e+00 4.393750000000000000e+01 1.037500000000000000e+01
-1.730000019073486328e+00 -4.360000133514404297e+00 6.880000114440917969e+00 2.225000000000000000e+01 2.075000000000000000e+01 -3.718750000000000000e+01 -7.750000000000000000e+00 3.687500000000000000e+01 4.687500000000000000e+00
-1.730000019073486328e+00 -4.760000228881835938e+00 7.159999847412109375e+00 2.225000000000000000e+01 2.075000000000000000e+01 -3.718750000000000000e+01 -8.000000000000000000e+00 3.037500000000000000e+01 2.062500000000000000e+00
-6.399999856948852539e-01 -5.599999904632568359e+00 8.180000305175781250e+00 2.225000000000000000e+01 2.075000000000000000e+01 -3.718750000000000000e+01 -8.687500000000000000e+00 2.231250000000000000e+01 2.812500000000000000e+00
-5.999999865889549255e-02 -5.949999809265136719e+00 8.479999542236328125e+00 2.225000000000000000e+01 2.075000000000000000e+01 -3.718750000000000000e+01 -9.062500000000000000e+00 1.837500000000000000e+01 6.312500000000000000e+00
1.099999994039535522e-01 -6.050000190734863281e+00 8.779999732971191406e+00 2.318750000000000000e+01 2.006250000000000000e+01 -3.637500000000000000e+01 -5.562500000000000000e+00 1.943750000000000000e+01 1.025000000000000000e+01
-3.799999952316284180e-01 -5.210000038146972656e+00 8.779999732971191406e+00 2.318750000000000000e+01 2.006250000000000000e+01 -3.637500000000000000e+01 -5.625000000000000000e-01 2.206250000000000000e+01 1.287500000000000000e+01
-7.699999809265136719e-01 -4.769999980926513672e+00 8.590000152587890625e+00 2.318750000000000000e+01 2.006250000000000000e+01 -3.637500000000000000e+01 1.750000000000000000e+00 2.356250000000000000e+01 1.437500000000000000e+01
-1.179999947547912598e+00 -4.449999809265136719e+00 8.310000419616699219e+00 2.318750000000000000e+01 2.006250000000000000e+01 -3.637500000000000000e+01 1.125000000000000000e+00 2.393750000000000000e+01 1.431250000000000000e+01
-1.450000047683715820e+00 -4.210000038146972656e+00 8.189999580383300781e+00 2.318750000000000000e+01 2.006250000000000000e+01 -3.637500000000000000e+01 4.375000000000000000e-01 2.262500000000000000e+01 1.243750000000000000e+01
-1.500000000000000000e+00 -4.170000076293945312e+00 8.050000190734863281e+00 2.506250000000000000e+01 2.068750000000000000e+01 -3.506250000000000000e+01 -7.500000000000000000e-01 1.993750000000000000e+01 9.500000000000000000e+00
-1.330000042915344238e+00 -4.409999847412109375e+00 8.170000076293945312e+00 2.506250000000000000e+01 2.068750000000000000e+01 -3.506250000000000000e+01 -1.812500000000000000e+00 1.806250000000000000e+01 6.125000000000000000e+00
-1.169999957084655762e+00 -4.619999885559082031e+00 8.159999847412109375e+00 2.506250000000000000e+01 2.068750000000000000e+01 -3.506250000000000000e+01 -1.312500000000000000e+00 1.681250000000000000e+01 3.312500000000000000e+00
-1.190000057220458984e+00 -4.800000190734863281e+00 8.140000343322753906e+00 2.506250000000000000e+01 2.068750000000000000e+01 -3.506250000000000000e+01 -8.125000000000000000e-01 1.681250000000000000e+01 1.562500000000000000e+00
-1.080000042915344238e+00 -5.099999904632568359e+00 8.329999923706054688e+00 2.506250000000000000e+01 2.068750000000000000e+01 -3.506250000000000000e+01 -1.375000000000000000e+00 1.568750000000000000e+01 7.500000000000000000e-01
-1.080000042915344238e+00 -5.099999904632568359e+00 8.329999923706054688e+00 2.506250000000000000e+01 2.006250000000000000e+01 -3.506250000000000000e+01 -2.937500000000000000e+00 1.443750000000000000e+01 1.375000000000000000e+00
-5.400000214576721191e-01 -5.469999790191650391e+00 8.409999847412109375e+00 2.506250000000000000e+01 2.006250000000000000e+01 -3.506250000000000000e+01 -4.000000000000000000e+00 1.500000000000000000e+01 3.062500000000000000e+00
-4.300000071525573730e-01 -5.550000190734863281e+00 8.899999618530273438e+00 2.506250000000000000e+01 2.006250000000000000e+01 -3.506250000000000000e+01 -3.687500000000000000e+00 1.681250000000000000e+01 5.125000000000000000e+00
-4.399999976158142090e-01 -5.500000000000000000e+00 8.739999771118164062e+00 2.506250000000000000e+01 2.006250000000000000e+01 -3.506250000000000000e+01 -2.937500000000000000e+00 1.931250000000000000e+01 8.187500000000000000e+00
-9.200000166893005371e-01 -5.190000057220458984e+00 8.689999580383300781e+00 2.506250000000000000e+01 2.006250000000000000e+01 -3.506250000000000000e+01 -3.125000000000000000e-01 2.250000000000000000e+01 9.812500000000000000e+00
-9.200000166893005371e-01 -5.190000057220458984e+00 8.689999580383300781e+00 2.575000000000000000e+01 2.025000000000000000e+01 -3.618750000000000000e+01 1.500000000000000000e+00 2.337500000000000000e+01 1.018750000000000000e+01
-1.629999995231628418e+00 -4.420000076293945312e+00 8.180000305175781250e+00 2.575000000000000000e+01 2.025000000000000000e+01 -3.618750000000000000e+01 1.562500000000000000e+00 2.356250000000000000e+01 1.006250000000000000e+01
-1.850000023841857910e+00 -4.269999980926513672e+00 8.130000114440917969e+00 2.575000000000000000e+01 2.025000000000000000e+01 -3.618750000000000000e+01 1.562500000000000000e+00 2.300000000000000000e+01 8.125000000000000000e+00
-1.860000014305114746e+00 -4.289999961853027344e+00 8.149999618530273438e+00 2.575000000000000000e+01 2.025000000000000000e+01 -3.618750000000000000e+01 1.125000000000000000e+00 2.075000000000000000e+01 5.562500000000000000e+00
-1.740000009536743164e+00 -4.380000114440917969e+00 8.239999771118164062e+00 2.575000000000000000e+01 2.025000000000000000e+01 -3.618750000000000000e+01 -9.375000000000000000e-01 1.831250000000000000e+01 3.312500000000000000e+00
-1.740000009536743164e+00 -4.380000114440917969e+00 8.239999771118164062e+00 2.675000000000000000e+01 1.875000000000000000e+01 -3.337500000000000000e+01 -1.937500000000000000e+00 1.687500000000000000e+01 2.187500000000000000e+00
-2.059999942779541016e+00 -4.630000114440917969e+00 7.659999847412109375e+00 2.675000000000000000e+01 1.875000000000000000e+01 -3.337500000000000000e+01 -1.187500000000000000e+00 1.531250000000000000e+01 6.250000000000000000e-01
-2.250000000000000000e+00 -4.599999904632568359e+00 7.440000057220458984e+00 2.675000000000000000e+01 1.875000000000000000e+01 -3.337500000000000000e+01 -6.875000000000000000e-01 1.131250000000000000e+01 -6.875000000000000000e-01
-2.220000028610229492e+00 -4.679999828338623047e+00 7.219999790191650391e+00 2.675000000000000000e+01 1.875000000000000000e+01 -3.337500000000000000e+01 -1.250000000000000000e+00 6.562500000000000000e+00 -1.750000000000000000e+00
-2.269999980926513672e+00 -4.869999885559082031e+00 7.239999771118164062e+00 2.675000000000000000e+01 1.875000000000000000e+01 -3.337500000000000000e+01 -2.312500000000000000e+00 1.687500000000000000e+00 -2.375000000000000000e+00
-2.269999980926513672e+00 -4.869999885559082031e+00 7.239999771118164062e+00 2.718750000000000000e+01 1.956250000000000000e+01 -3.287500000000000000e+01 -2.000000000000000000e+00 -3.437500000000000000e+00 -3.000000000000000000e+00
-2.059999942779541016e+00 -5.000000000000000000e+00 7.429999828338623047e+00 2.718750000000000000e+01 1.956250000000000000e+01 -3.287500000000000000e+01 -8.750000000000000000e-01 -8.875000000000000000e+00 -2.937500000000000000e+00
-1.889999985694885254e+00 -4.860000133514404297e+00 7.679999828338623047e+00 2.718750000000000000e+01 1.956250000000000000e+01 -3.287500000000000000e+01 5.625000000000000000e-01 -1.300000000000000000e+01 -2.937500000000000000e+00
-1.730000019073486328e+00 -4.789999961853027344e+00 7.750000000000000000e+00 2.718750000000000000e+01 1.956250000000000000e+01 -3.287500000000000000e+01 1.562500000000000000e+00 -1.675000000000000000e+01 -3.062500000000000000e+00
-1.710000038146972656e+00 -4.730000019073486328e+00 7.949999809265136719e+00 2.718750000000000000e+01 1.956250000000000000e+01 -3.287500000000000000e+01 2.312500000000000000e+00 -1.843750000000000000e+01 -3.875000000000000000e+00
-1.710000038146972656e+00 -4.730000019073486328e+00 7.949999809265136719e+00 2.656250000000000000e+01 1.956250000000000000e+01 -3.406250000000000000e+01 3.000000000000000000e+00 -1.956250000000000000e+01 -5.062500000000000000e+00
-1.399999976158142090e+00 -4.730000019073486328e+00 8.350000381469726562e+00 2.656250000000000000e+01 1.956250000000000000e+01 -3.406250000000000000e+01 3.562500000000000000e+00 -1.831250000000000000e+01 -6.250000000000000000e+00
-1.490000009536743164e+00 -4.599999904632568359e+00 8.260000228881835938e+00 2.656250000000000000e+01 1.956250000000000000e+01 -3.406250000000000000e+01 5.750000000000000000e+00 -1.668750000000000000e+01 -8.000000000000000000e+00
-1.450000047683715820e+00 -4.489999771118164062e+00 8.180000305175781250e+00 2.656250000000000000e+01 1.956250000000000000e+01 -3.406250000000000000e+01 7.062500000000000000e+00 -1.693750000000000000e+01 -9.937500000000000000e+00
-1.799999952316284180e+00 -4.400000095367431641e+00 7.519999980926513672e+00 2.656250000000000000e+01 1.956250000000000000e+01 -3.406250000000000000e+01 7.375000000000000000e+00 -1.681250000000000000e+01 -1.193750000000000000e+01
-1.799999952316284180e+00 -4.400000095367431641e+00 7.519999980926513672e+00 2.675000000000000000e+01 2.025000000000000000e+01 -3.450000000000000000e+01 9.437500000000000000e+00 -1.787500000000000000e+01 -1.431250000000000000e+01
-1.990000009536743164e+00 -4.409999847412109375e+00 7.449999809265136719e+00 2.675000000000000000e+01 2.025000000000000000e+01 -3.450000000000000000e+01 1.112500000000000000e+01 -2.156250000000000000e+01 -1.762500000000000000e+01
-2.029999971389770508e+00 -4.400000095367431641e+00 7.610000133514404297e+00 2.675000000000000000e+01 2.025000000000000000e+01 -3.450000000000000000e+01 1.062500000000000000e+01 -2.631250000000000000e+01 -1.981250000000000000e+01
-1.769999980926513672e+00 -4.409999847412109375e+00 7.349999904632568359e+00 2.675000000000000000e+01 2.025000000000000000e+01 -3.450000000000000000e+01 1.168750000000000000e+01 -3.006250000000000000e+01 -2.156250000000000000e+01
-2.359999895095825195e+00 -4.239999771118164062e+00 6.289999961853027344e+00 2.675000000000000000e+01 2.025000000000000000e+01 -3.450000000000000000e+01 1.525000000000000000e+01 -3.556250000000000000e+01 -2.406250000000000000e+01
-2.769999980926513672e+00 -3.970000028610229492e+00 5.929999828338623047e+00 2.606250000000000000e+01 2.000000000000000000e+01 -3.406250000000000000e+01 2.056250000000000000e+01 -4.468750000000000000e+01 -2.756250000000000000e+01
-2.970000028610229492e+00 -3.880000114440917969e+00 5.619999885559082031e+00 2.606250000000000000e+01 2.000000000000000000e+01 -3.406250000000000000e+01 2.462500000000000000e+01 -5.625000000000000000e+01 -3.425000000000000000e+01
-3.049999952316284180e+00 -4.000000000000000000e+00 6.110000133514404297e+00 2.606250000000000000e+01 2.000000000000000000e+01 -3.406250000000000000e+01 2.325000000000000000e+01 -6.618750000000000000e+01 -4.043750000000000000e+01
-1.000000000000000000e+00 -3.730000019073486328e+00 6.739999771118164062e+00 2.606250000000000000e+01 2.000000000000000000e+01 -3.406250000000000000e+01 2.143750000000000000e+01 -6.881250000000000000e+01 -4.262500000000000000e+01
-9.700000286102294922e-01 -4.360000133514404297e+00 6.909999847412109375e+00 2.606250000000000000e+01 2.000000000000000000e+01 -3.406250000000000000e+01 3.481250000000000000e+01 -7.218750000000000000e+01 -4.500000000000000000e+01
-1.440000057220458984e+00 -4.510000228881835938e+00 6.969999790191650391e+00 2.456250000000000000e+01 1.875000000000000000e+01 -3.687500000000000000e+01 5.418750000000000000e+01 -8.006250000000000000e+01 -5.112500000000000000e+01
-1.350000023841857910e+00 -3.400000095367431641e+00 7.389999866485595703e+00 2.456250000000000000e+01 1.875000000000000000e+01 -3.687500000000000000e+01 6.637500000000000000e+01 -8.875000000000000000e+01 -6.056250000000000000e+01
-5.600000023841857910e-01 -3.220000028610229492e+00 7.750000000000000000e+00 2.456250000000000000e+01 1.875000000000000000e+01 -3.687500000000000000e+01 7.275000000000000000e+01 -9.312500000000000000e+01 -7.000000000000000000e+01
-2.999999932944774628e-02 -3.539999961853027344e+00 7.929999828338623047e+00 2.456250000000000000e+01 1.875000000000000000e+01 -3.687500000000000000e+01 8.087500000000000000e+01 -9.550000000000000000e+01 -7.968750000000000000e+01
7.999999821186065674e-02 -3.890000104904174805e+00 8.380000114440917969e+00 2.456250000000000000e+01 1.875000000000000000e+01 -3.687500000000000000e+01 8.581250000000000000e+01 -9.612500000000000000e+01 -9.000000000000000000e+01
2.019999980926513672e+00 -3.119999885559082031e+00 1.044999980926513672e+01 2.125000000000000000e+01 1.918750000000000000e+01 -3.887500000000000000e+01 7.350000000000000000e+01 -9.356250000000000000e+01 -9.375000000000000000e+01
3.059999942779541016e+00 -3.289999961853027344e+00 1.242000007629394531e+01 2.125000000000000000e+01 1.918750000000000000e+01 -3.887500000000000000e+01 4.600000000000000000e+01 -8.812500000000000000e+01 -8.806250000000000000e+01
4.719999790191650391e+00 -3.769999980926513672e+00 1.368000030517578125e+01 2.125000000000000000e+01 1.918750000000000000e+01 -3.887500000000000000e+01 1.693750000000000000e+01 -7.443750000000000000e+01 -7.287500000000000000e+01
5.769999980926513672e+00 -4.929999828338623047e+00 1.276000022888183594e+01 2.125000000000000000e+01 1.918750000000000000e+01 -3.887500000000000000e+01 7.500000000000000000e-01 -6.093750000000000000e+01 -6.112500000000000000e+01
3.390000104904174805e+00 -5.170000076293945312e+00 1.052999973297119141e+01 2.125000000000000000e+01 1.918750000000000000e+01 -3.887500000000000000e+01 -1.400000000000000000e+01 -5.343750000000000000e+01 -3.737500000000000000e+01
2.619999885559082031e+00 -5.440000057220458984e+00 9.640000343322753906e+00 2.125000000000000000e+01 1.918750000000000000e+01 -3.887500000000000000e+01 -2.075000000000000000e+01 -5.212500000000000000e+01 -1.700000000000000000e+01
2.400000095367431641e+00 -5.599999904632568359e+00 9.229999542236328125e+00 1.825000000000000000e+01 1.918750000000000000e+01 -4.006250000000000000e+01 -2.075000000000000000e+01 -4.943750000000000000e+01 -8.562500000000000000e+00
2.589999914169311523e+00 -5.130000114440917969e+00 9.159999847412109375e+00 1.825000000000000000e+01 1.918750000000000000e+01 -4.006250000000000000e+01 -1.693750000000000000e+01 -4.425000000000000000e+01 -6.062500000000000000e+00
2.190000057220458984e+00 -4.809999942779541016e+00 8.930000305175781250e+00 1.825000000000000000e+01 1.918750000000000000e+01 -4.006250000000000000e+01 -7.687500000000000000e+00 -4.012500000000000000e+01 -8.125000000000000000e+00
1.759999990463256836e+00 -4.269999980926513672e+00 8.640000343322753906e+00 1.825000000000000000e+01 1.918750000000000000e+01 -4.006250000000000000e+01 -1.000000000000000000e+00 -3.881250000000000000e+01 -1.056250000000000000e+01
1.340000033378601074e+00 -3.730000019073486328e+00 8.439999580383300781e+00 1.568750000000000000e+01 2.056250000000000000e+01 -4.087500000000000000e+01 6.875000000000000000e-01 -4.137500000000000000e+01 -1.381250000000000000e+01
6.299999952316284180e-01 -3.430000066757202148e+00 7.570000171661376953e+00 1.568750000000000000e+01 2.056250000000000000e+01 -4.087500000000000000e+01 2.250000000000000000e+00 -4.700000000000000000e+01 -1.868750000000000000e+01
6.999999880790710449e-01 -3.359999895095825195e+00 7.309999942779541016e+00 1.568750000000000000e+01 2.056250000000000000e+01 -4.087500000000000000e+01 3.437500000000000000e+00 -5.456250000000000000e+01 -2.362500000000000000e+01
4.600000083446502686e-01 -3.140000104904174805e+00 7.090000152587890625e+00 1.568750000000000000e+01 2.056250000000000000e+01 -4.087500000000000000e+01 2.250000000000000000e+00 -6.312500000000000000e+01 -2.712500000000000000e+01
6.200000047683715820e-01 -3.019999980926513672e+00 7.190000057220458984e+00 1.568750000000000000e+01 2.056250000000000000e+01 -4.087500000000000000e+01 -2.375000000000000000e+00 -7.237500000000000000e+01 -2.912500000000000000e+01
1.519999980926513672e+00 -2.789999961853027344e+00 8.199999809265136719e+00 1.456250000000000000e+01 2.125000000000000000e+01 -4.150000000000000000e+01 -9.937500000000000000e+00 -7.987500000000000000e+01 -2.906250000000000000e+01
3.309999942779541016e+00 -3.839999914169311523e+00 1.153999996185302734e+01 1.456250000000000000e+01 2.125000000000000000e+01 -4.150000000000000000e+01 -7.937500000000000000e+00 -7.868750000000000000e+01 -2.975000000000000000e+01
5.519999980926513672e+00 -6.260000228881835938e+00 1.560000038146972656e+01 1.456250000000000000e+01 2.125000000000000000e+01 -4.150000000000000000e+01 -1.425000000000000000e+01 -5.412500000000000000e+01 -2.575000000000000000e+01
1.030000019073486328e+01 -4.760000228881835938e+00 9.699999809265136719e+00 1.456250000000000000e+01 2.125000000000000000e+01 -4.150000000000000000e+01 -2.843750000000000000e+01 -1.800000000000000000e+01 -9.875000000000000000e+00
