3.109999895095825195e+00 -3.289999961853027344e+00 8.659999847412109375e+00 7.875000000000000000e+00 1.756250000000000000e+01 -4.718750000000000000e+01 -3.125000000000000000e-01 -6.250000000000000000e-02 1.875000000000000000e-01
3.089999914169311523e+00 -3.309999942779541016e+00 8.649999618530273438e+00 7.875000000000000000e+00 1.756250000000000000e+01 -4.718750000000000000e+01 -1.875000000000000000e-01 1.250000000000000000e-01 1.250000000000000000e-01
3.079999923706054688e+00 -3.299999952316284180e+00 8.659999847412109375e+00 7.875000000000000000e+00 1.756250000000000000e+01 -4.718750000000000000e+01 -1.875000000000000000e-01 -1.250000000000000000e-01 1.250000000000000000e-01
3.099999904632568359e+00 -3.279999971389770508e+00 8.689999580383300781e+00 7.500000000000000000e+00 1.675000000000000000e+01 -4.756250000000000000e+01 -2.500000000000000000e-01 -6.250000000000000000e-02 6.250000000000000000e-02
3.099999904632568359e+00 -3.279999971389770508e+00 8.659999847412109375e+00 7.500000000000000000e+00 1.675000000000000000e+01 -4.756250000000000000e+01 -2.500000000000000000e-01 1.875000000000000000e-01 1.250000000000000000e-01
3.079999923706054688e+00 -3.329999923706054688e+00 8.680000305175781250e+00 7.500000000000000000e+00 1.675000000000000000e+01 -4.756250000000000000e+01 -1.875000000000000000e-01 0.000000000000000000e+00 1.250000000000000000e-01
3.099999904632568359e+00 -3.319999933242797852e+00 8.670000076293945312e+00 7.500000000000000000e+00 1.675000000000000000e+01 -4.756250000000000000e+01 0.000000000000000000e+00 6.250000000000000000e-02 1.250000000000000000e-01
3.089999914169311523e+00 -3.250000000000000000e+00 8.680000305175781250e+00 7.500000000000000000e+00 1.675000000000000000e+01 -4.756250000000000000e+01 6.250000000000000000e-02 6.250000000000000000e-02 -6.250000000000000000e-02
3.109999895095825195e+00 -3.299999952316284180e+00 8.670000076293945312e+00 7.062500000000000000e+00 1.718750000000000000e+01 -4.756250000000000000e+01 -1.875000000000000000e-01 -1.250000000000000000e-01 1.250000000000000000e-01
3.079999923706054688e+00 -3.329999923706054688e+00 8.680000305175781250e+00 7.062500000000000000e+00 1.718750000000000000e+01 -4.756250000000000000e+01 0.000000000000000000e+00 0.000000000000000000e+00 1.250000000000000000e-01
3.079999923706054688e+00 -3.279999971389770508e+00 8.659999847412109375e+00 7.062500000000000000e+00 1.718750000000000000e+01 -4.756250000000000000e+01 0.000000000000000000e+00 1.250000000000000000e-01 6.250000000000000000e-02
3.119999885559082031e+00 -3.240000009536743164e+00 8.729999542236328125e+00 7.062500000000000000e+00 1.718750000000000000e+01 -4.756250000000000000e+01 -6.250000000000000000e-02 6.250000000000000000e-02 6.250000000000000000e-02
3.130000114440917969e+00 -3.210000038146972656e+00 8.710000038146972656e+00 7.062500000000000000e+00 1.718750000000000000e+01 -4.756250000000000000e+01 -3.125000000000000000e-01 1.875000000000000000e-01 3.125000000000000000e-01
3.089999914169311523e+00 -3.250000000000000000e+00 8.699999809265136719e+00 9.000000000000000000e+00 1.675000000000000000e+01 -4.556250000000000000e+01 -8.125000000000000000e-01 3.125000000000000000e-01 6.250000000000000000e-01
3.049999952316284180e+00 -3.369999885559082031e+00 8.630000114440917969e+00 9.000000000000000000e+00 1.675000000000000000e+01 -4.556250000000000000e+01 -8.750000000000000000e-01 3.750000000000000000e-01 6.250000000000000000e-01
3.079999923706054688e+00 -3.359999895095825195e+00 8.630000114440917969e+00 9.000000000000000000e+00 1.675000000000000000e+01 -4.556250000000000000e+01 -5.000000000000000000e-01 2.500000000000000000e-01 3.125000000000000000e-01
3.079999923706054688e+00 -3.299999952316284180e+00 8.659999847412109375e+00 9.000000000000000000e+00 1.675000000000000000e+01 -4.556250000000000000e+01 -1.250000000000000000e-01 6.250000000000000000e-02 2.500000000000000000e-01
3.069999933242797852e+00 -3.250000000000000000e+00 8.720000267028808594e+00 9.000000000000000000e+00 1.675000000000000000e+01 -4.556250000000000000e+01 -3.125000000000000000e-01 6.250000000000000000e-02 2.500000000000000000e-01
3.099999904632568359e+00 -3.259999990463256836e+00 8.710000038146972656e+00 7.875000000000000000e+00 1.718750000000000000e+01 -4.675000000000000000e+01 -6.250000000000000000e-01 -6.250000000000000000e-02 3.125000000000000000e-01
3.089999914169311523e+00 -3.269999980926513672e+00 8.699999809265136719e+00 7.875000000000000000e+00 1.718750000000000000e+01 -4.675000000000000000e+01 -7.500000000000000000e-01 -6.250000000000000000e-02 4.375000000000000000e-01
3.099999904632568359e+00 -3.269999980926513672e+00 8.689999580383300781e+00 7.875000000000000000e+00 1.718750000000000000e+01 -4.675000000000000000e+01 -1.000000000000000000e+00 -1.875000000000000000e-01 5.000000000000000000e-01
3.119999885559082031e+00 -3.289999961853027344e+00 8.720000267028808594e+00 7.875000000000000000e+00 1.718750000000000000e+01 -4.675000000000000000e+01 -8.750000000000000000e-01 -1.875000000000000000e-01 5.625000000000000000e-01
3.039999961853027344e+00 -3.240000009536743164e+00 8.630000114440917969e+00 7.875000000000000000e+00 1.718750000000000000e+01 -4.675000000000000000e+01 -1.250000000000000000e+00 -1.250000000000000000e-01 8.125000000000000000e-01
3.049999952316284180e+00 -3.309999942779541016e+00 8.670000076293945312e+00 7.875000000000000000e+00 1.800000000000000000e+01 -4.718750000000000000e+01 -1.375000000000000000e+00 -4.375000000000000000e-01 7.500000000000000000e-01
3.089999914169311523e+00 -3.339999914169311523e+00 8.729999542236328125e+00 7.875000000000000000e+00 1.800000000000000000e+01 -4.718750000000000000e+01 -1.375000000000000000e+00 -4.375000000000000000e-01 6.250000000000000000e-01
3.049999952316284180e+00 -3.319999933242797852e+00 8.640000343322753906e+00 7.875000000000000000e+00 1.800000000000000000e+01 -4.718750000000000000e+01 -1.500000000000000000e+00 -4.375000000000000000e-01 5.000000000000000000e-01
3.079999923706054688e+00 -3.319999933242797852e+00 8.670000076293945312e+00 7.875000000000000000e+00 1.800000000000000000e+01 -4.718750000000000000e+01 -1.375000000000000000e+00 -8.125000000000000000e-01 6.250000000000000000e-01
3.089999914169311523e+00 -3.319999933242797852e+00 8.670000076293945312e+00 7.875000000000000000e+00 1.800000000000000000e+01 -4.718750000000000000e+01 -1.187500000000000000e+00 -6.250000000000000000e-01 4.375000000000000000e-01
3.109999895095825195e+00 -3.339999914169311523e+00 8.670000076293945312e+00 8.000000000000000000e+00 1.718750000000000000e+01 -4.637500000000000000e+01 -1.250000000000000000e+00 -6.875000000000000000e-01 4.375000000000000000e-01
3.099999904632568359e+00 -3.299999952316284180e+00 8.630000114440917969e+00 8.000000000000000000e+00 1.718750000000000000e+01 -4.637500000000000000e+01 -1.250000000000000000e+00 -8.750000000000000000e-01 4.375000000000000000e-01
3.130000114440917969e+00 -3.230000019073486328e+00 8.710000038146972656e+00 8.000000000000000000e+00 1.718750000000000000e+01 -4.637500000000000000e+01 -1.187500000000000000e+00 -8.125000000000000000e-01 6.250000000000000000e-01
3.130000114440917969e+00 -3.220000028610229492e+00 8.689999580383300781e+00 8.000000000000000000e+00 1.718750000000000000e+01 -4.637500000000000000e+01 -1.750000000000000000e+00 -8.750000000000000000e-01 1.000000000000000000e+00
3.079999923706054688e+00 -3.339999914169311523e+00 8.680000305175781250e+00 8.000000000000000000e+00 1.718750000000000000e+01 -4.637500000000000000e+01 -2.250000000000000000e+00 -6.250000000000000000e-01 9.375000000000000000e-01
3.099999904632568359e+00 -3.430000066757202148e+00 8.630000114440917969e+00 8.000000000000000000e+00 1.718750000000000000e+01 -4.718750000000000000e+01 -1.812500000000000000e+00 -6.250000000000000000e-01 7.500000000000000000e-01
3.079999923706054688e+00 -3.359999895095825195e+00 8.619999885559082031e+00 8.000000000000000000e+00 1.718750000000000000e+01 -4.718750000000000000e+01 -1.062500000000000000e+00 -5.625000000000000000e-01 7.500000000000000000e-01
3.079999923706054688e+00 -3.380000114440917969e+00 8.569999694824218750e+00 8.000000000000000000e+00 1.718750000000000000e+01 -4.718750000000000000e+01 -9.375000000000000000e-01 -5.000000000000000000e-01 4.375000000000000000e-01
3.099999904632568359e+00 -3.390000104904174805e+00 8.640000343322753906e+00 8.000000000000000000e+00 1.718750000000000000e+01 -4.718750000000000000e+01 -5.000000000000000000e-01 -3.125000000000000000e-01 6.250000000000000000e-02
3.069999933242797852e+00 -3.309999942779541016e+00 8.670000076293945312e+00 8.000000000000000000e+00 1.718750000000000000e+01 -4.718750000000000000e+01 -1.250000000000000000e-01 -3.125000000000000000e-01 -1.875000000000000000e-01
3.019999980926513672e+00 -3.319999933242797852e+00 8.670000076293945312e+00 8.375000000000000000e+00 1.718750000000000000e+01 -4.600000000000000000e+01 -6.250000000000000000e-02 -4.375000000000000000e-01 -1.250000000000000000e-01
3.000000000000000000e+00 -3.410000085830688477e+00 8.609999656677246094e+00 8.375000000000000000e+00 1.718750000000000000e+01 -4.600000000000000000e+01 -6.250000000000000000e-02 -5.625000000000000000e-01 -6.250000000000000000e-01
2.759999990463256836e+00 -3.609999895095825195e+00 8.479999542236328125e+00 8.375000000000000000e+00 1.718750000000000000e+01 -4.600000000000000000e+01 6.875000000000000000e-01 -6.250000000000000000e-01 -1.437500000000000000e+00
2.849999904632568359e+00 -3.650000095367431641e+00 8.609999656677246094e+00 8.375000000000000000e+00 1.718750000000000000e+01 -4.600000000000000000e+01 2.437500000000000000e+00 -1.187500000000000000e+00 -2.875000000000000000e+00
2.920000076293945312e+00 -3.299999952316284180e+00 8.810000419616699219e+00 8.375000000000000000e+00 1.718750000000000000e+01 -4.600000000000000000e+01 4.062500000000000000e+00 -2.812500000000000000e+00 -3.875000000000000000e+00
2.880000114440917969e+00 -3.009999990463256836e+00 8.899999618530273438e+00 7.562500000000000000e+00 1.718750000000000000e+01 -4.718750000000000000e+01 2.750000000000000000e+00 -4.000000000000000000e+00 -4.125000000000000000e+00
2.630000114440917969e+00 -3.539999961853027344e+00 8.850000381469726562e+00 7.562500000000000000e+00 1.718750000000000000e+01 -4.718750000000000000e+01 8.750000000000000000e-01 -5.500000000000000000e+00 -4.750000000000000000e+00
2.430000066757202148e+00 -3.700000047683715820e+00 8.779999732971191406e+00 7.562500000000000000e+00 1.718750000000000000e+01 -4.718750000000000000e+01 2.187500000000000000e+00 -8.687500000000000000e+00 -6.062500000000000000e+00
2.140000104904174805e+00 -3.769999980926513672e+00 8.840000152587890625e+00 7.562500000000000000e+00 1.718750000000000000e+01 -4.718750000000000000e+01 4.562500000000000000e+00 -1.168750000000000000e+01 -8.750000000000000000e+00
1.919999957084655762e+00 -3.930000066757202148e+00 9.029999732971191406e+00 7.562500000000000000e+00 1.718750000000000000e+01 -4.718750000000000000e+01 7.000000000000000000e+00 -1.381250000000000000e+01 -1.200000000000000000e+01
1.730000019073486328e+00 -3.900000095367431641e+00 9.029999732971191406e+00 8.375000000000000000e+00 1.718750000000000000e+01 -4.637500000000000000e+01 1.006250000000000000e+01 -1.500000000000000000e+01 -1.462500000000000000e+01
1.919999957084655762e+00 -3.930000066757202148e+00 9.130000114440917969e+00 8.375000000000000000e+00 1.718750000000000000e+01 -4.637500000000000000e+01 1.231250000000000000e+01 -1.437500000000000000e+01 -1.712500000000000000e+01
1.980000019073486328e+00 -3.980000019073486328e+00 9.199999809265136719e+00 8.375000000000000000e+00 1.718750000000000000e+01 -4.637500000000000000e+01 1.400000000000000000e+01 -1.218750000000000000e+01 -1.956250000000000000e+01
2.399999946355819702e-01 -3.990000009536743164e+00 1.006999969482421875e+01 8.375000000000000000e+00 1.718750000000000000e+01 -4.637500000000000000e+01 1.618750000000000000e+01 -5.687500000000000000e+00 -2.056250000000000000e+01
-1.799999952316284180e+00 -3.789999961853027344e+00 1.069999980926513672e+01 8.375000000000000000e+00 1.718750000000000000e+01 -4.637500000000000000e+01 1.637500000000000000e+01 4.375000000000000000e+00 -2.018750000000000000e+01
-3.750000000000000000e+00 -3.400000095367431641e+00 1.139000034332275391e+01 7.562500000000000000e+00 1.756250000000000000e+01 -4.600000000000000000e+01 1.325000000000000000e+01 1.168750000000000000e+01 -2.018750000000000000e+01
-4.789999961853027344e+00 -3.480000019073486328e+00 1.169999980926513672e+01 7.562500000000000000e+00 1.756250000000000000e+01 -4.600000000000000000e+01 7.312500000000000000e+00 1.631250000000000000e+01 -2.356250000000000000e+01
-3.819999933242797852e+00 -2.369999885559082031e+00 1.103999996185302734e+01 7.562500000000000000e+00 1.756250000000000000e+01 -4.600000000000000000e+01 6.875000000000000000e-01 1.512500000000000000e+01 -2.962500000000000000e+01
-2.509999990463256836e+00 -3.529999971389770508e+00 1.122999954223632812e+01 7.562500000000000000e+00 1.756250000000000000e+01 -4.600000000000000000e+01 -8.875000000000000000e+00 1.406250000000000000e+01 -3.581250000000000000e+01
-1.590000033378601074e+00 -4.469999790191650391e+00 9.899999618530273438e+00 7.562500000000000000e+00 1.756250000000000000e+01 -4.600000000000000000e+01 -6.562500000000000000e+00 1.131250000000000000e+01 -3.962500000000000000e+01
-8.899999856948852539e-01 -4.099999904632568359e+00 1.018999958038330078e+01 6.750000000000000000e+00 1.650000000000000000e+01 -4.675000000000000000e+01 1.437500000000000000e+00 1.756250000000000000e+01 -3.706250000000000000e+01
-1.399999976158142090e+00 -2.569999933242797852e+00 8.359999656677246094e+00 6.750000000000000000e+00 1.650000000000000000e+01 -4.675000000000000000e+01 -1.368750000000000000e+01 2.306250000000000000e+01 -2.693750000000000000e+01
-5.500000119209289551e-01 -2.750000000000000000e+00 9.020000457763671875e+00 6.750000000000000000e+00 1.650000000000000000e+01 -4.675000000000000000e+01 -1.000000000000000000e+01 8.625000000000000000e+00 -3.006250000000000000e+01
2.119999885559082031e+00 -2.130000114440917969e+00 9.569999694824218750e+00 6.750000000000000000e+00 1.650000000000000000e+01 -4.675000000000000000e+01 -2.550000000000000000e+01 -2.562500000000000000e+00 -2.556250000000000000e+01
3.500000000000000000e+00 -2.650000095367431641e+00 9.619999885559082031e+00 6.750000000000000000e+00 1.650000000000000000e+01 -4.675000000000000000e+01 -4.843750000000000000e+01 4.437500000000000000e+00 -2.106250000000000000e+01
1.379999995231628418e+00 -3.339999914169311523e+00 7.670000076293945312e+00 7.500000000000000000e+00 1.650000000000000000e+01 -4.437500000000000000e+01 -7.368750000000000000e+01 7.125000000000000000e+00 -1.031250000000000000e+01
3.079999923706054688e+00 -3.869999885559082031e+00 7.369999885559082031e+00 7.500000000000000000e+00 1.650000000000000000e+01 -4.437500000000000000e+01 -6.206250000000000000e+01 -4.187500000000000000e+00 -4.437500000000000000e+00
4.449999809265136719e+00 -1.860000014305114746e+00 6.400000095367431641e+00 7.500000000000000000e+00 1.650000000000000000e+01 -4.437500000000000000e+01 -2.181250000000000000e+01 -1.937500000000000000e+00 9.750000000000000000e+00
5.199999809265136719e+00 -4.849999904632568359e+00 9.810000419616699219e+00 7.500000000000000000e+00 1.650000000000000000e+01 -4.437500000000000000e+01 -1.275000000000000000e+01 -3.812500000000000000e+00 1.768750000000000000e+01
5.840000152587890625e+00 -4.099999904632568359e+00 7.300000190734863281e+00 7.500000000000000000e+00 1.650000000000000000e+01 -4.437500000000000000e+01 -2.106250000000000000e+01 -1.181250000000000000e+01 1.075000000000000000e+01
6.409999847412109375e+00 -2.819999933242797852e+00 8.010000228881835938e+00 8.250000000000000000e+00 1.600000000000000000e+01 -4.118750000000000000e+01 -1.706250000000000000e+01 -2.125000000000000000e+00 2.368750000000000000e+01
5.800000190734863281e+00 -3.430000066757202148e+00 6.750000000000000000e+00 8.250000000000000000e+00 1.600000000000000000e+01 -4.118750000000000000e+01 -3.125000000000000000e-01 -9.375000000000000000e+00 2.400000000000000000e+01
7.000000000000000000e+00 -2.190000057220458984e+00 7.619999885559082031e+00 8.250000000000000000e+00 1.600000000000000000e+01 -4.118750000000000000e+01 2.200000000000000000e+01 -1.818750000000000000e+01 2.262500000000000000e+01
8.449999809265136719e+00 -1.759999990463256836e+00 7.150000095367431641e+00 8.250000000000000000e+00 1.600000000000000000e+01 -4.118750000000000000e+01 1.918750000000000000e+01 -1.993750000000000000e+01 2.525000000000000000e+01
8.369999885559082031e+00 -1.580000042915344238e+00 7.170000076293945312e+00 8.250000000000000000e+00 1.600000000000000000e+01 -4.118750000000000000e+01 9.250000000000000000e+00 -1.343750000000000000e+01 2.537500000000000000e+01
8.140000343322753906e+00 -1.659999966621398926e+00 6.659999847412109375e+00 7.062500000000000000e+00 1.418750000000000000e+01 -3.837500000000000000e+01 2.062500000000000000e+00 -9.625000000000000000e+00 2.406250000000000000e+01
8.250000000000000000e+00 -1.669999957084655762e+00 6.809999942779541016e+00 7.062500000000000000e+00 1.418750000000000000e+01 -3.837500000000000000e+01 -2.562500000000000000e+00 -7.312500000000000000e+00 1.843750000000000000e+01
8.670000076293945312e+00 -1.899999976158142090e+00 6.440000057220458984e+00 7.062500000000000000e+00 1.418750000000000000e+01 -3.837500000000000000e+01 -4.000000000000000000e+00 -7.500000000000000000e+00 1.331250000000000000e+01
8.810000419616699219e+00 -1.549999952316284180e+00 6.940000057220458984e+00 7.062500000000000000e+00 1.418750000000000000e+01 -3.837500000000000000e+01 -8.437500000000000000e+00 -4.125000000000000000e+00 1.025000000000000000e+01
9.069999694824218750e+00 -2.369999885559082031e+00 6.469999790191650391e+00 7.062500000000000000e+00 1.418750000000000000e+01 -3.837500000000000000e+01 -1.868750000000000000e+01 0.000000000000000000e+00 9.625000000000000000e+00
8.420000076293945312e+00 -2.529999971389770508e+00 6.409999847412109375e+00 6.250000000000000000e+00 1.275000000000000000e+01 -3.756250000000000000e+01 -2.106250000000000000e+01 2.250000000000000000e+00 7.437500000000000000e+00
8.399999618530273438e+00 -3.380000114440917969e+00 6.760000228881835938e+00 6.250000000000000000e+00 1.275000000000000000e+01 -3.756250000000000000e+01 -1.875000000000000000e+01 2.125000000000000000e+00 6.187500000000000000e+00
5.679999828338623047e+00 -4.480000019073486328e+00 7.780000209808349609e+00 6.250000000000000000e+00 1.275000000000000000e+01 -3.756250000000000000e+01 -1.068750000000000000e+01 4.375000000000000000e+00 5.500000000000000000e+00
3.680000066757202148e+00 -4.389999866485595703e+00 9.189999580383300781e+00 6.250000000000000000e+00 1.275000000000000000e+01 -3.756250000000000000e+01 -2.937500000000000000e+00 1.000000000000000000e+01 7.500000000000000000e+00
1.600000023841857910e+00 -3.200000047683715820e+00 9.210000038146972656e+00 6.250000000000000000e+00 1.275000000000000000e+01 -3.756250000000000000e+01 -6.875000000000000000e-01 1.000000000000000000e+01 6.562500000000000000e+00
1.080000042915344238e+00 -3.269999980926513672e+00 9.199999809265136719e+00 7.000000000000000000e+00 1.306250000000000000e+01 -3.600000000000000000e+01 -5.937500000000000000e+00 0.000000000000000000e+00 1.437500000000000000e+00
2.750000000000000000e+00 -3.660000085830688477e+00 8.729999542236328125e+00 7.000000000000000000e+00 1.306250000000000000e+01 -3.600000000000000000e+01 -8.625000000000000000e+00 -7.812500000000000000e+00 -1.875000000000000000e+00
3.069999933242797852e+00 -3.359999895095825195e+00 8.529999732971191406e+00 7.000000000000000000e+00 1.306250000000000000e+01 -3.600000000000000000e+01 -8.562500000000000000e+00 -1.112500000000000000e+01 -2.562500000000000000e+00
3.730000019073486328e+00 -3.420000076293945312e+00 8.420000076293945312e+00 7.000000000000000000e+00 1.306250000000000000e+01 -3.600000000000000000e+01 -8.562500000000000000e+00 -1.193750000000000000e+01 -1.500000000000000000e+00
4.050000190734863281e+00 -3.309999942779541016e+00 8.279999732971191406e+00 7.000000000000000000e+00 1.306250000000000000e+01 -3.600000000000000000e+01 -8.875000000000000000e+00 -7.875000000000000000e+00 2.500000000000000000e-01
3.980000019073486328e+00 -3.619999885559082031e+00 8.020000457763671875e+00 6.187500000000000000e+00 1.350000000000000000e+01 -3.518750000000000000e+01 -8.812500000000000000e+00 -3.250000000000000000e+00 2.875000000000000000e+00
4.050000190734863281e+00 -3.690000057220458984e+00 7.969999790191650391e+00 6.187500000000000000e+00 1.350000000000000000e+01 -3.518750000000000000e+01 -7.062500000000000000e+00 1.437500000000000000e+00 5.375000000000000000e+00
3.960000038146972656e+00 -3.680000066757202148e+00 8.020000457763671875e+00 6.187500000000000000e+00 1.350000000000000000e+01 -3.518750000000000000e+01 -5.187500000000000000e+00 6.375000000000000000e+00 8.250000000000000000e+00
3.240000009536743164e+00 -3.710000038146972656e+00 8.319999694824218750e+00 6.187500000000000000e+00 1.350000000000000000e+01 -3.518750000000000000e+01 -3.500000000000000000e+00 1.006250000000000000e+01 1.025000000000000000e+01
2.599999904632568359e+00 -3.609999895095825195e+00 8.659999847412109375e+00 6.187500000000000000e+00 1.350000000000000000e+01 -3.518750000000000000e+01 -2.750000000000000000e+00 1.106250000000000000e+01 1.050000000000000000e+01
2.450000047683715820e+00 -3.730000019073486328e+00 8.779999732971191406e+00 6.187500000000000000e+00 1.425000000000000000e+01 -3.600000000000000000e+01 -4.000000000000000000e+00 7.750000000000000000e+00 8.687500000000000000e+00
2.549999952316284180e+00 -3.950000047683715820e+00 8.859999656677246094e+00 6.187500000000000000e+00 1.425000000000000000e+01 -3.600000000000000000e+01 -4.750000000000000000e+00 3.062500000000000000e+00 5.562500000000000000e+00
3.190000057220458984e+00 -4.059999942779541016e+00 8.590000152587890625e+00 6.187500000000000000e+00 1.425000000000000000e+01 -3.600000000000000000e+01 -4.625000000000000000e+00 -5.625000000000000000e-01 3.125000000000000000e+00
3.380000114440917969e+00 -4.079999923706054688e+00 8.460000038146972656e+00 6.187500000000000000e+00 1.425000000000000000e+01 -3.600000000000000000e+01 -4.187500000000000000e+00 -1.625000000000000000e+00 1.625000000000000000e+00
3.390000104904174805e+00 -4.019999980926513672e+00 8.420000076293945312e+00 6.187500000000000000e+00 1.425000000000000000e+01 -3.600000000000000000e+01 -3.125000000000000000e+00 -1.250000000000000000e+00 1.187500000000000000e+00
3.299999952316284180e+00 -3.859999895095825195e+00 8.439999580383300781e+00 6.875000000000000000e+00 1.425000000000000000e+01 -3.637500000000000000e+01 -2.187500000000000000e+00 -1.000000000000000000e+00 1.000000000000000000e+00
3.170000076293945312e+00 -3.920000076293945312e+00 8.420000076293945312e+00 6.875000000000000000e+00 1.425000000000000000e+01 -3.637500000000000000e+01 -1.937500000000000000e+00 -6.250000000000000000e-01 5.625000000000000000e-01
