2.720000028610229492e+00 -3.470000028610229492e+00 8.829999923706054688e+00 7.187500000000000000e+00 1.718750000000000000e+01 -3.175000000000000000e+01 1.250000000000000000e-01 -6.250000000000000000e-02 -1.250000000000000000e-01
2.619999885559082031e+00 -3.420000076293945312e+00 8.739999771118164062e+00 7.187500000000000000e+00 1.718750000000000000e+01 -3.175000000000000000e+01 0.000000000000000000e+00 5.000000000000000000e-01 6.250000000000000000e-02
2.619999885559082031e+00 -3.390000104904174805e+00 8.750000000000000000e+00 7.187500000000000000e+00 1.718750000000000000e+01 -3.175000000000000000e+01 1.875000000000000000e-01 4.375000000000000000e-01 1.875000000000000000e-01
2.609999895095825195e+00 -3.380000114440917969e+00 8.779999732971191406e+00 7.187500000000000000e+00 1.718750000000000000e+01 -3.175000000000000000e+01 0.000000000000000000e+00 2.500000000000000000e-01 1.875000000000000000e-01
2.660000085830688477e+00 -3.420000076293945312e+00 8.789999961853027344e+00 7.187500000000000000e+00 1.675000000000000000e+01 -3.300000000000000000e+01 -1.875000000000000000e-01 -6.250000000000000000e-02 1.875000000000000000e-01
2.619999885559082031e+00 -3.420000076293945312e+00 8.800000190734863281e+00 7.187500000000000000e+00 1.675000000000000000e+01 -3.300000000000000000e+01 -1.250000000000000000e-01 1.875000000000000000e-01 6.250000000000000000e-02
2.619999885559082031e+00 -3.430000066757202148e+00 8.779999732971191406e+00 7.187500000000000000e+00 1.675000000000000000e+01 -3.300000000000000000e+01 6.250000000000000000e-02 5.000000000000000000e-01 -6.250000000000000000e-02
2.690000057220458984e+00 -3.460000038146972656e+00 8.859999656677246094e+00 7.187500000000000000e+00 1.675000000000000000e+01 -3.300000000000000000e+01 -1.875000000000000000e-01 2.500000000000000000e-01 6.250000000000000000e-02
2.750000000000000000e+00 -3.430000066757202148e+00 8.850000381469726562e+00 7.187500000000000000e+00 1.675000000000000000e+01 -3.300000000000000000e+01 1.250000000000000000e-01 4.375000000000000000e-01 2.500000000000000000e-01
2.599999904632568359e+00 -3.400000095367431641e+00 8.760000228881835938e+00 6.750000000000000000e+00 1.756250000000000000e+01 -3.206250000000000000e+01 0.000000000000000000e+00 1.187500000000000000e+00 3.125000000000000000e-01
2.539999961853027344e+00 -3.359999895095825195e+00 8.659999847412109375e+00 6.750000000000000000e+00 1.756250000000000000e+01 -3.206250000000000000e+01 -1.250000000000000000e-01 1.562500000000000000e+00 5.625000000000000000e-01
2.509999990463256836e+00 -3.349999904632568359e+00 8.649999618530273438e+00 6.750000000000000000e+00 1.756250000000000000e+01 -3.206250000000000000e+01 -3.750000000000000000e-01 8.125000000000000000e-01 4.375000000000000000e-01
2.549999952316284180e+00 -3.420000076293945312e+00 8.680000305175781250e+00 6.750000000000000000e+00 1.756250000000000000e+01 -3.206250000000000000e+01 -4.375000000000000000e-01 3.125000000000000000e-01 1.875000000000000000e-01
2.539999961853027344e+00 -3.430000066757202148e+00 8.689999580383300781e+00 6.750000000000000000e+00 1.756250000000000000e+01 -3.206250000000000000e+01 -3.750000000000000000e-01 -3.125000000000000000e-01 -1.250000000000000000e-01
2.539999961853027344e+00 -3.430000066757202148e+00 8.670000076293945312e+00 6.375000000000000000e+00 1.787500000000000000e+01 -3.250000000000000000e+01 -1.875000000000000000e-01 -5.625000000000000000e-01 -2.500000000000000000e-01
2.549999952316284180e+00 -3.390000104904174805e+00 8.689999580383300781e+00 6.375000000000000000e+00 1.787500000000000000e+01 -3.250000000000000000e+01 1.250000000000000000e-01 -1.125000000000000000e+00 -3.750000000000000000e-01
2.619999885559082031e+00 -3.410000085830688477e+00 8.789999961853027344e+00 6.375000000000000000e+00 1.787500000000000000e+01 -3.250000000000000000e+01 1.875000000000000000e-01 -1.687500000000000000e+00 -5.000000000000000000e-01
2.690000057220458984e+00 -3.390000104904174805e+00 8.840000152587890625e+00 6.375000000000000000e+00 1.787500000000000000e+01 -3.250000000000000000e+01 1.875000000000000000e-01 -2.000000000000000000e+00 -6.875000000000000000e-01
2.680000066757202148e+00 -3.410000085830688477e+00 8.800000190734863281e+00 6.375000000000000000e+00 1.787500000000000000e+01 -3.250000000000000000e+01 1.250000000000000000e-01 -1.625000000000000000e+00 -8.125000000000000000e-01
2.680000066757202148e+00 -3.450000047683715820e+00 8.840000152587890625e+00 6.375000000000000000e+00 1.637500000000000000e+01 -3.375000000000000000e+01 -3.125000000000000000e-01 -1.562500000000000000e+00 -7.500000000000000000e-01
2.750000000000000000e+00 -3.450000047683715820e+00 8.869999885559082031e+00 6.375000000000000000e+00 1.637500000000000000e+01 -3.375000000000000000e+01 -3.125000000000000000e-01 -1.750000000000000000e+00 -3.125000000000000000e-01
2.720000028610229492e+00 -3.440000057220458984e+00 8.850000381469726562e+00 6.375000000000000000e+00 1.637500000000000000e+01 -3.375000000000000000e+01 -3.750000000000000000e-01 -1.125000000000000000e+00 -4.375000000000000000e-01
2.690000057220458984e+00 -3.440000057220458984e+00 8.760000228881835938e+00 6.375000000000000000e+00 1.637500000000000000e+01 -3.375000000000000000e+01 -2.500000000000000000e-01 -8.125000000000000000e-01 -1.250000000000000000e-01
2.609999895095825195e+00 -3.400000095367431641e+00 8.739999771118164062e+00 6.375000000000000000e+00 1.637500000000000000e+01 -3.375000000000000000e+01 -3.125000000000000000e-01 -5.625000000000000000e-01 -6.250000000000000000e-02
2.630000114440917969e+00 -3.410000085830688477e+00 8.779999732971191406e+00 6.562500000000000000e+00 1.787500000000000000e+01 -3.268750000000000000e+01 -3.125000000000000000e-01 -6.875000000000000000e-01 0.000000000000000000e+00
2.630000114440917969e+00 -3.420000076293945312e+00 8.770000457763671875e+00 6.562500000000000000e+00 1.787500000000000000e+01 -3.268750000000000000e+01 -3.750000000000000000e-01 -7.500000000000000000e-01 6.250000000000000000e-02
2.730000019073486328e+00 -3.460000038146972656e+00 8.800000190734863281e+00 6.562500000000000000e+00 1.787500000000000000e+01 -3.268750000000000000e+01 -3.125000000000000000e-01 -6.875000000000000000e-01 -2.500000000000000000e-01
2.690000057220458984e+00 -3.480000019073486328e+00 8.750000000000000000e+00 6.562500000000000000e+00 1.787500000000000000e+01 -3.268750000000000000e+01 -2.500000000000000000e-01 -3.750000000000000000e-01 -1.875000000000000000e-01
2.630000114440917969e+00 -3.470000028610229492e+00 8.720000267028808594e+00 6.562500000000000000e+00 1.787500000000000000e+01 -3.268750000000000000e+01 -6.250000000000000000e-02 -6.250000000000000000e-02 -1.875000000000000000e-01
2.630000114440917969e+00 -3.450000047683715820e+00 8.710000038146972656e+00 6.562500000000000000e+00 1.675000000000000000e+01 -3.268750000000000000e+01 1.875000000000000000e-01 0.000000000000000000e+00 -6.250000000000000000e-02
2.599999904632568359e+00 -3.400000095367431641e+00 8.779999732971191406e+00 6.562500000000000000e+00 1.675000000000000000e+01 -3.268750000000000000e+01 3.750000000000000000e-01 -1.875000000000000000e-01 -6.250000000000000000e-02
2.710000038146972656e+00 -3.420000076293945312e+00 8.810000419616699219e+00 6.562500000000000000e+00 1.675000000000000000e+01 -3.268750000000000000e+01 3.750000000000000000e-01 -5.000000000000000000e-01 -3.750000000000000000e-01
2.779999971389770508e+00 -3.420000076293945312e+00 8.850000381469726562e+00 6.562500000000000000e+00 1.675000000000000000e+01 -3.268750000000000000e+01 2.500000000000000000e-01 -5.000000000000000000e-01 -3.125000000000000000e-01
2.680000066757202148e+00 -3.470000028610229492e+00 8.760000228881835938e+00 6.562500000000000000e+00 1.675000000000000000e+01 -3.268750000000000000e+01 -6.250000000000000000e-02 -6.250000000000000000e-02 -2.500000000000000000e-01
2.609999895095825195e+00 -3.480000019073486328e+00 8.710000038146972656e+00 6.562500000000000000e+00 1.718750000000000000e+01 -3.268750000000000000e+01 0.000000000000000000e+00 3.125000000000000000e-01 1.250000000000000000e-01
2.640000104904174805e+00 -3.470000028610229492e+00 8.739999771118164062e+00 6.562500000000000000e+00 1.718750000000000000e+01 -3.268750000000000000e+01 3.750000000000000000e-01 4.375000000000000000e-01 6.250000000000000000e-02
2.619999885559082031e+00 -3.460000038146972656e+00 8.680000305175781250e+00 6.562500000000000000e+00 1.718750000000000000e+01 -3.268750000000000000e+01 7.500000000000000000e-01 3.125000000000000000e-01 -6.250000000000000000e-02
2.559999942779541016e+00 -3.400000095367431641e+00 8.659999847412109375e+00 6.562500000000000000e+00 1.718750000000000000e+01 -3.268750000000000000e+01 9.375000000000000000e-01 2.500000000000000000e-01 0.000000000000000000e+00
2.589999914169311523e+00 -3.359999895095825195e+00 8.689999580383300781e+00 6.562500000000000000e+00 1.718750000000000000e+01 -3.268750000000000000e+01 1.312500000000000000e+00 0.000000000000000000e+00 -6.250000000000000000e-02
2.589999914169311523e+00 -3.359999895095825195e+00 8.689999580383300781e+00 6.562500000000000000e+00 1.718750000000000000e+01 -3.256250000000000000e+01 1.562500000000000000e+00 -2.500000000000000000e-01 -3.125000000000000000e-01
2.680000066757202148e+00 -3.430000066757202148e+00 8.810000419616699219e+00 6.562500000000000000e+00 1.718750000000000000e+01 -3.256250000000000000e+01 1.500000000000000000e+00 -3.125000000000000000e-01 -3.750000000000000000e-01
2.630000114440917969e+00 -3.589999914169311523e+00 8.609999656677246094e+00 6.562500000000000000e+00 1.718750000000000000e+01 -3.256250000000000000e+01 1.875000000000000000e+00 3.750000000000000000e-01 -2.500000000000000000e-01
2.630000114440917969e+00 -3.589999914169311523e+00 8.609999656677246094e+00 6.562500000000000000e+00 1.718750000000000000e+01 -3.256250000000000000e+01 2.875000000000000000e+00 6.250000000000000000e-01 -1.875000000000000000e-01
2.609999895095825195e+00 -3.630000114440917969e+00 8.609999656677246094e+00 6.562500000000000000e+00 1.718750000000000000e+01 -3.256250000000000000e+01 4.375000000000000000e+00 6.250000000000000000e-01 -5.625000000000000000e-01
2.630000114440917969e+00 -3.690000057220458984e+00 8.750000000000000000e+00 7.000000000000000000e+00 1.718750000000000000e+01 -3.218750000000000000e+01 6.062500000000000000e+00 6.875000000000000000e-01 -5.625000000000000000e-01
2.680000066757202148e+00 -3.490000009536743164e+00 8.750000000000000000e+00 7.000000000000000000e+00 1.718750000000000000e+01 -3.218750000000000000e+01 7.437500000000000000e+00 1.000000000000000000e+00 -5.000000000000000000e-01
2.640000104904174805e+00 -3.390000104904174805e+00 8.770000457763671875e+00 7.000000000000000000e+00 1.718750000000000000e+01 -3.218750000000000000e+01 8.000000000000000000e+00 9.375000000000000000e-01 -6.250000000000000000e-01
2.670000076293945312e+00 -3.289999961853027344e+00 8.819999694824218750e+00 7.000000000000000000e+00 1.718750000000000000e+01 -3.218750000000000000e+01 7.937500000000000000e+00 1.250000000000000000e+00 -8.750000000000000000e-01
2.650000095367431641e+00 -3.230000019073486328e+00 8.810000419616699219e+00 7.000000000000000000e+00 1.718750000000000000e+01 -3.218750000000000000e+01 7.375000000000000000e+00 1.437500000000000000e+00 -1.187500000000000000e+00
2.660000085830688477e+00 -3.240000009536743164e+00 8.899999618530273438e+00 7.687500000000000000e+00 1.675000000000000000e+01 -3.268750000000000000e+01 6.437500000000000000e+00 1.250000000000000000e+00 -1.000000000000000000e+00
2.730000019073486328e+00 -3.279999971389770508e+00 8.930000305175781250e+00 7.687500000000000000e+00 1.675000000000000000e+01 -3.268750000000000000e+01 5.937500000000000000e+00 1.312500000000000000e+00 -7.500000000000000000e-01
2.900000095367431641e+00 -3.339999914169311523e+00 9.010000228881835938e+00 7.687500000000000000e+00 1.675000000000000000e+01 -3.268750000000000000e+01 6.312500000000000000e+00 2.312500000000000000e+00 -4.375000000000000000e-01
3.079999923706054688e+00 -3.450000047683715820e+00 9.149999618530273438e+00 7.687500000000000000e+00 1.675000000000000000e+01 -3.268750000000000000e+01 7.812500000000000000e+00 4.937500000000000000e+00 2.500000000000000000e-01
3.730000019073486328e+00 -3.990000009536743164e+00 9.520000457763671875e+00 7.687500000000000000e+00 1.675000000000000000e+01 -3.268750000000000000e+01 1.243750000000000000e+01 9.750000000000000000e+00 3.750000000000000000e-01
4.019999980926513672e+00 -4.309999942779541016e+00 9.600000381469726562e+00 7.000000000000000000e+00 1.718750000000000000e+01 -3.256250000000000000e+01 2.081250000000000000e+01 1.756250000000000000e+01 -6.250000000000000000e-02
4.019999980926513672e+00 -4.360000133514404297e+00 9.369999885559082031e+00 7.000000000000000000e+00 1.718750000000000000e+01 -3.256250000000000000e+01 2.831250000000000000e+01 2.587500000000000000e+01 -1.500000000000000000e+00
3.470000028610229492e+00 -4.030000209808349609e+00 8.970000267028808594e+00 7.000000000000000000e+00 1.718750000000000000e+01 -3.256250000000000000e+01 3.081250000000000000e+01 3.006250000000000000e+01 -1.250000000000000000e+00
1.889999985694885254e+00 -3.160000085830688477e+00 8.390000343322753906e+00 7.000000000000000000e+00 1.718750000000000000e+01 -3.256250000000000000e+01 3.093750000000000000e+01 2.762500000000000000e+01 6.250000000000000000e-02
1.539999961853027344e+00 -2.690000057220458984e+00 8.250000000000000000e+00 7.000000000000000000e+00 1.718750000000000000e+01 -3.256250000000000000e+01 2.925000000000000000e+01 2.250000000000000000e+01 6.250000000000000000e-01
1.320000052452087402e+00 -2.319999933242797852e+00 8.239999771118164062e+00 7.375000000000000000e+00 1.525000000000000000e+01 -3.300000000000000000e+01 2.581250000000000000e+01 1.637500000000000000e+01 -2.500000000000000000e-01
1.330000042915344238e+00 -1.990000009536743164e+00 8.279999732971191406e+00 7.375000000000000000e+00 1.525000000000000000e+01 -3.300000000000000000e+01 2.150000000000000000e+01 1.075000000000000000e+01 -1.750000000000000000e+00
1.399999976158142090e+00 -2.039999961853027344e+00 8.350000381469726562e+00 7.375000000000000000e+00 1.525000000000000000e+01 -3.300000000000000000e+01 1.793750000000000000e+01 5.375000000000000000e+00 -3.000000000000000000e+00
1.590000033378601074e+00 -2.230000019073486328e+00 8.380000114440917969e+00 7.375000000000000000e+00 1.525000000000000000e+01 -3.300000000000000000e+01 1.512500000000000000e+01 1.187500000000000000e+00 -4.437500000000000000e+00
1.629999995231628418e+00 -2.420000076293945312e+00 8.329999923706054688e+00 7.375000000000000000e+00 1.525000000000000000e+01 -3.300000000000000000e+01 1.231250000000000000e+01 -2.500000000000000000e+00 -5.750000000000000000e+00
1.360000014305114746e+00 -2.829999923706054688e+00 8.229999542236328125e+00 8.375000000000000000e+00 1.525000000000000000e+01 -3.337500000000000000e+01 1.018750000000000000e+01 -7.437500000000000000e+00 -7.375000000000000000e+00
1.580000042915344238e+00 -3.029999971389770508e+00 8.770000457763671875e+00 8.375000000000000000e+00 1.525000000000000000e+01 -3.337500000000000000e+01 8.000000000000000000e+00 -1.375000000000000000e+01 -8.312500000000000000e+00
2.369999885559082031e+00 -2.930000066757202148e+00 9.050000190734863281e+00 8.375000000000000000e+00 1.525000000000000000e+01 -3.337500000000000000e+01 3.750000000000000000e+00 -1.637500000000000000e+01 -6.312500000000000000e+00
2.849999904632568359e+00 -3.000000000000000000e+00 9.250000000000000000e+00 8.375000000000000000e+00 1.525000000000000000e+01 -3.337500000000000000e+01 1.125000000000000000e+00 -1.662500000000000000e+01 -3.500000000000000000e+00
2.960000038146972656e+00 -2.599999904632568359e+00 9.369999885559082031e+00 8.375000000000000000e+00 1.525000000000000000e+01 -3.337500000000000000e+01 -2.500000000000000000e-01 -1.487500000000000000e+01 -2.437500000000000000e+00
2.539999961853027344e+00 -2.299999952316284180e+00 9.260000228881835938e+00 8.375000000000000000e+00 1.425000000000000000e+01 -3.306250000000000000e+01 -4.937500000000000000e+00 -1.425000000000000000e+01 -1.875000000000000000e+00
2.220000028610229492e+00 -2.180000066757202148e+00 8.970000267028808594e+00 8.375000000000000000e+00 1.425000000000000000e+01 -3.306250000000000000e+01 -1.037500000000000000e+01 -1.618750000000000000e+01 -2.000000000000000000e+00
2.299999952316284180e+00 -2.230000019073486328e+00 8.909999847412109375e+00 8.375000000000000000e+00 1.425000000000000000e+01 -3.306250000000000000e+01 -1.487500000000000000e+01 -1.893750000000000000e+01 -1.937500000000000000e+00
2.549999952316284180e+00 -2.400000095367431641e+00 9.020000457763671875e+00 8.375000000000000000e+00 1.425000000000000000e+01 -3.306250000000000000e+01 -1.850000000000000000e+01 -2.062500000000000000e+01 -2.250000000000000000e+00
2.609999895095825195e+00 -2.569999933242797852e+00 9.319999694824218750e+00 8.375000000000000000e+00 1.425000000000000000e+01 -3.306250000000000000e+01 -2.162500000000000000e+01 -2.156250000000000000e+01 -2.875000000000000000e+00
2.930000066757202148e+00 -2.630000114440917969e+00 9.600000381469726562e+00 7.687500000000000000e+00 1.525000000000000000e+01 -3.325000000000000000e+01 -2.731250000000000000e+01 -2.118750000000000000e+01 -1.687500000000000000e+00
2.900000095367431641e+00 -2.440000057220458984e+00 9.369999885559082031e+00 7.687500000000000000e+00 1.525000000000000000e+01 -3.325000000000000000e+01 -3.425000000000000000e+01 -2.075000000000000000e+01 2.500000000000000000e-01
2.670000076293945312e+00 -2.329999923706054688e+00 9.689999580383300781e+00 7.687500000000000000e+00 1.525000000000000000e+01 -3.325000000000000000e+01 -4.468750000000000000e+01 -2.300000000000000000e+01 2.812500000000000000e+00
2.950000047683715820e+00 -2.160000085830688477e+00 1.031000041961669922e+01 7.687500000000000000e+00 1.525000000000000000e+01 -3.325000000000000000e+01 -5.881250000000000000e+01 -2.706250000000000000e+01 6.750000000000000000e+00
4.170000076293945312e+00 -1.379999995231628418e+00 1.123999977111816406e+01 7.687500000000000000e+00 1.525000000000000000e+01 -3.325000000000000000e+01 -7.012500000000000000e+01 -2.850000000000000000e+01 1.275000000000000000e+01
4.030000209808349609e+00 -7.799999713897705078e-01 1.127000045776367188e+01 7.687500000000000000e+00 1.556250000000000000e+01 -3.356250000000000000e+01 -7.856250000000000000e+01 -2.625000000000000000e+01 2.018750000000000000e+01
4.059999942779541016e+00 -5.500000119209289551e-01 1.069999980926513672e+01 7.687500000000000000e+00 1.556250000000000000e+01 -3.356250000000000000e+01 -8.993750000000000000e+01 -2.212500000000000000e+01 2.687500000000000000e+01
3.759999990463256836e+00 -1.190000057220458984e+00 9.850000381469726562e+00 7.687500000000000000e+00 1.556250000000000000e+01 -3.356250000000000000e+01 -1.068750000000000000e+02 -1.650000000000000000e+01 3.006250000000000000e+01
3.359999895095825195e+00 -4.170000076293945312e+00 8.970000267028808594e+00 7.687500000000000000e+00 1.556250000000000000e+01 -3.356250000000000000e+01 -1.145000000000000000e+02 -1.587500000000000000e+01 3.268750000000000000e+01
3.690000057220458984e+00 -4.500000000000000000e+00 8.229999542236328125e+00 7.687500000000000000e+00 1.556250000000000000e+01 -3.356250000000000000e+01 -1.113750000000000000e+02 -1.337500000000000000e+01 3.587500000000000000e+01
3.220000028610229492e+00 -4.110000133514404297e+00 8.000000000000000000e+00 7.687500000000000000e+00 1.556250000000000000e+01 -3.356250000000000000e+01 -1.096250000000000000e+02 -1.100000000000000000e+01 3.781250000000000000e+01
2.940000057220458984e+00 -4.099999904632568359e+00 8.210000038146972656e+00 4.687500000000000000e+00 1.818750000000000000e+01 -3.225000000000000000e+01 -1.103750000000000000e+02 -1.037500000000000000e+01 3.862500000000000000e+01
2.710000038146972656e+00 -3.920000076293945312e+00 7.909999847412109375e+00 4.687500000000000000e+00 1.818750000000000000e+01 -3.225000000000000000e+01 -1.105625000000000000e+02 -8.687500000000000000e+00 3.918750000000000000e+01
2.500000000000000000e+00 -4.079999923706054688e+00 7.880000114440917969e+00 4.687500000000000000e+00 1.818750000000000000e+01 -3.225000000000000000e+01 -1.108125000000000000e+02 -9.562500000000000000e+00 4.037500000000000000e+01
2.700000047683715820e+00 -4.230000019073486328e+00 8.350000381469726562e+00 4.687500000000000000e+00 1.818750000000000000e+01 -3.225000000000000000e+01 -1.118125000000000000e+02 -1.181250000000000000e+01 4.331250000000000000e+01
3.049999952316284180e+00 -3.480000019073486328e+00 8.430000305175781250e+00 5.500000000000000000e+00 2.068750000000000000e+01 -3.037500000000000000e+01 -1.165000000000000000e+02 -1.081250000000000000e+01 4.731250000000000000e+01
2.930000066757202148e+00 -3.259999990463256836e+00 8.750000000000000000e+00 5.500000000000000000e+00 2.068750000000000000e+01 -3.037500000000000000e+01 -1.270625000000000000e+02 -1.025000000000000000e+01 5.125000000000000000e+01
3.009999990463256836e+00 -3.119999885559082031e+00 8.920000076293945312e+00 5.500000000000000000e+00 2.068750000000000000e+01 -3.037500000000000000e+01 -1.410000000000000000e+02 -1.050000000000000000e+01 5.587500000000000000e+01
3.190000057220458984e+00 -3.049999952316284180e+00 8.640000343322753906e+00 5.500000000000000000e+00 2.068750000000000000e+01 -3.037500000000000000e+01 -1.570625000000000000e+02 -8.437500000000000000e+00 5.943750000000000000e+01
2.470000028610229492e+00 -3.809999942779541016e+00 8.069999694824218750e+00 5.500000000000000000e+00 2.068750000000000000e+01 -3.037500000000000000e+01 -1.730625000000000000e+02 -7.125000000000000000e+00 6.106250000000000000e+01
2.539999961853027344e+00 -4.409999847412109375e+00 7.650000095367431641e+00 5.500000000000000000e+00 2.068750000000000000e+01 -3.037500000000000000e+01 -1.857500000000000000e+02 -6.875000000000000000e+00 6.143750000000000000e+01
2.619999885559082031e+00 -5.030000209808349609e+00 7.000000000000000000e+00 6.500000000000000000e+00 2.618750000000000000e+01 -2.900000000000000000e+01 -1.948750000000000000e+02 -5.312500000000000000e+00 6.212500000000000000e+01
2.390000104904174805e+00 -5.639999866485595703e+00 6.130000114440917969e+00 6.500000000000000000e+00 2.618750000000000000e+01 -2.900000000000000000e+01 -1.961250000000000000e+02 -4.125000000000000000e+00 6.106250000000000000e+01
1.990000009536743164e+00 -7.039999961853027344e+00 5.320000171661376953e+00 6.500000000000000000e+00 2.618750000000000000e+01 -2.900000000000000000e+01 -1.914375000000000000e+02 -5.375000000000000000e+00 5.762500000000000000e+01
2.319999933242797852e+00 -7.409999847412109375e+00 5.289999961853027344e+00 6.500000000000000000e+00 2.618750000000000000e+01 -2.900000000000000000e+01 -1.865000000000000000e+02 -5.812500000000000000e+00 5.400000000000000000e+01
2.549999952316284180e+00 -7.440000057220458984e+00 4.840000152587890625e+00 6.500000000000000000e+00 2.618750000000000000e+01 -2.900000000000000000e+01 -1.813750000000000000e+02 -3.000000000000000000e+00 5.156250000000000000e+01
