1.272000026702880859e+01 -3.759999990463256836e+00 5.849999904632568359e+00 1.187500000000000000e+01 2.218750000000000000e+01 -4.806250000000000000e+01 9.568750000000000000e+01 -7.137500000000000000e+01 9.543750000000000000e+01
7.860000133514404297e+00 -3.089999914169311523e+00 -1.419999957084655762e+00 1.187500000000000000e+01 2.100000000000000000e+01 -4.900000000000000000e+01 6.393750000000000000e+01 -1.098750000000000000e+02 5.956250000000000000e+01
-1.419999957084655762e+00 -1.400000005960464478e-01 9.239999771118164062e+00 1.187500000000000000e+01 2.100000000000000000e+01 -4.900000000000000000e+01 4.743750000000000000e+01 -1.031875000000000000e+02 2.243750000000000000e+01
-5.710000038146972656e+00 -1.929999947547912598e+00 1.548999977111816406e+01 1.187500000000000000e+01 2.100000000000000000e+01 -4.900000000000000000e+01 5.762500000000000000e+01 -6.443750000000000000e+01 8.812500000000000000e+00
5.000000000000000000e-01 -2.500000000000000000e-01 9.090000152587890625e+00 1.187500000000000000e+01 2.100000000000000000e+01 -4.900000000000000000e+01 5.162500000000000000e+01 -2.118750000000000000e+01 -2.500000000000000000e-01
3.490000009536743164e+00 -2.199999988079071045e-01 8.750000000000000000e+00 1.187500000000000000e+01 2.100000000000000000e+01 -4.900000000000000000e+01 3.406250000000000000e+01 -7.187500000000000000e+00 -1.250000000000000000e+00
1.779999971389770508e+00 -1.179999947547912598e+00 9.119999885559082031e+00 1.006250000000000000e+01 1.850000000000000000e+01 -5.100000000000000000e+01 1.281250000000000000e+01 -1.031250000000000000e+01 1.687500000000000000e+00
1.110000014305114746e+00 -2.079999923706054688e+00 9.810000419616699219e+00 1.006250000000000000e+01 1.850000000000000000e+01 -5.100000000000000000e+01 -3.187500000000000000e+00 -1.306250000000000000e+01 -3.250000000000000000e+00
2.430000066757202148e+00 -2.339999914169311523e+00 8.989999771118164062e+00 1.006250000000000000e+01 1.850000000000000000e+01 -5.100000000000000000e+01 -1.662500000000000000e+01 -8.375000000000000000e+00 -8.750000000000000000e+00
2.880000114440917969e+00 -2.769999980926513672e+00 8.369999885559082031e+00 1.006250000000000000e+01 1.850000000000000000e+01 -5.100000000000000000e+01 -2.437500000000000000e+01 -4.500000000000000000e+00 -9.750000000000000000e+00
2.950000047683715820e+00 -3.029999971389770508e+00 8.539999961853027344e+00 1.006250000000000000e+01 1.850000000000000000e+01 -5.100000000000000000e+01 -2.281250000000000000e+01 -3.687500000000000000e+00 -7.687500000000000000e+00
3.359999895095825195e+00 -3.599999904632568359e+00 8.779999732971191406e+00 8.562500000000000000e+00 1.587500000000000000e+01 -5.125000000000000000e+01 -1.793750000000000000e+01 -4.500000000000000000e+00 -6.375000000000000000e+00
3.500000000000000000e+00 -3.890000104904174805e+00 8.920000076293945312e+00 8.562500000000000000e+00 1.587500000000000000e+01 -5.125000000000000000e+01 -1.406250000000000000e+01 -4.125000000000000000e+00 -6.312500000000000000e+00
3.799999952316284180e+00 -4.110000133514404297e+00 8.729999542236328125e+00 8.562500000000000000e+00 1.587500000000000000e+01 -5.125000000000000000e+01 -8.187500000000000000e+00 -4.125000000000000000e+00 -6.125000000000000000e+00
3.529999971389770508e+00 -3.730000019073486328e+00 8.409999847412109375e+00 8.562500000000000000e+00 1.587500000000000000e+01 -5.125000000000000000e+01 -2.312500000000000000e+00 -4.312500000000000000e+00 -6.125000000000000000e+00
3.640000104904174805e+00 -3.930000066757202148e+00 8.689999580383300781e+00 8.562500000000000000e+00 1.587500000000000000e+01 -5.125000000000000000e+01 2.187500000000000000e+00 -3.562500000000000000e+00 -5.000000000000000000e+00
3.750000000000000000e+00 -3.049999952316284180e+00 8.390000343322753906e+00 8.187500000000000000e+00 1.768750000000000000e+01 -5.137500000000000000e+01 4.750000000000000000e+00 -3.875000000000000000e+00 -7.437500000000000000e+00
2.220000028610229492e+00 -2.500000000000000000e+00 8.109999656677246094e+00 8.187500000000000000e+00 1.768750000000000000e+01 -5.137500000000000000e+01 1.031250000000000000e+01 -3.750000000000000000e-01 -4.000000000000000000e+00
1.899999976158142090e+00 -3.180000066757202148e+00 8.930000305175781250e+00 8.187500000000000000e+00 1.768750000000000000e+01 -5.137500000000000000e+01 1.787500000000000000e+01 4.625000000000000000e+00 -2.500000000000000000e-01
2.789999961853027344e+00 -2.829999923706054688e+00 8.619999885559082031e+00 8.187500000000000000e+00 1.768750000000000000e+01 -5.137500000000000000e+01 2.700000000000000000e+01 4.687500000000000000e+00 2.500000000000000000e-01
2.519999980926513672e+00 -3.039999961853027344e+00 8.729999542236328125e+00 8.187500000000000000e+00 1.768750000000000000e+01 -5.137500000000000000e+01 3.175000000000000000e+01 6.312500000000000000e+00 1.062500000000000000e+00
2.549999952316284180e+00 -2.920000076293945312e+00 8.550000190734863281e+00 8.187500000000000000e+00 1.700000000000000000e+01 -5.300000000000000000e+01 3.406250000000000000e+01 6.437500000000000000e+00 3.125000000000000000e-01
2.380000114440917969e+00 -2.509999990463256836e+00 8.979999542236328125e+00 8.187500000000000000e+00 1.700000000000000000e+01 -5.300000000000000000e+01 3.168750000000000000e+01 6.875000000000000000e+00 -1.437500000000000000e+00
2.539999961853027344e+00 -2.390000104904174805e+00 9.100000381469726562e+00 8.187500000000000000e+00 1.700000000000000000e+01 -5.300000000000000000e+01 2.718750000000000000e+01 5.312500000000000000e+00 -2.937500000000000000e+00
3.079999923706054688e+00 -2.259999990463256836e+00 9.239999771118164062e+00 8.187500000000000000e+00 1.700000000000000000e+01 -5.300000000000000000e+01 2.193750000000000000e+01 3.625000000000000000e+00 -3.875000000000000000e+00
3.009999990463256836e+00 -2.269999980926513672e+00 9.539999961853027344e+00 8.187500000000000000e+00 1.700000000000000000e+01 -5.300000000000000000e+01 1.450000000000000000e+01 4.437500000000000000e+00 -2.875000000000000000e+00
3.789999961853027344e+00 -2.619999885559082031e+00 9.670000076293945312e+00 8.187500000000000000e+00 1.656250000000000000e+01 -5.100000000000000000e+01 5.562500000000000000e+00 4.937500000000000000e+00 -2.250000000000000000e+00
3.650000095367431641e+00 -2.890000104904174805e+00 9.649999618530273438e+00 8.187500000000000000e+00 1.656250000000000000e+01 -5.100000000000000000e+01 -1.937500000000000000e+00 9.250000000000000000e+00 -1.812500000000000000e+00
3.319999933242797852e+00 -2.990000009536743164e+00 9.520000457763671875e+00 8.187500000000000000e+00 1.656250000000000000e+01 -5.100000000000000000e+01 -8.250000000000000000e+00 1.568750000000000000e+01 -3.562500000000000000e+00
3.460000038146972656e+00 -2.759999990463256836e+00 9.920000076293945312e+00 8.187500000000000000e+00 1.656250000000000000e+01 -5.100000000000000000e+01 -1.056250000000000000e+01 1.881250000000000000e+01 -4.937500000000000000e+00
5.230000019073486328e+00 -2.369999885559082031e+00 1.148999977111816406e+01 8.187500000000000000e+00 1.656250000000000000e+01 -5.100000000000000000e+01 -1.362500000000000000e+01 2.500000000000000000e+01 -5.812500000000000000e+00
6.389999866485595703e+00 -3.009999990463256836e+00 1.200000000000000000e+01 8.875000000000000000e+00 1.506250000000000000e+01 -5.175000000000000000e+01 -1.956250000000000000e+01 3.918750000000000000e+01 -3.875000000000000000e+00
6.989999771118164062e+00 -3.509999990463256836e+00 1.186999988555908203e+01 8.875000000000000000e+00 1.506250000000000000e+01 -5.175000000000000000e+01 -2.143750000000000000e+01 5.806250000000000000e+01 1.062500000000000000e+00
8.680000305175781250e+00 -3.069999933242797852e+00 1.196000003814697266e+01 8.875000000000000000e+00 1.506250000000000000e+01 -5.175000000000000000e+01 -2.231250000000000000e+01 7.612500000000000000e+01 6.500000000000000000e+00
5.480000019073486328e+00 -3.930000066757202148e+00 9.739999771118164062e+00 8.875000000000000000e+00 1.506250000000000000e+01 -5.175000000000000000e+01 -3.868750000000000000e+01 9.725000000000000000e+01 1.743750000000000000e+01
2.349999904632568359e+00 -4.469999790191650391e+00 8.739999771118164062e+00 8.875000000000000000e+00 1.506250000000000000e+01 -5.175000000000000000e+01 -3.362500000000000000e+01 1.131875000000000000e+02 1.743750000000000000e+01
9.100000262260437012e-01 -3.690000057220458984e+00 7.590000152587890625e+00 9.687500000000000000e+00 1.550000000000000000e+01 -5.056250000000000000e+01 -1.187500000000000000e+00 1.086250000000000000e+02 1.181250000000000000e+01
1.700000017881393433e-01 -2.410000085830688477e+00 7.460000038146972656e+00 9.687500000000000000e+00 1.550000000000000000e+01 -5.056250000000000000e+01 9.250000000000000000e+00 9.875000000000000000e+01 8.000000000000000000e+00
2.500000000000000000e-01 -2.640000104904174805e+00 8.109999656677246094e+00 9.687500000000000000e+00 1.550000000000000000e+01 -5.056250000000000000e+01 1.100000000000000000e+01 8.818750000000000000e+01 5.250000000000000000e+00
9.800000190734863281e-01 -2.180000066757202148e+00 8.510000228881835938e+00 9.687500000000000000e+00 1.550000000000000000e+01 -5.056250000000000000e+01 6.312500000000000000e+00 8.056250000000000000e+01 4.187500000000000000e+00
1.360000014305114746e+00 -2.380000114440917969e+00 8.710000038146972656e+00 9.687500000000000000e+00 1.550000000000000000e+01 -5.056250000000000000e+01 -5.875000000000000000e+00 7.800000000000000000e+01 5.187500000000000000e+00
2.319999933242797852e+00 -3.430000066757202148e+00 8.840000152587890625e+00 1.300000000000000000e+01 1.550000000000000000e+01 -5.056250000000000000e+01 -1.412500000000000000e+01 7.775000000000000000e+01 6.687500000000000000e+00
1.049999952316284180e+00 -3.559999942779541016e+00 8.460000038146972656e+00 1.300000000000000000e+01 1.550000000000000000e+01 -5.056250000000000000e+01 -1.643750000000000000e+01 7.850000000000000000e+01 8.937500000000000000e+00
4.399999976158142090e-01 -2.940000057220458984e+00 8.220000267028808594e+00 1.300000000000000000e+01 1.550000000000000000e+01 -5.056250000000000000e+01 -1.068750000000000000e+01 7.468750000000000000e+01 9.187500000000000000e+00
-1.179999947547912598e+00 -2.339999914169311523e+00 7.309999942779541016e+00 1.300000000000000000e+01 1.550000000000000000e+01 -5.056250000000000000e+01 -8.687500000000000000e+00 6.825000000000000000e+01 7.812500000000000000e+00
-1.500000000000000000e+00 -2.319999933242797852e+00 7.119999885559082031e+00 1.300000000000000000e+01 1.550000000000000000e+01 -5.056250000000000000e+01 -6.312500000000000000e+00 5.850000000000000000e+01 3.312500000000000000e+00
-1.779999971389770508e+00 -2.119999885559082031e+00 6.610000133514404297e+00 1.668750000000000000e+01 1.506250000000000000e+01 -4.900000000000000000e+01 -4.750000000000000000e+00 4.675000000000000000e+01 -1.375000000000000000e+00
-2.640000104904174805e+00 -1.919999957084655762e+00 6.230000019073486328e+00 1.668750000000000000e+01 1.506250000000000000e+01 -4.900000000000000000e+01 -6.125000000000000000e+00 3.368750000000000000e+01 -7.125000000000000000e+00
-3.630000114440917969e+00 -1.659999966621398926e+00 5.090000152587890625e+00 1.668750000000000000e+01 1.506250000000000000e+01 -4.900000000000000000e+01 -8.187500000000000000e+00 1.618750000000000000e+01 -1.400000000000000000e+01
-4.480000019073486328e+00 -1.500000000000000000e+00 4.239999771118164062e+00 1.668750000000000000e+01 1.506250000000000000e+01 -4.900000000000000000e+01 -1.325000000000000000e+01 -4.437500000000000000e+00 -1.812500000000000000e+01
-5.050000190734863281e+00 -2.140000104904174805e+00 3.900000095367431641e+00 1.668750000000000000e+01 1.506250000000000000e+01 -4.900000000000000000e+01 -1.525000000000000000e+01 -3.225000000000000000e+01 -1.975000000000000000e+01
-4.199999809265136719e+00 -2.910000085830688477e+00 4.480000019073486328e+00 1.856250000000000000e+01 1.506250000000000000e+01 -4.768750000000000000e+01 -1.000000000000000000e+01 -6.312500000000000000e+01 -2.225000000000000000e+01
-3.339999914169311523e+00 -1.820000052452087402e+00 4.440000057220458984e+00 1.856250000000000000e+01 1.506250000000000000e+01 -4.768750000000000000e+01 -3.937500000000000000e+00 -8.768750000000000000e+01 -2.293750000000000000e+01
-3.700000047683715820e+00 -1.159999966621398926e+00 4.110000133514404297e+00 1.856250000000000000e+01 1.506250000000000000e+01 -4.768750000000000000e+01 -4.500000000000000000e+00 -1.131250000000000000e+02 -2.456250000000000000e+01
-3.619999885559082031e+00 -1.129999995231628418e+00 3.859999895095825195e+00 1.856250000000000000e+01 1.506250000000000000e+01 -4.768750000000000000e+01 -2.812500000000000000e+00 -1.410625000000000000e+02 -2.906250000000000000e+01
-3.230000019073486328e+00 9.999999776482582092e-03 3.690000057220458984e+00 1.856250000000000000e+01 1.506250000000000000e+01 -4.768750000000000000e+01 2.687500000000000000e+00 -1.715000000000000000e+02 -3.412500000000000000e+01
-1.909999966621398926e+00 -4.300000071525573730e-01 4.099999904632568359e+00 1.587500000000000000e+01 1.656250000000000000e+01 -4.806250000000000000e+01 5.750000000000000000e+00 -2.015625000000000000e+02 -3.925000000000000000e+01
-1.240000009536743164e+00 -3.400000035762786865e-01 5.170000076293945312e+00 1.587500000000000000e+01 1.656250000000000000e+01 -4.806250000000000000e+01 -8.187500000000000000e+00 -2.295000000000000000e+02 -5.718750000000000000e+01
3.300000131130218506e-01 2.399999946355819702e-01 8.220000267028808594e+00 1.587500000000000000e+01 1.656250000000000000e+01 -4.806250000000000000e+01 -1.106250000000000000e+01 -2.579375000000000000e+02 -6.981250000000000000e+01
3.934000015258789062e+01 -1.069999980926513672e+01 1.937999916076660156e+01 1.587500000000000000e+01 1.656250000000000000e+01 -4.806250000000000000e+01 1.160625000000000000e+02 -2.110625000000000000e+02 -6.768750000000000000e+01
-9.000000357627868652e-02 5.250000000000000000e+00 -7.610000133514404297e+00 1.587500000000000000e+01 1.656250000000000000e+01 -4.806250000000000000e+01 -4.343750000000000000e+01 1.704375000000000000e+02 8.750000000000000000e+00
-8.819999694824218750e+00 -3.119999885559082031e+00 2.299999952316284180e+00 9.687500000000000000e+00 1.768750000000000000e+01 -5.125000000000000000e+01 -1.898125000000000000e+02 1.400625000000000000e+02 7.500000000000000000e-01
-7.090000152587890625e+00 -5.400000095367431641e+00 3.660000085830688477e+00 9.687500000000000000e+00 1.768750000000000000e+01 -5.125000000000000000e+01 -4.375000000000000000e+01 -4.318750000000000000e+01 -4.906250000000000000e+01
1.069999980926513672e+01 -6.550000190734863281e+00 1.526000022888183594e+01 9.687500000000000000e+00 1.768750000000000000e+01 -5.125000000000000000e+01 4.425000000000000000e+01 -2.918750000000000000e+01 -3.000000000000000000e+01
8.140000343322753906e+00 -3.220000028610229492e+00 8.609999656677246094e+00 9.687500000000000000e+00 1.768750000000000000e+01 -5.125000000000000000e+01 -1.581250000000000000e+01 2.281250000000000000e+01 3.062500000000000000e+00
5.719999790191650391e+00 -4.820000171661376953e+00 1.214999961853027344e+01 9.687500000000000000e+00 1.768750000000000000e+01 -5.125000000000000000e+01 -2.162500000000000000e+01 5.106250000000000000e+01 1.375000000000000000e+01
5.550000190734863281e+00 -4.829999923706054688e+00 9.350000381469726562e+00 8.250000000000000000e+00 2.025000000000000000e+01 -5.125000000000000000e+01 -1.643750000000000000e+01 7.575000000000000000e+01 1.625000000000000000e+01
3.609999895095825195e+00 -3.329999923706054688e+00 8.890000343322753906e+00 8.250000000000000000e+00 2.025000000000000000e+01 -5.125000000000000000e+01 7.437500000000000000e+00 8.681250000000000000e+01 1.356250000000000000e+01
1.409999966621398926e+00 -2.329999923706054688e+00 7.570000171661376953e+00 8.250000000000000000e+00 2.025000000000000000e+01 -5.125000000000000000e+01 1.193750000000000000e+01 8.693750000000000000e+01 1.500000000000000000e+01
-4.699999988079071045e-01 -2.180000066757202148e+00 6.659999847412109375e+00 8.250000000000000000e+00 2.025000000000000000e+01 -5.125000000000000000e+01 4.250000000000000000e+00 7.118750000000000000e+01 1.893750000000000000e+01
2.199999988079071045e-01 -2.450000047683715820e+00 7.940000057220458984e+00 8.250000000000000000e+00 2.025000000000000000e+01 -5.125000000000000000e+01 1.062500000000000000e+00 5.893750000000000000e+01 1.881250000000000000e+01
1.399999976158142090e+00 -2.230000019073486328e+00 9.119999885559082031e+00 1.050000000000000000e+01 2.056250000000000000e+01 -5.050000000000000000e+01 -6.500000000000000000e+00 4.462500000000000000e+01 2.068750000000000000e+01
4.059999942779541016e+00 -4.880000114440917969e+00 9.439999580383300781e+00 1.050000000000000000e+01 2.056250000000000000e+01 -5.050000000000000000e+01 -1.212500000000000000e+01 4.125000000000000000e+01 2.025000000000000000e+01
2.940000057220458984e+00 -2.799999952316284180e+00 9.180000305175781250e+00 1.050000000000000000e+01 2.056250000000000000e+01 -5.050000000000000000e+01 8.125000000000000000e-01 5.156250000000000000e+01 1.693750000000000000e+01
1.000000000000000000e+00 -2.769999980926513672e+00 8.029999732971191406e+00 1.050000000000000000e+01 2.056250000000000000e+01 -5.050000000000000000e+01 -7.062500000000000000e+00 5.200000000000000000e+01 1.756250000000000000e+01
3.100000023841857910e-01 -2.859999895095825195e+00 7.639999866485595703e+00 1.050000000000000000e+01 2.056250000000000000e+01 -5.050000000000000000e+01 -8.125000000000000000e+00 4.831250000000000000e+01 1.375000000000000000e+01
-2.300000041723251343e-01 -2.380000114440917969e+00 7.630000114440917969e+00 1.225000000000000000e+01 1.956250000000000000e+01 -4.925000000000000000e+01 -4.500000000000000000e+00 4.112500000000000000e+01 9.687500000000000000e+00
-3.100000023841857910e-01 -2.650000095367431641e+00 7.429999828338623047e+00 1.225000000000000000e+01 1.956250000000000000e+01 -4.925000000000000000e+01 -6.500000000000000000e+00 3.131250000000000000e+01 4.625000000000000000e+00
1.999999955296516418e-02 -3.839999914169311523e+00 7.639999866485595703e+00 1.225000000000000000e+01 1.956250000000000000e+01 -4.925000000000000000e+01 -7.000000000000000000e+00 2.087500000000000000e+01 -1.875000000000000000e-01
8.600000143051147461e-01 -3.769999980926513672e+00 7.780000209808349609e+00 1.225000000000000000e+01 1.956250000000000000e+01 -4.925000000000000000e+01 -5.125000000000000000e+00 1.212500000000000000e+01 -1.125000000000000000e+00
1.149999976158142090e+00 -4.010000228881835938e+00 8.159999847412109375e+00 1.225000000000000000e+01 1.956250000000000000e+01 -4.925000000000000000e+01 -4.562500000000000000e+00 6.875000000000000000e+00 2.000000000000000000e+00
1.559999942779541016e+00 -3.960000038146972656e+00 8.449999809265136719e+00 1.500000000000000000e+01 1.850000000000000000e+01 -4.925000000000000000e+01 -5.625000000000000000e-01 3.812500000000000000e+00 3.812500000000000000e+00
1.419999957084655762e+00 -3.250000000000000000e+00 8.680000305175781250e+00 1.500000000000000000e+01 1.850000000000000000e+01 -4.925000000000000000e+01 3.500000000000000000e+00 3.000000000000000000e+00 4.187500000000000000e+00
1.139999985694885254e+00 -2.849999904632568359e+00 8.640000343322753906e+00 1.500000000000000000e+01 1.850000000000000000e+01 -4.925000000000000000e+01 3.250000000000000000e+00 2.562500000000000000e+00 3.625000000000000000e+00
8.700000047683715820e-01 -2.650000095367431641e+00 8.479999542236328125e+00 1.500000000000000000e+01 1.850000000000000000e+01 -4.925000000000000000e+01 3.125000000000000000e+00 9.375000000000000000e-01 1.625000000000000000e+00
1.029999971389770508e+00 -2.890000104904174805e+00 8.909999847412109375e+00 1.500000000000000000e+01 1.850000000000000000e+01 -4.925000000000000000e+01 2.562500000000000000e+00 -2.875000000000000000e+00 -1.187500000000000000e+00
1.720000028610229492e+00 -3.250000000000000000e+00 9.130000114440917969e+00 1.418750000000000000e+01 2.000000000000000000e+01 -4.768750000000000000e+01 -9.375000000000000000e-01 -5.875000000000000000e+00 -2.687500000000000000e+00
2.099999904632568359e+00 -3.720000028610229492e+00 9.260000228881835938e+00 1.418750000000000000e+01 2.000000000000000000e+01 -4.768750000000000000e+01 -2.625000000000000000e+00 -5.437500000000000000e+00 -2.437500000000000000e+00
1.879999995231628418e+00 -3.400000095367431641e+00 9.149999618530273438e+00 1.418750000000000000e+01 2.000000000000000000e+01 -4.768750000000000000e+01 -1.500000000000000000e+00 -3.562500000000000000e+00 -1.250000000000000000e+00
1.509999990463256836e+00 -3.279999971389770508e+00 8.909999847412109375e+00 1.418750000000000000e+01 2.000000000000000000e+01 -4.768750000000000000e+01 -1.312500000000000000e+00 -2.062500000000000000e+00 -1.250000000000000000e-01
1.259999990463256836e+00 -3.170000076293945312e+00 8.819999694824218750e+00 1.418750000000000000e+01 2.000000000000000000e+01 -4.768750000000000000e+01 -1.437500000000000000e+00 -2.687500000000000000e+00 -4.375000000000000000e-01
1.279999971389770508e+00 -3.019999980926513672e+00 8.699999809265136719e+00 1.456250000000000000e+01 1.875000000000000000e+01 -4.887500000000000000e+01 -1.750000000000000000e+00 -4.375000000000000000e+00 -1.062500000000000000e+00
1.269999980926513672e+00 -3.440000057220458984e+00 8.729999542236328125e+00 1.456250000000000000e+01 1.875000000000000000e+01 -4.887500000000000000e+01 -2.062500000000000000e+00 -6.375000000000000000e+00 -2.000000000000000000e+00
1.519999980926513672e+00 -3.569999933242797852e+00 8.779999732971191406e+00 1.456250000000000000e+01 1.875000000000000000e+01 -4.887500000000000000e+01 -1.187500000000000000e+00 -8.312500000000000000e+00 -3.562500000000000000e+00
1.629999995231628418e+00 -3.500000000000000000e+00 8.720000267028808594e+00 1.456250000000000000e+01 1.875000000000000000e+01 -4.887500000000000000e+01 -7.500000000000000000e-01 -9.187500000000000000e+00 -4.000000000000000000e+00
1.500000000000000000e+00 -3.480000019073486328e+00 8.689999580383300781e+00 1.456250000000000000e+01 1.875000000000000000e+01 -4.887500000000000000e+01 -1.687500000000000000e+00 -9.625000000000000000e+00 -3.687500000000000000e+00
1.549999952316284180e+00 -3.460000038146972656e+00 8.819999694824218750e+00 1.456250000000000000e+01 1.875000000000000000e+01 -4.887500000000000000e+01 -1.500000000000000000e+00 -1.112500000000000000e+01 -3.437500000000000000e+00
1.769999980926513672e+00 -3.410000085830688477e+00 8.819999694824218750e+00 1.456250000000000000e+01 1.875000000000000000e+01 -4.887500000000000000e+01 -3.125000000000000000e-01 -1.200000000000000000e+01 -3.437500000000000000e+00
1.690000057220458984e+00 -3.390000104904174805e+00 8.739999771118164062e+00 1.456250000000000000e+01 1.875000000000000000e+01 -4.887500000000000000e+01 1.312500000000000000e+00 -1.206250000000000000e+01 -3.687500000000000000e+00
2.009999990463256836e+00 -3.500000000000000000e+00 9.300000190734863281e+00 1.456250000000000000e+01 1.875000000000000000e+01 -4.887500000000000000e+01 2.312500000000000000e+00 -1.237500000000000000e+01 -4.937500000000000000e+00
