2.740000009536743164e+00 -3.960000038146972656e+00 8.510000228881835938e+00 9.062500000000000000e+00 2.275000000000000000e+01 -4.068750000000000000e+01 -6.250000000000000000e-01 -3.125000000000000000e-01 2.500000000000000000e-01
2.730000019073486328e+00 -4.000000000000000000e+00 8.470000267028808594e+00 9.062500000000000000e+00 2.275000000000000000e+01 -4.068750000000000000e+01 -4.375000000000000000e-01 -3.125000000000000000e-01 6.250000000000000000e-02
2.740000009536743164e+00 -3.950000047683715820e+00 8.470000267028808594e+00 9.062500000000000000e+00 2.275000000000000000e+01 -4.068750000000000000e+01 -3.750000000000000000e-01 -3.125000000000000000e-01 6.250000000000000000e-02
2.759999990463256836e+00 -3.950000047683715820e+00 8.520000457763671875e+00 9.062500000000000000e+00 2.275000000000000000e+01 -4.068750000000000000e+01 -3.750000000000000000e-01 -3.750000000000000000e-01 1.250000000000000000e-01
2.750000000000000000e+00 -3.970000028610229492e+00 8.510000228881835938e+00 9.062500000000000000e+00 2.275000000000000000e+01 -4.068750000000000000e+01 -3.750000000000000000e-01 -3.750000000000000000e-01 1.250000000000000000e-01
2.740000009536743164e+00 -3.980000019073486328e+00 8.479999542236328125e+00 8.687500000000000000e+00 2.275000000000000000e+01 -3.906250000000000000e+01 -2.500000000000000000e-01 -2.500000000000000000e-01 -6.250000000000000000e-02
2.730000019073486328e+00 -3.960000038146972656e+00 8.500000000000000000e+00 8.687500000000000000e+00 2.275000000000000000e+01 -3.906250000000000000e+01 -1.250000000000000000e-01 -3.125000000000000000e-01 -1.250000000000000000e-01
2.750000000000000000e+00 -3.960000038146972656e+00 8.510000228881835938e+00 8.687500000000000000e+00 2.275000000000000000e+01 -3.906250000000000000e+01 -1.250000000000000000e-01 -4.375000000000000000e-01 -1.250000000000000000e-01
2.730000019073486328e+00 -3.960000038146972656e+00 8.489999771118164062e+00 8.687500000000000000e+00 2.275000000000000000e+01 -3.906250000000000000e+01 -1.250000000000000000e-01 -4.375000000000000000e-01 -1.875000000000000000e-01
2.759999990463256836e+00 -3.960000038146972656e+00 8.489999771118164062e+00 8.687500000000000000e+00 2.275000000000000000e+01 -3.906250000000000000e+01 -1.250000000000000000e-01 -4.375000000000000000e-01 -1.875000000000000000e-01
2.730000019073486328e+00 -3.960000038146972656e+00 8.520000457763671875e+00 8.687500000000000000e+00 2.275000000000000000e+01 -4.068750000000000000e+01 -1.250000000000000000e-01 -6.875000000000000000e-01 -2.500000000000000000e-01
2.740000009536743164e+00 -3.940000057220458984e+00 8.520000457763671875e+00 8.687500000000000000e+00 2.275000000000000000e+01 -4.068750000000000000e+01 -2.500000000000000000e-01 -8.125000000000000000e-01 -2.500000000000000000e-01
2.750000000000000000e+00 -3.930000066757202148e+00 8.520000457763671875e+00 8.687500000000000000e+00 2.275000000000000000e+01 -4.068750000000000000e+01 -5.000000000000000000e-01 -1.000000000000000000e+00 -1.250000000000000000e-01
2.769999980926513672e+00 -3.920000076293945312e+00 8.510000228881835938e+00 8.687500000000000000e+00 2.275000000000000000e+01 -4.068750000000000000e+01 -9.375000000000000000e-01 -8.750000000000000000e-01 -1.250000000000000000e-01
2.769999980926513672e+00 -3.940000057220458984e+00 8.489999771118164062e+00 8.687500000000000000e+00 2.275000000000000000e+01 -4.068750000000000000e+01 -9.375000000000000000e-01 -8.750000000000000000e-01 -1.250000000000000000e-01
2.740000009536743164e+00 -3.940000057220458984e+00 8.510000228881835938e+00 8.687500000000000000e+00 2.318750000000000000e+01 -4.025000000000000000e+01 -8.125000000000000000e-01 -8.750000000000000000e-01 -1.250000000000000000e-01
2.769999980926513672e+00 -3.950000047683715820e+00 8.529999732971191406e+00 8.687500000000000000e+00 2.318750000000000000e+01 -4.025000000000000000e+01 -1.125000000000000000e+00 -8.750000000000000000e-01 6.250000000000000000e-02
2.779999971389770508e+00 -3.970000028610229492e+00 8.470000267028808594e+00 8.687500000000000000e+00 2.318750000000000000e+01 -4.025000000000000000e+01 -1.312500000000000000e+00 -1.000000000000000000e+00 0.000000000000000000e+00
2.730000019073486328e+00 -4.000000000000000000e+00 8.489999771118164062e+00 8.687500000000000000e+00 2.318750000000000000e+01 -4.025000000000000000e+01 -1.437500000000000000e+00 -1.125000000000000000e+00 1.250000000000000000e-01
2.769999980926513672e+00 -3.980000019073486328e+00 8.500000000000000000e+00 8.687500000000000000e+00 2.318750000000000000e+01 -4.025000000000000000e+01 -1.437500000000000000e+00 -1.125000000000000000e+00 1.250000000000000000e-01
2.759999990463256836e+00 -4.010000228881835938e+00 8.500000000000000000e+00 8.062500000000000000e+00 2.318750000000000000e+01 -3.987500000000000000e+01 -1.187500000000000000e+00 -1.187500000000000000e+00 1.875000000000000000e-01
2.759999990463256836e+00 -3.970000028610229492e+00 8.520000457763671875e+00 8.062500000000000000e+00 2.318750000000000000e+01 -3.987500000000000000e+01 -1.125000000000000000e+00 -1.125000000000000000e+00 1.875000000000000000e-01
2.740000009536743164e+00 -3.910000085830688477e+00 8.520000457763671875e+00 8.062500000000000000e+00 2.318750000000000000e+01 -3.987500000000000000e+01 -1.187500000000000000e+00 -1.312500000000000000e+00 1.250000000000000000e-01
2.759999990463256836e+00 -3.930000066757202148e+00 8.510000228881835938e+00 8.062500000000000000e+00 2.318750000000000000e+01 -3.987500000000000000e+01 -1.562500000000000000e+00 -1.687500000000000000e+00 3.125000000000000000e-01
2.750000000000000000e+00 -3.990000009536743164e+00 8.449999809265136719e+00 8.062500000000000000e+00 2.318750000000000000e+01 -3.987500000000000000e+01 -1.562500000000000000e+00 -1.687500000000000000e+00 3.125000000000000000e-01
2.750000000000000000e+00 -4.030000209808349609e+00 8.489999771118164062e+00 9.500000000000000000e+00 2.318750000000000000e+01 -3.987500000000000000e+01 -1.562500000000000000e+00 -1.750000000000000000e+00 3.750000000000000000e-01
2.789999961853027344e+00 -4.070000171661376953e+00 8.449999809265136719e+00 9.500000000000000000e+00 2.318750000000000000e+01 -3.987500000000000000e+01 -1.875000000000000000e-01 -2.000000000000000000e+00 1.250000000000000000e-01
2.740000009536743164e+00 -4.139999866485595703e+00 8.390000343322753906e+00 9.500000000000000000e+00 2.318750000000000000e+01 -3.987500000000000000e+01 9.375000000000000000e-01 -1.812500000000000000e+00 -6.250000000000000000e-02
2.670000076293945312e+00 -4.130000114440917969e+00 8.449999809265136719e+00 9.500000000000000000e+00 2.318750000000000000e+01 -3.987500000000000000e+01 2.750000000000000000e+00 -2.687500000000000000e+00 -3.750000000000000000e-01
2.650000095367431641e+00 -4.159999847412109375e+00 8.800000190734863281e+00 9.500000000000000000e+00 2.318750000000000000e+01 -3.987500000000000000e+01 2.750000000000000000e+00 -2.687500000000000000e+00 -3.750000000000000000e-01
2.710000038146972656e+00 -4.269999980926513672e+00 8.449999809265136719e+00 8.375000000000000000e+00 2.275000000000000000e+01 -4.025000000000000000e+01 4.562500000000000000e+00 -4.562500000000000000e+00 -2.500000000000000000e-01
2.890000104904174805e+00 -4.510000228881835938e+00 8.359999656677246094e+00 8.375000000000000000e+00 2.275000000000000000e+01 -4.025000000000000000e+01 6.250000000000000000e+00 -6.312500000000000000e+00 -3.687500000000000000e+00
3.069999933242797852e+00 -4.650000095367431641e+00 8.119999885559082031e+00 8.375000000000000000e+00 2.275000000000000000e+01 -4.025000000000000000e+01 9.750000000000000000e+00 -4.125000000000000000e+00 -5.187500000000000000e+00
3.019999980926513672e+00 -4.079999923706054688e+00 8.470000267028808594e+00 8.375000000000000000e+00 2.275000000000000000e+01 -4.025000000000000000e+01 1.387500000000000000e+01 -2.000000000000000000e+00 -5.937500000000000000e+00
2.980000019073486328e+00 -3.720000028610229492e+00 8.640000343322753906e+00 8.375000000000000000e+00 2.275000000000000000e+01 -4.025000000000000000e+01 1.387500000000000000e+01 -2.000000000000000000e+00 -5.937500000000000000e+00
2.910000085830688477e+00 -3.579999923706054688e+00 8.840000152587890625e+00 8.687500000000000000e+00 2.350000000000000000e+01 -4.068750000000000000e+01 1.362500000000000000e+01 -7.500000000000000000e-01 -6.062500000000000000e+00
3.079999923706054688e+00 -3.670000076293945312e+00 8.899999618530273438e+00 8.687500000000000000e+00 2.350000000000000000e+01 -4.068750000000000000e+01 8.000000000000000000e+00 -2.062500000000000000e+00 -4.687500000000000000e+00
3.089999914169311523e+00 -3.980000019073486328e+00 8.630000114440917969e+00 8.687500000000000000e+00 2.350000000000000000e+01 -4.068750000000000000e+01 5.500000000000000000e+00 -2.375000000000000000e+00 -3.750000000000000000e+00
3.160000085830688477e+00 -4.349999904632568359e+00 8.529999732971191406e+00 8.687500000000000000e+00 2.350000000000000000e+01 -4.068750000000000000e+01 6.125000000000000000e+00 -1.562500000000000000e+00 -4.000000000000000000e+00
3.349999904632568359e+00 -4.679999828338623047e+00 8.239999771118164062e+00 8.687500000000000000e+00 2.350000000000000000e+01 -4.068750000000000000e+01 6.125000000000000000e+00 -1.562500000000000000e+00 -4.000000000000000000e+00
3.220000028610229492e+00 -4.940000057220458984e+00 8.430000305175781250e+00 7.687500000000000000e+00 2.206250000000000000e+01 -3.987500000000000000e+01 1.006250000000000000e+01 1.562500000000000000e+00 -4.937500000000000000e+00
3.230000019073486328e+00 -4.630000114440917969e+00 8.359999656677246094e+00 7.687500000000000000e+00 2.206250000000000000e+01 -3.987500000000000000e+01 2.418750000000000000e+01 9.187500000000000000e+00 -8.562500000000000000e+00
3.119999885559082031e+00 -4.320000171661376953e+00 8.539999961853027344e+00 7.687500000000000000e+00 2.206250000000000000e+01 -3.987500000000000000e+01 2.975000000000000000e+01 1.212500000000000000e+01 -9.375000000000000000e+00
3.109999895095825195e+00 -3.980000019073486328e+00 8.920000076293945312e+00 7.687500000000000000e+00 2.206250000000000000e+01 -3.987500000000000000e+01 3.312500000000000000e+01 1.287500000000000000e+01 -9.437500000000000000e+00
3.240000009536743164e+00 -4.090000152587890625e+00 8.760000228881835938e+00 7.687500000000000000e+00 2.206250000000000000e+01 -3.987500000000000000e+01 3.312500000000000000e+01 1.287500000000000000e+01 -9.437500000000000000e+00
3.220000028610229492e+00 -4.239999771118164062e+00 8.550000190734863281e+00 8.687500000000000000e+00 2.237500000000000000e+01 -4.150000000000000000e+01 3.537500000000000000e+01 1.368750000000000000e+01 -9.250000000000000000e+00
3.099999904632568359e+00 -4.210000038146972656e+00 8.949999809265136719e+00 8.687500000000000000e+00 2.237500000000000000e+01 -4.150000000000000000e+01 4.656250000000000000e+01 1.868750000000000000e+01 -8.562500000000000000e+00
3.230000019073486328e+00 -4.059999942779541016e+00 9.430000305175781250e+00 8.687500000000000000e+00 2.237500000000000000e+01 -4.150000000000000000e+01 5.143750000000000000e+01 1.906250000000000000e+01 -8.312500000000000000e+00
3.250000000000000000e+00 -4.360000133514404297e+00 9.149999618530273438e+00 8.687500000000000000e+00 2.237500000000000000e+01 -4.150000000000000000e+01 5.612500000000000000e+01 1.987500000000000000e+01 -7.875000000000000000e+00
3.319999933242797852e+00 -4.559999942779541016e+00 8.739999771118164062e+00 8.687500000000000000e+00 2.237500000000000000e+01 -4.150000000000000000e+01 5.612500000000000000e+01 1.987500000000000000e+01 -7.875000000000000000e+00
3.210000038146972656e+00 -4.469999790191650391e+00 8.720000267028808594e+00 8.062500000000000000e+00 2.168750000000000000e+01 -4.106250000000000000e+01 6.181250000000000000e+01 2.331250000000000000e+01 -8.437500000000000000e+00
2.849999904632568359e+00 -3.619999885559082031e+00 8.899999618530273438e+00 8.062500000000000000e+00 2.168750000000000000e+01 -4.106250000000000000e+01 7.837500000000000000e+01 3.075000000000000000e+01 -9.312500000000000000e+00
2.549999952316284180e+00 -3.400000095367431641e+00 9.039999961853027344e+00 8.062500000000000000e+00 2.168750000000000000e+01 -4.106250000000000000e+01 8.318750000000000000e+01 3.225000000000000000e+01 -1.012500000000000000e+01
2.460000038146972656e+00 -3.220000028610229492e+00 9.090000152587890625e+00 8.062500000000000000e+00 2.168750000000000000e+01 -4.106250000000000000e+01 8.456250000000000000e+01 3.062500000000000000e+01 -1.143750000000000000e+01
2.519999980926513672e+00 -3.279999971389770508e+00 9.149999618530273438e+00 8.062500000000000000e+00 2.168750000000000000e+01 -4.106250000000000000e+01 8.456250000000000000e+01 3.062500000000000000e+01 -1.143750000000000000e+01
2.609999895095825195e+00 -3.380000114440917969e+00 9.170000076293945312e+00 1.000000000000000000e+01 1.800000000000000000e+01 -4.225000000000000000e+01 8.562500000000000000e+01 2.843750000000000000e+01 -1.275000000000000000e+01
2.680000066757202148e+00 -3.430000066757202148e+00 9.159999847412109375e+00 1.000000000000000000e+01 1.800000000000000000e+01 -4.225000000000000000e+01 9.187500000000000000e+01 2.675000000000000000e+01 -1.531250000000000000e+01
2.849999904632568359e+00 -3.359999895095825195e+00 9.260000228881835938e+00 1.000000000000000000e+01 1.800000000000000000e+01 -4.225000000000000000e+01 9.712500000000000000e+01 2.856250000000000000e+01 -1.625000000000000000e+01
2.849999904632568359e+00 -3.049999952316284180e+00 8.979999542236328125e+00 1.000000000000000000e+01 1.800000000000000000e+01 -4.225000000000000000e+01 1.041250000000000000e+02 3.175000000000000000e+01 -1.606250000000000000e+01
2.630000114440917969e+00 -2.680000066757202148e+00 8.779999732971191406e+00 1.000000000000000000e+01 1.800000000000000000e+01 -4.225000000000000000e+01 1.041250000000000000e+02 3.175000000000000000e+01 -1.606250000000000000e+01
2.440000057220458984e+00 -2.250000000000000000e+00 8.880000114440917969e+00 8.687500000000000000e+00 1.500000000000000000e+01 -4.187500000000000000e+01 1.113125000000000000e+02 3.618750000000000000e+01 -1.637500000000000000e+01
2.220000028610229492e+00 -1.710000038146972656e+00 8.779999732971191406e+00 8.687500000000000000e+00 1.500000000000000000e+01 -4.187500000000000000e+01 1.175000000000000000e+02 4.006250000000000000e+01 -1.712500000000000000e+01
1.679999947547912598e+00 -5.600000023841857910e-01 9.329999923706054688e+00 8.687500000000000000e+00 1.500000000000000000e+01 -4.187500000000000000e+01 1.148750000000000000e+02 3.925000000000000000e+01 -1.718750000000000000e+01
1.679999947547912598e+00 -2.500000000000000000e-01 9.180000305175781250e+00 8.687500000000000000e+00 1.500000000000000000e+01 -4.187500000000000000e+01 1.076250000000000000e+02 3.543750000000000000e+01 -1.618750000000000000e+01
1.720000028610229492e+00 -2.800000011920928955e-01 9.039999961853027344e+00 8.687500000000000000e+00 1.500000000000000000e+01 -4.187500000000000000e+01 1.076250000000000000e+02 3.543750000000000000e+01 -1.618750000000000000e+01
2.259999990463256836e+00 -5.899999737739562988e-01 9.130000114440917969e+00 1.068750000000000000e+01 1.168750000000000000e+01 -4.350000000000000000e+01 9.943750000000000000e+01 3.206250000000000000e+01 -1.556250000000000000e+01
2.369999885559082031e+00 -5.400000214576721191e-01 8.989999771118164062e+00 1.068750000000000000e+01 1.168750000000000000e+01 -4.350000000000000000e+01 9.200000000000000000e+01 3.256250000000000000e+01 -1.250000000000000000e+01
2.220000028610229492e+00 -5.299999713897705078e-01 8.960000038146972656e+00 1.068750000000000000e+01 1.168750000000000000e+01 -4.350000000000000000e+01 9.168750000000000000e+01 3.562500000000000000e+01 -1.062500000000000000e+01
1.980000019073486328e+00 -3.300000131130218506e-01 8.949999809265136719e+00 1.068750000000000000e+01 1.168750000000000000e+01 -4.350000000000000000e+01 9.175000000000000000e+01 3.812500000000000000e+01 -1.006250000000000000e+01
1.509999990463256836e+00 2.099999934434890747e-01 9.149999618530273438e+00 1.068750000000000000e+01 1.168750000000000000e+01 -4.350000000000000000e+01 9.175000000000000000e+01 3.812500000000000000e+01 -1.006250000000000000e+01
1.440000057220458984e+00 5.299999713897705078e-01 9.350000381469726562e+00 1.025000000000000000e+01 6.875000000000000000e+00 -4.468750000000000000e+01 8.993750000000000000e+01 3.893750000000000000e+01 -8.875000000000000000e+00
1.429999947547912598e+00 6.200000047683715820e-01 9.579999923706054688e+00 1.025000000000000000e+01 6.875000000000000000e+00 -4.468750000000000000e+01 8.175000000000000000e+01 3.556250000000000000e+01 -6.687500000000000000e+00
1.649999976158142090e+00 5.699999928474426270e-01 9.279999732971191406e+00 1.025000000000000000e+01 6.875000000000000000e+00 -4.468750000000000000e+01 7.706250000000000000e+01 3.437500000000000000e+01 -5.750000000000000000e+00
1.539999961853027344e+00 4.799999892711639404e-01 9.369999885559082031e+00 1.025000000000000000e+01 6.875000000000000000e+00 -4.468750000000000000e+01 7.481250000000000000e+01 3.568750000000000000e+01 -4.312500000000000000e+00
1.320000052452087402e+00 7.699999809265136719e-01 9.500000000000000000e+00 1.025000000000000000e+01 6.875000000000000000e+00 -4.468750000000000000e+01 7.481250000000000000e+01 3.568750000000000000e+01 -4.312500000000000000e+00
1.259999990463256836e+00 8.999999761581420898e-01 9.149999618530273438e+00 1.237500000000000000e+01 3.875000000000000000e+00 -4.400000000000000000e+01 7.487500000000000000e+01 3.593750000000000000e+01 -3.000000000000000000e+00
1.289999961853027344e+00 9.900000095367431641e-01 9.159999847412109375e+00 1.237500000000000000e+01 3.875000000000000000e+00 -4.400000000000000000e+01 7.200000000000000000e+01 3.487500000000000000e+01 -2.187500000000000000e+00
1.269999980926513672e+00 1.039999961853027344e+00 9.430000305175781250e+00 1.237500000000000000e+01 3.875000000000000000e+00 -4.400000000000000000e+01 6.887500000000000000e+01 3.437500000000000000e+01 -2.375000000000000000e+00
1.379999995231628418e+00 1.009999990463256836e+00 9.329999923706054688e+00 1.237500000000000000e+01 3.875000000000000000e+00 -4.400000000000000000e+01 6.543750000000000000e+01 3.350000000000000000e+01 -1.687500000000000000e+00
1.480000019073486328e+00 1.110000014305114746e+00 9.119999885559082031e+00 1.237500000000000000e+01 3.875000000000000000e+00 -4.400000000000000000e+01 6.387500000000000000e+01 3.325000000000000000e+01 -8.125000000000000000e-01
1.250000000000000000e+00 1.200000047683715820e+00 9.329999923706054688e+00 1.175000000000000000e+01 2.500000000000000000e-01 -4.518750000000000000e+01 6.212500000000000000e+01 3.518750000000000000e+01 5.000000000000000000e-01
1.139999985694885254e+00 1.289999961853027344e+00 9.149999618530273438e+00 1.175000000000000000e+01 2.500000000000000000e-01 -4.518750000000000000e+01 6.156250000000000000e+01 3.718750000000000000e+01 2.875000000000000000e+00
9.900000095367431641e-01 1.549999952316284180e+00 8.989999771118164062e+00 1.175000000000000000e+01 2.500000000000000000e-01 -4.518750000000000000e+01 6.312500000000000000e+01 3.881250000000000000e+01 4.437500000000000000e+00
7.099999785423278809e-01 1.850000023841857910e+00 9.250000000000000000e+00 1.175000000000000000e+01 2.500000000000000000e-01 -4.518750000000000000e+01 6.506250000000000000e+01 3.975000000000000000e+01 5.375000000000000000e+00
2.199999988079071045e-01 2.200000047683715820e+00 9.449999809265136719e+00 1.175000000000000000e+01 2.500000000000000000e-01 -4.518750000000000000e+01 6.418750000000000000e+01 3.875000000000000000e+01 5.375000000000000000e+00
3.100000023841857910e-01 2.269999980926513672e+00 9.180000305175781250e+00 1.468750000000000000e+01 -7.500000000000000000e-01 -4.400000000000000000e+01 6.000000000000000000e+01 3.393750000000000000e+01 4.500000000000000000e+00
3.899999856948852539e-01 2.349999904632568359e+00 9.300000190734863281e+00 1.468750000000000000e+01 -7.500000000000000000e-01 -4.400000000000000000e+01 5.518750000000000000e+01 2.925000000000000000e+01 4.437500000000000000e+00
3.700000047683715820e-01 2.700000047683715820e+00 9.479999542236328125e+00 1.468750000000000000e+01 -7.500000000000000000e-01 -4.400000000000000000e+01 5.156250000000000000e+01 2.587500000000000000e+01 4.250000000000000000e+00
3.600000143051147461e-01 2.640000104904174805e+00 9.270000457763671875e+00 1.468750000000000000e+01 -7.500000000000000000e-01 -4.400000000000000000e+01 4.662500000000000000e+01 2.350000000000000000e+01 3.187500000000000000e+00
3.499999940395355225e-01 2.519999980926513672e+00 9.119999885559082031e+00 1.468750000000000000e+01 -7.500000000000000000e-01 -4.400000000000000000e+01 4.037500000000000000e+01 2.012500000000000000e+01 2.937500000000000000e+00
2.500000000000000000e-01 2.650000095367431641e+00 9.100000381469726562e+00 1.425000000000000000e+01 -4.062500000000000000e+00 -4.318750000000000000e+01 3.575000000000000000e+01 1.750000000000000000e+01 2.875000000000000000e+00
2.599999904632568359e-01 2.859999895095825195e+00 9.239999771118164062e+00 1.425000000000000000e+01 -4.062500000000000000e+00 -4.318750000000000000e+01 3.168750000000000000e+01 1.543750000000000000e+01 2.375000000000000000e+00
2.700000107288360596e-01 2.950000047683715820e+00 9.039999961853027344e+00 1.425000000000000000e+01 -4.062500000000000000e+00 -4.318750000000000000e+01 2.618750000000000000e+01 1.300000000000000000e+01 2.625000000000000000e+00
2.700000107288360596e-01 3.140000104904174805e+00 8.979999542236328125e+00 1.425000000000000000e+01 -4.062500000000000000e+00 -4.318750000000000000e+01 2.068750000000000000e+01 1.075000000000000000e+01 3.125000000000000000e+00
0.000000000000000000e+00 3.349999904632568359e+00 9.140000343322753906e+00 1.425000000000000000e+01 -4.062500000000000000e+00 -4.318750000000000000e+01 1.443750000000000000e+01 9.250000000000000000e+00 3.312500000000000000e+00
0.000000000000000000e+00 3.019999980926513672e+00 9.399999618530273438e+00 1.575000000000000000e+01 -4.750000000000000000e+00 -4.356250000000000000e+01 6.875000000000000000e+00 6.250000000000000000e+00 2.562500000000000000e+00
3.899999856948852539e-01 2.319999933242797852e+00 9.340000152587890625e+00 1.575000000000000000e+01 -4.750000000000000000e+00 -4.356250000000000000e+01 -3.000000000000000000e+00 1.000000000000000000e+00 1.312500000000000000e+00
7.599999904632568359e-01 1.850000023841857910e+00 9.460000038146972656e+00 1.575000000000000000e+01 -4.750000000000000000e+00 -4.356250000000000000e+01 -9.187500000000000000e+00 -3.250000000000000000e+00 2.500000000000000000e-01
8.899999856948852539e-01 1.799999952316284180e+00 9.380000114440917969e+00 1.575000000000000000e+01 -4.750000000000000000e+00 -4.356250000000000000e+01 -9.937500000000000000e+00 -3.500000000000000000e+00 4.375000000000000000e-01
6.499999761581420898e-01 2.019999980926513672e+00 9.399999618530273438e+00 1.575000000000000000e+01 -4.750000000000000000e+00 -4.356250000000000000e+01 -7.687500000000000000e+00 -1.500000000000000000e+00 1.187500000000000000e+00
