3.049999952316284180e+00 -4.309999942779541016e+00 8.250000000000000000e+00 1.106250000000000000e+01 2.406250000000000000e+01 -4.506250000000000000e+01 6.250000000000000000e-02 1.875000000000000000e-01 -2.500000000000000000e-01
3.039999961853027344e+00 -4.329999923706054688e+00 8.270000457763671875e+00 1.106250000000000000e+01 2.406250000000000000e+01 -4.506250000000000000e+01 6.250000000000000000e-02 1.875000000000000000e-01 -2.500000000000000000e-01
3.059999942779541016e+00 -4.329999923706054688e+00 8.250000000000000000e+00 1.150000000000000000e+01 2.556250000000000000e+01 -4.506250000000000000e+01 6.250000000000000000e-02 1.250000000000000000e-01 6.250000000000000000e-02
3.059999942779541016e+00 -4.320000171661376953e+00 8.260000228881835938e+00 1.150000000000000000e+01 2.556250000000000000e+01 -4.506250000000000000e+01 -1.250000000000000000e-01 -6.250000000000000000e-02 0.000000000000000000e+00
3.059999942779541016e+00 -4.289999961853027344e+00 8.250000000000000000e+00 1.150000000000000000e+01 2.556250000000000000e+01 -4.506250000000000000e+01 -1.875000000000000000e-01 0.000000000000000000e+00 0.000000000000000000e+00
3.059999942779541016e+00 -4.300000190734863281e+00 8.250000000000000000e+00 1.150000000000000000e+01 2.556250000000000000e+01 -4.506250000000000000e+01 -6.250000000000000000e-02 1.250000000000000000e-01 1.250000000000000000e-01
3.069999933242797852e+00 -4.289999961853027344e+00 8.289999961853027344e+00 1.150000000000000000e+01 2.556250000000000000e+01 -4.506250000000000000e+01 -6.250000000000000000e-02 1.250000000000000000e-01 1.250000000000000000e-01
3.049999952316284180e+00 -4.300000190734863281e+00 8.250000000000000000e+00 1.106250000000000000e+01 2.300000000000000000e+01 -4.468750000000000000e+01 -2.500000000000000000e-01 6.250000000000000000e-02 1.250000000000000000e-01
3.059999942779541016e+00 -4.320000171661376953e+00 8.270000457763671875e+00 1.106250000000000000e+01 2.300000000000000000e+01 -4.468750000000000000e+01 -2.500000000000000000e-01 0.000000000000000000e+00 1.875000000000000000e-01
3.069999933242797852e+00 -4.309999942779541016e+00 8.239999771118164062e+00 1.106250000000000000e+01 2.300000000000000000e+01 -4.468750000000000000e+01 -2.500000000000000000e-01 -1.250000000000000000e-01 1.875000000000000000e-01
3.079999923706054688e+00 -4.329999923706054688e+00 8.239999771118164062e+00 1.106250000000000000e+01 2.300000000000000000e+01 -4.468750000000000000e+01 -2.500000000000000000e-01 3.125000000000000000e-01 6.250000000000000000e-02
3.069999933242797852e+00 -4.340000152587890625e+00 8.229999542236328125e+00 1.106250000000000000e+01 2.300000000000000000e+01 -4.468750000000000000e+01 -2.500000000000000000e-01 3.125000000000000000e-01 6.250000000000000000e-02
3.069999933242797852e+00 -4.329999923706054688e+00 8.250000000000000000e+00 1.000000000000000000e+01 2.475000000000000000e+01 -4.506250000000000000e+01 -1.250000000000000000e-01 6.250000000000000000e-02 2.500000000000000000e-01
3.069999933242797852e+00 -4.329999923706054688e+00 8.239999771118164062e+00 1.000000000000000000e+01 2.475000000000000000e+01 -4.506250000000000000e+01 -6.250000000000000000e-02 1.875000000000000000e-01 1.250000000000000000e-01
3.089999914169311523e+00 -4.360000133514404297e+00 8.229999542236328125e+00 1.000000000000000000e+01 2.475000000000000000e+01 -4.506250000000000000e+01 -1.875000000000000000e-01 3.125000000000000000e-01 3.125000000000000000e-01
3.059999942779541016e+00 -4.329999923706054688e+00 8.250000000000000000e+00 1.000000000000000000e+01 2.475000000000000000e+01 -4.506250000000000000e+01 -6.250000000000000000e-02 2.500000000000000000e-01 2.500000000000000000e-01
3.059999942779541016e+00 -4.309999942779541016e+00 8.270000457763671875e+00 1.000000000000000000e+01 2.475000000000000000e+01 -4.506250000000000000e+01 -6.250000000000000000e-02 2.500000000000000000e-01 2.500000000000000000e-01
3.089999914169311523e+00 -4.289999961853027344e+00 8.300000190734863281e+00 1.068750000000000000e+01 2.406250000000000000e+01 -4.506250000000000000e+01 -4.375000000000000000e-01 3.125000000000000000e-01 3.125000000000000000e-01
3.069999933242797852e+00 -4.239999771118164062e+00 8.300000190734863281e+00 1.068750000000000000e+01 2.406250000000000000e+01 -4.506250000000000000e+01 -9.375000000000000000e-01 5.000000000000000000e-01 6.875000000000000000e-01
3.180000066757202148e+00 -4.219999790191650391e+00 8.569999694824218750e+00 1.068750000000000000e+01 2.406250000000000000e+01 -4.506250000000000000e+01 -3.500000000000000000e+00 -3.750000000000000000e-01 7.500000000000000000e-01
3.710000038146972656e+00 -3.849999904632568359e+00 9.300000190734863281e+00 1.068750000000000000e+01 2.406250000000000000e+01 -4.506250000000000000e+01 -1.075000000000000000e+01 -1.125000000000000000e+00 1.687500000000000000e+00
3.789999961853027344e+00 -3.890000104904174805e+00 1.001000022888183594e+01 1.068750000000000000e+01 2.406250000000000000e+01 -4.506250000000000000e+01 -1.075000000000000000e+01 -1.125000000000000000e+00 1.687500000000000000e+00
4.130000114440917969e+00 -3.750000000000000000e+00 1.064000034332275391e+01 1.068750000000000000e+01 2.600000000000000000e+01 -4.468750000000000000e+01 -2.343750000000000000e+01 -1.062500000000000000e+00 4.312500000000000000e+00
5.170000076293945312e+00 -3.319999933242797852e+00 1.114999961853027344e+01 1.068750000000000000e+01 2.600000000000000000e+01 -4.468750000000000000e+01 -7.106250000000000000e+01 5.375000000000000000e+00 9.000000000000000000e+00
8.239999771118164062e+00 -5.420000076293945312e+00 1.361999988555908203e+01 1.068750000000000000e+01 2.600000000000000000e+01 -4.468750000000000000e+01 -1.036250000000000000e+02 2.868750000000000000e+01 1.856250000000000000e+01
9.229999542236328125e+00 -7.579999923706054688e+00 1.506000041961669922e+01 1.068750000000000000e+01 2.600000000000000000e+01 -4.468750000000000000e+01 -1.191250000000000000e+02 5.962500000000000000e+01 2.750000000000000000e+01
1.044999980926513672e+01 -1.018000030517578125e+01 1.436999988555908203e+01 1.068750000000000000e+01 2.600000000000000000e+01 -4.468750000000000000e+01 -1.191250000000000000e+02 5.962500000000000000e+01 2.750000000000000000e+01
1.156000041961669922e+01 -1.150000000000000000e+01 1.272999954223632812e+01 1.106250000000000000e+01 2.556250000000000000e+01 -4.387500000000000000e+01 -1.002500000000000000e+02 9.287500000000000000e+01 3.762500000000000000e+01
7.579999923706054688e+00 -8.260000228881835938e+00 9.840000152587890625e+00 1.106250000000000000e+01 2.556250000000000000e+01 -4.387500000000000000e+01 -3.112500000000000000e+01 1.677500000000000000e+02 7.512500000000000000e+01
5.590000152587890625e+00 -7.329999923706054688e+00 7.880000114440917969e+00 1.106250000000000000e+01 2.556250000000000000e+01 -4.387500000000000000e+01 -2.475000000000000000e+01 1.811250000000000000e+02 9.262500000000000000e+01
3.539999961853027344e+00 -6.769999980926513672e+00 6.559999942779541016e+00 1.106250000000000000e+01 2.556250000000000000e+01 -4.387500000000000000e+01 -1.875000000000000000e+01 1.817500000000000000e+02 1.057500000000000000e+02
-1.700000017881393433e-01 -4.289999961853027344e+00 4.179999828338623047e+00 1.106250000000000000e+01 2.556250000000000000e+01 -4.387500000000000000e+01 -1.875000000000000000e+01 1.817500000000000000e+02 1.057500000000000000e+02
-2.200000047683715820e+00 -2.559999942779541016e+00 2.910000085830688477e+00 1.437500000000000000e+01 2.656250000000000000e+01 -4.187500000000000000e+01 -6.062500000000000000e+00 1.726250000000000000e+02 1.113750000000000000e+02
-4.369999885559082031e+00 -1.309999942779541016e+00 2.190000057220458984e+00 1.437500000000000000e+01 2.656250000000000000e+01 -4.187500000000000000e+01 8.000000000000000000e+00 1.390000000000000000e+02 9.437500000000000000e+01
-5.840000152587890625e+00 -6.800000071525573730e-01 1.940000057220458984e+00 1.437500000000000000e+01 2.656250000000000000e+01 -4.187500000000000000e+01 5.687500000000000000e+00 1.098750000000000000e+02 7.593750000000000000e+01
-6.340000152587890625e+00 -5.099999904632568359e-01 2.319999933242797852e+00 1.437500000000000000e+01 2.656250000000000000e+01 -4.187500000000000000e+01 2.312500000000000000e+00 7.668750000000000000e+01 5.218750000000000000e+01
-5.960000038146972656e+00 -8.000000119209289551e-01 2.819999933242797852e+00 1.437500000000000000e+01 2.656250000000000000e+01 -4.187500000000000000e+01 2.312500000000000000e+00 7.668750000000000000e+01 5.218750000000000000e+01
-5.369999885559082031e+00 -1.289999961853027344e+00 3.390000104904174805e+00 2.025000000000000000e+01 2.406250000000000000e+01 -3.750000000000000000e+01 5.625000000000000000e-01 4.781250000000000000e+01 2.712500000000000000e+01
-4.699999809265136719e+00 -1.610000014305114746e+00 3.500000000000000000e+00 2.025000000000000000e+01 2.406250000000000000e+01 -3.750000000000000000e+01 1.218750000000000000e+01 9.187500000000000000e+00 -1.506250000000000000e+01
-4.670000076293945312e+00 -2.869999885559082031e+00 3.470000028610229492e+00 2.025000000000000000e+01 2.406250000000000000e+01 -3.750000000000000000e+01 2.881250000000000000e+01 -5.250000000000000000e+00 -3.568750000000000000e+01
-3.890000104904174805e+00 -2.809999942779541016e+00 4.139999866485595703e+00 2.025000000000000000e+01 2.406250000000000000e+01 -3.750000000000000000e+01 3.912500000000000000e+01 -2.737500000000000000e+01 -5.293750000000000000e+01
-2.900000095367431641e+00 -3.140000104904174805e+00 3.990000009536743164e+00 2.025000000000000000e+01 2.406250000000000000e+01 -3.750000000000000000e+01 3.912500000000000000e+01 -2.737500000000000000e+01 -5.293750000000000000e+01
-3.470000028610229492e+00 -3.950000047683715820e+00 2.000000000000000000e+00 2.337500000000000000e+01 2.406250000000000000e+01 -3.737500000000000000e+01 3.768750000000000000e+01 -4.731250000000000000e+01 -6.056250000000000000e+01
-4.000000000000000000e+00 -4.059999942779541016e+00 1.350000023841857910e+00 2.337500000000000000e+01 2.406250000000000000e+01 -3.737500000000000000e+01 5.712500000000000000e+01 -8.475000000000000000e+01 -7.212500000000000000e+01
-4.280000209808349609e+00 -3.640000104904174805e+00 8.199999928474426270e-01 2.337500000000000000e+01 2.406250000000000000e+01 -3.737500000000000000e+01 6.862500000000000000e+01 -1.154375000000000000e+02 -7.800000000000000000e+01
-3.950000047683715820e+00 -2.900000095367431641e+00 7.300000190734863281e-01 2.337500000000000000e+01 2.406250000000000000e+01 -3.737500000000000000e+01 7.437500000000000000e+01 -1.495625000000000000e+02 -8.881250000000000000e+01
-3.509999990463256836e+00 -1.580000042915344238e+00 9.200000166893005371e-01 2.337500000000000000e+01 2.406250000000000000e+01 -3.737500000000000000e+01 7.437500000000000000e+01 -1.495625000000000000e+02 -8.881250000000000000e+01
-2.430000066757202148e+00 -8.100000023841857910e-01 1.559999942779541016e+00 2.075000000000000000e+01 2.368750000000000000e+01 -3.856250000000000000e+01 7.281250000000000000e+01 -1.882500000000000000e+02 -1.001875000000000000e+02
-8.100000023841857910e-01 -1.999999955296516418e-02 2.390000104904174805e+00 2.075000000000000000e+01 2.368750000000000000e+01 -3.856250000000000000e+01 6.581250000000000000e+01 -2.724375000000000000e+02 -1.178125000000000000e+02
9.399999976158142090e-01 4.600000083446502686e-01 4.630000114440917969e+00 2.075000000000000000e+01 2.368750000000000000e+01 -3.856250000000000000e+01 1.050625000000000000e+02 -3.160000000000000000e+02 -1.341250000000000000e+02
3.936999893188476562e+01 -1.181000041961669922e+01 3.379999923706054688e+01 2.075000000000000000e+01 2.368750000000000000e+01 -3.856250000000000000e+01 1.380000000000000000e+02 -2.232500000000000000e+02 -1.155000000000000000e+02
1.551000022888183594e+01 1.236999988555908203e+01 -3.749000167846679688e+01 2.075000000000000000e+01 2.368750000000000000e+01 -3.856250000000000000e+01 1.380000000000000000e+02 -2.232500000000000000e+02 -1.155000000000000000e+02
6.199999809265136719e+00 -3.089999914169311523e+00 -8.000000119209289551e-01 1.500000000000000000e+01 2.406250000000000000e+01 -4.287500000000000000e+01 -3.149375000000000000e+02 1.533125000000000000e+02 2.543750000000000000e+01
-1.077999973297119141e+01 -7.599999904632568359e-01 1.272999954223632812e+01 1.500000000000000000e+01 2.406250000000000000e+01 -4.287500000000000000e+01 -1.156250000000000000e+01 3.021875000000000000e+02 9.293750000000000000e+01
-2.359999895095825195e+00 8.899999856948852539e-01 8.989999771118164062e+00 1.500000000000000000e+01 2.406250000000000000e+01 -4.287500000000000000e+01 1.348750000000000000e+02 7.343750000000000000e+01 3.731250000000000000e+01
7.559999942779541016e+00 -1.919999957084655762e+00 2.123999977111816406e+01 1.500000000000000000e+01 2.406250000000000000e+01 -4.287500000000000000e+01 2.862500000000000000e+01 -8.887500000000000000e+01 4.543750000000000000e+01
1.290999984741210938e+01 -1.059999942779541016e+00 8.720000267028808594e+00 1.500000000000000000e+01 2.406250000000000000e+01 -4.287500000000000000e+01 -5.075000000000000000e+01 -1.140000000000000000e+02 3.806250000000000000e+01
7.480000019073486328e+00 -1.138000011444091797e+01 1.322000026702880859e+01 1.387500000000000000e+01 2.475000000000000000e+01 -4.287500000000000000e+01 -1.368750000000000000e+02 2.068750000000000000e+01 2.156250000000000000e+01
6.289999961853027344e+00 -7.659999847412109375e+00 9.779999732971191406e+00 1.387500000000000000e+01 2.475000000000000000e+01 -4.287500000000000000e+01 -5.687500000000000000e+01 6.868750000000000000e+01 3.443750000000000000e+01
4.840000152587890625e+00 -5.019999980926513672e+00 7.190000057220458984e+00 1.387500000000000000e+01 2.475000000000000000e+01 -4.287500000000000000e+01 -2.500000000000000000e-01 9.468750000000000000e+01 3.831250000000000000e+01
9.800000190734863281e-01 -5.849999904632568359e+00 6.349999904632568359e+00 1.387500000000000000e+01 2.475000000000000000e+01 -4.287500000000000000e+01 1.100000000000000000e+01 1.153750000000000000e+02 3.575000000000000000e+01
8.399999737739562988e-01 -5.480000019073486328e+00 5.699999809265136719e+00 1.387500000000000000e+01 2.475000000000000000e+01 -4.287500000000000000e+01 2.750000000000000000e+00 1.124375000000000000e+02 3.731250000000000000e+01
-5.999999865889549255e-02 -4.519999980926513672e+00 5.510000228881835938e+00 1.337500000000000000e+01 2.556250000000000000e+01 -4.287500000000000000e+01 4.500000000000000000e+00 9.887500000000000000e+01 4.406250000000000000e+01
-9.599999785423278809e-01 -3.250000000000000000e+00 6.230000019073486328e+00 1.337500000000000000e+01 2.556250000000000000e+01 -4.287500000000000000e+01 1.331250000000000000e+01 8.893750000000000000e+01 4.781250000000000000e+01
-1.599999964237213135e-01 -1.809999942779541016e+00 7.679999828338623047e+00 1.337500000000000000e+01 2.556250000000000000e+01 -4.287500000000000000e+01 1.662500000000000000e+01 7.500000000000000000e+01 4.612500000000000000e+01
7.000000029802322388e-02 -2.240000009536743164e+00 7.679999828338623047e+00 1.337500000000000000e+01 2.556250000000000000e+01 -4.287500000000000000e+01 5.562500000000000000e+00 5.725000000000000000e+01 4.168750000000000000e+01
-1.299999952316284180e-01 -2.589999914169311523e+00 7.860000133514404297e+00 1.337500000000000000e+01 2.556250000000000000e+01 -4.287500000000000000e+01 -5.812500000000000000e+00 4.700000000000000000e+01 3.481250000000000000e+01
-1.099999994039535522e-01 -2.640000104904174805e+00 8.399999618530273438e+00 1.756250000000000000e+01 2.368750000000000000e+01 -4.125000000000000000e+01 -7.750000000000000000e+00 4.150000000000000000e+01 2.675000000000000000e+01
8.999999761581420898e-01 -4.070000171661376953e+00 8.189999580383300781e+00 1.756250000000000000e+01 2.368750000000000000e+01 -4.125000000000000000e+01 -1.256250000000000000e+01 3.543750000000000000e+01 1.806250000000000000e+01
6.499999761581420898e-01 -4.570000171661376953e+00 7.469999790191650391e+00 1.756250000000000000e+01 2.368750000000000000e+01 -4.125000000000000000e+01 -2.000000000000000000e+01 3.306250000000000000e+01 1.312500000000000000e+01
7.999999821186065674e-02 -4.489999771118164062e+00 7.320000171661376953e+00 1.756250000000000000e+01 2.368750000000000000e+01 -4.125000000000000000e+01 -1.806250000000000000e+01 3.406250000000000000e+01 1.062500000000000000e+01
-1.999999955296516418e-02 -4.730000019073486328e+00 7.039999961853027344e+00 1.756250000000000000e+01 2.368750000000000000e+01 -4.125000000000000000e+01 -1.293750000000000000e+01 3.237500000000000000e+01 7.812500000000000000e+00
-7.999999821186065674e-02 -4.949999809265136719e+00 7.010000228881835938e+00 2.018750000000000000e+01 2.325000000000000000e+01 -4.125000000000000000e+01 -1.406250000000000000e+01 2.675000000000000000e+01 6.125000000000000000e+00
3.100000023841857910e-01 -4.949999809265136719e+00 7.610000133514404297e+00 2.018750000000000000e+01 2.325000000000000000e+01 -4.125000000000000000e+01 -1.300000000000000000e+01 2.087500000000000000e+01 4.437500000000000000e+00
6.800000071525573730e-01 -5.050000190734863281e+00 7.739999771118164062e+00 2.018750000000000000e+01 2.325000000000000000e+01 -4.125000000000000000e+01 -1.068750000000000000e+01 1.475000000000000000e+01 3.312500000000000000e+00
1.400000005960464478e-01 -4.849999904632568359e+00 7.159999847412109375e+00 2.018750000000000000e+01 2.325000000000000000e+01 -4.125000000000000000e+01 -1.050000000000000000e+01 1.125000000000000000e+01 3.125000000000000000e+00
-3.300000131130218506e-01 -4.320000171661376953e+00 6.900000095367431641e+00 2.018750000000000000e+01 2.325000000000000000e+01 -4.125000000000000000e+01 -6.437500000000000000e+00 9.625000000000000000e+00 2.937500000000000000e+00
-7.699999809265136719e-01 -4.000000000000000000e+00 6.639999866485595703e+00 1.900000000000000000e+01 2.300000000000000000e+01 -4.006250000000000000e+01 -2.187500000000000000e+00 5.375000000000000000e+00 2.812500000000000000e+00
-9.599999785423278809e-01 -3.900000095367431641e+00 6.650000095367431641e+00 1.900000000000000000e+01 2.300000000000000000e+01 -4.006250000000000000e+01 -1.312500000000000000e+00 -1.687500000000000000e+00 9.375000000000000000e-01
-8.100000023841857910e-01 -3.819999933242797852e+00 6.480000019073486328e+00 1.900000000000000000e+01 2.300000000000000000e+01 -4.006250000000000000e+01 -1.312500000000000000e+00 -1.100000000000000000e+01 -2.937500000000000000e+00
-8.999999761581420898e-01 -3.880000114440917969e+00 6.480000019073486328e+00 1.900000000000000000e+01 2.300000000000000000e+01 -4.006250000000000000e+01 -4.375000000000000000e-01 -1.993750000000000000e+01 -8.187500000000000000e+00
-7.599999904632568359e-01 -3.970000028610229492e+00 7.059999942779541016e+00 1.900000000000000000e+01 2.300000000000000000e+01 -4.006250000000000000e+01 1.375000000000000000e+00 -2.818750000000000000e+01 -1.418750000000000000e+01
1.429999947547912598e+00 -4.820000171661376953e+00 8.470000267028808594e+00 1.937500000000000000e+01 2.256250000000000000e+01 -4.006250000000000000e+01 1.562500000000000000e+00 -3.787500000000000000e+01 -2.043750000000000000e+01
1.879999995231628418e+00 -5.269999980926513672e+00 8.640000343322753906e+00 1.937500000000000000e+01 2.256250000000000000e+01 -4.006250000000000000e+01 -1.187500000000000000e+00 -4.500000000000000000e+01 -2.418750000000000000e+01
1.830000042915344238e+00 -5.090000152587890625e+00 8.449999809265136719e+00 1.937500000000000000e+01 2.256250000000000000e+01 -4.006250000000000000e+01 6.875000000000000000e-01 -4.387500000000000000e+01 -2.512500000000000000e+01
1.429999947547912598e+00 -4.769999980926513672e+00 8.069999694824218750e+00 1.937500000000000000e+01 2.256250000000000000e+01 -4.006250000000000000e+01 7.375000000000000000e+00 -3.850000000000000000e+01 -2.537500000000000000e+01
3.799999952316284180e-01 -4.449999809265136719e+00 6.949999809265136719e+00 1.937500000000000000e+01 2.256250000000000000e+01 -4.006250000000000000e+01 1.112500000000000000e+01 -3.456250000000000000e+01 -2.556250000000000000e+01
-5.999999865889549255e-02 -4.110000133514404297e+00 6.690000057220458984e+00 1.906250000000000000e+01 2.406250000000000000e+01 -4.006250000000000000e+01 1.056250000000000000e+01 -3.618750000000000000e+01 -2.537500000000000000e+01
-2.199999988079071045e-01 -4.030000209808349609e+00 6.920000076293945312e+00 1.906250000000000000e+01 2.406250000000000000e+01 -4.006250000000000000e+01 1.362500000000000000e+01 -4.293750000000000000e+01 -2.587500000000000000e+01
3.799999952316284180e-01 -3.900000095367431641e+00 7.619999885559082031e+00 1.906250000000000000e+01 2.406250000000000000e+01 -4.006250000000000000e+01 1.337500000000000000e+01 -5.325000000000000000e+01 -3.031250000000000000e+01
2.210000038146972656e+00 -4.449999809265136719e+00 8.239999771118164062e+00 1.906250000000000000e+01 2.406250000000000000e+01 -4.006250000000000000e+01 7.750000000000000000e+00 -6.506250000000000000e+01 -3.462500000000000000e+01
2.440000057220458984e+00 -4.449999809265136719e+00 8.140000343322753906e+00 1.906250000000000000e+01 2.406250000000000000e+01 -4.006250000000000000e+01 3.750000000000000000e+00 -7.012500000000000000e+01 -3.712500000000000000e+01
2.250000000000000000e+00 -4.349999904632568359e+00 8.350000381469726562e+00 1.675000000000000000e+01 2.450000000000000000e+01 -4.087500000000000000e+01 5.687500000000000000e+00 -6.762500000000000000e+01 -3.837500000000000000e+01
3.799999952316284180e+00 -4.690000057220458984e+00 1.038000011444091797e+01 1.675000000000000000e+01 2.450000000000000000e+01 -4.087500000000000000e+01 8.062500000000000000e+00 -6.550000000000000000e+01 -3.893750000000000000e+01
4.949999809265136719e+00 -5.400000095367431641e+00 1.036999988555908203e+01 1.675000000000000000e+01 2.450000000000000000e+01 -4.087500000000000000e+01 2.250000000000000000e+00 -6.656250000000000000e+01 -3.900000000000000000e+01
5.010000228881835938e+00 -5.889999866485595703e+00 9.739999771118164062e+00 1.675000000000000000e+01 2.450000000000000000e+01 -4.087500000000000000e+01 -7.312500000000000000e+00 -6.250000000000000000e+01 -3.550000000000000000e+01
4.110000133514404297e+00 -5.719999790191650391e+00 9.300000190734863281e+00 1.675000000000000000e+01 2.450000000000000000e+01 -4.087500000000000000e+01 -7.625000000000000000e+00 -4.900000000000000000e+01 -2.937500000000000000e+01
3.440000057220458984e+00 -5.420000076293945312e+00 9.340000152587890625e+00 1.537500000000000000e+01 2.518750000000000000e+01 -4.125000000000000000e+01 -2.125000000000000000e+00 -3.731250000000000000e+01 -2.337500000000000000e+01
4.440000057220458984e+00 -6.199999809265136719e+00 9.960000038146972656e+00 1.537500000000000000e+01 2.518750000000000000e+01 -4.125000000000000000e+01 -1.562500000000000000e+00 -3.456250000000000000e+01 -1.831250000000000000e+01
5.159999847412109375e+00 -6.449999809265136719e+00 1.005000019073486328e+01 1.537500000000000000e+01 2.518750000000000000e+01 -4.125000000000000000e+01 1.125000000000000000e+00 -3.331250000000000000e+01 -1.450000000000000000e+01
