2.910000085830688477e+00 -3.599999904632568359e+00 8.600000381469726562e+00 7.750000000000000000e+00 1.975000000000000000e+01 -4.600000000000000000e+01 -7.500000000000000000e-01 -5.000000000000000000e-01 2.500000000000000000e-01
2.900000095367431641e+00 -3.650000095367431641e+00 8.600000381469726562e+00 7.750000000000000000e+00 1.975000000000000000e+01 -4.600000000000000000e+01 -7.500000000000000000e-01 -5.000000000000000000e-01 3.750000000000000000e-01
2.900000095367431641e+00 -3.640000104904174805e+00 8.619999885559082031e+00 7.750000000000000000e+00 1.975000000000000000e+01 -4.600000000000000000e+01 -7.500000000000000000e-01 -5.000000000000000000e-01 3.750000000000000000e-01
2.930000066757202148e+00 -3.599999904632568359e+00 8.619999885559082031e+00 8.187500000000000000e+00 2.006250000000000000e+01 -4.637500000000000000e+01 -8.750000000000000000e-01 -2.500000000000000000e-01 3.750000000000000000e-01
2.930000066757202148e+00 -3.599999904632568359e+00 8.609999656677246094e+00 8.187500000000000000e+00 2.006250000000000000e+01 -4.637500000000000000e+01 -8.750000000000000000e-01 -1.250000000000000000e-01 5.000000000000000000e-01
2.910000085830688477e+00 -3.680000066757202148e+00 8.569999694824218750e+00 8.187500000000000000e+00 2.006250000000000000e+01 -4.637500000000000000e+01 -5.625000000000000000e-01 -1.875000000000000000e-01 2.500000000000000000e-01
2.890000104904174805e+00 -3.680000066757202148e+00 8.579999923706054688e+00 8.187500000000000000e+00 2.006250000000000000e+01 -4.637500000000000000e+01 -5.000000000000000000e-01 -2.500000000000000000e-01 2.500000000000000000e-01
2.940000057220458984e+00 -3.680000066757202148e+00 8.600000381469726562e+00 8.187500000000000000e+00 2.006250000000000000e+01 -4.637500000000000000e+01 -5.000000000000000000e-01 -2.500000000000000000e-01 2.500000000000000000e-01
2.890000104904174805e+00 -3.619999885559082031e+00 8.619999885559082031e+00 7.375000000000000000e+00 2.006250000000000000e+01 -4.675000000000000000e+01 -5.625000000000000000e-01 -3.125000000000000000e-01 3.750000000000000000e-01
2.920000076293945312e+00 -3.579999923706054688e+00 8.659999847412109375e+00 7.375000000000000000e+00 2.006250000000000000e+01 -4.675000000000000000e+01 -8.125000000000000000e-01 -6.250000000000000000e-02 3.750000000000000000e-01
2.910000085830688477e+00 -3.640000104904174805e+00 8.619999885559082031e+00 7.375000000000000000e+00 2.006250000000000000e+01 -4.675000000000000000e+01 -8.750000000000000000e-01 6.250000000000000000e-02 6.250000000000000000e-01
2.950000047683715820e+00 -3.619999885559082031e+00 8.640000343322753906e+00 7.375000000000000000e+00 2.006250000000000000e+01 -4.675000000000000000e+01 -1.250000000000000000e+00 -1.875000000000000000e-01 7.500000000000000000e-01
3.109999895095825195e+00 -3.559999942779541016e+00 8.880000114440917969e+00 7.375000000000000000e+00 2.006250000000000000e+01 -4.675000000000000000e+01 -1.250000000000000000e+00 -1.875000000000000000e-01 7.500000000000000000e-01
3.109999895095825195e+00 -3.490000009536743164e+00 8.859999656677246094e+00 7.750000000000000000e+00 1.950000000000000000e+01 -4.800000000000000000e+01 -3.062500000000000000e+00 3.125000000000000000e-01 8.750000000000000000e-01
3.119999885559082031e+00 -3.480000019073486328e+00 9.189999580383300781e+00 7.750000000000000000e+00 1.950000000000000000e+01 -4.800000000000000000e+01 -6.125000000000000000e+00 8.125000000000000000e-01 1.312500000000000000e+00
3.700000047683715820e+00 -3.250000000000000000e+00 9.600000381469726562e+00 7.750000000000000000e+00 1.950000000000000000e+01 -4.800000000000000000e+01 -2.231250000000000000e+01 7.250000000000000000e+00 4.187500000000000000e+00
3.670000076293945312e+00 -3.339999914169311523e+00 9.770000457763671875e+00 7.750000000000000000e+00 1.950000000000000000e+01 -4.800000000000000000e+01 -2.943750000000000000e+01 1.237500000000000000e+01 7.000000000000000000e+00
4.690000057220458984e+00 -3.319999933242797852e+00 1.052000045776367188e+01 7.750000000000000000e+00 1.950000000000000000e+01 -4.800000000000000000e+01 -2.943750000000000000e+01 1.237500000000000000e+01 7.000000000000000000e+00
6.000000000000000000e+00 -3.690000057220458984e+00 1.156999969482421875e+01 7.750000000000000000e+00 2.050000000000000000e+01 -4.675000000000000000e+01 -3.943750000000000000e+01 2.293750000000000000e+01 1.168750000000000000e+01
7.559999942779541016e+00 -5.250000000000000000e+00 1.328999996185302734e+01 7.750000000000000000e+00 2.050000000000000000e+01 -4.675000000000000000e+01 -5.100000000000000000e+01 6.412500000000000000e+01 2.293750000000000000e+01
9.100000381469726562e+00 -6.570000171661376953e+00 1.376000022888183594e+01 7.750000000000000000e+00 2.050000000000000000e+01 -4.675000000000000000e+01 -3.893750000000000000e+01 9.462500000000000000e+01 3.037500000000000000e+01
1.011999988555908203e+01 -6.969999790191650391e+00 1.268999958038330078e+01 7.750000000000000000e+00 2.050000000000000000e+01 -4.675000000000000000e+01 -2.412500000000000000e+01 1.270625000000000000e+02 4.243750000000000000e+01
8.479999542236328125e+00 -6.760000228881835938e+00 1.060000038146972656e+01 7.750000000000000000e+00 2.050000000000000000e+01 -4.675000000000000000e+01 -2.412500000000000000e+01 1.270625000000000000e+02 4.243750000000000000e+01
3.269999980926513672e+00 -5.590000152587890625e+00 7.679999828338623047e+00 7.375000000000000000e+00 2.050000000000000000e+01 -4.475000000000000000e+01 -1.075000000000000000e+01 1.448125000000000000e+02 5.025000000000000000e+01
1.240000009536743164e+00 -4.940000057220458984e+00 6.969999790191650391e+00 7.375000000000000000e+00 2.050000000000000000e+01 -4.475000000000000000e+01 1.250000000000000000e-01 1.456250000000000000e+02 5.387500000000000000e+01
-1.800000071525573730e-01 -4.400000095367431641e+00 6.909999847412109375e+00 7.375000000000000000e+00 2.050000000000000000e+01 -4.475000000000000000e+01 4.937500000000000000e+00 1.359375000000000000e+02 5.356250000000000000e+01
-1.000000014901161194e-01 -3.799999952316284180e+00 7.070000171661376953e+00 7.375000000000000000e+00 2.050000000000000000e+01 -4.475000000000000000e+01 4.500000000000000000e+00 1.227500000000000000e+02 5.175000000000000000e+01
-4.799999892711639404e-01 -3.289999961853027344e+00 6.570000171661376953e+00 7.375000000000000000e+00 2.050000000000000000e+01 -4.475000000000000000e+01 8.750000000000000000e-01 1.127500000000000000e+02 5.012500000000000000e+01
-9.200000166893005371e-01 -3.099999904632568359e+00 6.829999923706054688e+00 1.300000000000000000e+01 2.156250000000000000e+01 -4.356250000000000000e+01 8.125000000000000000e-01 1.035000000000000000e+02 4.656250000000000000e+01
-8.899999856948852539e-01 -2.769999980926513672e+00 7.059999942779541016e+00 1.300000000000000000e+01 2.156250000000000000e+01 -4.356250000000000000e+01 5.000000000000000000e-01 9.343750000000000000e+01 4.112500000000000000e+01
-1.639999985694885254e+00 -2.539999961853027344e+00 6.750000000000000000e+00 1.300000000000000000e+01 2.156250000000000000e+01 -4.356250000000000000e+01 -1.625000000000000000e+00 8.493750000000000000e+01 3.512500000000000000e+01
-1.870000004768371582e+00 -2.480000019073486328e+00 7.010000228881835938e+00 1.300000000000000000e+01 2.156250000000000000e+01 -4.356250000000000000e+01 -2.812500000000000000e+00 7.493750000000000000e+01 2.831250000000000000e+01
-1.600000023841857910e+00 -2.589999914169311523e+00 7.199999809265136719e+00 1.300000000000000000e+01 2.156250000000000000e+01 -4.356250000000000000e+01 -5.687500000000000000e+00 6.412500000000000000e+01 2.212500000000000000e+01
-1.149999976158142090e+00 -3.089999914169311523e+00 7.780000209808349609e+00 1.587500000000000000e+01 2.000000000000000000e+01 -4.237500000000000000e+01 -8.687500000000000000e+00 5.587500000000000000e+01 1.687500000000000000e+01
-3.600000143051147461e-01 -3.900000095367431641e+00 7.659999847412109375e+00 1.587500000000000000e+01 2.000000000000000000e+01 -4.237500000000000000e+01 -9.062500000000000000e+00 5.187500000000000000e+01 1.337500000000000000e+01
-1.179999947547912598e+00 -3.960000038146972656e+00 7.489999771118164062e+00 1.587500000000000000e+01 2.000000000000000000e+01 -4.237500000000000000e+01 -5.125000000000000000e+00 5.012500000000000000e+01 1.000000000000000000e+01
-1.539999961853027344e+00 -3.630000114440917969e+00 7.420000076293945312e+00 1.587500000000000000e+01 2.000000000000000000e+01 -4.237500000000000000e+01 -4.375000000000000000e-01 4.381250000000000000e+01 5.625000000000000000e+00
-1.559999942779541016e+00 -3.539999961853027344e+00 7.420000076293945312e+00 1.587500000000000000e+01 2.000000000000000000e+01 -4.237500000000000000e+01 -2.500000000000000000e-01 3.556250000000000000e+01 2.437500000000000000e+00
-1.580000042915344238e+00 -3.769999980926513672e+00 7.300000190734863281e+00 2.000000000000000000e+01 1.968750000000000000e+01 -4.068750000000000000e+01 -1.250000000000000000e+00 2.812500000000000000e+01 0.000000000000000000e+00
-1.600000023841857910e+00 -3.869999885559082031e+00 7.300000190734863281e+00 2.000000000000000000e+01 1.968750000000000000e+01 -4.068750000000000000e+01 -8.750000000000000000e-01 2.062500000000000000e+01 -1.875000000000000000e+00
-1.690000057220458984e+00 -3.789999961853027344e+00 7.070000171661376953e+00 2.000000000000000000e+01 1.968750000000000000e+01 -4.068750000000000000e+01 6.250000000000000000e-02 1.318750000000000000e+01 -3.312500000000000000e+00
-3.029999971389770508e+00 -3.400000095367431641e+00 5.769999980926513672e+00 2.000000000000000000e+01 1.968750000000000000e+01 -4.068750000000000000e+01 2.000000000000000000e+00 4.875000000000000000e+00 -5.875000000000000000e+00
-3.660000085830688477e+00 -3.079999923706054688e+00 5.400000095367431641e+00 2.000000000000000000e+01 1.968750000000000000e+01 -4.068750000000000000e+01 5.250000000000000000e+00 -7.937500000000000000e+00 -1.075000000000000000e+01
-3.640000104904174805e+00 -2.890000104904174805e+00 5.079999923706054688e+00 2.037500000000000000e+01 1.818750000000000000e+01 -3.987500000000000000e+01 6.625000000000000000e+00 -2.493750000000000000e+01 -1.587500000000000000e+01
-3.440000057220458984e+00 -3.029999971389770508e+00 4.849999904632568359e+00 2.037500000000000000e+01 1.818750000000000000e+01 -3.987500000000000000e+01 8.937500000000000000e+00 -4.068750000000000000e+01 -2.181250000000000000e+01
-3.309999942779541016e+00 -3.029999971389770508e+00 4.559999942779541016e+00 2.037500000000000000e+01 1.818750000000000000e+01 -3.987500000000000000e+01 1.612500000000000000e+01 -5.475000000000000000e+01 -3.068750000000000000e+01
-3.329999923706054688e+00 -2.859999895095825195e+00 4.820000171661376953e+00 2.037500000000000000e+01 1.818750000000000000e+01 -3.987500000000000000e+01 2.643750000000000000e+01 -6.887500000000000000e+01 -4.112500000000000000e+01
-2.970000028610229492e+00 -2.849999904632568359e+00 5.280000209808349609e+00 2.037500000000000000e+01 1.818750000000000000e+01 -3.987500000000000000e+01 3.512500000000000000e+01 -8.500000000000000000e+01 -5.287500000000000000e+01
-2.460000038146972656e+00 -2.579999923706054688e+00 5.150000095367431641e+00 2.006250000000000000e+01 1.968750000000000000e+01 -3.987500000000000000e+01 4.056250000000000000e+01 -1.020625000000000000e+02 -6.312500000000000000e+01
-2.849999904632568359e+00 -2.799999952316284180e+00 6.409999847412109375e+00 2.006250000000000000e+01 1.968750000000000000e+01 -3.987500000000000000e+01 4.168750000000000000e+01 -1.221250000000000000e+02 -7.225000000000000000e+01
-1.200000047683715820e+00 -2.339999914169311523e+00 8.119999885559082031e+00 2.006250000000000000e+01 1.968750000000000000e+01 -3.987500000000000000e+01 2.925000000000000000e+01 -1.468125000000000000e+02 -8.212500000000000000e+01
1.149999976158142090e+00 -1.889999985694885254e+00 8.079999923706054688e+00 2.006250000000000000e+01 1.968750000000000000e+01 -3.987500000000000000e+01 3.312500000000000000e+00 -1.660625000000000000e+02 -7.806250000000000000e+01
3.309999942779541016e+00 -2.789999961853027344e+00 8.739999771118164062e+00 2.006250000000000000e+01 1.968750000000000000e+01 -3.987500000000000000e+01 -1.787500000000000000e+01 -1.777500000000000000e+02 -6.287500000000000000e+01
5.409999847412109375e+00 -3.920000076293945312e+00 9.529999732971191406e+00 1.600000000000000000e+01 2.075000000000000000e+01 -4.187500000000000000e+01 -2.168750000000000000e+01 -1.808750000000000000e+02 -5.050000000000000000e+01
6.420000076293945312e+00 -4.940000057220458984e+00 9.970000267028808594e+00 1.600000000000000000e+01 2.075000000000000000e+01 -4.187500000000000000e+01 -1.156250000000000000e+01 -1.693750000000000000e+02 -4.918750000000000000e+01
6.079999923706054688e+00 -3.430000066757202148e+00 9.970000267028808594e+00 1.600000000000000000e+01 2.075000000000000000e+01 -4.187500000000000000e+01 -4.312500000000000000e+00 -1.487500000000000000e+02 -6.187500000000000000e+01
1.168999958038330078e+01 -1.052000045776367188e+01 2.013999938964843750e+01 1.600000000000000000e+01 2.075000000000000000e+01 -4.187500000000000000e+01 1.218750000000000000e+01 -1.273125000000000000e+02 -6.000000000000000000e+01
2.805999946594238281e+01 -1.827000045776367188e+01 2.668000030517578125e+01 1.600000000000000000e+01 2.075000000000000000e+01 -4.187500000000000000e+01 4.750000000000000000e+01 -8.912500000000000000e+01 -2.612500000000000000e+01
1.659000015258789062e+01 -5.289999961853027344e+00 9.890000343322753906e+00 1.018750000000000000e+01 2.187500000000000000e+01 -4.506250000000000000e+01 2.237500000000000000e+01 1.875000000000000000e+00 -2.687500000000000000e+00
-3.349999904632568359e+00 -1.519999980926513672e+00 1.919999957084655762e+00 1.018750000000000000e+01 2.187500000000000000e+01 -4.506250000000000000e+01 8.437500000000000000e+00 5.056250000000000000e+01 -3.750000000000000000e-01
4.519999980926513672e+00 -1.830000042915344238e+00 1.257999992370605469e+01 1.018750000000000000e+01 2.187500000000000000e+01 -4.506250000000000000e+01 4.112500000000000000e+01 -4.750000000000000000e+00 -1.312500000000000000e+00
5.420000076293945312e+00 9.800000190734863281e-01 1.160000038146972656e+01 1.018750000000000000e+01 2.187500000000000000e+01 -4.506250000000000000e+01 3.118750000000000000e+01 -9.375000000000000000e-01 -6.250000000000000000e-02
1.830000042915344238e+00 -1.120000004768371582e+00 1.043000030517578125e+01 1.018750000000000000e+01 2.187500000000000000e+01 -4.506250000000000000e+01 -1.612500000000000000e+01 1.031250000000000000e+01 5.187500000000000000e+00
3.119999885559082031e+00 -4.789999961853027344e+00 8.789999961853027344e+00 7.562500000000000000e+00 2.150000000000000000e+01 -4.625000000000000000e+01 -2.618750000000000000e+01 6.250000000000000000e-01 4.562500000000000000e+00
4.380000114440917969e+00 -4.309999942779541016e+00 9.029999732971191406e+00 7.562500000000000000e+00 2.150000000000000000e+01 -4.625000000000000000e+01 -1.987500000000000000e+01 -2.937500000000000000e+00 4.687500000000000000e+00
3.859999895095825195e+00 -3.829999923706054688e+00 8.789999961853027344e+00 7.562500000000000000e+00 2.150000000000000000e+01 -4.625000000000000000e+01 -2.218750000000000000e+01 3.750000000000000000e+00 6.750000000000000000e+00
3.450000047683715820e+00 -4.010000228881835938e+00 9.029999732971191406e+00 7.562500000000000000e+00 2.150000000000000000e+01 -4.625000000000000000e+01 -2.325000000000000000e+01 9.437500000000000000e+00 8.125000000000000000e+00
5.389999866485595703e+00 -4.559999942779541016e+00 1.061999988555908203e+01 7.562500000000000000e+00 2.150000000000000000e+01 -4.625000000000000000e+01 -2.212500000000000000e+01 1.587500000000000000e+01 1.025000000000000000e+01
5.980000019073486328e+00 -5.340000152587890625e+00 1.148999977111816406e+01 8.062500000000000000e+00 2.037500000000000000e+01 -4.668750000000000000e+01 -2.781250000000000000e+01 2.868750000000000000e+01 1.337500000000000000e+01
6.699999809265136719e+00 -6.210000038146972656e+00 1.221000003814697266e+01 8.062500000000000000e+00 2.037500000000000000e+01 -4.668750000000000000e+01 -3.412500000000000000e+01 4.493750000000000000e+01 1.800000000000000000e+01
7.920000076293945312e+00 -6.769999980926513672e+00 1.221000003814697266e+01 8.062500000000000000e+00 2.037500000000000000e+01 -4.668750000000000000e+01 -2.668750000000000000e+01 6.493750000000000000e+01 2.681250000000000000e+01
6.989999771118164062e+00 -5.599999904632568359e+00 1.064000034332275391e+01 8.062500000000000000e+00 2.037500000000000000e+01 -4.668750000000000000e+01 -8.625000000000000000e+00 8.931250000000000000e+01 3.925000000000000000e+01
4.489999771118164062e+00 -4.550000190734863281e+00 9.579999923706054688e+00 8.062500000000000000e+00 2.037500000000000000e+01 -4.668750000000000000e+01 -2.375000000000000000e+00 1.093125000000000000e+02 4.737500000000000000e+01
2.700000047683715820e+00 -4.110000133514404297e+00 8.180000305175781250e+00 8.062500000000000000e+00 2.225000000000000000e+01 -4.506250000000000000e+01 -1.937500000000000000e+00 1.149375000000000000e+02 5.237500000000000000e+01
-6.000000238418579102e-01 -3.509999990463256836e+00 6.280000209808349609e+00 8.062500000000000000e+00 2.225000000000000000e+01 -4.506250000000000000e+01 4.375000000000000000e-01 1.106875000000000000e+02 5.237500000000000000e+01
-1.669999957084655762e+00 -3.059999942779541016e+00 5.809999942779541016e+00 8.062500000000000000e+00 2.225000000000000000e+01 -4.506250000000000000e+01 3.812500000000000000e+00 9.918750000000000000e+01 4.843750000000000000e+01
-2.150000095367431641e+00 -2.769999980926513672e+00 5.699999809265136719e+00 8.062500000000000000e+00 2.225000000000000000e+01 -4.506250000000000000e+01 5.312500000000000000e+00 8.193750000000000000e+01 4.162500000000000000e+01
-1.970000028610229492e+00 -2.650000095367431641e+00 6.039999961853027344e+00 8.062500000000000000e+00 2.225000000000000000e+01 -4.506250000000000000e+01 3.937500000000000000e+00 6.418750000000000000e+01 3.412500000000000000e+01
-1.419999957084655762e+00 -2.609999895095825195e+00 6.460000038146972656e+00 1.337500000000000000e+01 2.225000000000000000e+01 -4.425000000000000000e+01 2.187500000000000000e+00 4.925000000000000000e+01 2.700000000000000000e+01
-1.399999976158142090e+00 -2.549999952316284180e+00 6.800000190734863281e+00 1.337500000000000000e+01 2.225000000000000000e+01 -4.425000000000000000e+01 1.687500000000000000e+00 3.675000000000000000e+01 2.000000000000000000e+01
-9.499999880790710449e-01 -2.490000009536743164e+00 7.280000209808349609e+00 1.337500000000000000e+01 2.225000000000000000e+01 -4.425000000000000000e+01 4.375000000000000000e-01 2.537500000000000000e+01 1.250000000000000000e+01
-3.100000023841857910e-01 -2.700000047683715820e+00 7.880000114440917969e+00 1.337500000000000000e+01 2.225000000000000000e+01 -4.425000000000000000e+01 -3.125000000000000000e+00 1.725000000000000000e+01 6.750000000000000000e+00
7.099999785423278809e-01 -3.490000009536743164e+00 8.569999694824218750e+00 1.337500000000000000e+01 2.225000000000000000e+01 -4.425000000000000000e+01 -5.500000000000000000e+00 1.312500000000000000e+01 3.125000000000000000e+00
7.699999809265136719e-01 -3.789999961853027344e+00 8.670000076293945312e+00 1.518750000000000000e+01 2.118750000000000000e+01 -4.387500000000000000e+01 -6.500000000000000000e+00 1.150000000000000000e+01 8.750000000000000000e-01
8.399999737739562988e-01 -3.930000066757202148e+00 8.699999809265136719e+00 1.518750000000000000e+01 2.118750000000000000e+01 -4.387500000000000000e+01 -8.125000000000000000e+00 9.312500000000000000e+00 6.875000000000000000e-01
1.139999985694885254e+00 -4.420000076293945312e+00 8.699999809265136719e+00 1.518750000000000000e+01 2.118750000000000000e+01 -4.387500000000000000e+01 -9.750000000000000000e+00 7.187500000000000000e+00 2.250000000000000000e+00
1.169999957084655762e+00 -4.500000000000000000e+00 8.699999809265136719e+00 1.518750000000000000e+01 2.118750000000000000e+01 -4.387500000000000000e+01 -8.687500000000000000e+00 6.437500000000000000e+00 3.750000000000000000e+00
1.100000023841857910e+00 -4.340000152587890625e+00 8.659999847412109375e+00 1.518750000000000000e+01 2.118750000000000000e+01 -4.387500000000000000e+01 -5.500000000000000000e+00 6.875000000000000000e+00 4.375000000000000000e+00
8.600000143051147461e-01 -4.179999828338623047e+00 8.560000419616699219e+00 1.575000000000000000e+01 2.075000000000000000e+01 -4.300000000000000000e+01 -2.812500000000000000e+00 7.562500000000000000e+00 3.750000000000000000e+00
3.100000023841857910e-01 -3.880000114440917969e+00 8.149999618530273438e+00 1.575000000000000000e+01 2.075000000000000000e+01 -4.300000000000000000e+01 -8.750000000000000000e-01 6.437500000000000000e+00 2.125000000000000000e+00
1.500000059604644775e-01 -3.799999952316284180e+00 8.039999961853027344e+00 1.575000000000000000e+01 2.075000000000000000e+01 -4.300000000000000000e+01 -1.875000000000000000e-01 3.437500000000000000e+00 5.000000000000000000e-01
1.700000017881393433e-01 -3.910000085830688477e+00 8.159999847412109375e+00 1.575000000000000000e+01 2.075000000000000000e+01 -4.300000000000000000e+01 -7.500000000000000000e-01 -6.250000000000000000e-01 -1.125000000000000000e+00
5.099999904632568359e-01 -4.059999942779541016e+00 8.300000190734863281e+00 1.575000000000000000e+01 2.075000000000000000e+01 -4.300000000000000000e+01 -1.562500000000000000e+00 -4.437500000000000000e+00 -2.125000000000000000e+00
5.400000214576721191e-01 -4.059999942779541016e+00 8.329999923706054688e+00 1.506250000000000000e+01 2.075000000000000000e+01 -4.218750000000000000e+01 -1.625000000000000000e+00 -6.937500000000000000e+00 -2.812500000000000000e+00
5.799999833106994629e-01 -4.019999980926513672e+00 8.399999618530273438e+00 1.506250000000000000e+01 2.075000000000000000e+01 -4.218750000000000000e+01 -1.687500000000000000e+00 -9.937500000000000000e+00 -2.812500000000000000e+00
8.299999833106994629e-01 -4.050000190734863281e+00 8.579999923706054688e+00 1.506250000000000000e+01 2.075000000000000000e+01 -4.218750000000000000e+01 -2.375000000000000000e+00 -1.262500000000000000e+01 -2.750000000000000000e+00
1.419999957084655762e+00 -4.239999771118164062e+00 9.050000190734863281e+00 1.506250000000000000e+01 2.075000000000000000e+01 -4.218750000000000000e+01 -2.937500000000000000e+00 -1.306250000000000000e+01 -3.062500000000000000e+00
1.470000028610229492e+00 -4.210000038146972656e+00 9.100000381469726562e+00 1.506250000000000000e+01 2.075000000000000000e+01 -4.218750000000000000e+01 -2.625000000000000000e+00 -1.175000000000000000e+01 -3.250000000000000000e+00
1.480000019073486328e+00 -4.179999828338623047e+00 9.119999885559082031e+00 1.587500000000000000e+01 2.075000000000000000e+01 -4.300000000000000000e+01 -2.437500000000000000e+00 -9.750000000000000000e+00 -3.187500000000000000e+00
1.450000047683715820e+00 -4.230000019073486328e+00 9.050000190734863281e+00 1.587500000000000000e+01 2.075000000000000000e+01 -4.300000000000000000e+01 -2.000000000000000000e+00 -8.250000000000000000e+00 -2.812500000000000000e+00
