2.319999933242797852e+00 -2.269999980926513672e+00 9.140000343322753906e+00 1.056250000000000000e+01 1.125000000000000000e+01 -4.768750000000000000e+01 4.062500000000000000e+00 -2.937500000000000000e+00 -4.375000000000000000e-01
2.480000019073486328e+00 -2.279999971389770508e+00 9.069999694824218750e+00 1.056250000000000000e+01 1.125000000000000000e+01 -4.768750000000000000e+01 4.687500000000000000e+00 -5.375000000000000000e+00 -8.750000000000000000e-01
2.750000000000000000e+00 -2.490000009536743164e+00 9.100000381469726562e+00 1.056250000000000000e+01 1.125000000000000000e+01 -4.768750000000000000e+01 4.437500000000000000e+00 -6.562500000000000000e+00 -1.437500000000000000e+00
2.539999961853027344e+00 -2.240000009536743164e+00 9.010000228881835938e+00 1.056250000000000000e+01 1.125000000000000000e+01 -4.768750000000000000e+01 4.625000000000000000e+00 -5.562500000000000000e+00 -1.625000000000000000e+00
2.640000104904174805e+00 -2.289999961853027344e+00 9.039999961853027344e+00 1.168750000000000000e+01 1.168750000000000000e+01 -4.725000000000000000e+01 5.375000000000000000e+00 -4.000000000000000000e+00 -1.687500000000000000e+00
2.480000019073486328e+00 -2.440000057220458984e+00 9.010000228881835938e+00 1.168750000000000000e+01 1.168750000000000000e+01 -4.725000000000000000e+01 5.312500000000000000e+00 -3.687500000000000000e+00 -1.500000000000000000e+00
2.200000047683715820e+00 -1.590000033378601074e+00 8.800000190734863281e+00 1.168750000000000000e+01 1.168750000000000000e+01 -4.725000000000000000e+01 3.562500000000000000e+00 -2.750000000000000000e+00 -1.062500000000000000e+00
1.330000042915344238e+00 -5.000000000000000000e-01 8.369999885559082031e+00 1.168750000000000000e+01 1.168750000000000000e+01 -4.725000000000000000e+01 4.562500000000000000e+00 -4.500000000000000000e+00 -6.875000000000000000e-01
5.400000214576721191e-01 6.100000143051147461e-01 7.929999828338623047e+00 1.168750000000000000e+01 1.168750000000000000e+01 -4.725000000000000000e+01 -1.500000000000000000e+00 -8.875000000000000000e+00 1.312500000000000000e+00
-7.200000286102294922e-01 3.819999933242797852e+00 7.659999847412109375e+00 9.875000000000000000e+00 1.125000000000000000e+01 -4.725000000000000000e+01 -1.650000000000000000e+01 -2.068750000000000000e+01 2.312500000000000000e+00
6.059999942779541016e+00 -4.929999828338623047e+00 1.235000038146972656e+01 9.875000000000000000e+00 1.125000000000000000e+01 -4.725000000000000000e+01 -5.125000000000000000e+01 -4.537500000000000000e+01 4.250000000000000000e+00
7.889999866485595703e+00 -7.179999828338623047e+00 1.218000030517578125e+01 9.875000000000000000e+00 1.125000000000000000e+01 -4.725000000000000000e+01 -8.943750000000000000e+01 -5.468750000000000000e+01 2.312500000000000000e+00
6.469999790191650391e+00 -7.469999790191650391e+00 9.289999961853027344e+00 9.875000000000000000e+00 1.125000000000000000e+01 -4.725000000000000000e+01 -6.625000000000000000e+01 -2.468750000000000000e+01 -3.875000000000000000e+00
2.690000057220458984e+00 -6.489999771118164062e+00 8.270000457763671875e+00 9.875000000000000000e+00 1.125000000000000000e+01 -4.725000000000000000e+01 -4.356250000000000000e+01 1.687500000000000000e+00 -2.500000000000000000e-01
2.670000076293945312e+00 -4.329999923706054688e+00 9.020000457763671875e+00 9.562500000000000000e+00 1.168750000000000000e+01 -4.768750000000000000e+01 -2.812500000000000000e+01 8.562500000000000000e+00 2.250000000000000000e+00
2.490000009536743164e+00 -1.490000009536743164e+00 8.920000076293945312e+00 9.562500000000000000e+00 1.168750000000000000e+01 -4.768750000000000000e+01 -3.000000000000000000e+00 4.812500000000000000e+00 3.125000000000000000e-01
2.420000076293945312e+00 -1.639999985694885254e+00 9.159999847412109375e+00 9.562500000000000000e+00 1.168750000000000000e+01 -4.768750000000000000e+01 3.250000000000000000e+00 4.375000000000000000e+00 -5.625000000000000000e-01
2.750000000000000000e+00 -2.500000000000000000e+00 9.159999847412109375e+00 9.562500000000000000e+00 1.168750000000000000e+01 -4.768750000000000000e+01 -7.000000000000000000e+00 1.625000000000000000e+00 -4.375000000000000000e-01
3.140000104904174805e+00 -3.049999952316284180e+00 8.920000076293945312e+00 9.562500000000000000e+00 1.168750000000000000e+01 -4.768750000000000000e+01 -1.362500000000000000e+01 -2.000000000000000000e+00 0.000000000000000000e+00
3.049999952316284180e+00 -3.559999942779541016e+00 8.689999580383300781e+00 9.562500000000000000e+00 1.350000000000000000e+01 -4.806250000000000000e+01 -1.693750000000000000e+01 -1.937500000000000000e+00 7.500000000000000000e-01
2.640000104904174805e+00 -3.170000076293945312e+00 8.649999618530273438e+00 9.562500000000000000e+00 1.350000000000000000e+01 -4.806250000000000000e+01 -1.381250000000000000e+01 6.875000000000000000e-01 5.000000000000000000e-01
2.549999952316284180e+00 -2.839999914169311523e+00 8.770000457763671875e+00 9.562500000000000000e+00 1.350000000000000000e+01 -4.806250000000000000e+01 -1.750000000000000000e+00 1.437500000000000000e+00 -1.250000000000000000e-01
2.730000019073486328e+00 -2.710000038146972656e+00 8.850000381469726562e+00 9.562500000000000000e+00 1.350000000000000000e+01 -4.806250000000000000e+01 2.187500000000000000e+00 3.125000000000000000e-01 -3.750000000000000000e-01
2.730000019073486328e+00 -2.710000038146972656e+00 8.920000076293945312e+00 9.562500000000000000e+00 1.350000000000000000e+01 -4.806250000000000000e+01 2.000000000000000000e+00 -3.750000000000000000e-01 -6.875000000000000000e-01
2.849999904632568359e+00 -3.730000019073486328e+00 8.829999923706054688e+00 8.750000000000000000e+00 1.456250000000000000e+01 -4.718750000000000000e+01 1.875000000000000000e+00 -9.375000000000000000e-01 -5.625000000000000000e-01
3.089999914169311523e+00 -4.400000095367431641e+00 8.750000000000000000e+00 8.750000000000000000e+00 1.456250000000000000e+01 -4.718750000000000000e+01 1.000000000000000000e+00 -1.625000000000000000e+00 3.125000000000000000e-01
2.329999923706054688e+00 -9.599999785423278809e-01 8.899999618530273438e+00 8.750000000000000000e+00 1.456250000000000000e+01 -4.718750000000000000e+01 1.893750000000000000e+01 -6.875000000000000000e-01 2.500000000000000000e-01
3.380000114440917969e+00 -2.099999904632568359e+00 9.520000457763671875e+00 8.750000000000000000e+00 1.456250000000000000e+01 -4.718750000000000000e+01 9.312500000000000000e+00 -1.562500000000000000e+00 -1.812500000000000000e+00
2.990000009536743164e+00 -2.059999942779541016e+00 9.229999542236328125e+00 8.750000000000000000e+00 1.456250000000000000e+01 -4.718750000000000000e+01 3.187500000000000000e+00 -3.500000000000000000e+00 -8.125000000000000000e-01
3.009999990463256836e+00 -2.619999885559082031e+00 9.329999923706054688e+00 9.187500000000000000e+00 1.525000000000000000e+01 -4.768750000000000000e+01 -4.687500000000000000e+00 -5.000000000000000000e-01 -4.375000000000000000e-01
3.269999980926513672e+00 -2.839999914169311523e+00 9.500000000000000000e+00 9.187500000000000000e+00 1.525000000000000000e+01 -4.768750000000000000e+01 -1.031250000000000000e+01 0.000000000000000000e+00 4.375000000000000000e-01
3.190000057220458984e+00 -3.339999914169311523e+00 9.140000343322753906e+00 9.187500000000000000e+00 1.525000000000000000e+01 -4.768750000000000000e+01 -1.318750000000000000e+01 6.250000000000000000e-01 8.125000000000000000e-01
3.240000009536743164e+00 -3.299999952316284180e+00 9.569999694824218750e+00 9.187500000000000000e+00 1.525000000000000000e+01 -4.768750000000000000e+01 -1.193750000000000000e+01 2.312500000000000000e+00 1.937500000000000000e+00
3.769999980926513672e+00 -3.200000047683715820e+00 1.000000000000000000e+01 9.187500000000000000e+00 1.525000000000000000e+01 -4.768750000000000000e+01 -7.875000000000000000e+00 3.062500000000000000e+00 2.562500000000000000e+00
5.199999809265136719e+00 -3.559999942779541016e+00 1.190999984741210938e+01 9.562500000000000000e+00 1.456250000000000000e+01 -4.687500000000000000e+01 -7.437500000000000000e+00 4.125000000000000000e+00 3.437500000000000000e+00
6.780000209808349609e+00 -3.769999980926513672e+00 1.219999980926513672e+01 9.562500000000000000e+00 1.456250000000000000e+01 -4.687500000000000000e+01 -9.750000000000000000e+00 8.750000000000000000e+00 4.937500000000000000e+00
7.519999980926513672e+00 -4.300000190734863281e+00 1.164999961853027344e+01 9.562500000000000000e+00 1.456250000000000000e+01 -4.687500000000000000e+01 -1.606250000000000000e+01 1.881250000000000000e+01 8.250000000000000000e+00
6.869999885559082031e+00 -4.750000000000000000e+00 1.140999984741210938e+01 9.562500000000000000e+00 1.456250000000000000e+01 -4.687500000000000000e+01 -1.793750000000000000e+01 4.175000000000000000e+01 1.575000000000000000e+01
4.750000000000000000e+00 -3.210000038146972656e+00 1.068999958038330078e+01 9.562500000000000000e+00 1.456250000000000000e+01 -4.687500000000000000e+01 -8.687500000000000000e+00 6.693750000000000000e+01 2.081250000000000000e+01
3.940000057220458984e+00 -2.950000047683715820e+00 9.510000228881835938e+00 9.562500000000000000e+00 1.500000000000000000e+01 -4.768750000000000000e+01 3.000000000000000000e+00 8.218750000000000000e+01 2.293750000000000000e+01
2.420000076293945312e+00 -2.970000028610229492e+00 8.590000152587890625e+00 9.562500000000000000e+00 1.500000000000000000e+01 -4.768750000000000000e+01 3.812500000000000000e+00 9.137500000000000000e+01 2.656250000000000000e+01
1.679999947547912598e+00 -3.049999952316284180e+00 8.979999542236328125e+00 9.562500000000000000e+00 1.500000000000000000e+01 -4.768750000000000000e+01 4.625000000000000000e+00 9.581250000000000000e+01 2.875000000000000000e+01
1.570000052452087402e+00 -1.779999971389770508e+00 8.430000305175781250e+00 9.562500000000000000e+00 1.500000000000000000e+01 -4.768750000000000000e+01 9.312500000000000000e+00 9.143750000000000000e+01 2.718750000000000000e+01
1.360000014305114746e+00 -2.740000009536743164e+00 8.380000114440917969e+00 9.562500000000000000e+00 1.500000000000000000e+01 -4.768750000000000000e+01 3.750000000000000000e+00 8.981250000000000000e+01 2.662500000000000000e+01
1.610000014305114746e+00 -3.470000028610229492e+00 8.770000457763671875e+00 1.206250000000000000e+01 1.375000000000000000e+01 -4.650000000000000000e+01 -8.500000000000000000e+00 8.762500000000000000e+01 2.818750000000000000e+01
1.450000047683715820e+00 -2.640000104904174805e+00 9.239999771118164062e+00 1.206250000000000000e+01 1.375000000000000000e+01 -4.650000000000000000e+01 -5.062500000000000000e+00 8.537500000000000000e+01 2.593750000000000000e+01
2.319999933242797852e+00 -2.829999923706054688e+00 9.039999961853027344e+00 1.206250000000000000e+01 1.375000000000000000e+01 -4.650000000000000000e+01 -4.437500000000000000e+00 8.350000000000000000e+01 2.525000000000000000e+01
1.399999976158142090e+00 -3.150000095367431641e+00 8.869999885559082031e+00 1.206250000000000000e+01 1.375000000000000000e+01 -4.650000000000000000e+01 -1.250000000000000000e+01 8.775000000000000000e+01 2.756250000000000000e+01
7.400000095367431641e-01 -2.960000038146972656e+00 8.739999771118164062e+00 1.206250000000000000e+01 1.375000000000000000e+01 -4.650000000000000000e+01 -1.618750000000000000e+01 9.212500000000000000e+01 2.825000000000000000e+01
4.399999976158142090e-01 -2.819999933242797852e+00 8.760000228881835938e+00 1.506250000000000000e+01 1.375000000000000000e+01 -4.450000000000000000e+01 -1.337500000000000000e+01 8.993750000000000000e+01 2.768750000000000000e+01
4.900000095367431641e-01 -2.960000038146972656e+00 8.750000000000000000e+00 1.506250000000000000e+01 1.375000000000000000e+01 -4.450000000000000000e+01 -1.312500000000000000e+01 8.675000000000000000e+01 2.687500000000000000e+01
4.000000059604644775e-01 -3.150000095367431641e+00 8.619999885559082031e+00 1.506250000000000000e+01 1.375000000000000000e+01 -4.450000000000000000e+01 -1.381250000000000000e+01 8.375000000000000000e+01 2.643750000000000000e+01
1.199999973177909851e-01 -3.059999942779541016e+00 8.779999732971191406e+00 1.506250000000000000e+01 1.375000000000000000e+01 -4.450000000000000000e+01 -1.168750000000000000e+01 8.187500000000000000e+01 2.550000000000000000e+01
-1.899999976158142090e-01 -2.559999942779541016e+00 8.149999618530273438e+00 1.506250000000000000e+01 1.375000000000000000e+01 -4.450000000000000000e+01 -9.625000000000000000e+00 7.937500000000000000e+01 2.368750000000000000e+01
-1.000000000000000000e+00 -2.279999971389770508e+00 7.940000057220458984e+00 1.850000000000000000e+01 1.350000000000000000e+01 -4.406250000000000000e+01 -8.812500000000000000e+00 7.775000000000000000e+01 2.225000000000000000e+01
-1.379999995231628418e+00 -2.029999971389770508e+00 8.250000000000000000e+00 1.850000000000000000e+01 1.350000000000000000e+01 -4.406250000000000000e+01 -1.037500000000000000e+01 7.675000000000000000e+01 1.868750000000000000e+01
-1.100000023841857910e+00 -2.130000114440917969e+00 8.289999961853027344e+00 1.850000000000000000e+01 1.350000000000000000e+01 -4.406250000000000000e+01 -1.293750000000000000e+01 7.143750000000000000e+01 1.362500000000000000e+01
-1.039999961853027344e+00 -2.930000066757202148e+00 8.100000381469726562e+00 1.850000000000000000e+01 1.350000000000000000e+01 -4.406250000000000000e+01 -1.643750000000000000e+01 6.575000000000000000e+01 9.500000000000000000e+00
-8.100000023841857910e-01 -3.609999895095825195e+00 8.529999732971191406e+00 1.850000000000000000e+01 1.350000000000000000e+01 -4.406250000000000000e+01 -2.225000000000000000e+01 6.150000000000000000e+01 6.687500000000000000e+00
-7.200000286102294922e-01 -3.380000114440917969e+00 8.800000190734863281e+00 2.106250000000000000e+01 1.306250000000000000e+01 -4.118750000000000000e+01 -2.000000000000000000e+01 5.800000000000000000e+01 2.625000000000000000e+00
-1.059999942779541016e+00 -3.569999933242797852e+00 8.340000152587890625e+00 2.106250000000000000e+01 1.306250000000000000e+01 -4.118750000000000000e+01 -9.687500000000000000e+00 5.550000000000000000e+01 8.125000000000000000e-01
-1.399999976158142090e+00 -3.539999961853027344e+00 8.079999923706054688e+00 2.106250000000000000e+01 1.306250000000000000e+01 -4.118750000000000000e+01 -6.250000000000000000e+00 5.318750000000000000e+01 6.875000000000000000e-01
-1.769999980926513672e+00 -3.400000095367431641e+00 7.849999904632568359e+00 2.106250000000000000e+01 1.306250000000000000e+01 -4.118750000000000000e+01 -2.625000000000000000e+00 4.943750000000000000e+01 5.625000000000000000e-01
-1.879999995231628418e+00 -3.470000028610229492e+00 7.780000209808349609e+00 2.106250000000000000e+01 1.306250000000000000e+01 -4.118750000000000000e+01 3.750000000000000000e-01 4.325000000000000000e+01 1.125000000000000000e+00
-1.639999985694885254e+00 -3.480000019073486328e+00 8.039999961853027344e+00 2.300000000000000000e+01 1.306250000000000000e+01 -4.037500000000000000e+01 1.375000000000000000e+00 3.643750000000000000e+01 1.187500000000000000e+00
-1.750000000000000000e+00 -3.319999933242797852e+00 8.109999656677246094e+00 2.300000000000000000e+01 1.306250000000000000e+01 -4.037500000000000000e+01 2.875000000000000000e+00 3.025000000000000000e+01 8.750000000000000000e-01
-1.740000009536743164e+00 -3.220000028610229492e+00 8.220000267028808594e+00 2.300000000000000000e+01 1.306250000000000000e+01 -4.037500000000000000e+01 3.687500000000000000e+00 2.512500000000000000e+01 1.437500000000000000e+00
-2.140000104904174805e+00 -3.059999942779541016e+00 7.809999942779541016e+00 2.300000000000000000e+01 1.306250000000000000e+01 -4.037500000000000000e+01 3.437500000000000000e+00 1.937500000000000000e+01 1.750000000000000000e+00
-2.440000057220458984e+00 -2.789999961853027344e+00 7.550000190734863281e+00 2.300000000000000000e+01 1.306250000000000000e+01 -4.037500000000000000e+01 4.000000000000000000e+00 1.518750000000000000e+01 1.625000000000000000e+00
-2.509999990463256836e+00 -2.680000066757202148e+00 7.530000209808349609e+00 2.350000000000000000e+01 1.375000000000000000e+01 -4.000000000000000000e+01 5.437500000000000000e+00 9.250000000000000000e+00 4.375000000000000000e-01
-2.410000085830688477e+00 -2.829999923706054688e+00 7.619999885559082031e+00 2.350000000000000000e+01 1.375000000000000000e+01 -4.000000000000000000e+01 5.312500000000000000e+00 2.062500000000000000e+00 -1.562500000000000000e+00
-1.509999990463256836e+00 -3.609999895095825195e+00 8.590000152587890625e+00 2.350000000000000000e+01 1.375000000000000000e+01 -4.000000000000000000e+01 3.937500000000000000e+00 -5.125000000000000000e+00 -3.750000000000000000e+00
-4.799999892711639404e-01 -3.640000104904174805e+00 9.140000343322753906e+00 2.350000000000000000e+01 1.375000000000000000e+01 -4.000000000000000000e+01 4.687500000000000000e+00 -1.287500000000000000e+01 -4.312500000000000000e+00
-4.300000071525573730e-01 -3.940000057220458984e+00 9.380000114440917969e+00 2.350000000000000000e+01 1.375000000000000000e+01 -4.000000000000000000e+01 3.875000000000000000e+00 -1.787500000000000000e+01 -2.437500000000000000e+00
-3.300000131130218506e-01 -3.849999904632568359e+00 9.550000190734863281e+00 2.406250000000000000e+01 1.350000000000000000e+01 -3.950000000000000000e+01 1.375000000000000000e+00 -1.725000000000000000e+01 5.625000000000000000e-01
-5.000000000000000000e-01 -3.240000009536743164e+00 9.619999885559082031e+00 2.406250000000000000e+01 1.350000000000000000e+01 -3.950000000000000000e+01 2.875000000000000000e+00 -1.687500000000000000e+01 3.375000000000000000e+00
-3.600000143051147461e-01 -3.079999923706054688e+00 9.710000038146972656e+00 2.406250000000000000e+01 1.350000000000000000e+01 -3.950000000000000000e+01 2.562500000000000000e+00 -1.500000000000000000e+01 4.875000000000000000e+00
-1.899999976158142090e-01 -2.900000095367431641e+00 9.800000190734863281e+00 2.406250000000000000e+01 1.350000000000000000e+01 -3.950000000000000000e+01 2.937500000000000000e+00 -1.343750000000000000e+01 4.687500000000000000e+00
-5.799999833106994629e-01 -2.819999933242797852e+00 9.520000457763671875e+00 2.406250000000000000e+01 1.350000000000000000e+01 -3.950000000000000000e+01 2.812500000000000000e+00 -1.025000000000000000e+01 3.187500000000000000e+00
-8.899999856948852539e-01 -2.700000047683715820e+00 9.229999542236328125e+00 2.337500000000000000e+01 1.225000000000000000e+01 -4.018750000000000000e+01 2.312500000000000000e+00 -7.312500000000000000e+00 1.250000000000000000e+00
-9.599999785423278809e-01 -2.690000057220458984e+00 9.149999618530273438e+00 2.337500000000000000e+01 1.225000000000000000e+01 -4.018750000000000000e+01 3.062500000000000000e+00 -5.562500000000000000e+00 -1.562500000000000000e+00
-8.600000143051147461e-01 -2.940000057220458984e+00 9.060000419616699219e+00 2.337500000000000000e+01 1.225000000000000000e+01 -4.018750000000000000e+01 2.000000000000000000e+00 -5.875000000000000000e+00 -3.687500000000000000e+00
-8.399999737739562988e-01 -3.440000057220458984e+00 8.930000305175781250e+00 2.337500000000000000e+01 1.225000000000000000e+01 -4.018750000000000000e+01 -3.750000000000000000e-01 -6.500000000000000000e+00 -5.187500000000000000e+00
-9.499999880790710449e-01 -3.410000085830688477e+00 8.920000076293945312e+00 2.337500000000000000e+01 1.225000000000000000e+01 -4.018750000000000000e+01 1.875000000000000000e-01 -7.062500000000000000e+00 -5.562500000000000000e+00
-8.700000047683715820e-01 -3.410000085830688477e+00 9.069999694824218750e+00 2.337500000000000000e+01 1.268750000000000000e+01 -4.018750000000000000e+01 1.375000000000000000e+00 -8.312500000000000000e+00 -5.812500000000000000e+00
-5.799999833106994629e-01 -3.529999971389770508e+00 9.119999885559082031e+00 2.337500000000000000e+01 1.268750000000000000e+01 -4.018750000000000000e+01 1.000000000000000000e+00 -1.081250000000000000e+01 -5.125000000000000000e+00
-6.299999952316284180e-01 -3.559999942779541016e+00 9.020000457763671875e+00 2.337500000000000000e+01 1.268750000000000000e+01 -4.018750000000000000e+01 1.875000000000000000e-01 -1.200000000000000000e+01 -3.875000000000000000e+00
-6.999999880790710449e-01 -3.380000114440917969e+00 8.930000305175781250e+00 2.337500000000000000e+01 1.268750000000000000e+01 -4.018750000000000000e+01 6.250000000000000000e-01 -1.206250000000000000e+01 -2.875000000000000000e+00
-8.500000238418579102e-01 -3.279999971389770508e+00 8.920000076293945312e+00 2.337500000000000000e+01 1.268750000000000000e+01 -4.018750000000000000e+01 1.687500000000000000e+00 -1.268750000000000000e+01 -2.187500000000000000e+00
-4.399999976158142090e-01 -3.140000104904174805e+00 9.260000228881835938e+00 2.256250000000000000e+01 1.306250000000000000e+01 -4.018750000000000000e+01 1.875000000000000000e+00 -1.425000000000000000e+01 -1.875000000000000000e+00
-4.099999964237213135e-01 -3.180000066757202148e+00 9.319999694824218750e+00 2.256250000000000000e+01 1.306250000000000000e+01 -4.018750000000000000e+01 2.062500000000000000e+00 -1.575000000000000000e+01 -2.250000000000000000e+00
-4.499999880790710449e-01 -3.109999895095825195e+00 9.199999809265136719e+00 2.256250000000000000e+01 1.306250000000000000e+01 -4.018750000000000000e+01 1.625000000000000000e+00 -1.537500000000000000e+01 -2.500000000000000000e+00
-5.899999737739562988e-01 -3.000000000000000000e+00 9.180000305175781250e+00 2.256250000000000000e+01 1.306250000000000000e+01 -4.018750000000000000e+01 1.812500000000000000e+00 -1.506250000000000000e+01 -2.937500000000000000e+00
-1.299999952316284180e-01 -3.329999923706054688e+00 9.369999885559082031e+00 2.256250000000000000e+01 1.306250000000000000e+01 -4.018750000000000000e+01 1.250000000000000000e+00 -1.525000000000000000e+01 -3.562500000000000000e+00
-1.500000059604644775e-01 -3.470000028610229492e+00 9.380000114440917969e+00 2.225000000000000000e+01 1.375000000000000000e+01 -4.018750000000000000e+01 5.000000000000000000e-01 -1.575000000000000000e+01 -3.812500000000000000e+00
-2.399999946355819702e-01 -3.390000104904174805e+00 9.289999961853027344e+00 2.225000000000000000e+01 1.375000000000000000e+01 -4.018750000000000000e+01 6.875000000000000000e-01 -1.431250000000000000e+01 -3.750000000000000000e+00
-4.199999868869781494e-01 -3.299999952316284180e+00 9.130000114440917969e+00 2.225000000000000000e+01 1.375000000000000000e+01 -4.018750000000000000e+01 2.312500000000000000e+00 -1.312500000000000000e+01 -3.937500000000000000e+00
-6.800000071525573730e-01 -3.220000028610229492e+00 8.819999694824218750e+00 2.225000000000000000e+01 1.375000000000000000e+01 -4.018750000000000000e+01 2.562500000000000000e+00 -1.293750000000000000e+01 -3.812500000000000000e+00
-7.900000214576721191e-01 -3.119999885559082031e+00 8.880000114440917969e+00 2.225000000000000000e+01 1.375000000000000000e+01 -4.018750000000000000e+01 2.437500000000000000e+00 -1.431250000000000000e+01 -3.687500000000000000e+00
-3.499999940395355225e-01 -3.119999885559082031e+00 9.250000000000000000e+00 2.200000000000000000e+01 1.350000000000000000e+01 -4.018750000000000000e+01 2.437500000000000000e+00 -1.637500000000000000e+01 -3.875000000000000000e+00
