2.680000066757202148e+00 -3.940000057220458984e+00 8.560000419616699219e+00 1.256250000000000000e+01 2.250000000000000000e+01 -5.018750000000000000e+01 -1.875000000000000000e-01 -6.250000000000000000e-02 -6.250000000000000000e-02
2.680000066757202148e+00 -3.930000066757202148e+00 8.569999694824218750e+00 1.300000000000000000e+01 2.400000000000000000e+01 -5.018750000000000000e+01 -6.250000000000000000e-02 -1.875000000000000000e-01 0.000000000000000000e+00
2.670000076293945312e+00 -3.940000057220458984e+00 8.569999694824218750e+00 1.300000000000000000e+01 2.400000000000000000e+01 -5.018750000000000000e+01 -6.250000000000000000e-02 -1.250000000000000000e-01 6.250000000000000000e-02
2.680000066757202148e+00 -3.960000038146972656e+00 8.539999961853027344e+00 1.300000000000000000e+01 2.400000000000000000e+01 -5.018750000000000000e+01 -6.250000000000000000e-02 -3.750000000000000000e-01 1.250000000000000000e-01
2.680000066757202148e+00 -3.970000028610229492e+00 8.550000190734863281e+00 1.300000000000000000e+01 2.400000000000000000e+01 -5.018750000000000000e+01 -1.250000000000000000e-01 -2.500000000000000000e-01 6.250000000000000000e-02
2.680000066757202148e+00 -3.960000038146972656e+00 8.520000457763671875e+00 1.300000000000000000e+01 2.400000000000000000e+01 -5.018750000000000000e+01 -6.250000000000000000e-02 -3.750000000000000000e-01 -6.250000000000000000e-02
2.680000066757202148e+00 -3.940000057220458984e+00 8.590000152587890625e+00 1.256250000000000000e+01 2.318750000000000000e+01 -5.018750000000000000e+01 -6.250000000000000000e-02 -2.500000000000000000e-01 -1.250000000000000000e-01
2.670000076293945312e+00 -3.940000057220458984e+00 8.550000190734863281e+00 1.256250000000000000e+01 2.318750000000000000e+01 -5.018750000000000000e+01 -1.875000000000000000e-01 -3.750000000000000000e-01 0.000000000000000000e+00
2.690000057220458984e+00 -3.970000028610229492e+00 8.569999694824218750e+00 1.256250000000000000e+01 2.318750000000000000e+01 -5.018750000000000000e+01 0.000000000000000000e+00 -3.750000000000000000e-01 -2.500000000000000000e-01
2.670000076293945312e+00 -3.950000047683715820e+00 8.550000190734863281e+00 1.256250000000000000e+01 2.318750000000000000e+01 -5.018750000000000000e+01 -1.250000000000000000e-01 -3.125000000000000000e-01 -1.250000000000000000e-01
2.670000076293945312e+00 -3.960000038146972656e+00 8.529999732971191406e+00 1.256250000000000000e+01 2.318750000000000000e+01 -5.018750000000000000e+01 -1.875000000000000000e-01 -3.125000000000000000e-01 -6.250000000000000000e-02
2.670000076293945312e+00 -3.950000047683715820e+00 8.579999923706054688e+00 1.218750000000000000e+01 2.356250000000000000e+01 -4.975000000000000000e+01 -1.875000000000000000e-01 -3.125000000000000000e-01 0.000000000000000000e+00
2.690000057220458984e+00 -3.970000028610229492e+00 8.529999732971191406e+00 1.218750000000000000e+01 2.356250000000000000e+01 -4.975000000000000000e+01 -2.500000000000000000e-01 -2.500000000000000000e-01 1.875000000000000000e-01
2.690000057220458984e+00 -3.970000028610229492e+00 8.550000190734863281e+00 1.218750000000000000e+01 2.356250000000000000e+01 -4.975000000000000000e+01 -3.750000000000000000e-01 -3.125000000000000000e-01 -6.250000000000000000e-02
2.900000095367431641e+00 -4.000000000000000000e+00 8.819999694824218750e+00 1.218750000000000000e+01 2.356250000000000000e+01 -4.975000000000000000e+01 -3.187500000000000000e+00 -3.750000000000000000e-01 0.000000000000000000e+00
3.160000085830688477e+00 -3.769999980926513672e+00 9.640000343322753906e+00 1.218750000000000000e+01 2.356250000000000000e+01 -4.975000000000000000e+01 -1.181250000000000000e+01 -1.250000000000000000e-01 2.000000000000000000e+00
3.440000057220458984e+00 -3.579999923706054688e+00 9.380000114440917969e+00 1.218750000000000000e+01 2.356250000000000000e+01 -4.975000000000000000e+01 -2.175000000000000000e+01 2.375000000000000000e+00 4.187500000000000000e+00
4.539999961853027344e+00 -4.900000095367431641e+00 1.094999980926513672e+01 1.256250000000000000e+01 2.318750000000000000e+01 -4.937500000000000000e+01 -3.425000000000000000e+01 9.687500000000000000e+00 5.812500000000000000e+00
6.340000152587890625e+00 -4.349999904632568359e+00 1.173999977111816406e+01 1.256250000000000000e+01 2.318750000000000000e+01 -4.937500000000000000e+01 -4.656250000000000000e+01 3.106250000000000000e+01 1.337500000000000000e+01
6.610000133514404297e+00 -4.489999771118164062e+00 1.202999973297119141e+01 1.256250000000000000e+01 2.318750000000000000e+01 -4.937500000000000000e+01 -5.687500000000000000e+01 5.218750000000000000e+01 2.343750000000000000e+01
6.750000000000000000e+00 -5.719999790191650391e+00 1.426000022888183594e+01 1.256250000000000000e+01 2.318750000000000000e+01 -4.937500000000000000e+01 -6.068750000000000000e+01 7.337500000000000000e+01 3.350000000000000000e+01
9.380000114440917969e+00 -9.159999847412109375e+00 1.260999965667724609e+01 1.256250000000000000e+01 2.318750000000000000e+01 -4.937500000000000000e+01 -3.281250000000000000e+01 1.058750000000000000e+02 4.431250000000000000e+01
9.140000343322753906e+00 -8.220000267028808594e+00 1.106999969482421875e+01 1.218750000000000000e+01 2.318750000000000000e+01 -4.900000000000000000e+01 -5.500000000000000000e+00 1.375625000000000000e+02 5.918750000000000000e+01
6.369999885559082031e+00 -6.539999961853027344e+00 1.006000041961669922e+01 1.218750000000000000e+01 2.318750000000000000e+01 -4.900000000000000000e+01 -2.187500000000000000e+00 1.521250000000000000e+02 6.712500000000000000e+01
4.590000152587890625e+00 -5.409999847412109375e+00 1.052999973297119141e+01 1.218750000000000000e+01 2.318750000000000000e+01 -4.900000000000000000e+01 -1.293750000000000000e+01 1.580625000000000000e+02 7.462500000000000000e+01
4.489999771118164062e+00 -5.579999923706054688e+00 9.380000114440917969e+00 1.218750000000000000e+01 2.318750000000000000e+01 -4.900000000000000000e+01 -1.056250000000000000e+01 1.670625000000000000e+02 8.156250000000000000e+01
2.980000019073486328e+00 -4.869999885559082031e+00 7.769999980926513672e+00 1.218750000000000000e+01 2.318750000000000000e+01 -4.900000000000000000e+01 -1.056250000000000000e+01 1.670625000000000000e+02 8.156250000000000000e+01
3.199999928474426270e-01 -3.319999933242797852e+00 6.250000000000000000e+00 1.518750000000000000e+01 2.437500000000000000e+01 -4.700000000000000000e+01 1.237500000000000000e+01 1.588750000000000000e+02 7.712500000000000000e+01
-3.869999885559082031e+00 -4.699999988079071045e-01 3.920000076293945312e+00 1.518750000000000000e+01 2.437500000000000000e+01 -4.700000000000000000e+01 9.937500000000000000e+00 1.381875000000000000e+02 6.443750000000000000e+01
-5.219999790191650391e+00 5.999999865889549255e-02 3.250000000000000000e+00 1.518750000000000000e+01 2.437500000000000000e+01 -4.700000000000000000e+01 4.125000000000000000e+00 1.107500000000000000e+02 4.575000000000000000e+01
-5.989999771118164062e+00 5.000000074505805969e-02 2.759999990463256836e+00 1.518750000000000000e+01 2.437500000000000000e+01 -4.700000000000000000e+01 1.312500000000000000e+00 8.087500000000000000e+01 2.487500000000000000e+01
-6.269999980926513672e+00 -2.199999988079071045e-01 2.710000038146972656e+00 1.518750000000000000e+01 2.437500000000000000e+01 -4.700000000000000000e+01 1.312500000000000000e+00 8.087500000000000000e+01 2.487500000000000000e+01
-4.929999828338623047e+00 -1.340000033378601074e+00 3.730000019073486328e+00 2.225000000000000000e+01 2.206250000000000000e+01 -4.375000000000000000e+01 6.250000000000000000e-01 5.143750000000000000e+01 5.000000000000000000e+00
-4.239999771118164062e+00 -1.899999976158142090e+00 3.740000009536743164e+00 2.225000000000000000e+01 2.206250000000000000e+01 -4.375000000000000000e+01 2.562500000000000000e+00 9.375000000000000000e+00 -2.206250000000000000e+01
-4.679999828338623047e+00 -2.440000057220458984e+00 2.500000000000000000e+00 2.225000000000000000e+01 2.206250000000000000e+01 -4.375000000000000000e+01 1.356250000000000000e+01 -1.537500000000000000e+01 -3.268750000000000000e+01
-4.869999885559082031e+00 -2.730000019073486328e+00 3.150000095367431641e+00 2.225000000000000000e+01 2.206250000000000000e+01 -4.375000000000000000e+01 2.162500000000000000e+01 -4.693750000000000000e+01 -3.881250000000000000e+01
-4.219999790191650391e+00 -2.880000114440917969e+00 2.920000076293945312e+00 2.225000000000000000e+01 2.206250000000000000e+01 -4.375000000000000000e+01 2.162500000000000000e+01 -4.693750000000000000e+01 -3.881250000000000000e+01
-4.219999790191650391e+00 -2.890000104904174805e+00 2.029999971389770508e+00 2.350000000000000000e+01 2.137500000000000000e+01 -4.168750000000000000e+01 3.693750000000000000e+01 -9.643750000000000000e+01 -5.106250000000000000e+01
-4.880000114440917969e+00 -2.710000038146972656e+00 1.299999952316284180e+00 2.350000000000000000e+01 2.137500000000000000e+01 -4.168750000000000000e+01 4.762500000000000000e+01 -1.286250000000000000e+02 -6.218750000000000000e+01
-5.489999771118164062e+00 -1.470000028610229492e+00 7.599999904632568359e-01 2.350000000000000000e+01 2.137500000000000000e+01 -4.168750000000000000e+01 5.087500000000000000e+01 -1.661250000000000000e+02 -7.881250000000000000e+01
-5.119999885559082031e+00 -7.400000095367431641e-01 8.000000119209289551e-01 2.350000000000000000e+01 2.137500000000000000e+01 -4.168750000000000000e+01 4.543750000000000000e+01 -2.066250000000000000e+02 -9.268750000000000000e+01
-4.280000209808349609e+00 -1.700000017881393433e-01 8.399999737739562988e-01 2.350000000000000000e+01 2.137500000000000000e+01 -4.168750000000000000e+01 4.543750000000000000e+01 -2.066250000000000000e+02 -9.268750000000000000e+01
-3.089999914169311523e+00 4.499999880790710449e-01 1.549999952316284180e+00 2.318750000000000000e+01 2.056250000000000000e+01 -4.400000000000000000e+01 3.843750000000000000e+01 -2.477500000000000000e+02 -1.056875000000000000e+02
4.000000059604644775e-01 1.220000028610229492e+00 3.950000047683715820e+00 2.318750000000000000e+01 2.056250000000000000e+01 -4.400000000000000000e+01 4.375000000000000000e+01 -3.328750000000000000e+02 -1.311250000000000000e+02
1.492000007629394531e+01 -2.692000007629394531e+01 3.774000167846679688e+01 2.318750000000000000e+01 2.056250000000000000e+01 -4.400000000000000000e+01 4.368750000000000000e+01 -1.300625000000000000e+02 -1.433750000000000000e+02
3.345999908447265625e+01 -2.181999969482421875e+01 2.013999938964843750e+01 2.318750000000000000e+01 2.056250000000000000e+01 -4.400000000000000000e+01 -2.036250000000000000e+02 1.743125000000000000e+02 -9.800000000000000000e+01
1.364000034332275391e+01 -5.999999865889549255e-02 5.559999942779541016e+00 2.318750000000000000e+01 2.056250000000000000e+01 -4.400000000000000000e+01 -2.036250000000000000e+02 1.743125000000000000e+02 -9.800000000000000000e+01
1.070000052452087402e+00 -1.084000015258789062e+01 1.862000083923339844e+01 1.387500000000000000e+01 2.275000000000000000e+01 -4.875000000000000000e+01 -2.812500000000000000e+00 1.702500000000000000e+02 -1.762500000000000000e+01
-6.460000038146972656e+00 -2.210000038146972656e+00 8.489999771118164062e+00 1.387500000000000000e+01 2.275000000000000000e+01 -4.875000000000000000e+01 7.056250000000000000e+01 -7.393750000000000000e+01 5.000000000000000000e+00
2.940000057220458984e+00 -7.900000214576721191e-01 1.444999980926513672e+01 1.387500000000000000e+01 2.275000000000000000e+01 -4.875000000000000000e+01 -1.793750000000000000e+01 -1.275000000000000000e+01 5.125000000000000000e+00
2.880000114440917969e+00 -3.819999933242797852e+00 1.027999973297119141e+01 1.387500000000000000e+01 2.275000000000000000e+01 -4.875000000000000000e+01 -4.337500000000000000e+01 -4.562500000000000000e+00 4.437500000000000000e+00
4.199999809265136719e+00 -5.929999828338623047e+00 9.039999961853027344e+00 1.387500000000000000e+01 2.275000000000000000e+01 -4.875000000000000000e+01 -4.337500000000000000e+01 -4.562500000000000000e+00 4.437500000000000000e+00
5.519999980926513672e+00 -5.340000152587890625e+00 9.159999847412109375e+00 1.237500000000000000e+01 2.425000000000000000e+01 -4.875000000000000000e+01 -3.256250000000000000e+01 7.750000000000000000e+00 1.037500000000000000e+01
5.079999923706054688e+00 -5.360000133514404297e+00 1.093000030517578125e+01 1.237500000000000000e+01 2.425000000000000000e+01 -4.875000000000000000e+01 -2.881250000000000000e+01 3.637500000000000000e+01 1.200000000000000000e+01
5.579999923706054688e+00 -5.889999866485595703e+00 1.127000045776367188e+01 1.237500000000000000e+01 2.425000000000000000e+01 -4.875000000000000000e+01 -2.075000000000000000e+01 5.118750000000000000e+01 1.631250000000000000e+01
5.530000209808349609e+00 -6.070000171661376953e+00 1.063000011444091797e+01 1.237500000000000000e+01 2.425000000000000000e+01 -4.875000000000000000e+01 -7.500000000000000000e+00 6.693750000000000000e+01 2.300000000000000000e+01
4.599999904632568359e+00 -5.929999828338623047e+00 9.729999542236328125e+00 1.237500000000000000e+01 2.425000000000000000e+01 -4.875000000000000000e+01 -7.500000000000000000e+00 6.693750000000000000e+01 2.300000000000000000e+01
3.000000000000000000e+00 -3.509999990463256836e+00 9.670000076293945312e+00 1.175000000000000000e+01 2.425000000000000000e+01 -4.800000000000000000e+01 3.562500000000000000e+00 7.706250000000000000e+01 2.743750000000000000e+01
2.960000038146972656e+00 -3.430000066757202148e+00 9.449999809265136719e+00 1.175000000000000000e+01 2.425000000000000000e+01 -4.800000000000000000e+01 -1.606250000000000000e+01 7.837500000000000000e+01 3.662500000000000000e+01
3.019999980926513672e+00 -3.809999942779541016e+00 9.140000343322753906e+00 1.175000000000000000e+01 2.425000000000000000e+01 -4.800000000000000000e+01 -1.525000000000000000e+01 8.050000000000000000e+01 3.900000000000000000e+01
2.730000019073486328e+00 -3.769999980926513672e+00 8.590000152587890625e+00 1.175000000000000000e+01 2.425000000000000000e+01 -4.800000000000000000e+01 -9.750000000000000000e+00 8.175000000000000000e+01 3.906250000000000000e+01
5.699999928474426270e-01 -3.130000114440917969e+00 7.320000171661376953e+00 1.175000000000000000e+01 2.425000000000000000e+01 -4.800000000000000000e+01 -9.750000000000000000e+00 8.175000000000000000e+01 3.906250000000000000e+01
-3.400000035762786865e-01 -3.089999914169311523e+00 6.769999980926513672e+00 1.425000000000000000e+01 2.387500000000000000e+01 -4.718750000000000000e+01 -7.437500000000000000e+00 7.775000000000000000e+01 3.475000000000000000e+01
-7.500000000000000000e-01 -3.269999980926513672e+00 6.760000228881835938e+00 1.425000000000000000e+01 2.387500000000000000e+01 -4.718750000000000000e+01 -1.043750000000000000e+01 5.500000000000000000e+01 2.156250000000000000e+01
-3.700000047683715820e-01 -3.400000095367431641e+00 6.980000019073486328e+00 1.425000000000000000e+01 2.387500000000000000e+01 -4.718750000000000000e+01 -1.125000000000000000e+01 4.631250000000000000e+01 1.768750000000000000e+01
3.899999856948852539e-01 -3.869999885559082031e+00 7.489999771118164062e+00 1.425000000000000000e+01 2.387500000000000000e+01 -4.718750000000000000e+01 -9.125000000000000000e+00 4.187500000000000000e+01 1.512500000000000000e+01
5.600000023841857910e-01 -3.960000038146972656e+00 7.670000076293945312e+00 1.425000000000000000e+01 2.387500000000000000e+01 -4.718750000000000000e+01 -9.125000000000000000e+00 4.187500000000000000e+01 1.512500000000000000e+01
5.600000023841857910e-01 -3.930000066757202148e+00 7.900000095367431641e+00 1.687500000000000000e+01 2.275000000000000000e+01 -4.675000000000000000e+01 -6.062500000000000000e+00 3.875000000000000000e+01 1.281250000000000000e+01
4.900000095367431641e-01 -3.990000009536743164e+00 7.909999847412109375e+00 1.687500000000000000e+01 2.275000000000000000e+01 -4.675000000000000000e+01 -3.750000000000000000e+00 3.081250000000000000e+01 1.056250000000000000e+01
3.000000119209289551e-01 -4.000000000000000000e+00 7.769999980926513672e+00 1.687500000000000000e+01 2.275000000000000000e+01 -4.675000000000000000e+01 -2.312500000000000000e+00 2.606250000000000000e+01 9.687500000000000000e+00
2.000000029802322388e-01 -4.010000228881835938e+00 7.949999809265136719e+00 1.687500000000000000e+01 2.275000000000000000e+01 -4.675000000000000000e+01 -2.562500000000000000e+00 2.031250000000000000e+01 8.562500000000000000e+00
4.600000083446502686e-01 -4.070000171661376953e+00 8.329999923706054688e+00 1.687500000000000000e+01 2.275000000000000000e+01 -4.675000000000000000e+01 -2.562500000000000000e+00 2.031250000000000000e+01 8.562500000000000000e+00
8.100000023841857910e-01 -4.210000038146972656e+00 8.250000000000000000e+00 1.800000000000000000e+01 2.306250000000000000e+01 -4.625000000000000000e+01 -4.437500000000000000e+00 1.762500000000000000e+01 8.562500000000000000e+00
4.399999976158142090e-01 -4.130000114440917969e+00 8.119999885559082031e+00 1.800000000000000000e+01 2.306250000000000000e+01 -4.625000000000000000e+01 -1.437500000000000000e+00 1.418750000000000000e+01 7.562500000000000000e+00
1.199999973177909851e-01 -3.880000114440917969e+00 7.929999828338623047e+00 1.800000000000000000e+01 2.306250000000000000e+01 -4.625000000000000000e+01 -1.375000000000000000e+00 9.750000000000000000e+00 5.687500000000000000e+00
-1.299999952316284180e-01 -3.720000028610229492e+00 7.699999809265136719e+00 1.800000000000000000e+01 2.306250000000000000e+01 -4.625000000000000000e+01 -1.437500000000000000e+00 4.562500000000000000e+00 3.562500000000000000e+00
-4.699999988079071045e-01 -3.589999914169311523e+00 7.219999790191650391e+00 1.800000000000000000e+01 2.306250000000000000e+01 -4.625000000000000000e+01 -1.437500000000000000e+00 4.562500000000000000e+00 3.562500000000000000e+00
-6.299999952316284180e-01 -3.549999952316284180e+00 6.989999771118164062e+00 1.906250000000000000e+01 2.387500000000000000e+01 -4.468750000000000000e+01 8.125000000000000000e-01 -1.312500000000000000e+00 4.375000000000000000e-01
-7.799999713897705078e-01 -3.480000019073486328e+00 7.019999980926513672e+00 1.906250000000000000e+01 2.387500000000000000e+01 -4.468750000000000000e+01 5.250000000000000000e+00 -1.643750000000000000e+01 -7.875000000000000000e+00
-3.700000047683715820e-01 -3.589999914169311523e+00 7.219999790191650391e+00 1.906250000000000000e+01 2.387500000000000000e+01 -4.468750000000000000e+01 6.687500000000000000e+00 -2.400000000000000000e+01 -1.187500000000000000e+01
-1.700000017881393433e-01 -3.650000095367431641e+00 7.409999847412109375e+00 1.906250000000000000e+01 2.387500000000000000e+01 -4.468750000000000000e+01 8.312500000000000000e+00 -2.993750000000000000e+01 -1.525000000000000000e+01
0.000000000000000000e+00 -3.710000038146972656e+00 7.550000190734863281e+00 1.906250000000000000e+01 2.387500000000000000e+01 -4.468750000000000000e+01 8.312500000000000000e+00 -2.993750000000000000e+01 -1.525000000000000000e+01
1.700000017881393433e-01 -3.710000038146972656e+00 7.670000076293945312e+00 1.950000000000000000e+01 2.350000000000000000e+01 -4.425000000000000000e+01 1.050000000000000000e+01 -3.568750000000000000e+01 -1.743750000000000000e+01
4.900000095367431641e-01 -4.079999923706054688e+00 8.470000267028808594e+00 1.950000000000000000e+01 2.350000000000000000e+01 -4.425000000000000000e+01 9.875000000000000000e+00 -4.600000000000000000e+01 -2.481250000000000000e+01
1.370000004768371582e+00 -3.769999980926513672e+00 9.369999885559082031e+00 1.950000000000000000e+01 2.350000000000000000e+01 -4.425000000000000000e+01 1.125000000000000000e+00 -4.862500000000000000e+01 -2.500000000000000000e+01
2.400000095367431641e+00 -4.320000171661376953e+00 9.720000267028808594e+00 1.950000000000000000e+01 2.350000000000000000e+01 -4.425000000000000000e+01 -4.250000000000000000e+00 -4.481250000000000000e+01 -1.987500000000000000e+01
2.680000066757202148e+00 -4.630000114440917969e+00 9.680000305175781250e+00 1.950000000000000000e+01 2.350000000000000000e+01 -4.425000000000000000e+01 -4.250000000000000000e+00 -4.481250000000000000e+01 -1.987500000000000000e+01
2.559999942779541016e+00 -4.269999980926513672e+00 9.840000152587890625e+00 1.875000000000000000e+01 2.350000000000000000e+01 -4.468750000000000000e+01 -3.875000000000000000e+00 -4.000000000000000000e+01 -1.493750000000000000e+01
2.559999942779541016e+00 -4.280000209808349609e+00 9.810000419616699219e+00 1.875000000000000000e+01 2.350000000000000000e+01 -4.468750000000000000e+01 -7.812500000000000000e+00 -3.037500000000000000e+01 -1.006250000000000000e+01
2.650000095367431641e+00 -4.380000114440917969e+00 9.779999732971191406e+00 1.875000000000000000e+01 2.350000000000000000e+01 -4.468750000000000000e+01 -7.500000000000000000e+00 -2.375000000000000000e+01 -8.937500000000000000e+00
2.509999990463256836e+00 -4.570000171661376953e+00 9.369999885559082031e+00 1.875000000000000000e+01 2.350000000000000000e+01 -4.468750000000000000e+01 -5.937500000000000000e+00 -1.812500000000000000e+01 -8.187500000000000000e+00
2.150000095367431641e+00 -4.480000019073486328e+00 8.859999656677246094e+00 1.875000000000000000e+01 2.350000000000000000e+01 -4.468750000000000000e+01 -5.937500000000000000e+00 -1.812500000000000000e+01 -8.187500000000000000e+00
1.669999957084655762e+00 -4.389999866485595703e+00 8.449999809265136719e+00 1.700000000000000000e+01 2.306250000000000000e+01 -4.587500000000000000e+01 -4.375000000000000000e+00 -1.475000000000000000e+01 -7.562500000000000000e+00
1.340000033378601074e+00 -4.329999923706054688e+00 8.050000190734863281e+00 1.700000000000000000e+01 2.306250000000000000e+01 -4.587500000000000000e+01 4.375000000000000000e-01 -1.831250000000000000e+01 -7.937500000000000000e+00
8.299999833106994629e-01 -4.070000171661376953e+00 7.579999923706054688e+00 1.700000000000000000e+01 2.306250000000000000e+01 -4.587500000000000000e+01 3.062500000000000000e+00 -2.293750000000000000e+01 -9.750000000000000000e+00
8.600000143051147461e-01 -3.940000057220458984e+00 7.739999771118164062e+00 1.700000000000000000e+01 2.306250000000000000e+01 -4.587500000000000000e+01 4.312500000000000000e+00 -2.812500000000000000e+01 -1.212500000000000000e+01
1.080000042915344238e+00 -3.750000000000000000e+00 7.699999809265136719e+00 1.700000000000000000e+01 2.306250000000000000e+01 -4.587500000000000000e+01 4.312500000000000000e+00 -2.812500000000000000e+01 -1.212500000000000000e+01
1.110000014305114746e+00 -3.700000047683715820e+00 7.670000076293945312e+00 1.587500000000000000e+01 2.500000000000000000e+01 -4.706250000000000000e+01 5.187500000000000000e+00 -3.181250000000000000e+01 -1.462500000000000000e+01
1.190000057220458984e+00 -3.630000114440917969e+00 7.929999828338623047e+00 1.587500000000000000e+01 2.500000000000000000e+01 -4.706250000000000000e+01 7.937500000000000000e+00 -4.075000000000000000e+01 -2.000000000000000000e+01
1.539999961853027344e+00 -3.609999895095825195e+00 8.300000190734863281e+00 1.587500000000000000e+01 2.500000000000000000e+01 -4.706250000000000000e+01 3.562500000000000000e+00 -4.418750000000000000e+01 -2.175000000000000000e+01
