3.259999990463256836e+00 -3.690000057220458984e+00 8.460000038146972656e+00 2.687500000000000000e+00 1.750000000000000000e+01 -4.406250000000000000e+01 3.000000000000000000e+00 3.125000000000000000e-01 -6.875000000000000000e-01
3.299999952316284180e+00 -3.680000066757202148e+00 8.420000076293945312e+00 2.687500000000000000e+00 1.750000000000000000e+01 -4.406250000000000000e+01 3.250000000000000000e+00 8.125000000000000000e-01 -8.750000000000000000e-01
3.230000019073486328e+00 -3.740000009536743164e+00 8.420000076293945312e+00 2.687500000000000000e+00 1.750000000000000000e+01 -4.406250000000000000e+01 3.562500000000000000e+00 1.187500000000000000e+00 -1.062500000000000000e+00
3.240000009536743164e+00 -3.710000038146972656e+00 8.399999618530273438e+00 2.687500000000000000e+00 1.750000000000000000e+01 -4.406250000000000000e+01 4.687500000000000000e+00 1.562500000000000000e+00 -1.250000000000000000e+00
3.269999980926513672e+00 -3.710000038146972656e+00 8.340000152587890625e+00 2.250000000000000000e+00 1.706250000000000000e+01 -4.287500000000000000e+01 6.187500000000000000e+00 1.937500000000000000e+00 -1.562500000000000000e+00
3.309999942779541016e+00 -3.769999980926513672e+00 8.319999694824218750e+00 2.250000000000000000e+00 1.706250000000000000e+01 -4.287500000000000000e+01 7.375000000000000000e+00 2.562500000000000000e+00 -2.062500000000000000e+00
3.329999923706054688e+00 -3.819999933242797852e+00 8.359999656677246094e+00 2.250000000000000000e+00 1.706250000000000000e+01 -4.287500000000000000e+01 9.000000000000000000e+00 3.500000000000000000e+00 -2.250000000000000000e+00
3.349999904632568359e+00 -3.799999952316284180e+00 8.270000457763671875e+00 2.250000000000000000e+00 1.706250000000000000e+01 -4.287500000000000000e+01 1.162500000000000000e+01 4.562500000000000000e+00 -2.687500000000000000e+00
3.200000047683715820e+00 -3.990000009536743164e+00 8.229999542236328125e+00 2.250000000000000000e+00 1.706250000000000000e+01 -4.287500000000000000e+01 1.443750000000000000e+01 6.187500000000000000e+00 -3.187500000000000000e+00
3.160000085830688477e+00 -3.970000028610229492e+00 8.539999961853027344e+00 2.687500000000000000e+00 1.668750000000000000e+01 -4.325000000000000000e+01 1.731250000000000000e+01 7.437500000000000000e+00 -4.625000000000000000e+00
3.470000028610229492e+00 -3.569999933242797852e+00 8.829999923706054688e+00 2.687500000000000000e+00 1.668750000000000000e+01 -4.325000000000000000e+01 2.243750000000000000e+01 6.625000000000000000e+00 -6.062500000000000000e+00
3.569999933242797852e+00 -3.299999952316284180e+00 8.909999847412109375e+00 2.687500000000000000e+00 1.668750000000000000e+01 -4.325000000000000000e+01 2.762500000000000000e+01 6.187500000000000000e+00 -5.750000000000000000e+00
3.619999885559082031e+00 -3.349999904632568359e+00 8.909999847412109375e+00 2.687500000000000000e+00 1.668750000000000000e+01 -4.325000000000000000e+01 2.856250000000000000e+01 7.625000000000000000e+00 -4.812500000000000000e+00
3.059999942779541016e+00 -4.159999847412109375e+00 8.479999542236328125e+00 2.687500000000000000e+00 1.668750000000000000e+01 -4.325000000000000000e+01 2.487500000000000000e+01 9.875000000000000000e+00 -4.875000000000000000e+00
3.250000000000000000e+00 -4.159999847412109375e+00 8.689999580383300781e+00 3.000000000000000000e+00 1.600000000000000000e+01 -4.250000000000000000e+01 2.475000000000000000e+01 1.125000000000000000e+01 -7.125000000000000000e+00
3.539999961853027344e+00 -3.809999942779541016e+00 8.689999580383300781e+00 3.000000000000000000e+00 1.600000000000000000e+01 -4.250000000000000000e+01 3.043750000000000000e+01 1.175000000000000000e+01 -8.750000000000000000e+00
3.410000085830688477e+00 -3.430000066757202148e+00 8.560000419616699219e+00 3.000000000000000000e+00 1.600000000000000000e+01 -4.250000000000000000e+01 3.468750000000000000e+01 1.375000000000000000e+01 -9.000000000000000000e+00
3.079999923706054688e+00 -2.690000057220458984e+00 8.909999847412109375e+00 3.000000000000000000e+00 1.600000000000000000e+01 -4.250000000000000000e+01 3.675000000000000000e+01 1.543750000000000000e+01 -8.937500000000000000e+00
3.220000028610229492e+00 -2.529999971389770508e+00 9.020000457763671875e+00 3.000000000000000000e+00 1.600000000000000000e+01 -4.250000000000000000e+01 3.575000000000000000e+01 1.518750000000000000e+01 -7.937500000000000000e+00
2.890000104904174805e+00 -2.119999885559082031e+00 8.630000114440917969e+00 3.375000000000000000e+00 1.525000000000000000e+01 -4.375000000000000000e+01 3.175000000000000000e+01 1.493750000000000000e+01 -5.937500000000000000e+00
3.589999914169311523e+00 -2.680000066757202148e+00 9.039999961853027344e+00 3.375000000000000000e+00 1.525000000000000000e+01 -4.375000000000000000e+01 3.231250000000000000e+01 1.812500000000000000e+01 8.125000000000000000e-01
2.910000085830688477e+00 -3.750000000000000000e+00 8.819999694824218750e+00 3.375000000000000000e+00 1.525000000000000000e+01 -4.375000000000000000e+01 3.350000000000000000e+01 1.775000000000000000e+01 9.125000000000000000e+00
2.569999933242797852e+00 -2.809999942779541016e+00 8.859999656677246094e+00 3.375000000000000000e+00 1.525000000000000000e+01 -4.375000000000000000e+01 2.612500000000000000e+01 1.568750000000000000e+01 4.812500000000000000e+00
3.269999980926513672e+00 -3.799999952316284180e+00 9.300000190734863281e+00 3.375000000000000000e+00 1.525000000000000000e+01 -4.375000000000000000e+01 3.118750000000000000e+01 1.537500000000000000e+01 4.625000000000000000e+00
3.410000085830688477e+00 -4.500000000000000000e+00 8.649999618530273438e+00 2.250000000000000000e+00 1.418750000000000000e+01 -4.418750000000000000e+01 3.037500000000000000e+01 1.368750000000000000e+01 -1.875000000000000000e-01
3.900000095367431641e+00 -4.469999790191650391e+00 8.350000381469726562e+00 2.250000000000000000e+00 1.418750000000000000e+01 -4.418750000000000000e+01 2.975000000000000000e+01 1.275000000000000000e+01 -1.175000000000000000e+01
3.470000028610229492e+00 -3.990000009536743164e+00 9.119999885559082031e+00 2.250000000000000000e+00 1.418750000000000000e+01 -4.418750000000000000e+01 4.693750000000000000e+01 1.812500000000000000e+01 -1.193750000000000000e+01
3.509999990463256836e+00 -3.450000047683715820e+00 9.229999542236328125e+00 2.250000000000000000e+00 1.418750000000000000e+01 -4.418750000000000000e+01 5.850000000000000000e+01 2.256250000000000000e+01 -1.187500000000000000e+01
3.029999971389770508e+00 -2.589999914169311523e+00 9.170000076293945312e+00 2.250000000000000000e+00 1.418750000000000000e+01 -4.418750000000000000e+01 6.562500000000000000e+01 2.656250000000000000e+01 -1.175000000000000000e+01
2.779999971389770508e+00 -2.259999990463256836e+00 9.359999656677246094e+00 3.375000000000000000e+00 1.225000000000000000e+01 -4.406250000000000000e+01 7.006250000000000000e+01 2.925000000000000000e+01 -1.131250000000000000e+01
2.869999885559082031e+00 -2.109999895095825195e+00 9.300000190734863281e+00 3.375000000000000000e+00 1.225000000000000000e+01 -4.406250000000000000e+01 7.037500000000000000e+01 2.950000000000000000e+01 -1.106250000000000000e+01
2.710000038146972656e+00 -1.940000057220458984e+00 9.100000381469726562e+00 3.375000000000000000e+00 1.225000000000000000e+01 -4.406250000000000000e+01 6.887500000000000000e+01 3.043750000000000000e+01 -9.687500000000000000e+00
2.829999923706054688e+00 -1.389999985694885254e+00 9.119999885559082031e+00 3.375000000000000000e+00 1.225000000000000000e+01 -4.406250000000000000e+01 6.950000000000000000e+01 3.181250000000000000e+01 -8.000000000000000000e+00
2.819999933242797852e+00 -1.259999990463256836e+00 8.880000114440917969e+00 3.375000000000000000e+00 1.225000000000000000e+01 -4.406250000000000000e+01 7.318750000000000000e+01 3.368750000000000000e+01 -2.750000000000000000e+00
2.579999923706054688e+00 -3.160000085830688477e+00 9.970000267028808594e+00 4.500000000000000000e+00 1.050000000000000000e+01 -4.575000000000000000e+01 7.518750000000000000e+01 3.550000000000000000e+01 1.687500000000000000e+00
2.549999952316284180e+00 -2.039999961853027344e+00 9.199999809265136719e+00 4.500000000000000000e+00 1.050000000000000000e+01 -4.575000000000000000e+01 6.600000000000000000e+01 3.062500000000000000e+01 -6.750000000000000000e+00
2.579999923706054688e+00 -1.980000019073486328e+00 9.250000000000000000e+00 4.500000000000000000e+00 1.050000000000000000e+01 -4.575000000000000000e+01 6.831250000000000000e+01 2.918750000000000000e+01 -8.125000000000000000e+00
2.589999914169311523e+00 -1.879999995231628418e+00 9.100000381469726562e+00 4.500000000000000000e+00 1.050000000000000000e+01 -4.575000000000000000e+01 7.075000000000000000e+01 2.981250000000000000e+01 -8.000000000000000000e+00
2.329999923706054688e+00 -1.639999985694885254e+00 9.189999580383300781e+00 4.500000000000000000e+00 1.050000000000000000e+01 -4.575000000000000000e+01 7.356250000000000000e+01 3.056250000000000000e+01 -7.687500000000000000e+00
1.990000009536743164e+00 -1.409999966621398926e+00 9.250000000000000000e+00 4.750000000000000000e+00 7.500000000000000000e+00 -4.487500000000000000e+01 7.631250000000000000e+01 3.012500000000000000e+01 -8.187500000000000000e+00
2.079999923706054688e+00 -1.289999961853027344e+00 9.460000038146972656e+00 4.750000000000000000e+00 7.500000000000000000e+00 -4.487500000000000000e+01 7.718750000000000000e+01 2.850000000000000000e+01 -9.125000000000000000e+00
2.400000095367431641e+00 -1.090000033378601074e+00 9.560000419616699219e+00 4.750000000000000000e+00 7.500000000000000000e+00 -4.487500000000000000e+01 7.806250000000000000e+01 2.618750000000000000e+01 -9.687500000000000000e+00
2.430000066757202148e+00 -1.120000004768371582e+00 9.380000114440917969e+00 4.750000000000000000e+00 7.500000000000000000e+00 -4.487500000000000000e+01 7.743750000000000000e+01 2.587500000000000000e+01 -9.562500000000000000e+00
2.140000104904174805e+00 -1.009999990463256836e+00 9.300000190734863281e+00 4.750000000000000000e+00 7.500000000000000000e+00 -4.487500000000000000e+01 7.650000000000000000e+01 2.656250000000000000e+01 -9.125000000000000000e+00
1.940000057220458984e+00 -8.399999737739562988e-01 9.350000381469726562e+00 5.687500000000000000e+00 3.375000000000000000e+00 -4.575000000000000000e+01 7.862500000000000000e+01 2.650000000000000000e+01 -9.125000000000000000e+00
1.919999957084655762e+00 -7.699999809265136719e-01 9.489999771118164062e+00 5.687500000000000000e+00 3.375000000000000000e+00 -4.575000000000000000e+01 8.125000000000000000e+01 2.525000000000000000e+01 -1.000000000000000000e+01
2.230000019073486328e+00 -7.500000000000000000e-01 9.220000267028808594e+00 5.687500000000000000e+00 3.375000000000000000e+00 -4.575000000000000000e+01 8.200000000000000000e+01 2.350000000000000000e+01 -1.075000000000000000e+01
1.809999942779541016e+00 -6.000000238418579102e-01 8.970000267028808594e+00 5.687500000000000000e+00 3.375000000000000000e+00 -4.575000000000000000e+01 8.212500000000000000e+01 2.418750000000000000e+01 -1.106250000000000000e+01
1.360000014305114746e+00 -2.399999946355819702e-01 9.000000000000000000e+00 5.687500000000000000e+00 3.375000000000000000e+00 -4.575000000000000000e+01 8.387500000000000000e+01 2.481250000000000000e+01 -1.068750000000000000e+01
1.340000033378601074e+00 2.800000011920928955e-01 9.159999847412109375e+00 7.062500000000000000e+00 8.750000000000000000e-01 -4.587500000000000000e+01 8.693750000000000000e+01 2.312500000000000000e+01 -1.118750000000000000e+01
1.500000000000000000e+00 8.299999833106994629e-01 9.310000419616699219e+00 7.062500000000000000e+00 8.750000000000000000e-01 -4.587500000000000000e+01 8.581250000000000000e+01 2.006250000000000000e+01 -1.218750000000000000e+01
1.759999990463256836e+00 7.400000095367431641e-01 9.390000343322753906e+00 7.062500000000000000e+00 8.750000000000000000e-01 -4.587500000000000000e+01 8.006250000000000000e+01 1.650000000000000000e+01 -1.306250000000000000e+01
1.889999985694885254e+00 6.399999856948852539e-01 9.340000152587890625e+00 7.062500000000000000e+00 8.750000000000000000e-01 -4.587500000000000000e+01 7.518750000000000000e+01 1.437500000000000000e+01 -1.368750000000000000e+01
1.919999957084655762e+00 1.700000017881393433e-01 9.380000114440917969e+00 7.062500000000000000e+00 8.750000000000000000e-01 -4.587500000000000000e+01 7.237500000000000000e+01 1.406250000000000000e+01 -1.437500000000000000e+01
2.000000000000000000e+00 2.899999916553497314e-01 9.340000152587890625e+00 7.750000000000000000e+00 -2.687500000000000000e+00 -4.550000000000000000e+01 7.300000000000000000e+01 1.425000000000000000e+01 -1.468750000000000000e+01
1.820000052452087402e+00 5.000000000000000000e-01 9.319999694824218750e+00 7.750000000000000000e+00 -2.687500000000000000e+00 -4.550000000000000000e+01 7.575000000000000000e+01 1.525000000000000000e+01 -1.500000000000000000e+01
1.549999952316284180e+00 7.699999809265136719e-01 9.420000076293945312e+00 7.750000000000000000e+00 -2.687500000000000000e+00 -4.550000000000000000e+01 7.793750000000000000e+01 1.593750000000000000e+01 -1.500000000000000000e+01
1.200000047683715820e+00 1.440000057220458984e+00 9.340000152587890625e+00 7.750000000000000000e+00 -2.687500000000000000e+00 -4.550000000000000000e+01 7.893750000000000000e+01 1.512500000000000000e+01 -1.518750000000000000e+01
1.039999961853027344e+00 1.649999976158142090e+00 9.359999656677246094e+00 7.750000000000000000e+00 -2.687500000000000000e+00 -4.550000000000000000e+01 7.831250000000000000e+01 1.268750000000000000e+01 -1.618750000000000000e+01
9.900000095367431641e-01 1.620000004768371582e+00 9.180000305175781250e+00 7.875000000000000000e+00 -5.687500000000000000e+00 -4.725000000000000000e+01 7.556250000000000000e+01 9.125000000000000000e+00 -1.793750000000000000e+01
9.599999785423278809e-01 1.620000004768371582e+00 9.289999961853027344e+00 7.875000000000000000e+00 -5.687500000000000000e+00 -4.725000000000000000e+01 7.293750000000000000e+01 5.187500000000000000e+00 -1.956250000000000000e+01
1.299999952316284180e+00 1.840000033378601074e+00 9.350000381469726562e+00 7.875000000000000000e+00 -5.687500000000000000e+00 -4.725000000000000000e+01 7.150000000000000000e+01 1.500000000000000000e+00 -2.131250000000000000e+01
1.409999966621398926e+00 1.710000038146972656e+00 9.210000038146972656e+00 7.875000000000000000e+00 -5.687500000000000000e+00 -4.725000000000000000e+01 6.843750000000000000e+01 -1.375000000000000000e+00 -2.206250000000000000e+01
1.879999995231628418e+00 1.590000033378601074e+00 9.670000076293945312e+00 7.875000000000000000e+00 -5.687500000000000000e+00 -4.725000000000000000e+01 6.668750000000000000e+01 -3.187500000000000000e+00 -2.225000000000000000e+01
2.630000114440917969e+00 1.399999976158142090e+00 9.210000038146972656e+00 7.250000000000000000e+00 -8.500000000000000000e+00 -4.675000000000000000e+01 6.737500000000000000e+01 -2.562500000000000000e+00 -2.000000000000000000e+01
2.390000104904174805e+00 1.669999957084655762e+00 9.079999923706054688e+00 7.250000000000000000e+00 -8.500000000000000000e+00 -4.675000000000000000e+01 7.056250000000000000e+01 2.562500000000000000e+00 -1.593750000000000000e+01
2.210000038146972656e+00 2.130000114440917969e+00 9.060000419616699219e+00 7.250000000000000000e+00 -8.500000000000000000e+00 -4.675000000000000000e+01 7.556250000000000000e+01 8.125000000000000000e+00 -1.187500000000000000e+01
1.980000019073486328e+00 2.440000057220458984e+00 8.979999542236328125e+00 7.250000000000000000e+00 -8.500000000000000000e+00 -4.675000000000000000e+01 7.806250000000000000e+01 1.212500000000000000e+01 -8.875000000000000000e+00
1.450000047683715820e+00 2.809999942779541016e+00 8.909999847412109375e+00 7.250000000000000000e+00 -8.500000000000000000e+00 -4.675000000000000000e+01 7.775000000000000000e+01 1.481250000000000000e+01 -6.750000000000000000e+00
1.539999961853027344e+00 3.069999933242797852e+00 8.859999656677246094e+00 8.562500000000000000e+00 -1.050000000000000000e+01 -4.556250000000000000e+01 7.637500000000000000e+01 1.562500000000000000e+01 -5.062500000000000000e+00
1.600000023841857910e+00 3.130000114440917969e+00 8.819999694824218750e+00 8.562500000000000000e+00 -1.050000000000000000e+01 -4.556250000000000000e+01 7.418750000000000000e+01 1.612500000000000000e+01 -2.687500000000000000e+00
1.659999966621398926e+00 3.049999952316284180e+00 8.579999923706054688e+00 8.562500000000000000e+00 -1.050000000000000000e+01 -4.556250000000000000e+01 7.131250000000000000e+01 1.787500000000000000e+01 1.312500000000000000e+00
1.000000000000000000e+00 3.859999895095825195e+00 8.779999732971191406e+00 8.562500000000000000e+00 -1.050000000000000000e+01 -4.556250000000000000e+01 7.131250000000000000e+01 2.006250000000000000e+01 5.687500000000000000e+00
1.070000052452087402e+00 4.239999771118164062e+00 8.899999618530273438e+00 8.562500000000000000e+00 -1.050000000000000000e+01 -4.556250000000000000e+01 7.012500000000000000e+01 2.043750000000000000e+01 8.625000000000000000e+00
1.309999942779541016e+00 4.340000152587890625e+00 8.739999771118164062e+00 7.687500000000000000e+00 -1.325000000000000000e+01 -4.568750000000000000e+01 6.318750000000000000e+01 1.906250000000000000e+01 1.062500000000000000e+01
1.269999980926513672e+00 4.260000228881835938e+00 8.409999847412109375e+00 7.687500000000000000e+00 -1.325000000000000000e+01 -4.568750000000000000e+01 5.450000000000000000e+01 1.793750000000000000e+01 1.125000000000000000e+01
1.190000057220458984e+00 4.389999866485595703e+00 8.500000000000000000e+00 7.687500000000000000e+00 -1.325000000000000000e+01 -4.568750000000000000e+01 4.712500000000000000e+01 1.731250000000000000e+01 1.031250000000000000e+01
1.330000042915344238e+00 4.420000076293945312e+00 8.560000419616699219e+00 7.687500000000000000e+00 -1.325000000000000000e+01 -4.568750000000000000e+01 3.912500000000000000e+01 1.556250000000000000e+01 7.687500000000000000e+00
1.409999966621398926e+00 4.099999904632568359e+00 8.649999618530273438e+00 7.687500000000000000e+00 -1.325000000000000000e+01 -4.568750000000000000e+01 2.950000000000000000e+01 1.356250000000000000e+01 3.687500000000000000e+00
1.409999966621398926e+00 3.369999885559082031e+00 8.810000419616699219e+00 8.000000000000000000e+00 -1.468750000000000000e+01 -4.356250000000000000e+01 2.156250000000000000e+01 1.243750000000000000e+01 -2.500000000000000000e-01
1.409999966621398926e+00 3.160000085830688477e+00 8.880000114440917969e+00 8.000000000000000000e+00 -1.468750000000000000e+01 -4.356250000000000000e+01 1.762500000000000000e+01 1.206250000000000000e+01 -2.812500000000000000e+00
1.379999995231628418e+00 3.400000095367431641e+00 8.899999618530273438e+00 8.000000000000000000e+00 -1.468750000000000000e+01 -4.356250000000000000e+01 1.787500000000000000e+01 1.293750000000000000e+01 -2.750000000000000000e+00
1.419999957084655762e+00 3.619999885559082031e+00 8.939999580383300781e+00 8.000000000000000000e+00 -1.468750000000000000e+01 -4.356250000000000000e+01 1.925000000000000000e+01 1.418750000000000000e+01 -1.625000000000000000e+00
1.230000019073486328e+00 3.509999990463256836e+00 8.859999656677246094e+00 8.000000000000000000e+00 -1.468750000000000000e+01 -4.356250000000000000e+01 1.781250000000000000e+01 1.525000000000000000e+01 -6.250000000000000000e-02
1.190000057220458984e+00 3.599999904632568359e+00 8.880000114440917969e+00 8.687500000000000000e+00 -1.768750000000000000e+01 -4.425000000000000000e+01 1.681250000000000000e+01 1.568750000000000000e+01 1.437500000000000000e+00
9.300000071525573730e-01 3.839999914169311523e+00 8.829999923706054688e+00 8.687500000000000000e+00 -1.768750000000000000e+01 -4.425000000000000000e+01 1.681250000000000000e+01 1.550000000000000000e+01 3.125000000000000000e+00
5.699999928474426270e-01 4.130000114440917969e+00 8.770000457763671875e+00 8.687500000000000000e+00 -1.768750000000000000e+01 -4.425000000000000000e+01 1.531250000000000000e+01 1.443750000000000000e+01 3.750000000000000000e+00
6.299999952316284180e-01 4.130000114440917969e+00 8.810000419616699219e+00 8.687500000000000000e+00 -1.768750000000000000e+01 -4.425000000000000000e+01 1.181250000000000000e+01 1.150000000000000000e+01 3.437500000000000000e+00
7.200000286102294922e-01 4.010000228881835938e+00 8.810000419616699219e+00 8.687500000000000000e+00 -1.768750000000000000e+01 -4.425000000000000000e+01 7.187500000000000000e+00 8.437500000000000000e+00 2.562500000000000000e+00
8.199999928474426270e-01 3.950000047683715820e+00 8.810000419616699219e+00 9.687500000000000000e+00 -1.718750000000000000e+01 -4.356250000000000000e+01 3.125000000000000000e+00 5.562500000000000000e+00 2.000000000000000000e+00
8.799999952316284180e-01 4.010000228881835938e+00 8.789999961853027344e+00 9.687500000000000000e+00 -1.718750000000000000e+01 -4.356250000000000000e+01 3.750000000000000000e-01 3.250000000000000000e+00 1.500000000000000000e+00
9.200000166893005371e-01 3.960000038146972656e+00 8.739999771118164062e+00 9.687500000000000000e+00 -1.718750000000000000e+01 -4.356250000000000000e+01 -2.562500000000000000e+00 1.687500000000000000e+00 1.000000000000000000e+00
9.900000095367431641e-01 3.990000009536743164e+00 8.800000190734863281e+00 9.687500000000000000e+00 -1.718750000000000000e+01 -4.356250000000000000e+01 -5.625000000000000000e+00 4.375000000000000000e-01 1.062500000000000000e+00
1.100000023841857910e+00 4.050000190734863281e+00 8.899999618530273438e+00 9.687500000000000000e+00 -1.718750000000000000e+01 -4.356250000000000000e+01 -8.312500000000000000e+00 -5.625000000000000000e-01 1.375000000000000000e+00
9.900000095367431641e-01 3.910000085830688477e+00 8.689999580383300781e+00 9.250000000000000000e+00 -1.750000000000000000e+01 -4.350000000000000000e+01 -1.125000000000000000e+01 -6.875000000000000000e-01 2.062500000000000000e+00
1.000000000000000000e+00 3.950000047683715820e+00 8.710000038146972656e+00 9.250000000000000000e+00 -1.750000000000000000e+01 -4.350000000000000000e+01 -1.387500000000000000e+01 -1.000000000000000000e+00 2.687500000000000000e+00
1.000000000000000000e+00 3.890000104904174805e+00 8.649999618530273438e+00 9.250000000000000000e+00 -1.750000000000000000e+01 -4.350000000000000000e+01 -1.700000000000000000e+01 -1.500000000000000000e+00 3.000000000000000000e+00
9.900000095367431641e-01 3.549999952316284180e+00 8.890000343322753906e+00 9.250000000000000000e+00 -1.750000000000000000e+01 -4.350000000000000000e+01 -2.025000000000000000e+01 -2.000000000000000000e+00 3.312500000000000000e+00
8.700000047683715820e-01 3.539999961853027344e+00 8.989999771118164062e+00 9.250000000000000000e+00 -1.750000000000000000e+01 -4.350000000000000000e+01 -2.225000000000000000e+01 -2.750000000000000000e+00 3.500000000000000000e+00
9.700000286102294922e-01 3.490000009536743164e+00 9.029999732971191406e+00 1.068750000000000000e+01 -1.706250000000000000e+01 -4.425000000000000000e+01 -2.312500000000000000e+01 -3.812500000000000000e+00 3.562500000000000000e+00
