2.609999895095825195e+00 -4.019999980926513672e+00 8.560000419616699219e+00 1.218750000000000000e+01 2.500000000000000000e+01 -4.937500000000000000e+01 4.375000000000000000e-01 -2.500000000000000000e-01 0.000000000000000000e+00
2.630000114440917969e+00 -4.050000190734863281e+00 8.630000114440917969e+00 1.287500000000000000e+01 2.500000000000000000e+01 -4.900000000000000000e+01 4.375000000000000000e-01 -1.250000000000000000e-01 -6.250000000000000000e-02
2.710000038146972656e+00 -4.000000000000000000e+00 8.630000114440917969e+00 1.287500000000000000e+01 2.500000000000000000e+01 -4.900000000000000000e+01 -1.250000000000000000e-01 3.125000000000000000e-01 1.250000000000000000e-01
2.670000076293945312e+00 -4.000000000000000000e+00 8.560000419616699219e+00 1.287500000000000000e+01 2.500000000000000000e+01 -4.900000000000000000e+01 -2.500000000000000000e-01 5.625000000000000000e-01 1.875000000000000000e-01
2.619999885559082031e+00 -4.019999980926513672e+00 8.569999694824218750e+00 1.287500000000000000e+01 2.500000000000000000e+01 -4.900000000000000000e+01 -5.000000000000000000e-01 6.875000000000000000e-01 3.125000000000000000e-01
2.680000066757202148e+00 -4.070000171661376953e+00 8.609999656677246094e+00 1.287500000000000000e+01 2.500000000000000000e+01 -4.900000000000000000e+01 -5.000000000000000000e-01 6.875000000000000000e-01 3.125000000000000000e-01
2.799999952316284180e+00 -4.090000152587890625e+00 8.760000228881835938e+00 1.287500000000000000e+01 2.650000000000000000e+01 -4.975000000000000000e+01 -2.625000000000000000e+00 1.625000000000000000e+00 7.500000000000000000e-01
3.349999904632568359e+00 -4.219999790191650391e+00 9.489999771118164062e+00 1.287500000000000000e+01 2.650000000000000000e+01 -4.975000000000000000e+01 -7.000000000000000000e+00 4.562500000000000000e+00 1.375000000000000000e+00
3.720000028610229492e+00 -4.309999942779541016e+00 9.619999885559082031e+00 1.287500000000000000e+01 2.650000000000000000e+01 -4.975000000000000000e+01 -1.050000000000000000e+01 1.050000000000000000e+01 2.937500000000000000e+00
3.700000047683715820e+00 -4.389999866485595703e+00 9.500000000000000000e+00 1.287500000000000000e+01 2.650000000000000000e+01 -4.975000000000000000e+01 -1.025000000000000000e+01 1.618750000000000000e+01 5.562500000000000000e+00
2.759999990463256836e+00 -4.170000076293945312e+00 8.789999961853027344e+00 1.287500000000000000e+01 2.650000000000000000e+01 -4.975000000000000000e+01 -1.025000000000000000e+01 1.618750000000000000e+01 5.562500000000000000e+00
2.470000028610229492e+00 -4.039999961853027344e+00 8.539999961853027344e+00 1.325000000000000000e+01 2.537500000000000000e+01 -4.856250000000000000e+01 -9.437500000000000000e+00 1.843750000000000000e+01 7.687500000000000000e+00
2.400000095367431641e+00 -4.019999980926513672e+00 8.399999618530273438e+00 1.325000000000000000e+01 2.537500000000000000e+01 -4.856250000000000000e+01 -7.812500000000000000e+00 1.612500000000000000e+01 7.625000000000000000e+00
2.339999914169311523e+00 -4.050000190734863281e+00 8.229999542236328125e+00 1.325000000000000000e+01 2.537500000000000000e+01 -4.856250000000000000e+01 -6.875000000000000000e+00 1.487500000000000000e+01 7.187500000000000000e+00
2.369999885559082031e+00 -4.219999790191650391e+00 8.390000343322753906e+00 1.325000000000000000e+01 2.537500000000000000e+01 -4.856250000000000000e+01 -5.937500000000000000e+00 1.381250000000000000e+01 6.625000000000000000e+00
2.529999971389770508e+00 -4.289999961853027344e+00 8.500000000000000000e+00 1.325000000000000000e+01 2.537500000000000000e+01 -4.856250000000000000e+01 -5.937500000000000000e+00 1.381250000000000000e+01 6.625000000000000000e+00
2.720000028610229492e+00 -4.460000038146972656e+00 9.050000190734863281e+00 1.325000000000000000e+01 2.537500000000000000e+01 -4.775000000000000000e+01 -5.375000000000000000e+00 1.375000000000000000e+01 6.312500000000000000e+00
3.480000019073486328e+00 -4.699999809265136719e+00 1.001000022888183594e+01 1.325000000000000000e+01 2.537500000000000000e+01 -4.775000000000000000e+01 -1.256250000000000000e+01 2.300000000000000000e+01 9.000000000000000000e+00
6.159999847412109375e+00 -5.769999980926513672e+00 1.235000038146972656e+01 1.325000000000000000e+01 2.537500000000000000e+01 -4.775000000000000000e+01 -1.625000000000000000e+01 4.037500000000000000e+01 1.487500000000000000e+01
6.880000114440917969e+00 -6.050000190734863281e+00 1.218999958038330078e+01 1.325000000000000000e+01 2.537500000000000000e+01 -4.775000000000000000e+01 -1.287500000000000000e+01 6.543750000000000000e+01 2.325000000000000000e+01
6.230000019073486328e+00 -5.860000133514404297e+00 1.115999984741210938e+01 1.325000000000000000e+01 2.537500000000000000e+01 -4.775000000000000000e+01 -1.287500000000000000e+01 6.543750000000000000e+01 2.325000000000000000e+01
2.710000038146972656e+00 -4.280000209808349609e+00 8.659999847412109375e+00 1.368750000000000000e+01 2.537500000000000000e+01 -4.737500000000000000e+01 -6.125000000000000000e+00 8.425000000000000000e+01 3.206250000000000000e+01
1.210000038146972656e+00 -3.599999904632568359e+00 7.699999809265136719e+00 1.368750000000000000e+01 2.537500000000000000e+01 -4.737500000000000000e+01 -4.687500000000000000e+00 8.431250000000000000e+01 3.731250000000000000e+01
1.599999964237213135e-01 -3.299999952316284180e+00 7.210000038146972656e+00 1.368750000000000000e+01 2.537500000000000000e+01 -4.737500000000000000e+01 -8.687500000000000000e+00 7.325000000000000000e+01 3.381250000000000000e+01
-3.199999928474426270e-01 -3.420000076293945312e+00 7.119999885559082031e+00 1.368750000000000000e+01 2.537500000000000000e+01 -4.737500000000000000e+01 -1.450000000000000000e+01 6.012500000000000000e+01 2.887500000000000000e+01
1.659999966621398926e+00 -3.990000009536743164e+00 9.029999732971191406e+00 1.368750000000000000e+01 2.537500000000000000e+01 -4.737500000000000000e+01 -1.450000000000000000e+01 6.012500000000000000e+01 2.887500000000000000e+01
2.859999895095825195e+00 -4.869999885559082031e+00 9.930000305175781250e+00 1.518750000000000000e+01 2.387500000000000000e+01 -4.618750000000000000e+01 -2.118750000000000000e+01 5.493750000000000000e+01 2.737500000000000000e+01
3.720000028610229492e+00 -5.380000114440917969e+00 1.106000041961669922e+01 1.518750000000000000e+01 2.387500000000000000e+01 -4.618750000000000000e+01 -2.293750000000000000e+01 7.450000000000000000e+01 2.737500000000000000e+01
4.519999980926513672e+00 -5.260000228881835938e+00 1.143999958038330078e+01 1.518750000000000000e+01 2.387500000000000000e+01 -4.618750000000000000e+01 -2.500000000000000000e+01 8.987500000000000000e+01 3.337500000000000000e+01
4.090000152587890625e+00 -5.809999942779541016e+00 1.152999973297119141e+01 1.518750000000000000e+01 2.387500000000000000e+01 -4.618750000000000000e+01 -2.687500000000000000e+01 1.020625000000000000e+02 4.093750000000000000e+01
4.039999961853027344e+00 -5.610000133514404297e+00 1.203999996185302734e+01 1.518750000000000000e+01 2.387500000000000000e+01 -4.618750000000000000e+01 -2.687500000000000000e+01 1.020625000000000000e+02 4.093750000000000000e+01
4.510000228881835938e+00 -5.269999980926513672e+00 1.221000003814697266e+01 1.887500000000000000e+01 2.500000000000000000e+01 -4.456250000000000000e+01 -3.381250000000000000e+01 1.113125000000000000e+02 4.931250000000000000e+01
2.650000095367431641e+00 -4.860000133514404297e+00 8.390000343322753906e+00 1.887500000000000000e+01 2.500000000000000000e+01 -4.456250000000000000e+01 -4.468750000000000000e+01 1.405625000000000000e+02 7.068750000000000000e+01
-3.799999952316284180e-01 -4.110000133514404297e+00 6.110000133514404297e+00 1.887500000000000000e+01 2.500000000000000000e+01 -4.456250000000000000e+01 -1.912500000000000000e+01 1.395000000000000000e+02 6.912500000000000000e+01
-3.099999904632568359e+00 -2.529999971389770508e+00 4.730000019073486328e+00 1.887500000000000000e+01 2.500000000000000000e+01 -4.456250000000000000e+01 8.750000000000000000e-01 1.242500000000000000e+02 5.343750000000000000e+01
-4.659999847412109375e+00 -1.250000000000000000e+00 4.130000114440917969e+00 1.887500000000000000e+01 2.500000000000000000e+01 -4.456250000000000000e+01 8.750000000000000000e-01 1.242500000000000000e+02 5.343750000000000000e+01
-5.690000057220458984e+00 -1.090000033378601074e+00 4.090000152587890625e+00 2.218750000000000000e+01 2.425000000000000000e+01 -4.218750000000000000e+01 1.875000000000000000e+00 1.048125000000000000e+02 3.181250000000000000e+01
-4.670000076293945312e+00 -1.779999971389770508e+00 4.710000038146972656e+00 2.218750000000000000e+01 2.425000000000000000e+01 -4.218750000000000000e+01 -3.875000000000000000e+00 6.300000000000000000e+01 -1.375000000000000000e+00
-3.130000114440917969e+00 -2.650000095367431641e+00 5.039999961853027344e+00 2.218750000000000000e+01 2.425000000000000000e+01 -4.218750000000000000e+01 -4.750000000000000000e+00 5.431250000000000000e+01 -1.062500000000000000e+01
-2.670000076293945312e+00 -3.650000095367431641e+00 5.710000038146972656e+00 2.218750000000000000e+01 2.425000000000000000e+01 -4.218750000000000000e+01 -6.437500000000000000e+00 4.706250000000000000e+01 -1.606250000000000000e+01
-1.610000014305114746e+00 -5.190000057220458984e+00 7.250000000000000000e+00 2.218750000000000000e+01 2.425000000000000000e+01 -4.218750000000000000e+01 -6.437500000000000000e+00 4.706250000000000000e+01 -1.606250000000000000e+01
-1.039999961853027344e+00 -5.719999790191650391e+00 7.460000038146972656e+00 2.506250000000000000e+01 2.387500000000000000e+01 -3.937500000000000000e+01 -6.375000000000000000e+00 3.725000000000000000e+01 -1.800000000000000000e+01
-7.900000214576721191e-01 -6.000000000000000000e+00 7.639999866485595703e+00 2.506250000000000000e+01 2.387500000000000000e+01 -3.937500000000000000e+01 -4.375000000000000000e+00 2.662500000000000000e+01 -1.375000000000000000e+01
-1.049999952316284180e+00 -5.960000038146972656e+00 7.630000114440917969e+00 2.506250000000000000e+01 2.387500000000000000e+01 -3.937500000000000000e+01 -1.312500000000000000e+00 2.331250000000000000e+01 -9.500000000000000000e+00
-1.330000042915344238e+00 -5.699999809265136719e+00 7.929999828338623047e+00 2.506250000000000000e+01 2.387500000000000000e+01 -3.937500000000000000e+01 -1.000000000000000000e+00 1.881250000000000000e+01 -2.312500000000000000e+00
-1.379999995231628418e+00 -5.449999809265136719e+00 8.060000419616699219e+00 2.506250000000000000e+01 2.387500000000000000e+01 -3.937500000000000000e+01 -1.000000000000000000e+00 1.881250000000000000e+01 -2.312500000000000000e+00
-1.370000004768371582e+00 -5.230000019073486328e+00 7.920000076293945312e+00 2.668750000000000000e+01 2.375000000000000000e+01 -3.918750000000000000e+01 7.500000000000000000e-01 1.600000000000000000e+01 6.062500000000000000e+00
-1.720000028610229492e+00 -4.130000114440917969e+00 7.780000209808349609e+00 2.668750000000000000e+01 2.375000000000000000e+01 -3.918750000000000000e+01 8.562500000000000000e+00 1.262500000000000000e+01 8.437500000000000000e+00
-1.929999947547912598e+00 -3.970000028610229492e+00 7.590000152587890625e+00 2.668750000000000000e+01 2.375000000000000000e+01 -3.918750000000000000e+01 7.562500000000000000e+00 1.031250000000000000e+01 5.125000000000000000e+00
-2.119999885559082031e+00 -4.139999866485595703e+00 7.440000057220458984e+00 2.668750000000000000e+01 2.375000000000000000e+01 -3.918750000000000000e+01 8.812500000000000000e+00 5.625000000000000000e+00 1.937500000000000000e+00
-2.130000114440917969e+00 -4.119999885559082031e+00 7.699999809265136719e+00 2.668750000000000000e+01 2.375000000000000000e+01 -3.918750000000000000e+01 8.812500000000000000e+00 5.625000000000000000e+00 1.937500000000000000e+00
-1.220000028610229492e+00 -4.559999942779541016e+00 8.350000381469726562e+00 2.750000000000000000e+01 2.300000000000000000e+01 -3.868750000000000000e+01 5.625000000000000000e+00 1.687500000000000000e+00 -3.125000000000000000e-01
-1.110000014305114746e+00 -4.800000190734863281e+00 8.369999885559082031e+00 2.750000000000000000e+01 2.300000000000000000e+01 -3.868750000000000000e+01 2.750000000000000000e+00 -8.125000000000000000e-01 -1.187500000000000000e+00
-1.049999952316284180e+00 -4.869999885559082031e+00 8.569999694824218750e+00 2.750000000000000000e+01 2.300000000000000000e+01 -3.868750000000000000e+01 3.000000000000000000e+00 -3.750000000000000000e-01 1.875000000000000000e-01
-1.009999990463256836e+00 -4.800000190734863281e+00 8.539999961853027344e+00 2.750000000000000000e+01 2.300000000000000000e+01 -3.868750000000000000e+01 4.250000000000000000e+00 9.375000000000000000e-01 6.250000000000000000e-01
-1.299999952316284180e+00 -4.590000152587890625e+00 8.460000038146972656e+00 2.750000000000000000e+01 2.300000000000000000e+01 -3.868750000000000000e+01 4.250000000000000000e+00 9.375000000000000000e-01 6.250000000000000000e-01
-1.440000057220458984e+00 -4.380000114440917969e+00 8.340000152587890625e+00 2.775000000000000000e+01 2.300000000000000000e+01 -3.825000000000000000e+01 4.687500000000000000e+00 8.125000000000000000e-01 2.500000000000000000e-01
-1.490000009536743164e+00 -4.409999847412109375e+00 8.289999961853027344e+00 2.775000000000000000e+01 2.300000000000000000e+01 -3.825000000000000000e+01 1.250000000000000000e+00 -2.937500000000000000e+00 -1.062500000000000000e+00
-1.009999990463256836e+00 -4.730000019073486328e+00 8.439999580383300781e+00 2.775000000000000000e+01 2.300000000000000000e+01 -3.825000000000000000e+01 1.187500000000000000e+00 -2.562500000000000000e+00 -1.500000000000000000e+00
-1.240000009536743164e+00 -4.769999980926513672e+00 8.300000190734863281e+00 2.775000000000000000e+01 2.300000000000000000e+01 -3.825000000000000000e+01 3.125000000000000000e+00 -2.375000000000000000e+00 -2.250000000000000000e+00
-1.409999966621398926e+00 -4.639999866485595703e+00 8.199999809265136719e+00 2.775000000000000000e+01 2.300000000000000000e+01 -3.825000000000000000e+01 3.125000000000000000e+00 -2.375000000000000000e+00 -2.250000000000000000e+00
-1.450000047683715820e+00 -4.550000190734863281e+00 8.170000076293945312e+00 2.625000000000000000e+01 2.268750000000000000e+01 -3.775000000000000000e+01 3.437500000000000000e+00 -4.062500000000000000e+00 -3.000000000000000000e+00
-1.080000042915344238e+00 -4.900000095367431641e+00 8.369999885559082031e+00 2.625000000000000000e+01 2.268750000000000000e+01 -3.775000000000000000e+01 2.000000000000000000e+00 -5.437500000000000000e+00 -2.875000000000000000e+00
-9.800000190734863281e-01 -4.909999847412109375e+00 8.439999580383300781e+00 2.625000000000000000e+01 2.268750000000000000e+01 -3.775000000000000000e+01 2.125000000000000000e+00 -6.687500000000000000e+00 -1.125000000000000000e+00
-9.900000095367431641e-01 -4.929999828338623047e+00 8.609999656677246094e+00 2.625000000000000000e+01 2.268750000000000000e+01 -3.775000000000000000e+01 2.125000000000000000e+00 -6.687500000000000000e+00 -1.125000000000000000e+00
-1.049999952316284180e+00 -4.730000019073486328e+00 8.550000190734863281e+00 2.625000000000000000e+01 2.268750000000000000e+01 -3.775000000000000000e+01 2.187500000000000000e+00 -7.250000000000000000e+00 -2.500000000000000000e-01
-1.190000057220458984e+00 -4.559999942779541016e+00 8.550000190734863281e+00 2.750000000000000000e+01 2.187500000000000000e+01 -3.818750000000000000e+01 2.312500000000000000e+00 -6.937500000000000000e+00 0.000000000000000000e+00
-1.159999966621398926e+00 -4.449999809265136719e+00 8.470000267028808594e+00 2.750000000000000000e+01 2.187500000000000000e+01 -3.818750000000000000e+01 1.125000000000000000e+00 -8.062500000000000000e+00 -8.125000000000000000e-01
-1.169999957084655762e+00 -4.460000038146972656e+00 8.600000381469726562e+00 2.750000000000000000e+01 2.187500000000000000e+01 -3.818750000000000000e+01 1.125000000000000000e+00 -8.062500000000000000e+00 -8.125000000000000000e-01
-6.499999761581420898e-01 -4.699999809265136719e+00 8.819999694824218750e+00 2.750000000000000000e+01 2.187500000000000000e+01 -3.818750000000000000e+01 1.000000000000000000e+00 -7.937500000000000000e+00 -1.562500000000000000e+00
-9.599999785423278809e-01 -4.599999904632568359e+00 8.710000038146972656e+00 2.750000000000000000e+01 2.187500000000000000e+01 -3.818750000000000000e+01 2.625000000000000000e+00 -5.062500000000000000e+00 -2.500000000000000000e+00
-1.139999985694885254e+00 -4.409999847412109375e+00 8.560000419616699219e+00 2.706250000000000000e+01 2.268750000000000000e+01 -3.806250000000000000e+01 4.562500000000000000e+00 -3.750000000000000000e+00 -3.312500000000000000e+00
-1.320000052452087402e+00 -4.409999847412109375e+00 8.340000152587890625e+00 2.706250000000000000e+01 2.268750000000000000e+01 -3.806250000000000000e+01 4.125000000000000000e+00 -4.187500000000000000e+00 -4.312500000000000000e+00
-1.049999952316284180e+00 -4.570000171661376953e+00 8.340000152587890625e+00 2.706250000000000000e+01 2.268750000000000000e+01 -3.806250000000000000e+01 2.750000000000000000e+00 -6.187500000000000000e+00 -5.000000000000000000e+00
-1.070000052452087402e+00 -4.750000000000000000e+00 8.399999618530273438e+00 2.706250000000000000e+01 2.268750000000000000e+01 -3.806250000000000000e+01 2.062500000000000000e+00 -7.250000000000000000e+00 -5.437500000000000000e+00
-9.599999785423278809e-01 -4.789999961853027344e+00 8.529999732971191406e+00 2.706250000000000000e+01 2.268750000000000000e+01 -3.806250000000000000e+01 2.625000000000000000e+00 -8.250000000000000000e+00 -5.437500000000000000e+00
-9.700000286102294922e-01 -4.849999904632568359e+00 8.489999771118164062e+00 2.668750000000000000e+01 2.300000000000000000e+01 -3.887500000000000000e+01 2.875000000000000000e+00 -8.687500000000000000e+00 -5.000000000000000000e+00
-8.700000047683715820e-01 -4.780000209808349609e+00 8.609999656677246094e+00 2.668750000000000000e+01 2.300000000000000000e+01 -3.887500000000000000e+01 2.937500000000000000e+00 -9.062500000000000000e+00 -4.375000000000000000e+00
-7.500000000000000000e-01 -4.789999961853027344e+00 8.520000457763671875e+00 2.668750000000000000e+01 2.300000000000000000e+01 -3.887500000000000000e+01 2.625000000000000000e+00 -9.812500000000000000e+00 -3.562500000000000000e+00
-8.600000143051147461e-01 -4.789999961853027344e+00 8.550000190734863281e+00 2.668750000000000000e+01 2.300000000000000000e+01 -3.887500000000000000e+01 2.375000000000000000e+00 -9.187500000000000000e+00 -3.125000000000000000e+00
-8.500000238418579102e-01 -4.579999923706054688e+00 8.670000076293945312e+00 2.668750000000000000e+01 2.300000000000000000e+01 -3.887500000000000000e+01 2.375000000000000000e+00 -9.875000000000000000e+00 -2.875000000000000000e+00
-8.000000119209289551e-01 -4.579999923706054688e+00 8.680000305175781250e+00 2.668750000000000000e+01 2.225000000000000000e+01 -3.925000000000000000e+01 1.125000000000000000e+00 -1.037500000000000000e+01 -2.875000000000000000e+00
-7.500000000000000000e-01 -4.639999866485595703e+00 8.720000267028808594e+00 2.668750000000000000e+01 2.225000000000000000e+01 -3.925000000000000000e+01 5.625000000000000000e-01 -1.037500000000000000e+01 -3.000000000000000000e+00
-7.699999809265136719e-01 -4.630000114440917969e+00 8.579999923706054688e+00 2.668750000000000000e+01 2.225000000000000000e+01 -3.925000000000000000e+01 9.375000000000000000e-01 -9.812500000000000000e+00 -3.000000000000000000e+00
-8.000000119209289551e-01 -4.559999942779541016e+00 8.789999961853027344e+00 2.668750000000000000e+01 2.225000000000000000e+01 -3.925000000000000000e+01 9.375000000000000000e-01 -9.375000000000000000e+00 -3.750000000000000000e+00
-5.099999904632568359e-01 -4.679999828338623047e+00 8.920000076293945312e+00 2.668750000000000000e+01 2.225000000000000000e+01 -3.925000000000000000e+01 -5.625000000000000000e-01 -1.050000000000000000e+01 -3.687500000000000000e+00
-3.400000035762786865e-01 -4.840000152587890625e+00 9.010000228881835938e+00 2.556250000000000000e+01 2.225000000000000000e+01 -3.806250000000000000e+01 -1.687500000000000000e+00 -9.875000000000000000e+00 -2.937500000000000000e+00
-4.300000071525573730e-01 -4.780000209808349609e+00 9.020000457763671875e+00 2.556250000000000000e+01 2.225000000000000000e+01 -3.806250000000000000e+01 -8.750000000000000000e-01 -7.250000000000000000e+00 -2.125000000000000000e+00
-5.400000214576721191e-01 -4.639999866485595703e+00 8.819999694824218750e+00 2.556250000000000000e+01 2.225000000000000000e+01 -3.806250000000000000e+01 1.250000000000000000e-01 -5.125000000000000000e+00 -2.000000000000000000e+00
-6.899999976158142090e-01 -4.610000133514404297e+00 8.640000343322753906e+00 2.556250000000000000e+01 2.225000000000000000e+01 -3.806250000000000000e+01 6.250000000000000000e-02 -3.750000000000000000e+00 -1.812500000000000000e+00
-8.199999928474426270e-01 -4.579999923706054688e+00 8.609999656677246094e+00 2.556250000000000000e+01 2.225000000000000000e+01 -3.806250000000000000e+01 3.125000000000000000e-01 -3.500000000000000000e+00 -2.062500000000000000e+00
-6.999999880790710449e-01 -4.670000076293945312e+00 8.659999847412109375e+00 2.556250000000000000e+01 2.300000000000000000e+01 -3.968750000000000000e+01 -1.875000000000000000e-01 -4.062500000000000000e+00 -2.375000000000000000e+00
-5.600000023841857910e-01 -4.800000190734863281e+00 8.680000305175781250e+00 2.556250000000000000e+01 2.300000000000000000e+01 -3.968750000000000000e+01 -1.000000000000000000e+00 -4.750000000000000000e+00 -2.437500000000000000e+00
-5.199999809265136719e-01 -4.849999904632568359e+00 8.670000076293945312e+00 2.556250000000000000e+01 2.300000000000000000e+01 -3.968750000000000000e+01 -5.625000000000000000e-01 -4.312500000000000000e+00 -1.937500000000000000e+00
-5.899999737739562988e-01 -4.809999942779541016e+00 8.710000038146972656e+00 2.556250000000000000e+01 2.300000000000000000e+01 -3.968750000000000000e+01 1.250000000000000000e-01 -3.937500000000000000e+00 -1.437500000000000000e+00
-6.800000071525573730e-01 -4.719999790191650391e+00 8.649999618530273438e+00 2.556250000000000000e+01 2.300000000000000000e+01 -3.968750000000000000e+01 -6.250000000000000000e-02 -3.437500000000000000e+00 -1.125000000000000000e+00
-6.100000143051147461e-01 -4.679999828338623047e+00 8.720000267028808594e+00 2.556250000000000000e+01 2.187500000000000000e+01 -3.925000000000000000e+01 -1.250000000000000000e-01 -3.312500000000000000e+00 -8.750000000000000000e-01
-5.400000214576721191e-01 -4.699999809265136719e+00 8.689999580383300781e+00 2.556250000000000000e+01 2.187500000000000000e+01 -3.925000000000000000e+01 -1.875000000000000000e-01 -3.187500000000000000e+00 -7.500000000000000000e-01
-6.600000262260437012e-01 -4.639999866485595703e+00 8.689999580383300781e+00 2.556250000000000000e+01 2.187500000000000000e+01 -3.925000000000000000e+01 3.750000000000000000e-01 -2.250000000000000000e+00 -1.062500000000000000e+00
-5.699999928474426270e-01 -4.670000076293945312e+00 8.680000305175781250e+00 2.556250000000000000e+01 2.187500000000000000e+01 -3.925000000000000000e+01 4.375000000000000000e-01 -2.437500000000000000e+00 -1.125000000000000000e+00
