3.440000057220458984e+00 -3.470000028610229492e+00 8.439999580383300781e+00 7.875000000000000000e+00 2.200000000000000000e+01 -4.937500000000000000e+01 6.250000000000000000e-02 0.000000000000000000e+00 0.000000000000000000e+00
3.460000038146972656e+00 -3.460000038146972656e+00 8.430000305175781250e+00 8.187500000000000000e+00 2.125000000000000000e+01 -4.975000000000000000e+01 -6.250000000000000000e-02 1.250000000000000000e-01 0.000000000000000000e+00
3.490000009536743164e+00 -3.480000019073486328e+00 8.489999771118164062e+00 8.187500000000000000e+00 2.125000000000000000e+01 -4.975000000000000000e+01 1.250000000000000000e-01 0.000000000000000000e+00 -6.250000000000000000e-02
3.470000028610229492e+00 -3.480000019073486328e+00 8.470000267028808594e+00 8.187500000000000000e+00 2.125000000000000000e+01 -4.975000000000000000e+01 0.000000000000000000e+00 2.500000000000000000e-01 -1.875000000000000000e-01
3.490000009536743164e+00 -3.480000019073486328e+00 8.460000038146972656e+00 8.187500000000000000e+00 2.125000000000000000e+01 -4.975000000000000000e+01 1.875000000000000000e-01 1.875000000000000000e-01 -6.250000000000000000e-02
3.460000038146972656e+00 -3.460000038146972656e+00 8.439999580383300781e+00 8.187500000000000000e+00 2.125000000000000000e+01 -4.975000000000000000e+01 1.875000000000000000e-01 1.875000000000000000e-01 -1.250000000000000000e-01
3.450000047683715820e+00 -3.500000000000000000e+00 8.460000038146972656e+00 8.187500000000000000e+00 2.125000000000000000e+01 -4.937500000000000000e+01 3.750000000000000000e-01 1.875000000000000000e-01 -6.250000000000000000e-02
3.480000019073486328e+00 -3.440000057220458984e+00 8.500000000000000000e+00 8.187500000000000000e+00 2.125000000000000000e+01 -4.937500000000000000e+01 3.125000000000000000e-01 3.125000000000000000e-01 -1.250000000000000000e-01
3.470000028610229492e+00 -3.430000066757202148e+00 8.470000267028808594e+00 8.187500000000000000e+00 2.125000000000000000e+01 -4.937500000000000000e+01 3.750000000000000000e-01 3.125000000000000000e-01 -1.250000000000000000e-01
3.460000038146972656e+00 -3.470000028610229492e+00 8.470000267028808594e+00 8.187500000000000000e+00 2.125000000000000000e+01 -4.937500000000000000e+01 2.500000000000000000e-01 3.750000000000000000e-01 -2.500000000000000000e-01
3.470000028610229492e+00 -3.460000038146972656e+00 8.479999542236328125e+00 8.187500000000000000e+00 2.125000000000000000e+01 -4.937500000000000000e+01 2.500000000000000000e-01 3.125000000000000000e-01 -1.250000000000000000e-01
3.470000028610229492e+00 -3.450000047683715820e+00 8.479999542236328125e+00 8.562500000000000000e+00 2.156250000000000000e+01 -4.937500000000000000e+01 3.750000000000000000e-01 1.875000000000000000e-01 -1.250000000000000000e-01
3.470000028610229492e+00 -3.470000028610229492e+00 8.479999542236328125e+00 8.562500000000000000e+00 2.156250000000000000e+01 -4.937500000000000000e+01 3.750000000000000000e-01 2.500000000000000000e-01 -6.250000000000000000e-02
3.480000019073486328e+00 -3.480000019073486328e+00 8.479999542236328125e+00 8.562500000000000000e+00 2.156250000000000000e+01 -4.937500000000000000e+01 5.000000000000000000e-01 2.500000000000000000e-01 -2.500000000000000000e-01
3.490000009536743164e+00 -3.460000038146972656e+00 8.470000267028808594e+00 8.562500000000000000e+00 2.156250000000000000e+01 -4.937500000000000000e+01 3.750000000000000000e-01 3.125000000000000000e-01 -1.250000000000000000e-01
3.470000028610229492e+00 -3.470000028610229492e+00 8.460000038146972656e+00 8.562500000000000000e+00 2.156250000000000000e+01 -4.937500000000000000e+01 1.875000000000000000e-01 2.500000000000000000e-01 -1.875000000000000000e-01
3.460000038146972656e+00 -3.470000028610229492e+00 8.479999542236328125e+00 7.875000000000000000e+00 2.125000000000000000e+01 -4.856250000000000000e+01 3.750000000000000000e-01 1.875000000000000000e-01 -1.875000000000000000e-01
3.480000019073486328e+00 -3.460000038146972656e+00 8.460000038146972656e+00 7.875000000000000000e+00 2.125000000000000000e+01 -4.856250000000000000e+01 3.125000000000000000e-01 1.250000000000000000e-01 -1.875000000000000000e-01
3.470000028610229492e+00 -3.480000019073486328e+00 8.470000267028808594e+00 7.875000000000000000e+00 2.125000000000000000e+01 -4.856250000000000000e+01 3.125000000000000000e-01 3.125000000000000000e-01 -1.250000000000000000e-01
3.480000019073486328e+00 -3.450000047683715820e+00 8.489999771118164062e+00 7.875000000000000000e+00 2.125000000000000000e+01 -4.856250000000000000e+01 3.125000000000000000e-01 1.875000000000000000e-01 -6.250000000000000000e-02
3.430000066757202148e+00 -3.490000009536743164e+00 8.460000038146972656e+00 7.875000000000000000e+00 2.125000000000000000e+01 -4.856250000000000000e+01 3.750000000000000000e-01 3.750000000000000000e-01 -6.250000000000000000e-02
3.430000066757202148e+00 -3.500000000000000000e+00 8.470000267028808594e+00 8.187500000000000000e+00 2.156250000000000000e+01 -4.937500000000000000e+01 7.500000000000000000e-01 2.500000000000000000e-01 -3.750000000000000000e-01
3.400000095367431641e+00 -3.470000028610229492e+00 8.479999542236328125e+00 8.187500000000000000e+00 2.156250000000000000e+01 -4.937500000000000000e+01 1.000000000000000000e+00 1.250000000000000000e-01 -6.250000000000000000e-01
3.349999904632568359e+00 -3.480000019073486328e+00 8.449999809265136719e+00 8.187500000000000000e+00 2.156250000000000000e+01 -4.937500000000000000e+01 1.062500000000000000e+00 -3.125000000000000000e-01 -9.375000000000000000e-01
3.410000085830688477e+00 -3.519999980926513672e+00 8.420000076293945312e+00 8.187500000000000000e+00 2.156250000000000000e+01 -4.937500000000000000e+01 1.312500000000000000e+00 -6.875000000000000000e-01 -1.187500000000000000e+00
3.450000047683715820e+00 -3.529999971389770508e+00 8.489999771118164062e+00 8.187500000000000000e+00 2.156250000000000000e+01 -4.937500000000000000e+01 1.687500000000000000e+00 -4.375000000000000000e-01 -1.562500000000000000e+00
3.289999961853027344e+00 -3.539999961853027344e+00 8.489999771118164062e+00 8.187500000000000000e+00 2.156250000000000000e+01 -4.937500000000000000e+01 1.625000000000000000e+00 -7.500000000000000000e-01 -2.187500000000000000e+00
3.279999971389770508e+00 -3.650000095367431641e+00 8.460000038146972656e+00 9.000000000000000000e+00 2.087500000000000000e+01 -5.018750000000000000e+01 2.125000000000000000e+00 -1.625000000000000000e+00 -3.187500000000000000e+00
3.359999895095825195e+00 -3.779999971389770508e+00 8.420000076293945312e+00 9.000000000000000000e+00 2.087500000000000000e+01 -5.018750000000000000e+01 3.812500000000000000e+00 -2.375000000000000000e+00 -4.437500000000000000e+00
3.559999942779541016e+00 -3.470000028610229492e+00 8.909999847412109375e+00 9.000000000000000000e+00 2.087500000000000000e+01 -5.018750000000000000e+01 4.750000000000000000e+00 -2.812500000000000000e+00 -4.875000000000000000e+00
3.809999942779541016e+00 -3.400000095367431641e+00 8.399999618530273438e+00 9.000000000000000000e+00 2.087500000000000000e+01 -5.018750000000000000e+01 3.625000000000000000e+00 -1.000000000000000000e+00 -4.812500000000000000e+00
3.329999923706054688e+00 -3.730000019073486328e+00 8.449999809265136719e+00 9.000000000000000000e+00 2.087500000000000000e+01 -5.018750000000000000e+01 4.375000000000000000e+00 -1.250000000000000000e+00 -5.625000000000000000e+00
3.269999980926513672e+00 -4.289999961853027344e+00 8.500000000000000000e+00 8.500000000000000000e+00 2.125000000000000000e+01 -4.900000000000000000e+01 7.500000000000000000e+00 -1.375000000000000000e+00 -8.750000000000000000e+00
2.910000085830688477e+00 -4.460000038146972656e+00 8.659999847412109375e+00 8.500000000000000000e+00 2.125000000000000000e+01 -4.900000000000000000e+01 1.168750000000000000e+01 -2.125000000000000000e+00 -1.218750000000000000e+01
2.609999895095825195e+00 -4.309999942779541016e+00 8.720000267028808594e+00 8.500000000000000000e+00 2.125000000000000000e+01 -4.900000000000000000e+01 1.656250000000000000e+01 -4.750000000000000000e+00 -1.512500000000000000e+01
2.609999895095825195e+00 -4.110000133514404297e+00 8.869999885559082031e+00 8.500000000000000000e+00 2.125000000000000000e+01 -4.900000000000000000e+01 1.968750000000000000e+01 -6.187500000000000000e+00 -1.681250000000000000e+01
2.279999971389770508e+00 -3.859999895095825195e+00 9.470000267028808594e+00 8.500000000000000000e+00 2.125000000000000000e+01 -4.900000000000000000e+01 1.987500000000000000e+01 -5.125000000000000000e+00 -1.787500000000000000e+01
1.240000009536743164e+00 -3.759999990463256836e+00 9.470000267028808594e+00 7.375000000000000000e+00 2.200000000000000000e+01 -4.900000000000000000e+01 1.743750000000000000e+01 -3.562500000000000000e+00 -1.962500000000000000e+01
2.700000107288360596e-01 -3.720000028610229492e+00 9.930000305175781250e+00 7.375000000000000000e+00 2.200000000000000000e+01 -4.900000000000000000e+01 9.750000000000000000e+00 -6.250000000000000000e-01 -2.218750000000000000e+01
-6.100000143051147461e-01 -3.759999990463256836e+00 1.035999965667724609e+01 7.375000000000000000e+00 2.200000000000000000e+01 -4.900000000000000000e+01 -2.312500000000000000e+00 5.062500000000000000e+00 -2.543750000000000000e+01
-2.619999885559082031e+00 -3.970000028610229492e+00 1.100000000000000000e+01 7.375000000000000000e+00 2.200000000000000000e+01 -4.900000000000000000e+01 -1.743750000000000000e+01 1.075000000000000000e+01 -2.893750000000000000e+01
-3.079999923706054688e+00 -4.530000209808349609e+00 1.072000026702880859e+01 7.375000000000000000e+00 2.200000000000000000e+01 -4.900000000000000000e+01 -2.706250000000000000e+01 1.356250000000000000e+01 -3.400000000000000000e+01
-2.160000085830688477e+00 -4.489999771118164062e+00 1.009000015258789062e+01 7.062500000000000000e+00 2.050000000000000000e+01 -4.850000000000000000e+01 -3.556250000000000000e+01 1.162500000000000000e+01 -3.468750000000000000e+01
-2.079999923706054688e+00 -3.960000038146972656e+00 9.579999923706054688e+00 7.062500000000000000e+00 2.050000000000000000e+01 -4.850000000000000000e+01 -4.868750000000000000e+01 9.187500000000000000e+00 -3.200000000000000000e+01
-9.300000071525573730e-01 -5.610000133514404297e+00 9.840000152587890625e+00 7.062500000000000000e+00 2.050000000000000000e+01 -4.850000000000000000e+01 -5.912500000000000000e+01 9.937500000000000000e+00 -2.806250000000000000e+01
-1.289999961853027344e+00 -6.619999885559082031e+00 9.710000038146972656e+00 7.062500000000000000e+00 2.050000000000000000e+01 -4.850000000000000000e+01 -4.812500000000000000e+01 1.081250000000000000e+01 -1.943750000000000000e+01
-2.399999946355819702e-01 -7.280000209808349609e+00 9.710000038146972656e+00 7.062500000000000000e+00 2.050000000000000000e+01 -4.850000000000000000e+01 -3.506250000000000000e+01 1.406250000000000000e+01 -1.125000000000000000e+01
-1.299999952316284180e-01 -6.239999771118164062e+00 9.609999656677246094e+00 8.187500000000000000e+00 2.087500000000000000e+01 -4.618750000000000000e+01 -2.737500000000000000e+01 1.537500000000000000e+01 3.125000000000000000e-01
3.199999928474426270e-01 -6.320000171661376953e+00 9.130000114440917969e+00 8.187500000000000000e+00 2.087500000000000000e+01 -4.618750000000000000e+01 -2.331250000000000000e+01 1.406250000000000000e+01 1.187500000000000000e+01
5.500000119209289551e-01 -6.190000057220458984e+00 8.670000076293945312e+00 8.187500000000000000e+00 2.087500000000000000e+01 -4.618750000000000000e+01 -1.837500000000000000e+01 1.112500000000000000e+01 2.262500000000000000e+01
1.400000005960464478e-01 -5.769999980926513672e+00 8.239999771118164062e+00 8.187500000000000000e+00 2.087500000000000000e+01 -4.618750000000000000e+01 -1.418750000000000000e+01 3.000000000000000000e+00 3.187500000000000000e+01
-3.999999910593032837e-02 -4.550000190734863281e+00 7.619999885559082031e+00 8.187500000000000000e+00 2.087500000000000000e+01 -4.618750000000000000e+01 -1.275000000000000000e+01 -8.562500000000000000e+00 3.862500000000000000e+01
3.600000143051147461e-01 -4.449999809265136719e+00 7.309999942779541016e+00 8.187500000000000000e+00 2.187500000000000000e+01 -4.375000000000000000e+01 -1.043750000000000000e+01 -2.437500000000000000e+01 4.175000000000000000e+01
1.100000023841857910e+00 -4.260000228881835938e+00 7.440000057220458984e+00 8.187500000000000000e+00 2.187500000000000000e+01 -4.375000000000000000e+01 -4.000000000000000000e+00 -4.006250000000000000e+01 4.162500000000000000e+01
2.190000057220458984e+00 -4.699999809265136719e+00 7.429999828338623047e+00 8.187500000000000000e+00 2.187500000000000000e+01 -4.375000000000000000e+01 9.500000000000000000e+00 -5.200000000000000000e+01 3.775000000000000000e+01
3.599999904632568359e+00 -4.000000000000000000e+00 7.250000000000000000e+00 8.187500000000000000e+00 2.187500000000000000e+01 -4.375000000000000000e+01 2.131250000000000000e+01 -6.106250000000000000e+01 3.525000000000000000e+01
4.900000095367431641e+00 -3.440000057220458984e+00 7.829999923706054688e+00 8.187500000000000000e+00 2.187500000000000000e+01 -4.375000000000000000e+01 2.131250000000000000e+01 -6.106250000000000000e+01 3.525000000000000000e+01
8.500000000000000000e+00 -4.320000171661376953e+00 8.409999847412109375e+00 1.025000000000000000e+01 2.000000000000000000e+01 -4.137500000000000000e+01 5.218750000000000000e+01 -6.100000000000000000e+01 2.256250000000000000e+01
9.939999580383300781e+00 -1.159999966621398926e+00 9.239999771118164062e+00 1.025000000000000000e+01 2.000000000000000000e+01 -4.137500000000000000e+01 6.106250000000000000e+01 -4.475000000000000000e+01 2.050000000000000000e+01
7.929999828338623047e+00 -4.000000059604644775e-01 8.699999809265136719e+00 1.025000000000000000e+01 2.000000000000000000e+01 -4.137500000000000000e+01 4.762500000000000000e+01 -2.606250000000000000e+01 2.937500000000000000e+01
6.329999923706054688e+00 -5.699999928474426270e-01 8.140000343322753906e+00 1.025000000000000000e+01 2.000000000000000000e+01 -4.137500000000000000e+01 2.775000000000000000e+01 -9.812500000000000000e+00 3.887500000000000000e+01
6.210000038146972656e+00 -1.110000014305114746e+00 7.610000133514404297e+00 1.025000000000000000e+01 2.000000000000000000e+01 -4.137500000000000000e+01 2.775000000000000000e+01 -9.812500000000000000e+00 3.887500000000000000e+01
7.000000000000000000e+00 -1.379999995231628418e+00 7.139999866485595703e+00 7.375000000000000000e+00 1.556250000000000000e+01 -3.818750000000000000e+01 1.193750000000000000e+01 -2.687500000000000000e+00 4.656250000000000000e+01
7.659999847412109375e+00 -1.980000019073486328e+00 6.730000019073486328e+00 7.375000000000000000e+00 1.556250000000000000e+01 -3.818750000000000000e+01 -1.193750000000000000e+01 -3.312500000000000000e+00 5.437500000000000000e+01
7.780000209808349609e+00 -2.240000009536743164e+00 6.679999828338623047e+00 7.375000000000000000e+00 1.556250000000000000e+01 -3.818750000000000000e+01 -1.368750000000000000e+01 -8.062500000000000000e+00 5.406250000000000000e+01
7.590000152587890625e+00 -2.809999942779541016e+00 6.360000133514404297e+00 7.375000000000000000e+00 1.556250000000000000e+01 -3.818750000000000000e+01 -5.937500000000000000e+00 -1.375000000000000000e+01 5.162500000000000000e+01
6.519999980926513672e+00 -3.130000114440917969e+00 6.119999885559082031e+00 7.375000000000000000e+00 1.556250000000000000e+01 -3.818750000000000000e+01 -5.937500000000000000e+00 -1.375000000000000000e+01 5.162500000000000000e+01
6.389999866485595703e+00 -3.190000057220458984e+00 5.980000019073486328e+00 7.375000000000000000e+00 1.418750000000000000e+01 -3.737500000000000000e+01 8.312500000000000000e+00 -1.868750000000000000e+01 4.675000000000000000e+01
7.119999885559082031e+00 -3.470000028610229492e+00 6.309999942779541016e+00 7.375000000000000000e+00 1.418750000000000000e+01 -3.737500000000000000e+01 4.200000000000000000e+01 -2.843750000000000000e+01 3.225000000000000000e+01
8.800000190734863281e+00 -3.009999990463256836e+00 7.300000190734863281e+00 7.375000000000000000e+00 1.418750000000000000e+01 -3.737500000000000000e+01 5.843750000000000000e+01 -3.012500000000000000e+01 2.318750000000000000e+01
8.699999809265136719e+00 -2.769999980926513672e+00 7.460000038146972656e+00 7.375000000000000000e+00 1.418750000000000000e+01 -3.737500000000000000e+01 6.612500000000000000e+01 -2.875000000000000000e+01 1.768750000000000000e+01
8.369999885559082031e+00 -2.319999933242797852e+00 7.489999771118164062e+00 7.375000000000000000e+00 1.418750000000000000e+01 -3.737500000000000000e+01 6.612500000000000000e+01 -2.875000000000000000e+01 1.768750000000000000e+01
7.690000057220458984e+00 -1.940000057220458984e+00 7.699999809265136719e+00 5.750000000000000000e+00 1.150000000000000000e+01 -3.668750000000000000e+01 6.437500000000000000e+01 -2.325000000000000000e+01 1.612500000000000000e+01
6.789999961853027344e+00 -2.089999914169311523e+00 7.800000190734863281e+00 5.750000000000000000e+00 1.150000000000000000e+01 -3.668750000000000000e+01 4.456250000000000000e+01 -1.237500000000000000e+01 1.706250000000000000e+01
6.309999942779541016e+00 -2.069999933242797852e+00 7.610000133514404297e+00 5.750000000000000000e+00 1.150000000000000000e+01 -3.668750000000000000e+01 3.456250000000000000e+01 -1.056250000000000000e+01 1.212500000000000000e+01
5.559999942779541016e+00 -1.990000009536743164e+00 7.389999866485595703e+00 5.750000000000000000e+00 1.150000000000000000e+01 -3.668750000000000000e+01 2.612500000000000000e+01 -1.212500000000000000e+01 5.625000000000000000e+00
5.300000190734863281e+00 -1.779999971389770508e+00 7.429999828338623047e+00 5.750000000000000000e+00 1.150000000000000000e+01 -3.668750000000000000e+01 2.612500000000000000e+01 -1.212500000000000000e+01 5.625000000000000000e+00
5.610000133514404297e+00 -1.809999942779541016e+00 7.849999904632568359e+00 5.062500000000000000e+00 1.087500000000000000e+01 -3.825000000000000000e+01 1.687500000000000000e+01 -1.418750000000000000e+01 -1.312500000000000000e+00
5.110000133514404297e+00 -2.140000104904174805e+00 8.210000038146972656e+00 5.062500000000000000e+00 1.087500000000000000e+01 -3.825000000000000000e+01 -2.687500000000000000e+00 -5.437500000000000000e+00 -8.250000000000000000e+00
4.750000000000000000e+00 -2.660000085830688477e+00 8.189999580383300781e+00 5.062500000000000000e+00 1.087500000000000000e+01 -3.825000000000000000e+01 -9.312500000000000000e+00 4.375000000000000000e-01 -8.750000000000000000e+00
4.269999980926513672e+00 -3.769999980926513672e+00 7.869999885559082031e+00 5.062500000000000000e+00 1.087500000000000000e+01 -3.825000000000000000e+01 -7.375000000000000000e+00 3.937500000000000000e+00 -1.031250000000000000e+01
4.380000114440917969e+00 -3.700000047683715820e+00 7.969999790191650391e+00 5.062500000000000000e+00 1.087500000000000000e+01 -3.825000000000000000e+01 -7.375000000000000000e+00 3.937500000000000000e+00 -1.031250000000000000e+01
4.500000000000000000e+00 -3.740000009536743164e+00 7.889999866485595703e+00 2.562500000000000000e+00 9.250000000000000000e+00 -3.718750000000000000e+01 -5.312500000000000000e+00 7.437500000000000000e+00 -1.131250000000000000e+01
4.619999885559082031e+00 -3.430000066757202148e+00 8.020000457763671875e+00 2.562500000000000000e+00 9.250000000000000000e+00 -3.718750000000000000e+01 2.500000000000000000e+00 1.556250000000000000e+01 -9.687500000000000000e+00
4.800000190734863281e+00 -3.089999914169311523e+00 8.079999923706054688e+00 2.562500000000000000e+00 9.250000000000000000e+00 -3.718750000000000000e+01 3.500000000000000000e+00 2.018750000000000000e+01 -7.875000000000000000e+00
4.760000228881835938e+00 -3.130000114440917969e+00 8.119999885559082031e+00 2.562500000000000000e+00 9.250000000000000000e+00 -3.718750000000000000e+01 4.437500000000000000e+00 2.525000000000000000e+01 -6.437500000000000000e+00
4.730000019073486328e+00 -3.190000057220458984e+00 8.189999580383300781e+00 2.562500000000000000e+00 9.250000000000000000e+00 -3.718750000000000000e+01 4.437500000000000000e+00 2.525000000000000000e+01 -6.437500000000000000e+00
4.639999866485595703e+00 -3.259999990463256836e+00 8.239999771118164062e+00 4.062500000000000000e+00 9.875000000000000000e+00 -3.725000000000000000e+01 5.625000000000000000e+00 2.943750000000000000e+01 -4.812500000000000000e+00
4.570000171661376953e+00 -3.029999971389770508e+00 8.460000038146972656e+00 4.062500000000000000e+00 9.875000000000000000e+00 -3.725000000000000000e+01 7.750000000000000000e+00 3.500000000000000000e+01 -1.500000000000000000e+00
4.750000000000000000e+00 -2.809999942779541016e+00 8.510000228881835938e+00 4.062500000000000000e+00 9.875000000000000000e+00 -3.725000000000000000e+01 5.500000000000000000e+00 3.575000000000000000e+01 1.062500000000000000e+00
4.940000057220458984e+00 -2.670000076293945312e+00 8.569999694824218750e+00 4.062500000000000000e+00 9.875000000000000000e+00 -3.725000000000000000e+01 5.625000000000000000e-01 3.431250000000000000e+01 5.500000000000000000e+00
5.440000057220458984e+00 -2.670000076293945312e+00 8.489999771118164062e+00 4.062500000000000000e+00 9.875000000000000000e+00 -3.725000000000000000e+01 5.625000000000000000e-01 3.431250000000000000e+01 5.500000000000000000e+00
5.659999847412109375e+00 -2.750000000000000000e+00 8.390000343322753906e+00 4.062500000000000000e+00 8.250000000000000000e+00 -3.856250000000000000e+01 -4.500000000000000000e+00 3.106250000000000000e+01 9.937500000000000000e+00
5.630000114440917969e+00 -2.910000085830688477e+00 8.270000457763671875e+00 4.062500000000000000e+00 8.250000000000000000e+00 -3.856250000000000000e+01 -9.312500000000000000e+00 2.543750000000000000e+01 1.762500000000000000e+01
5.559999942779541016e+00 -3.009999990463256836e+00 8.270000457763671875e+00 4.062500000000000000e+00 8.250000000000000000e+00 -3.856250000000000000e+01 -7.375000000000000000e+00 2.393750000000000000e+01 1.937500000000000000e+01
5.630000114440917969e+00 -3.230000019073486328e+00 8.100000381469726562e+00 4.062500000000000000e+00 8.250000000000000000e+00 -3.856250000000000000e+01 -1.875000000000000000e+00 2.231250000000000000e+01 1.906250000000000000e+01
5.550000190734863281e+00 -3.380000114440917969e+00 8.079999923706054688e+00 4.062500000000000000e+00 8.250000000000000000e+00 -3.856250000000000000e+01 -1.875000000000000000e+00 2.231250000000000000e+01 1.906250000000000000e+01
5.400000095367431641e+00 -3.400000095367431641e+00 8.060000419616699219e+00 6.250000000000000000e+00 1.018750000000000000e+01 -3.700000000000000000e+01 7.250000000000000000e+00 2.018750000000000000e+01 1.662500000000000000e+01
5.230000019073486328e+00 -3.289999961853027344e+00 8.170000076293945312e+00 6.250000000000000000e+00 1.018750000000000000e+01 -3.700000000000000000e+01 2.637500000000000000e+01 1.487500000000000000e+01 8.875000000000000000e+00
5.420000076293945312e+00 -2.730000019073486328e+00 8.430000305175781250e+00 6.250000000000000000e+00 1.018750000000000000e+01 -3.700000000000000000e+01 3.043750000000000000e+01 1.356250000000000000e+01 6.812500000000000000e+00
