2.829999923706054688e+00 -4.389999866485595703e+00 8.279999732971191406e+00 9.000000000000000000e+00 2.556250000000000000e+01 -4.650000000000000000e+01 6.250000000000000000e-02 -6.250000000000000000e-02 -6.250000000000000000e-02
2.839999914169311523e+00 -4.420000076293945312e+00 8.250000000000000000e+00 9.000000000000000000e+00 2.556250000000000000e+01 -4.650000000000000000e+01 6.250000000000000000e-02 -6.250000000000000000e-02 0.000000000000000000e+00
2.829999923706054688e+00 -4.409999847412109375e+00 8.260000228881835938e+00 9.000000000000000000e+00 2.556250000000000000e+01 -4.650000000000000000e+01 6.250000000000000000e-02 1.250000000000000000e-01 -1.250000000000000000e-01
2.829999923706054688e+00 -4.420000076293945312e+00 8.310000419616699219e+00 9.687500000000000000e+00 2.600000000000000000e+01 -4.568750000000000000e+01 6.250000000000000000e-02 0.000000000000000000e+00 6.250000000000000000e-02
2.809999942779541016e+00 -4.409999847412109375e+00 8.270000457763671875e+00 9.687500000000000000e+00 2.600000000000000000e+01 -4.568750000000000000e+01 -1.250000000000000000e-01 6.250000000000000000e-02 -6.250000000000000000e-02
2.809999942779541016e+00 -4.380000114440917969e+00 8.270000457763671875e+00 9.687500000000000000e+00 2.600000000000000000e+01 -4.568750000000000000e+01 -1.250000000000000000e-01 -1.250000000000000000e-01 6.250000000000000000e-02
2.839999914169311523e+00 -4.409999847412109375e+00 8.250000000000000000e+00 9.687500000000000000e+00 2.600000000000000000e+01 -4.568750000000000000e+01 -3.750000000000000000e-01 1.250000000000000000e-01 1.875000000000000000e-01
2.849999904632568359e+00 -4.400000095367431641e+00 8.279999732971191406e+00 9.687500000000000000e+00 2.600000000000000000e+01 -4.568750000000000000e+01 -1.875000000000000000e-01 -6.250000000000000000e-02 -6.250000000000000000e-02
2.869999885559082031e+00 -4.420000076293945312e+00 8.270000457763671875e+00 9.250000000000000000e+00 2.600000000000000000e+01 -4.487500000000000000e+01 -1.875000000000000000e-01 -1.875000000000000000e-01 6.250000000000000000e-02
2.839999914169311523e+00 -4.460000038146972656e+00 8.250000000000000000e+00 9.250000000000000000e+00 2.600000000000000000e+01 -4.487500000000000000e+01 -1.250000000000000000e-01 -1.875000000000000000e-01 6.250000000000000000e-02
2.839999914169311523e+00 -4.440000057220458984e+00 8.289999961853027344e+00 9.250000000000000000e+00 2.600000000000000000e+01 -4.487500000000000000e+01 0.000000000000000000e+00 6.250000000000000000e-02 0.000000000000000000e+00
2.799999952316284180e+00 -4.400000095367431641e+00 8.270000457763671875e+00 9.250000000000000000e+00 2.600000000000000000e+01 -4.487500000000000000e+01 1.875000000000000000e-01 -1.250000000000000000e-01 -6.250000000000000000e-02
2.819999933242797852e+00 -4.400000095367431641e+00 8.289999961853027344e+00 9.250000000000000000e+00 2.600000000000000000e+01 -4.487500000000000000e+01 1.875000000000000000e-01 1.250000000000000000e-01 -1.250000000000000000e-01
2.839999914169311523e+00 -4.400000095367431641e+00 8.300000190734863281e+00 9.000000000000000000e+00 2.600000000000000000e+01 -4.606250000000000000e+01 2.500000000000000000e-01 -2.500000000000000000e-01 -1.250000000000000000e-01
2.849999904632568359e+00 -4.409999847412109375e+00 8.270000457763671875e+00 9.000000000000000000e+00 2.600000000000000000e+01 -4.606250000000000000e+01 1.250000000000000000e-01 6.250000000000000000e-02 -1.250000000000000000e-01
2.819999933242797852e+00 -4.440000057220458984e+00 8.270000457763671875e+00 9.000000000000000000e+00 2.600000000000000000e+01 -4.606250000000000000e+01 6.250000000000000000e-02 -1.250000000000000000e-01 -2.500000000000000000e-01
2.789999961853027344e+00 -4.440000057220458984e+00 8.279999732971191406e+00 9.000000000000000000e+00 2.600000000000000000e+01 -4.606250000000000000e+01 3.125000000000000000e-01 -3.125000000000000000e-01 -3.750000000000000000e-01
2.799999952316284180e+00 -4.449999809265136719e+00 8.270000457763671875e+00 9.000000000000000000e+00 2.600000000000000000e+01 -4.606250000000000000e+01 3.125000000000000000e-01 -3.125000000000000000e-01 -3.750000000000000000e-01
2.730000019073486328e+00 -4.519999980926513672e+00 8.220000267028808594e+00 9.000000000000000000e+00 2.637500000000000000e+01 -4.525000000000000000e+01 1.062500000000000000e+00 -5.000000000000000000e-01 -1.062500000000000000e+00
2.670000076293945312e+00 -4.550000190734863281e+00 8.229999542236328125e+00 9.000000000000000000e+00 2.637500000000000000e+01 -4.525000000000000000e+01 2.062500000000000000e+00 -1.125000000000000000e+00 -1.812500000000000000e+00
2.529999971389770508e+00 -4.510000228881835938e+00 8.329999923706054688e+00 9.000000000000000000e+00 2.637500000000000000e+01 -4.525000000000000000e+01 3.000000000000000000e+00 -2.625000000000000000e+00 -3.250000000000000000e+00
2.500000000000000000e+00 -4.409999847412109375e+00 8.380000114440917969e+00 9.000000000000000000e+00 2.637500000000000000e+01 -4.525000000000000000e+01 3.062500000000000000e+00 -4.875000000000000000e+00 -4.562500000000000000e+00
2.519999980926513672e+00 -4.349999904632568359e+00 8.539999961853027344e+00 9.000000000000000000e+00 2.637500000000000000e+01 -4.525000000000000000e+01 3.062500000000000000e+00 -4.875000000000000000e+00 -4.562500000000000000e+00
2.539999961853027344e+00 -4.329999923706054688e+00 8.510000228881835938e+00 9.687500000000000000e+00 2.600000000000000000e+01 -4.525000000000000000e+01 2.187500000000000000e+00 -7.125000000000000000e+00 -5.812500000000000000e+00
2.470000028610229492e+00 -4.449999809265136719e+00 8.460000038146972656e+00 9.687500000000000000e+00 2.600000000000000000e+01 -4.525000000000000000e+01 6.250000000000000000e-02 -1.168750000000000000e+01 -7.875000000000000000e+00
2.579999923706054688e+00 -4.400000095367431641e+00 8.489999771118164062e+00 9.687500000000000000e+00 2.600000000000000000e+01 -4.525000000000000000e+01 -3.750000000000000000e-01 -1.256250000000000000e+01 -8.187500000000000000e+00
2.529999971389770508e+00 -4.429999828338623047e+00 8.460000038146972656e+00 9.687500000000000000e+00 2.600000000000000000e+01 -4.525000000000000000e+01 -1.187500000000000000e+00 -1.281250000000000000e+01 -8.687500000000000000e+00
2.539999961853027344e+00 -4.699999809265136719e+00 8.340000152587890625e+00 9.687500000000000000e+00 2.600000000000000000e+01 -4.525000000000000000e+01 -1.187500000000000000e+00 -1.281250000000000000e+01 -8.687500000000000000e+00
2.140000104904174805e+00 -5.099999904632568359e+00 8.279999732971191406e+00 8.250000000000000000e+00 2.525000000000000000e+01 -4.368750000000000000e+01 3.750000000000000000e-01 -1.218750000000000000e+01 -9.875000000000000000e+00
2.119999885559082031e+00 -5.119999885559082031e+00 8.329999923706054688e+00 8.250000000000000000e+00 2.525000000000000000e+01 -4.368750000000000000e+01 7.250000000000000000e+00 -1.100000000000000000e+01 -1.468750000000000000e+01
2.180000066757202148e+00 -5.019999980926513672e+00 8.359999656677246094e+00 8.250000000000000000e+00 2.525000000000000000e+01 -4.368750000000000000e+01 9.875000000000000000e+00 -7.937500000000000000e+00 -1.562500000000000000e+01
1.299999952316284180e+00 -5.019999980926513672e+00 8.939999580383300781e+00 8.250000000000000000e+00 2.525000000000000000e+01 -4.368750000000000000e+01 1.118750000000000000e+01 -1.750000000000000000e+00 -1.525000000000000000e+01
4.900000095367431641e-01 -4.920000076293945312e+00 9.229999542236328125e+00 8.250000000000000000e+00 2.525000000000000000e+01 -4.368750000000000000e+01 1.118750000000000000e+01 -1.750000000000000000e+00 -1.525000000000000000e+01
-3.400000035762786865e-01 -4.849999904632568359e+00 9.680000305175781250e+00 8.687500000000000000e+00 2.668750000000000000e+01 -4.487500000000000000e+01 1.168750000000000000e+01 4.312500000000000000e+00 -1.581250000000000000e+01
-2.079999923706054688e+00 -4.480000019073486328e+00 1.011999988555908203e+01 8.687500000000000000e+00 2.668750000000000000e+01 -4.487500000000000000e+01 8.750000000000000000e-01 1.362500000000000000e+01 -1.756250000000000000e+01
-2.759999990463256836e+00 -4.809999942779541016e+00 1.021000003814697266e+01 8.687500000000000000e+00 2.668750000000000000e+01 -4.487500000000000000e+01 -8.375000000000000000e+00 8.125000000000000000e+00 -2.318750000000000000e+01
-2.880000114440917969e+00 -5.780000209808349609e+00 9.770000457763671875e+00 8.687500000000000000e+00 2.668750000000000000e+01 -4.487500000000000000e+01 -1.387500000000000000e+01 1.587500000000000000e+01 -2.031250000000000000e+01
-2.400000095367431641e+00 -5.829999923706054688e+00 1.080000019073486328e+01 8.687500000000000000e+00 2.668750000000000000e+01 -4.487500000000000000e+01 -1.387500000000000000e+01 1.587500000000000000e+01 -2.031250000000000000e+01
-4.099999904632568359e+00 -4.500000000000000000e+00 9.590000152587890625e+00 7.875000000000000000e+00 2.525000000000000000e+01 -4.450000000000000000e+01 -2.050000000000000000e+01 1.068750000000000000e+01 -2.400000000000000000e+01
-1.029999971389770508e+00 -4.360000133514404297e+00 1.071000003814697266e+01 7.875000000000000000e+00 2.525000000000000000e+01 -4.450000000000000000e+01 -1.381250000000000000e+01 2.100000000000000000e+01 -2.362500000000000000e+01
-2.609999895095825195e+00 -4.340000152587890625e+00 1.014999961853027344e+01 7.875000000000000000e+00 2.525000000000000000e+01 -4.450000000000000000e+01 -3.993750000000000000e+01 1.950000000000000000e+01 -2.237500000000000000e+01
-3.509999990463256836e+00 -4.920000076293945312e+00 8.520000457763671875e+00 7.875000000000000000e+00 2.525000000000000000e+01 -4.450000000000000000e+01 -3.575000000000000000e+01 4.750000000000000000e+00 -2.125000000000000000e+01
1.080000042915344238e+00 -4.969999790191650391e+00 9.449999809265136719e+00 7.875000000000000000e+00 2.525000000000000000e+01 -4.450000000000000000e+01 -3.575000000000000000e+01 4.750000000000000000e+00 -2.125000000000000000e+01
5.500000119209289551e-01 -5.400000095367431641e+00 8.279999732971191406e+00 7.875000000000000000e+00 2.637500000000000000e+01 -4.250000000000000000e+01 -3.375000000000000000e+01 5.125000000000000000e+00 -1.925000000000000000e+01
1.950000047683715820e+00 -5.829999923706054688e+00 8.420000076293945312e+00 7.875000000000000000e+00 2.637500000000000000e+01 -4.250000000000000000e+01 -1.156250000000000000e+01 7.125000000000000000e+00 -1.162500000000000000e+01
2.650000095367431641e+00 -3.480000019073486328e+00 7.460000038146972656e+00 7.875000000000000000e+00 2.637500000000000000e+01 -4.250000000000000000e+01 -1.093750000000000000e+01 -7.500000000000000000e-01 -3.375000000000000000e+00
4.570000171661376953e+00 -4.579999923706054688e+00 8.130000114440917969e+00 7.875000000000000000e+00 2.637500000000000000e+01 -4.250000000000000000e+01 -5.125000000000000000e+00 -1.300000000000000000e+01 6.437500000000000000e+00
5.500000000000000000e+00 -5.360000133514404297e+00 7.429999828338623047e+00 7.875000000000000000e+00 2.637500000000000000e+01 -4.250000000000000000e+01 -5.125000000000000000e+00 -1.300000000000000000e+01 6.437500000000000000e+00
5.840000152587890625e+00 -5.130000114440917969e+00 7.349999904632568359e+00 8.250000000000000000e+00 2.375000000000000000e+01 -3.968750000000000000e+01 1.168750000000000000e+01 -1.818750000000000000e+01 1.693750000000000000e+01
5.929999828338623047e+00 -3.940000057220458984e+00 7.099999904632568359e+00 8.250000000000000000e+00 2.375000000000000000e+01 -3.968750000000000000e+01 2.331250000000000000e+01 -2.631250000000000000e+01 4.537500000000000000e+01
7.420000076293945312e+00 -4.369999885559082031e+00 7.050000190734863281e+00 8.250000000000000000e+00 2.375000000000000000e+01 -3.968750000000000000e+01 2.712500000000000000e+01 -2.856250000000000000e+01 5.512500000000000000e+01
7.389999866485595703e+00 -3.299999952316284180e+00 6.400000095367431641e+00 8.250000000000000000e+00 2.375000000000000000e+01 -3.968750000000000000e+01 3.112500000000000000e+01 -3.037500000000000000e+01 6.131250000000000000e+01
8.560000419616699219e+00 -2.859999895095825195e+00 6.719999790191650391e+00 8.250000000000000000e+00 2.375000000000000000e+01 -3.968750000000000000e+01 3.112500000000000000e+01 -3.037500000000000000e+01 6.131250000000000000e+01
9.189999580383300781e+00 -2.069999933242797852e+00 6.219999790191650391e+00 7.062500000000000000e+00 2.200000000000000000e+01 -3.887500000000000000e+01 3.450000000000000000e+01 -3.137500000000000000e+01 6.112500000000000000e+01
9.710000038146972656e+00 -1.289999961853027344e+00 6.320000171661376953e+00 7.062500000000000000e+00 2.200000000000000000e+01 -3.887500000000000000e+01 2.981250000000000000e+01 -3.468750000000000000e+01 5.331250000000000000e+01
9.680000305175781250e+00 -1.370000004768371582e+00 6.280000209808349609e+00 7.062500000000000000e+00 2.200000000000000000e+01 -3.887500000000000000e+01 1.700000000000000000e+01 -3.000000000000000000e+01 4.981250000000000000e+01
1.060999965667724609e+01 -2.230000019073486328e+00 6.699999809265136719e+00 7.062500000000000000e+00 2.200000000000000000e+01 -3.887500000000000000e+01 7.250000000000000000e+00 -2.137500000000000000e+01 4.493750000000000000e+01
8.680000305175781250e+00 -3.819999933242797852e+00 6.070000171661376953e+00 7.062500000000000000e+00 2.200000000000000000e+01 -3.887500000000000000e+01 7.250000000000000000e+00 -2.137500000000000000e+01 4.493750000000000000e+01
7.650000095367431641e+00 -4.380000114440917969e+00 6.039999961853027344e+00 5.875000000000000000e+00 1.937500000000000000e+01 -3.725000000000000000e+01 2.437500000000000000e+00 -1.462500000000000000e+01 3.768750000000000000e+01
7.199999809265136719e+00 -4.940000057220458984e+00 6.530000209808349609e+00 5.875000000000000000e+00 1.937500000000000000e+01 -3.725000000000000000e+01 6.875000000000000000e-01 -9.625000000000000000e+00 1.581250000000000000e+01
6.590000152587890625e+00 -5.409999847412109375e+00 7.300000190734863281e+00 5.875000000000000000e+00 1.937500000000000000e+01 -3.725000000000000000e+01 -1.437500000000000000e+00 -1.562500000000000000e+00 7.187500000000000000e+00
2.990000009536743164e+00 -5.409999847412109375e+00 8.199999809265136719e+00 5.875000000000000000e+00 1.937500000000000000e+01 -3.725000000000000000e+01 -2.937500000000000000e+00 5.625000000000000000e-01 -1.125000000000000000e+00
2.329999923706054688e+00 -5.260000228881835938e+00 8.130000114440917969e+00 5.875000000000000000e+00 1.937500000000000000e+01 -3.725000000000000000e+01 -2.937500000000000000e+00 5.625000000000000000e-01 -1.125000000000000000e+00
2.589999914169311523e+00 -4.730000019073486328e+00 8.109999656677246094e+00 5.562500000000000000e+00 1.706250000000000000e+01 -3.618750000000000000e+01 -2.500000000000000000e-01 -2.125000000000000000e+00 -7.562500000000000000e+00
3.420000076293945312e+00 -3.700000047683715820e+00 8.260000228881835938e+00 5.562500000000000000e+00 1.706250000000000000e+01 -3.618750000000000000e+01 -2.687500000000000000e+00 -1.875000000000000000e+00 -1.175000000000000000e+01
3.450000047683715820e+00 -3.859999895095825195e+00 8.069999694824218750e+00 5.562500000000000000e+00 1.706250000000000000e+01 -3.618750000000000000e+01 -5.687500000000000000e+00 1.562500000000000000e+00 -9.812500000000000000e+00
3.490000009536743164e+00 -4.039999961853027344e+00 8.020000457763671875e+00 5.562500000000000000e+00 1.706250000000000000e+01 -3.618750000000000000e+01 -6.750000000000000000e+00 5.937500000000000000e+00 -7.187500000000000000e+00
3.519999980926513672e+00 -4.289999961853027344e+00 7.869999885559082031e+00 5.562500000000000000e+00 1.706250000000000000e+01 -3.618750000000000000e+01 -6.750000000000000000e+00 5.937500000000000000e+00 -7.187500000000000000e+00
3.059999942779541016e+00 -4.739999771118164062e+00 7.840000152587890625e+00 5.562500000000000000e+00 1.750000000000000000e+01 -3.737500000000000000e+01 -5.562500000000000000e+00 1.062500000000000000e+01 -4.437500000000000000e+00
2.779999971389770508e+00 -4.880000114440917969e+00 7.909999847412109375e+00 5.562500000000000000e+00 1.750000000000000000e+01 -3.737500000000000000e+01 1.625000000000000000e+00 1.143750000000000000e+01 -3.500000000000000000e+00
3.000000000000000000e+00 -4.909999847412109375e+00 7.849999904632568359e+00 5.562500000000000000e+00 1.750000000000000000e+01 -3.737500000000000000e+01 6.812500000000000000e+00 7.625000000000000000e+00 -2.875000000000000000e+00
3.720000028610229492e+00 -4.579999923706054688e+00 8.109999656677246094e+00 5.562500000000000000e+00 1.750000000000000000e+01 -3.737500000000000000e+01 6.812500000000000000e+00 7.625000000000000000e+00 -2.875000000000000000e+00
3.119999885559082031e+00 -3.910000085830688477e+00 8.649999618530273438e+00 5.562500000000000000e+00 1.750000000000000000e+01 -3.737500000000000000e+01 6.937500000000000000e+00 6.812500000000000000e+00 -1.062500000000000000e+00
2.960000038146972656e+00 -4.190000057220458984e+00 8.569999694824218750e+00 5.562500000000000000e+00 1.856250000000000000e+01 -3.737500000000000000e+01 2.812500000000000000e+00 4.812500000000000000e+00 -6.250000000000000000e-02
2.930000066757202148e+00 -4.309999942779541016e+00 8.430000305175781250e+00 5.562500000000000000e+00 1.856250000000000000e+01 -3.737500000000000000e+01 -1.500000000000000000e+00 1.875000000000000000e-01 3.125000000000000000e-01
3.190000057220458984e+00 -4.369999885559082031e+00 8.130000114440917969e+00 5.562500000000000000e+00 1.856250000000000000e+01 -3.737500000000000000e+01 -1.500000000000000000e+00 1.875000000000000000e-01 3.125000000000000000e-01
3.210000038146972656e+00 -4.429999828338623047e+00 8.109999656677246094e+00 5.562500000000000000e+00 1.856250000000000000e+01 -3.737500000000000000e+01 -1.625000000000000000e+00 -1.875000000000000000e-01 2.500000000000000000e-01
3.200000047683715820e+00 -4.420000076293945312e+00 8.039999961853027344e+00 5.562500000000000000e+00 1.856250000000000000e+01 -3.737500000000000000e+01 -1.062500000000000000e+00 3.750000000000000000e-01 7.500000000000000000e-01
3.140000104904174805e+00 -4.440000057220458984e+00 8.039999961853027344e+00 5.562500000000000000e+00 1.750000000000000000e+01 -3.700000000000000000e+01 -6.250000000000000000e-02 1.500000000000000000e+00 1.062500000000000000e+00
3.069999933242797852e+00 -4.489999771118164062e+00 8.069999694824218750e+00 5.562500000000000000e+00 1.750000000000000000e+01 -3.700000000000000000e+01 1.062500000000000000e+00 2.750000000000000000e+00 1.000000000000000000e+00
3.119999885559082031e+00 -4.510000228881835938e+00 8.079999923706054688e+00 5.562500000000000000e+00 1.750000000000000000e+01 -3.700000000000000000e+01 2.187500000000000000e+00 3.187500000000000000e+00 3.750000000000000000e-01
3.160000085830688477e+00 -4.429999828338623047e+00 8.130000114440917969e+00 5.562500000000000000e+00 1.750000000000000000e+01 -3.700000000000000000e+01 3.312500000000000000e+00 3.562500000000000000e+00 6.250000000000000000e-02
3.180000066757202148e+00 -4.409999847412109375e+00 8.159999847412109375e+00 5.562500000000000000e+00 1.750000000000000000e+01 -3.700000000000000000e+01 3.875000000000000000e+00 3.937500000000000000e+00 0.000000000000000000e+00
3.109999895095825195e+00 -4.420000076293945312e+00 8.159999847412109375e+00 5.875000000000000000e+00 1.856250000000000000e+01 -3.775000000000000000e+01 4.187500000000000000e+00 4.875000000000000000e+00 1.250000000000000000e-01
2.980000019073486328e+00 -4.449999809265136719e+00 8.250000000000000000e+00 5.875000000000000000e+00 1.856250000000000000e+01 -3.775000000000000000e+01 4.375000000000000000e+00 5.687500000000000000e+00 3.750000000000000000e-01
2.839999914169311523e+00 -4.449999809265136719e+00 8.279999732971191406e+00 5.875000000000000000e+00 1.856250000000000000e+01 -3.775000000000000000e+01 4.875000000000000000e+00 5.250000000000000000e+00 -3.125000000000000000e-01
2.990000009536743164e+00 -4.380000114440917969e+00 8.300000190734863281e+00 5.875000000000000000e+00 1.856250000000000000e+01 -3.775000000000000000e+01 4.750000000000000000e+00 4.000000000000000000e+00 -1.250000000000000000e+00
3.109999895095825195e+00 -4.360000133514404297e+00 8.270000457763671875e+00 5.875000000000000000e+00 1.856250000000000000e+01 -3.775000000000000000e+01 4.812500000000000000e+00 2.937500000000000000e+00 -2.125000000000000000e+00
3.170000076293945312e+00 -4.329999923706054688e+00 8.260000228881835938e+00 4.750000000000000000e+00 1.900000000000000000e+01 -3.700000000000000000e+01 4.812500000000000000e+00 2.687500000000000000e+00 -2.125000000000000000e+00
3.049999952316284180e+00 -4.230000019073486328e+00 8.270000457763671875e+00 4.750000000000000000e+00 1.900000000000000000e+01 -3.700000000000000000e+01 4.750000000000000000e+00 2.750000000000000000e+00 -1.812500000000000000e+00
3.019999980926513672e+00 -4.179999828338623047e+00 8.300000190734863281e+00 4.750000000000000000e+00 1.900000000000000000e+01 -3.700000000000000000e+01 4.125000000000000000e+00 2.437500000000000000e+00 -1.312500000000000000e+00
3.099999904632568359e+00 -4.170000076293945312e+00 8.279999732971191406e+00 4.750000000000000000e+00 1.900000000000000000e+01 -3.700000000000000000e+01 3.812500000000000000e+00 1.937500000000000000e+00 -1.312500000000000000e+00
3.140000104904174805e+00 -4.170000076293945312e+00 8.289999961853027344e+00 4.750000000000000000e+00 1.900000000000000000e+01 -3.700000000000000000e+01 2.937500000000000000e+00 1.812500000000000000e+00 -8.750000000000000000e-01
3.099999904632568359e+00 -4.159999847412109375e+00 8.279999732971191406e+00 5.875000000000000000e+00 1.750000000000000000e+01 -3.750000000000000000e+01 2.375000000000000000e+00 1.812500000000000000e+00 -3.125000000000000000e-01
3.019999980926513672e+00 -4.250000000000000000e+00 8.279999732971191406e+00 5.875000000000000000e+00 1.750000000000000000e+01 -3.750000000000000000e+01 1.625000000000000000e+00 1.875000000000000000e+00 2.500000000000000000e-01
2.990000009536743164e+00 -4.260000228881835938e+00 8.310000419616699219e+00 5.875000000000000000e+00 1.750000000000000000e+01 -3.750000000000000000e+01 1.125000000000000000e+00 1.437500000000000000e+00 5.625000000000000000e-01
2.990000009536743164e+00 -4.280000209808349609e+00 8.310000419616699219e+00 5.875000000000000000e+00 1.750000000000000000e+01 -3.750000000000000000e+01 8.750000000000000000e-01 1.000000000000000000e+00 5.625000000000000000e-01
3.099999904632568359e+00 -4.179999828338623047e+00 8.409999847412109375e+00 5.875000000000000000e+00 1.750000000000000000e+01 -3.750000000000000000e+01 3.125000000000000000e-01 4.375000000000000000e-01 6.250000000000000000e-01
3.099999904632568359e+00 -4.190000057220458984e+00 8.369999885559082031e+00 6.250000000000000000e+00 1.706250000000000000e+01 -3.706250000000000000e+01 -9.375000000000000000e-01 1.875000000000000000e-01 8.750000000000000000e-01
3.150000095367431641e+00 -4.230000019073486328e+00 8.329999923706054688e+00 6.250000000000000000e+00 1.706250000000000000e+01 -3.706250000000000000e+01 -1.937500000000000000e+00 -1.250000000000000000e-01 1.562500000000000000e+00
