-1.000000014901161194e-01 -1.899999976158142090e-01 9.359999656677246094e+00 2.550000000000000000e+01 -7.468750000000000000e+01 -1.250000000000000000e+01 3.750000000000000000e-01 0.000000000000000000e+00 -6.250000000000000000e-02
-7.999999821186065674e-02 -2.000000029802322388e-01 9.399999618530273438e+00 2.550000000000000000e+01 -7.468750000000000000e+01 -1.250000000000000000e+01 9.375000000000000000e-01 1.250000000000000000e-01 -6.250000000000000000e-02
-7.000000029802322388e-02 -2.099999934434890747e-01 9.470000267028808594e+00 2.550000000000000000e+01 -7.468750000000000000e+01 -1.250000000000000000e+01 6.875000000000000000e-01 3.750000000000000000e-01 1.875000000000000000e-01
-5.000000074505805969e-02 -2.000000029802322388e-01 9.420000076293945312e+00 2.506250000000000000e+01 -7.356250000000000000e+01 -1.250000000000000000e+01 5.000000000000000000e-01 6.875000000000000000e-01 3.125000000000000000e-01
-1.999999955296516418e-02 -2.199999988079071045e-01 9.369999885559082031e+00 2.506250000000000000e+01 -7.356250000000000000e+01 -1.250000000000000000e+01 5.000000000000000000e-01 7.500000000000000000e-01 2.500000000000000000e-01
-5.999999865889549255e-02 -1.899999976158142090e-01 9.359999656677246094e+00 2.506250000000000000e+01 -7.356250000000000000e+01 -1.250000000000000000e+01 7.500000000000000000e-01 8.125000000000000000e-01 3.750000000000000000e-01
-1.700000017881393433e-01 -7.999999821186065674e-02 9.439999580383300781e+00 2.506250000000000000e+01 -7.356250000000000000e+01 -1.250000000000000000e+01 1.312500000000000000e+00 7.500000000000000000e-01 5.000000000000000000e-01
-1.500000059604644775e-01 9.999999776482582092e-03 9.539999961853027344e+00 2.506250000000000000e+01 -7.356250000000000000e+01 -1.250000000000000000e+01 3.000000000000000000e+00 9.375000000000000000e-01 8.750000000000000000e-01
-9.000000357627868652e-02 -3.499999940395355225e-01 9.510000228881835938e+00 2.468750000000000000e+01 -7.400000000000000000e+01 -1.337500000000000000e+01 8.750000000000000000e+00 -6.250000000000000000e-02 1.812500000000000000e+00
-2.000000029802322388e-01 -4.499999880790710449e-01 9.590000152587890625e+00 2.468750000000000000e+01 -7.400000000000000000e+01 -1.337500000000000000e+01 2.437500000000000000e+01 -1.437500000000000000e+00 2.875000000000000000e+00
-7.200000286102294922e-01 -7.500000000000000000e-01 1.021000003814697266e+01 2.468750000000000000e+01 -7.400000000000000000e+01 -1.337500000000000000e+01 5.362500000000000000e+01 -2.750000000000000000e+00 3.375000000000000000e+00
-9.599999785423278809e-01 -9.900000095367431641e-01 1.072000026702880859e+01 2.468750000000000000e+01 -7.400000000000000000e+01 -1.337500000000000000e+01 9.287500000000000000e+01 -4.812500000000000000e+00 4.687500000000000000e+00
-1.330000042915344238e+00 -1.029999971389770508e+00 1.142000007629394531e+01 2.468750000000000000e+01 -7.400000000000000000e+01 -1.337500000000000000e+01 1.378125000000000000e+02 -9.625000000000000000e+00 6.875000000000000000e+00
-1.509999990463256836e+00 -1.000000000000000000e+00 1.203999996185302734e+01 2.506250000000000000e+01 -7.506250000000000000e+01 -1.087500000000000000e+01 1.845000000000000000e+02 -1.600000000000000000e+01 1.175000000000000000e+01
-1.090000033378601074e+00 -1.929999947547912598e+00 1.243999958038330078e+01 2.506250000000000000e+01 -7.506250000000000000e+01 -1.087500000000000000e+01 2.316250000000000000e+02 -2.343750000000000000e+01 2.181250000000000000e+01
-6.899999976158142090e-01 -1.490000009536743164e+00 1.235999965667724609e+01 2.506250000000000000e+01 -7.506250000000000000e+01 -1.087500000000000000e+01 2.754375000000000000e+02 -3.112500000000000000e+01 2.450000000000000000e+01
-1.800000071525573730e-01 -5.799999833106994629e-01 1.177999973297119141e+01 2.506250000000000000e+01 -7.506250000000000000e+01 -1.087500000000000000e+01 3.116250000000000000e+02 -3.937500000000000000e+01 2.193750000000000000e+01
3.899999856948852539e-01 1.000000000000000000e+00 9.569999694824218750e+00 2.506250000000000000e+01 -7.506250000000000000e+01 -1.087500000000000000e+01 3.342500000000000000e+02 -4.862500000000000000e+01 1.456250000000000000e+01
6.200000047683715820e-01 1.629999995231628418e+00 8.279999732971191406e+00 2.400000000000000000e+01 -7.618750000000000000e+01 -4.000000000000000000e+00 3.410000000000000000e+02 -5.606250000000000000e+01 4.187500000000000000e+00
1.220000028610229492e+00 1.929999947547912598e+00 7.960000038146972656e+00 2.400000000000000000e+01 -7.618750000000000000e+01 -4.000000000000000000e+00 3.377500000000000000e+02 -5.925000000000000000e+01 -9.312500000000000000e+00
1.240000009536743164e+00 2.710000038146972656e+00 6.739999771118164062e+00 2.400000000000000000e+01 -7.618750000000000000e+01 -4.000000000000000000e+00 3.221250000000000000e+02 -5.862500000000000000e+01 -2.193750000000000000e+01
1.389999985694885254e+00 4.690000057220458984e+00 5.260000228881835938e+00 2.400000000000000000e+01 -7.618750000000000000e+01 -4.000000000000000000e+00 2.896875000000000000e+02 -5.600000000000000000e+01 -3.443750000000000000e+01
1.419999957084655762e+00 5.139999866485595703e+00 4.480000019073486328e+00 2.400000000000000000e+01 -7.618750000000000000e+01 -4.000000000000000000e+00 2.526250000000000000e+02 -5.250000000000000000e+01 -4.437500000000000000e+01
1.539999961853027344e+00 5.309999942779541016e+00 4.849999904632568359e+00 2.800000000000000000e+01 -7.656250000000000000e+01 1.818750000000000000e+01 2.189375000000000000e+02 -4.581250000000000000e+01 -5.118750000000000000e+01
1.710000038146972656e+00 6.590000152587890625e+00 4.739999771118164062e+00 2.800000000000000000e+01 -7.656250000000000000e+01 1.818750000000000000e+01 1.892500000000000000e+02 -3.806250000000000000e+01 -5.887500000000000000e+01
1.399999976158142090e+00 7.690000057220458984e+00 4.690000057220458984e+00 2.800000000000000000e+01 -7.656250000000000000e+01 1.818750000000000000e+01 1.535000000000000000e+02 -2.706250000000000000e+01 -5.481250000000000000e+01
1.169999957084655762e+00 7.639999866485595703e+00 4.610000133514404297e+00 2.800000000000000000e+01 -7.656250000000000000e+01 1.818750000000000000e+01 1.216875000000000000e+02 -1.650000000000000000e+01 -4.668750000000000000e+01
1.059999942779541016e+00 7.570000171661376953e+00 4.559999942779541016e+00 2.800000000000000000e+01 -7.656250000000000000e+01 1.818750000000000000e+01 9.393750000000000000e+01 -8.812500000000000000e+00 -3.843750000000000000e+01
6.800000071525573730e-01 6.739999771118164062e+00 5.380000114440917969e+00 3.368750000000000000e+01 -7.075000000000000000e+01 3.425000000000000000e+01 6.912500000000000000e+01 9.375000000000000000e-01 -3.193750000000000000e+01
5.600000023841857910e-01 6.789999961853027344e+00 5.780000209808349609e+00 3.368750000000000000e+01 -7.075000000000000000e+01 3.425000000000000000e+01 4.556250000000000000e+01 9.312500000000000000e+00 -2.718750000000000000e+01
3.300000131130218506e-01 7.030000209808349609e+00 6.170000076293945312e+00 3.368750000000000000e+01 -7.075000000000000000e+01 3.425000000000000000e+01 2.275000000000000000e+01 1.387500000000000000e+01 -2.462500000000000000e+01
7.000000029802322388e-02 7.280000209808349609e+00 6.610000133514404297e+00 3.368750000000000000e+01 -7.075000000000000000e+01 3.425000000000000000e+01 3.562500000000000000e+00 1.675000000000000000e+01 -2.218750000000000000e+01
-1.899999976158142090e-01 6.800000190734863281e+00 7.139999866485595703e+00 3.368750000000000000e+01 -7.075000000000000000e+01 3.425000000000000000e+01 -1.062500000000000000e+01 1.775000000000000000e+01 -1.750000000000000000e+01
-1.899999976158142090e-01 6.800000190734863281e+00 7.139999866485595703e+00 3.550000000000000000e+01 -6.525000000000000000e+01 3.787500000000000000e+01 -1.981250000000000000e+01 1.762500000000000000e+01 -1.281250000000000000e+01
-2.700000107288360596e-01 6.400000095367431641e+00 7.500000000000000000e+00 3.550000000000000000e+01 -6.525000000000000000e+01 3.787500000000000000e+01 -2.312500000000000000e+01 1.625000000000000000e+01 -1.037500000000000000e+01
-2.899999916553497314e-01 6.230000019073486328e+00 7.679999828338623047e+00 3.550000000000000000e+01 -6.525000000000000000e+01 3.787500000000000000e+01 -2.306250000000000000e+01 1.381250000000000000e+01 -8.812500000000000000e+00
-4.000000059604644775e-01 6.139999866485595703e+00 7.710000038146972656e+00 3.550000000000000000e+01 -6.525000000000000000e+01 3.787500000000000000e+01 -2.143750000000000000e+01 1.156250000000000000e+01 -6.875000000000000000e+00
-4.099999964237213135e-01 5.989999771118164062e+00 7.460000038146972656e+00 3.550000000000000000e+01 -6.525000000000000000e+01 3.787500000000000000e+01 -2.068750000000000000e+01 9.625000000000000000e+00 -3.625000000000000000e+00
-2.399999946355819702e-01 5.800000190734863281e+00 7.340000152587890625e+00 3.468750000000000000e+01 -6.618750000000000000e+01 3.625000000000000000e+01 -1.993750000000000000e+01 9.000000000000000000e+00 -1.250000000000000000e-01
-1.599999964237213135e-01 5.739999771118164062e+00 7.380000114440917969e+00 3.468750000000000000e+01 -6.618750000000000000e+01 3.625000000000000000e+01 -1.781250000000000000e+01 7.625000000000000000e+00 2.312500000000000000e+00
9.999999776482582092e-03 5.789999961853027344e+00 7.309999942779541016e+00 3.468750000000000000e+01 -6.618750000000000000e+01 3.625000000000000000e+01 -1.612500000000000000e+01 5.437500000000000000e+00 3.625000000000000000e+00
1.099999994039535522e-01 5.840000152587890625e+00 7.269999980926513672e+00 3.468750000000000000e+01 -6.618750000000000000e+01 3.625000000000000000e+01 -1.662500000000000000e+01 3.250000000000000000e+00 4.625000000000000000e+00
2.000000029802322388e-01 6.019999980926513672e+00 7.170000076293945312e+00 3.468750000000000000e+01 -6.618750000000000000e+01 3.625000000000000000e+01 -1.918750000000000000e+01 1.875000000000000000e+00 5.812500000000000000e+00
2.199999988079071045e-01 6.139999866485595703e+00 7.039999961853027344e+00 3.468750000000000000e+01 -6.687500000000000000e+01 3.550000000000000000e+01 -2.487500000000000000e+01 1.000000000000000000e+00 7.875000000000000000e+00
1.899999976158142090e-01 6.320000171661376953e+00 6.760000228881835938e+00 3.468750000000000000e+01 -6.687500000000000000e+01 3.550000000000000000e+01 -3.256250000000000000e+01 1.687500000000000000e+00 1.056250000000000000e+01
1.899999976158142090e-01 6.159999847412109375e+00 6.699999809265136719e+00 3.468750000000000000e+01 -6.687500000000000000e+01 3.550000000000000000e+01 -4.025000000000000000e+01 3.375000000000000000e+00 1.337500000000000000e+01
2.399999946355819702e-01 6.039999961853027344e+00 6.789999961853027344e+00 3.468750000000000000e+01 -6.687500000000000000e+01 3.550000000000000000e+01 -4.775000000000000000e+01 6.000000000000000000e+00 1.562500000000000000e+01
3.100000023841857910e-01 5.849999904632568359e+00 7.079999923706054688e+00 3.468750000000000000e+01 -6.687500000000000000e+01 3.550000000000000000e+01 -5.600000000000000000e+01 7.812500000000000000e+00 1.712500000000000000e+01
4.699999988079071045e-01 5.530000209808349609e+00 7.239999771118164062e+00 3.287500000000000000e+01 -6.906250000000000000e+01 3.418750000000000000e+01 -6.706250000000000000e+01 9.000000000000000000e+00 1.818750000000000000e+01
5.799999833106994629e-01 5.369999885559082031e+00 7.119999885559082031e+00 3.287500000000000000e+01 -6.906250000000000000e+01 3.418750000000000000e+01 -8.175000000000000000e+01 1.037500000000000000e+01 1.931250000000000000e+01
6.399999856948852539e-01 5.159999847412109375e+00 6.929999828338623047e+00 3.287500000000000000e+01 -6.906250000000000000e+01 3.418750000000000000e+01 -1.030000000000000000e+02 1.275000000000000000e+01 2.100000000000000000e+01
8.500000238418579102e-01 5.159999847412109375e+00 6.389999866485595703e+00 3.287500000000000000e+01 -6.906250000000000000e+01 3.418750000000000000e+01 -1.327500000000000000e+02 1.675000000000000000e+01 2.300000000000000000e+01
8.100000023841857910e-01 5.550000190734863281e+00 6.300000190734863281e+00 3.287500000000000000e+01 -6.906250000000000000e+01 3.418750000000000000e+01 -1.718750000000000000e+02 2.337500000000000000e+01 2.725000000000000000e+01
7.400000095367431641e-01 6.050000190734863281e+00 6.139999866485595703e+00 3.168750000000000000e+01 -7.087500000000000000e+01 2.800000000000000000e+01 -2.166875000000000000e+02 3.131250000000000000e+01 3.412500000000000000e+01
5.699999928474426270e-01 5.989999771118164062e+00 6.210000038146972656e+00 3.168750000000000000e+01 -7.087500000000000000e+01 2.800000000000000000e+01 -2.583750000000000000e+02 3.718750000000000000e+01 4.156250000000000000e+01
-9.999999776482582092e-03 4.530000209808349609e+00 6.619999885559082031e+00 3.168750000000000000e+01 -7.087500000000000000e+01 2.800000000000000000e+01 -2.913125000000000000e+02 4.093750000000000000e+01 4.675000000000000000e+01
-1.199999973177909851e-01 3.470000028610229492e+00 7.070000171661376953e+00 3.168750000000000000e+01 -7.087500000000000000e+01 2.800000000000000000e+01 -3.140000000000000000e+02 4.287500000000000000e+01 4.725000000000000000e+01
-4.300000071525573730e-01 2.190000057220458984e+00 8.000000000000000000e+00 3.168750000000000000e+01 -7.087500000000000000e+01 2.800000000000000000e+01 -3.290000000000000000e+02 4.287500000000000000e+01 4.418750000000000000e+01
-5.299999713897705078e-01 1.269999980926513672e+00 9.560000419616699219e+00 2.800000000000000000e+01 -7.568750000000000000e+01 1.337500000000000000e+01 -3.413750000000000000e+02 4.200000000000000000e+01 3.831250000000000000e+01
-5.699999928474426270e-01 -7.000000029802322388e-02 1.248999977111816406e+01 2.800000000000000000e+01 -7.568750000000000000e+01 1.337500000000000000e+01 -3.413750000000000000e+02 3.437500000000000000e+01 3.131250000000000000e+01
-7.900000214576721191e-01 -7.500000000000000000e-01 1.418000030517578125e+01 2.800000000000000000e+01 -7.568750000000000000e+01 1.337500000000000000e+01 -3.121250000000000000e+02 1.893750000000000000e+01 2.243750000000000000e+01
-1.120000004768371582e+00 -5.799999833106994629e-01 1.318999958038330078e+01 2.800000000000000000e+01 -7.568750000000000000e+01 1.337500000000000000e+01 -2.558125000000000000e+02 -1.437500000000000000e+00 1.450000000000000000e+01
-1.090000033378601074e+00 -8.100000023841857910e-01 1.092000007629394531e+01 2.800000000000000000e+01 -7.568750000000000000e+01 1.337500000000000000e+01 -1.869375000000000000e+02 -1.418750000000000000e+01 1.050000000000000000e+01
-1.090000033378601074e+00 -1.309999942779541016e+00 9.770000457763671875e+00 2.456250000000000000e+01 -7.637500000000000000e+01 -4.562500000000000000e+00 -1.206250000000000000e+02 -1.900000000000000000e+01 7.062500000000000000e+00
-8.799999952316284180e-01 -1.759999990463256836e+00 9.109999656677246094e+00 2.456250000000000000e+01 -7.637500000000000000e+01 -4.562500000000000000e+00 -6.575000000000000000e+01 -1.756250000000000000e+01 3.625000000000000000e+00
-4.799999892711639404e-01 -2.140000104904174805e+00 8.859999656677246094e+00 2.456250000000000000e+01 -7.637500000000000000e+01 -4.562500000000000000e+00 -2.656250000000000000e+01 -1.468750000000000000e+01 1.187500000000000000e+00
1.800000071525573730e-01 -2.109999895095825195e+00 8.989999771118164062e+00 2.456250000000000000e+01 -7.637500000000000000e+01 -4.562500000000000000e+00 -2.937500000000000000e+00 -1.318750000000000000e+01 -3.750000000000000000e-01
3.700000047683715820e-01 -1.559999942779541016e+00 9.010000228881835938e+00 2.456250000000000000e+01 -7.637500000000000000e+01 -4.562500000000000000e+00 1.200000000000000000e+01 -1.343750000000000000e+01 -3.000000000000000000e+00
5.600000023841857910e-01 -8.999999761581420898e-01 9.020000457763671875e+00 2.425000000000000000e+01 -7.575000000000000000e+01 -1.156250000000000000e+01 2.275000000000000000e+01 -1.325000000000000000e+01 -4.500000000000000000e+00
7.599999904632568359e-01 -3.600000143051147461e-01 9.050000190734863281e+00 2.425000000000000000e+01 -7.575000000000000000e+01 -1.156250000000000000e+01 2.856250000000000000e+01 -1.218750000000000000e+01 -4.562500000000000000e+00
9.399999976158142090e-01 5.000000000000000000e-01 9.159999847412109375e+00 2.425000000000000000e+01 -7.575000000000000000e+01 -1.156250000000000000e+01 2.912500000000000000e+01 -1.012500000000000000e+01 -4.437500000000000000e+00
9.200000166893005371e-01 8.399999737739562988e-01 9.199999809265136719e+00 2.425000000000000000e+01 -7.575000000000000000e+01 -1.156250000000000000e+01 2.475000000000000000e+01 -7.562500000000000000e+00 -3.437500000000000000e+00
8.000000119209289551e-01 1.129999995231628418e+00 9.210000038146972656e+00 2.425000000000000000e+01 -7.575000000000000000e+01 -1.156250000000000000e+01 1.575000000000000000e+01 -3.500000000000000000e+00 -2.062500000000000000e+00
6.399999856948852539e-01 8.500000238418579102e-01 9.319999694824218750e+00 2.350000000000000000e+01 -7.500000000000000000e+01 -1.000000000000000000e+01 3.875000000000000000e+00 1.187500000000000000e+00 -3.750000000000000000e-01
5.899999737739562988e-01 6.999999880790710449e-01 9.340000152587890625e+00 2.350000000000000000e+01 -7.500000000000000000e+01 -1.000000000000000000e+01 -8.062500000000000000e+00 5.250000000000000000e+00 1.000000000000000000e+00
4.000000059604644775e-01 4.300000071525573730e-01 9.310000419616699219e+00 2.350000000000000000e+01 -7.500000000000000000e+01 -1.000000000000000000e+01 -1.543750000000000000e+01 7.812500000000000000e+00 1.312500000000000000e+00
2.599999904632568359e-01 2.099999934434890747e-01 9.340000152587890625e+00 2.350000000000000000e+01 -7.500000000000000000e+01 -1.000000000000000000e+01 -1.812500000000000000e+01 9.687500000000000000e+00 1.187500000000000000e+00
1.099999994039535522e-01 -7.000000029802322388e-02 9.529999732971191406e+00 2.350000000000000000e+01 -7.500000000000000000e+01 -1.000000000000000000e+01 -1.918750000000000000e+01 1.175000000000000000e+01 8.750000000000000000e-01
0.000000000000000000e+00 -1.899999976158142090e-01 9.649999618530273438e+00 2.456250000000000000e+01 -7.525000000000000000e+01 -1.050000000000000000e+01 -1.887500000000000000e+01 1.250000000000000000e+01 2.500000000000000000e-01
9.999999776482582092e-03 -3.799999952316284180e-01 9.640000343322753906e+00 2.456250000000000000e+01 -7.525000000000000000e+01 -1.050000000000000000e+01 -1.693750000000000000e+01 1.193750000000000000e+01 -5.625000000000000000e-01
9.999999776482582092e-03 -4.199999868869781494e-01 9.560000419616699219e+00 2.456250000000000000e+01 -7.525000000000000000e+01 -1.050000000000000000e+01 -1.412500000000000000e+01 1.037500000000000000e+01 -1.250000000000000000e+00
-7.000000029802322388e-02 -3.600000143051147461e-01 9.380000114440917969e+00 2.456250000000000000e+01 -7.525000000000000000e+01 -1.050000000000000000e+01 -1.093750000000000000e+01 8.625000000000000000e+00 -1.750000000000000000e+00
-1.099999994039535522e-01 -3.199999928474426270e-01 9.329999923706054688e+00 2.456250000000000000e+01 -7.525000000000000000e+01 -1.050000000000000000e+01 -8.187500000000000000e+00 6.687500000000000000e+00 -1.812500000000000000e+00
-1.299999952316284180e-01 -4.099999964237213135e-01 9.279999732971191406e+00 2.350000000000000000e+01 -7.475000000000000000e+01 -1.175000000000000000e+01 -5.375000000000000000e+00 4.750000000000000000e+00 -1.687500000000000000e+00
-1.700000017881393433e-01 -5.000000000000000000e-01 9.470000267028808594e+00 2.350000000000000000e+01 -7.475000000000000000e+01 -1.175000000000000000e+01 -2.562500000000000000e+00 2.750000000000000000e+00 -2.000000000000000000e+00
-2.099999934434890747e-01 -3.000000119209289551e-01 9.500000000000000000e+00 2.350000000000000000e+01 -7.475000000000000000e+01 -1.175000000000000000e+01 -4.375000000000000000e-01 6.250000000000000000e-01 -2.312500000000000000e+00
-2.399999946355819702e-01 -1.599999964237213135e-01 9.420000076293945312e+00 2.350000000000000000e+01 -7.475000000000000000e+01 -1.175000000000000000e+01 2.500000000000000000e-01 -1.312500000000000000e+00 -2.375000000000000000e+00
-2.199999988079071045e-01 -1.299999952316284180e-01 9.340000152587890625e+00 2.350000000000000000e+01 -7.475000000000000000e+01 -1.175000000000000000e+01 -4.375000000000000000e-01 -2.125000000000000000e+00 -2.187500000000000000e+00
-1.899999976158142090e-01 -1.299999952316284180e-01 9.479999542236328125e+00 2.350000000000000000e+01 -7.475000000000000000e+01 -1.175000000000000000e+01 5.000000000000000000e-01 -2.250000000000000000e+00 -2.000000000000000000e+00
-1.199999973177909851e-01 -1.199999973177909851e-01 9.470000267028808594e+00 2.425000000000000000e+01 -7.475000000000000000e+01 -1.175000000000000000e+01 3.000000000000000000e+00 -2.687500000000000000e+00 -2.062500000000000000e+00
-7.999999821186065674e-02 -3.999999910593032837e-02 9.430000305175781250e+00 2.425000000000000000e+01 -7.475000000000000000e+01 -1.175000000000000000e+01 5.062500000000000000e+00 -2.937500000000000000e+00 -2.375000000000000000e+00
0.000000000000000000e+00 1.400000005960464478e-01 9.420000076293945312e+00 2.425000000000000000e+01 -7.475000000000000000e+01 -1.175000000000000000e+01 5.125000000000000000e+00 -2.187500000000000000e+00 -2.437500000000000000e+00
5.000000074505805969e-02 3.300000131130218506e-01 9.340000152587890625e+00 2.425000000000000000e+01 -7.475000000000000000e+01 -1.175000000000000000e+01 4.562500000000000000e+00 -1.375000000000000000e+00 -2.125000000000000000e+00
7.999999821186065674e-02 3.600000143051147461e-01 9.310000419616699219e+00 2.456250000000000000e+01 -7.475000000000000000e+01 -1.175000000000000000e+01 3.437500000000000000e+00 -5.000000000000000000e-01 -1.625000000000000000e+00
1.099999994039535522e-01 3.499999940395355225e-01 9.310000419616699219e+00 2.456250000000000000e+01 -7.475000000000000000e+01 -1.175000000000000000e+01 2.312500000000000000e+00 6.250000000000000000e-02 -1.000000000000000000e+00
1.700000017881393433e-01 3.199999928474426270e-01 9.390000343322753906e+00 2.456250000000000000e+01 -7.475000000000000000e+01 -1.175000000000000000e+01 7.500000000000000000e-01 9.375000000000000000e-01 -8.125000000000000000e-01
1.199999973177909851e-01 3.300000131130218506e-01 9.350000381469726562e+00 2.456250000000000000e+01 -7.475000000000000000e+01 -1.175000000000000000e+01 -1.000000000000000000e+00 1.187500000000000000e+00 -5.625000000000000000e-01
7.999999821186065674e-02 3.199999928474426270e-01 9.359999656677246094e+00 2.456250000000000000e+01 -7.475000000000000000e+01 -1.175000000000000000e+01 -2.562500000000000000e+00 1.062500000000000000e+00 -1.250000000000000000e-01
5.999999865889549255e-02 2.899999916553497314e-01 9.409999847412109375e+00 2.456250000000000000e+01 -7.475000000000000000e+01 -1.175000000000000000e+01 -4.062500000000000000e+00 1.312500000000000000e+00 3.125000000000000000e-01
3.999999910593032837e-02 2.300000041723251343e-01 9.399999618530273438e+00 2.350000000000000000e+01 -7.475000000000000000e+01 -1.125000000000000000e+01 -6.562500000000000000e+00 1.437500000000000000e+00 8.125000000000000000e-01
