-1.099999994039535522e-01 -3.400000035762786865e-01 9.390000343322753906e+00 -1.800000000000000000e+01 -3.275000000000000000e+01 -9.062500000000000000e+00 -1.250000000000000000e-01 -1.250000000000000000e-01 2.500000000000000000e-01
-1.299999952316284180e-01 -3.799999952316284180e-01 9.369999885559082031e+00 -1.800000000000000000e+01 -3.275000000000000000e+01 -9.062500000000000000e+00 -6.250000000000000000e-02 -6.250000000000000000e-02 3.125000000000000000e-01
-1.000000014901161194e-01 -3.499999940395355225e-01 9.350000381469726562e+00 -1.800000000000000000e+01 -3.275000000000000000e+01 -9.062500000000000000e+00 0.000000000000000000e+00 0.000000000000000000e+00 2.500000000000000000e-01
-1.199999973177909851e-01 -3.600000143051147461e-01 9.390000343322753906e+00 -1.800000000000000000e+01 -3.275000000000000000e+01 -9.062500000000000000e+00 0.000000000000000000e+00 1.250000000000000000e-01 6.250000000000000000e-02
-1.099999994039535522e-01 -3.600000143051147461e-01 9.399999618530273438e+00 -1.800000000000000000e+01 -3.275000000000000000e+01 -9.062500000000000000e+00 2.500000000000000000e-01 1.875000000000000000e-01 0.000000000000000000e+00
-1.099999994039535522e-01 -3.600000143051147461e-01 9.380000114440917969e+00 -1.756250000000000000e+01 -3.237500000000000000e+01 -9.875000000000000000e+00 6.250000000000000000e-02 1.250000000000000000e-01 2.500000000000000000e-01
-1.099999994039535522e-01 -3.300000131130218506e-01 9.399999618530273438e+00 -1.756250000000000000e+01 -3.237500000000000000e+01 -9.875000000000000000e+00 0.000000000000000000e+00 1.250000000000000000e-01 0.000000000000000000e+00
-1.099999994039535522e-01 -3.499999940395355225e-01 9.390000343322753906e+00 -1.756250000000000000e+01 -3.237500000000000000e+01 -9.875000000000000000e+00 1.875000000000000000e-01 -1.250000000000000000e-01 1.250000000000000000e-01
-1.299999952316284180e-01 -3.300000131130218506e-01 9.430000305175781250e+00 -1.756250000000000000e+01 -3.237500000000000000e+01 -9.875000000000000000e+00 6.250000000000000000e-02 -3.125000000000000000e-01 1.875000000000000000e-01
-1.299999952316284180e-01 -3.400000035762786865e-01 9.380000114440917969e+00 -1.756250000000000000e+01 -3.237500000000000000e+01 -9.875000000000000000e+00 -6.250000000000000000e-02 -1.250000000000000000e-01 1.250000000000000000e-01
-1.099999994039535522e-01 -3.199999928474426270e-01 9.390000343322753906e+00 -1.756250000000000000e+01 -3.275000000000000000e+01 -1.025000000000000000e+01 -3.750000000000000000e-01 -1.250000000000000000e-01 1.250000000000000000e-01
-1.400000005960464478e-01 -3.300000131130218506e-01 9.420000076293945312e+00 -1.756250000000000000e+01 -3.275000000000000000e+01 -1.025000000000000000e+01 -3.125000000000000000e-01 -3.125000000000000000e-01 6.250000000000000000e-02
-1.199999973177909851e-01 -3.499999940395355225e-01 9.399999618530273438e+00 -1.756250000000000000e+01 -3.275000000000000000e+01 -1.025000000000000000e+01 -5.000000000000000000e-01 6.250000000000000000e-02 1.250000000000000000e-01
-1.099999994039535522e-01 -4.000000059604644775e-01 9.350000381469726562e+00 -1.756250000000000000e+01 -3.275000000000000000e+01 -1.025000000000000000e+01 -4.375000000000000000e-01 -1.250000000000000000e-01 3.125000000000000000e-01
-1.000000014901161194e-01 -3.499999940395355225e-01 9.390000343322753906e+00 -1.756250000000000000e+01 -3.275000000000000000e+01 -1.025000000000000000e+01 -4.375000000000000000e-01 0.000000000000000000e+00 1.875000000000000000e-01
-1.099999994039535522e-01 -3.700000047683715820e-01 9.409999847412109375e+00 -1.675000000000000000e+01 -3.206250000000000000e+01 -1.025000000000000000e+01 -6.250000000000000000e-02 2.500000000000000000e-01 1.250000000000000000e-01
-1.099999994039535522e-01 -3.499999940395355225e-01 9.420000076293945312e+00 -1.675000000000000000e+01 -3.206250000000000000e+01 -1.025000000000000000e+01 -6.250000000000000000e-02 1.875000000000000000e-01 1.250000000000000000e-01
-1.199999973177909851e-01 -3.400000035762786865e-01 9.380000114440917969e+00 -1.675000000000000000e+01 -3.206250000000000000e+01 -1.025000000000000000e+01 1.875000000000000000e-01 1.875000000000000000e-01 1.250000000000000000e-01
-1.099999994039535522e-01 -3.700000047683715820e-01 9.350000381469726562e+00 -1.675000000000000000e+01 -3.206250000000000000e+01 -1.025000000000000000e+01 1.250000000000000000e-01 0.000000000000000000e+00 3.125000000000000000e-01
-1.400000005960464478e-01 -3.300000131130218506e-01 9.430000305175781250e+00 -1.675000000000000000e+01 -3.206250000000000000e+01 -1.025000000000000000e+01 2.500000000000000000e-01 6.250000000000000000e-02 1.250000000000000000e-01
-1.099999994039535522e-01 -3.600000143051147461e-01 9.439999580383300781e+00 -1.825000000000000000e+01 -3.237500000000000000e+01 -9.500000000000000000e+00 5.625000000000000000e-01 -6.250000000000000000e-02 1.875000000000000000e-01
-1.000000014901161194e-01 -3.899999856948852539e-01 9.399999618530273438e+00 -1.825000000000000000e+01 -3.237500000000000000e+01 -9.500000000000000000e+00 3.125000000000000000e-01 -1.250000000000000000e-01 2.500000000000000000e-01
-1.299999952316284180e-01 -3.799999952316284180e-01 9.380000114440917969e+00 -1.825000000000000000e+01 -3.237500000000000000e+01 -9.500000000000000000e+00 3.750000000000000000e-01 -1.875000000000000000e-01 1.875000000000000000e-01
-9.000000357627868652e-02 -3.499999940395355225e-01 9.420000076293945312e+00 -1.825000000000000000e+01 -3.237500000000000000e+01 -9.500000000000000000e+00 5.625000000000000000e-01 -4.375000000000000000e-01 1.875000000000000000e-01
-9.000000357627868652e-02 -2.899999916553497314e-01 9.460000038146972656e+00 -1.825000000000000000e+01 -3.237500000000000000e+01 -9.500000000000000000e+00 6.875000000000000000e-01 -3.750000000000000000e-01 -6.250000000000000000e-02
-7.999999821186065674e-02 -2.599999904632568359e-01 9.489999771118164062e+00 -1.825000000000000000e+01 -3.275000000000000000e+01 -9.500000000000000000e+00 6.875000000000000000e-01 -5.625000000000000000e-01 1.875000000000000000e-01
-1.099999994039535522e-01 -3.300000131130218506e-01 9.590000152587890625e+00 -1.825000000000000000e+01 -3.275000000000000000e+01 -9.500000000000000000e+00 7.500000000000000000e-01 -1.062500000000000000e+00 5.625000000000000000e-01
-1.299999952316284180e-01 -3.700000047683715820e-01 9.579999923706054688e+00 -1.825000000000000000e+01 -3.275000000000000000e+01 -9.500000000000000000e+00 1.437500000000000000e+00 -2.562500000000000000e+00 8.750000000000000000e-01
-2.300000041723251343e-01 -6.000000238418579102e-01 9.760000228881835938e+00 -1.825000000000000000e+01 -3.275000000000000000e+01 -9.500000000000000000e+00 1.812500000000000000e+00 -4.750000000000000000e+00 1.312500000000000000e+00
-2.500000000000000000e-01 -6.100000143051147461e-01 1.013000011444091797e+01 -1.825000000000000000e+01 -3.275000000000000000e+01 -9.500000000000000000e+00 2.250000000000000000e+00 -7.937500000000000000e+00 1.687500000000000000e+00
-3.499999940395355225e-01 -1.599999964237213135e-01 1.127999973297119141e+01 -1.825000000000000000e+01 -3.250000000000000000e+01 -1.025000000000000000e+01 1.687500000000000000e+00 -1.337500000000000000e+01 1.375000000000000000e+00
-4.300000071525573730e-01 1.899999976158142090e-01 1.177999973297119141e+01 -1.825000000000000000e+01 -3.250000000000000000e+01 -1.025000000000000000e+01 -3.187500000000000000e+00 -2.468750000000000000e+01 1.312500000000000000e+00
-5.699999928474426270e-01 6.999999880790710449e-01 1.235999965667724609e+01 -1.825000000000000000e+01 -3.250000000000000000e+01 -1.025000000000000000e+01 -1.568750000000000000e+01 -4.181250000000000000e+01 3.062500000000000000e+00
-5.699999928474426270e-01 1.110000014305114746e+00 1.284000015258789062e+01 -1.825000000000000000e+01 -3.250000000000000000e+01 -1.025000000000000000e+01 -3.200000000000000000e+01 -6.512500000000000000e+01 7.625000000000000000e+00
-7.300000190734863281e-01 1.509999990463256836e+00 1.418000030517578125e+01 -1.825000000000000000e+01 -3.250000000000000000e+01 -1.025000000000000000e+01 -5.100000000000000000e+01 -9.412500000000000000e+01 1.462500000000000000e+01
-9.200000166893005371e-01 1.539999961853027344e+00 1.493000030517578125e+01 -1.818750000000000000e+01 -3.275000000000000000e+01 -9.500000000000000000e+00 -6.037500000000000000e+01 -1.245000000000000000e+02 2.425000000000000000e+01
-9.900000095367431641e-01 6.800000071525573730e-01 1.438000011444091797e+01 -1.818750000000000000e+01 -3.275000000000000000e+01 -9.500000000000000000e+00 -5.812500000000000000e+01 -1.620000000000000000e+02 3.675000000000000000e+01
-8.899999856948852539e-01 -1.200000047683715820e+00 1.278999996185302734e+01 -1.818750000000000000e+01 -3.275000000000000000e+01 -9.500000000000000000e+00 -5.025000000000000000e+01 -1.996875000000000000e+02 4.493750000000000000e+01
-4.099999964237213135e-01 -2.029999971389770508e+00 1.180000019073486328e+01 -1.818750000000000000e+01 -3.275000000000000000e+01 -9.500000000000000000e+00 -3.893750000000000000e+01 -2.272500000000000000e+02 4.518750000000000000e+01
2.999999932944774628e-02 -2.019999980926513672e+00 1.111999988555908203e+01 -1.818750000000000000e+01 -3.275000000000000000e+01 -9.500000000000000000e+00 -3.562500000000000000e+01 -2.413125000000000000e+02 3.781250000000000000e+01
9.100000262260437012e-01 -1.070000052452087402e+00 1.052000045776367188e+01 -2.187500000000000000e+01 -3.425000000000000000e+01 -1.187500000000000000e+01 -3.881250000000000000e+01 -2.457500000000000000e+02 2.493750000000000000e+01
2.309999942779541016e+00 -2.599999904632568359e-01 9.840000152587890625e+00 -2.187500000000000000e+01 -3.425000000000000000e+01 -1.187500000000000000e+01 -4.206250000000000000e+01 -2.408125000000000000e+02 1.818750000000000000e+01
2.079999923706054688e+00 2.800000011920928955e-01 1.001000022888183594e+01 -2.187500000000000000e+01 -3.425000000000000000e+01 -1.187500000000000000e+01 -4.325000000000000000e+01 -2.360000000000000000e+02 1.925000000000000000e+01
2.569999933242797852e+00 7.000000029802322388e-02 9.560000419616699219e+00 -2.187500000000000000e+01 -3.425000000000000000e+01 -1.187500000000000000e+01 -4.043750000000000000e+01 -2.385625000000000000e+02 2.318750000000000000e+01
4.710000038146972656e+00 -1.320000052452087402e+00 9.079999923706054688e+00 -2.187500000000000000e+01 -3.425000000000000000e+01 -1.187500000000000000e+01 -4.456250000000000000e+01 -2.519375000000000000e+02 2.843750000000000000e+01
5.000000000000000000e+00 -2.130000114440917969e+00 6.269999980926513672e+00 -2.625000000000000000e+01 -3.918750000000000000e+01 -1.418750000000000000e+01 -5.118750000000000000e+01 -2.496250000000000000e+02 3.781250000000000000e+01
4.260000228881835938e+00 -2.319999933242797852e+00 4.650000095367431641e+00 -2.625000000000000000e+01 -3.918750000000000000e+01 -1.418750000000000000e+01 -5.118750000000000000e+01 -2.281875000000000000e+02 3.400000000000000000e+01
4.159999847412109375e+00 -2.359999895095825195e+00 3.390000104904174805e+00 -2.625000000000000000e+01 -3.918750000000000000e+01 -1.418750000000000000e+01 -3.875000000000000000e+01 -1.950000000000000000e+02 2.606250000000000000e+01
4.050000190734863281e+00 -2.569999933242797852e+00 1.990000009536743164e+00 -2.625000000000000000e+01 -3.918750000000000000e+01 -1.418750000000000000e+01 -2.543750000000000000e+01 -1.702500000000000000e+02 1.856250000000000000e+01
4.190000057220458984e+00 -2.880000114440917969e+00 1.779999971389770508e+00 -2.625000000000000000e+01 -3.918750000000000000e+01 -1.418750000000000000e+01 -1.250000000000000000e+01 -1.466250000000000000e+02 1.125000000000000000e+01
4.380000114440917969e+00 -2.900000095367431641e+00 1.960000038146972656e+00 -2.550000000000000000e+01 -4.537500000000000000e+01 -2.056250000000000000e+01 -1.250000000000000000e+00 -1.203750000000000000e+02 3.687500000000000000e+00
4.690000057220458984e+00 -2.650000095367431641e+00 2.279999971389770508e+00 -2.550000000000000000e+01 -4.537500000000000000e+01 -2.056250000000000000e+01 7.750000000000000000e+00 -9.650000000000000000e+01 -3.750000000000000000e+00
4.920000076293945312e+00 -2.480000019073486328e+00 2.880000114440917969e+00 -2.550000000000000000e+01 -4.537500000000000000e+01 -2.056250000000000000e+01 1.281250000000000000e+01 -7.568750000000000000e+01 -9.062500000000000000e+00
5.119999885559082031e+00 -2.319999933242797852e+00 3.279999971389770508e+00 -2.550000000000000000e+01 -4.537500000000000000e+01 -2.056250000000000000e+01 1.443750000000000000e+01 -5.656250000000000000e+01 -1.250000000000000000e+01
5.420000076293945312e+00 -2.170000076293945312e+00 3.799999952316284180e+00 -2.550000000000000000e+01 -4.537500000000000000e+01 -2.056250000000000000e+01 1.456250000000000000e+01 -3.687500000000000000e+01 -1.493750000000000000e+01
5.690000057220458984e+00 -1.879999995231628418e+00 4.300000190734863281e+00 -2.025000000000000000e+01 -4.887500000000000000e+01 -2.600000000000000000e+01 1.387500000000000000e+01 -1.956250000000000000e+01 -1.725000000000000000e+01
5.849999904632568359e+00 -1.470000028610229492e+00 5.010000228881835938e+00 -2.025000000000000000e+01 -4.887500000000000000e+01 -2.600000000000000000e+01 1.437500000000000000e+01 -4.937500000000000000e+00 -1.918750000000000000e+01
5.869999885559082031e+00 -1.200000047683715820e+00 5.530000209808349609e+00 -2.025000000000000000e+01 -4.887500000000000000e+01 -2.600000000000000000e+01 1.768750000000000000e+01 9.687500000000000000e+00 -2.068750000000000000e+01
5.789999961853027344e+00 -1.019999980926513672e+00 6.050000190734863281e+00 -2.025000000000000000e+01 -4.887500000000000000e+01 -2.600000000000000000e+01 2.156250000000000000e+01 2.281250000000000000e+01 -2.137500000000000000e+01
5.750000000000000000e+00 -8.199999928474426270e-01 6.820000171661376953e+00 -2.025000000000000000e+01 -4.887500000000000000e+01 -2.600000000000000000e+01 2.368750000000000000e+01 3.293750000000000000e+01 -2.031250000000000000e+01
5.630000114440917969e+00 -8.299999833106994629e-01 7.079999923706054688e+00 -1.337500000000000000e+01 -5.156250000000000000e+01 -2.700000000000000000e+01 2.243750000000000000e+01 4.018750000000000000e+01 -1.787500000000000000e+01
5.510000228881835938e+00 -8.000000119209289551e-01 7.369999885559082031e+00 -1.337500000000000000e+01 -5.156250000000000000e+01 -2.700000000000000000e+01 1.793750000000000000e+01 4.468750000000000000e+01 -1.425000000000000000e+01
5.349999904632568359e+00 -8.000000119209289551e-01 7.650000095367431641e+00 -1.337500000000000000e+01 -5.156250000000000000e+01 -2.700000000000000000e+01 1.125000000000000000e+01 4.687500000000000000e+01 -1.068750000000000000e+01
5.090000152587890625e+00 -8.399999737739562988e-01 7.429999828338623047e+00 -1.337500000000000000e+01 -5.156250000000000000e+01 -2.700000000000000000e+01 4.625000000000000000e+00 4.750000000000000000e+01 -7.375000000000000000e+00
4.940000057220458984e+00 -1.100000023841857910e+00 6.989999771118164062e+00 -1.337500000000000000e+01 -5.156250000000000000e+01 -2.700000000000000000e+01 -3.750000000000000000e-01 4.718750000000000000e+01 -4.125000000000000000e+00
4.869999885559082031e+00 -1.240000009536743164e+00 6.530000209808349609e+00 -9.750000000000000000e+00 -5.256250000000000000e+01 -2.518750000000000000e+01 -1.187500000000000000e+00 5.062500000000000000e+01 -3.062500000000000000e+00
4.670000076293945312e+00 -1.600000023841857910e+00 6.030000209808349609e+00 -9.750000000000000000e+00 -5.256250000000000000e+01 -2.518750000000000000e+01 3.312500000000000000e+00 5.781250000000000000e+01 -4.875000000000000000e+00
4.150000095367431641e+00 -2.029999971389770508e+00 4.739999771118164062e+00 -9.750000000000000000e+00 -5.256250000000000000e+01 -2.518750000000000000e+01 1.156250000000000000e+01 6.868750000000000000e+01 -1.050000000000000000e+01
3.750000000000000000e+00 -2.150000095367431641e+00 4.070000171661376953e+00 -9.750000000000000000e+00 -5.256250000000000000e+01 -2.518750000000000000e+01 1.931250000000000000e+01 8.443750000000000000e+01 -1.818750000000000000e+01
3.299999952316284180e+00 -2.029999971389770508e+00 3.539999961853027344e+00 -9.750000000000000000e+00 -5.256250000000000000e+01 -2.518750000000000000e+01 2.606250000000000000e+01 1.041875000000000000e+02 -2.656250000000000000e+01
2.390000104904174805e+00 -1.200000047683715820e+00 2.519999980926513672e+00 -7.375000000000000000e+00 -5.056250000000000000e+01 -2.537500000000000000e+01 3.375000000000000000e+01 1.258125000000000000e+02 -3.381250000000000000e+01
1.990000009536743164e+00 -1.029999971389770508e+00 2.059999942779541016e+00 -7.375000000000000000e+00 -5.056250000000000000e+01 -2.537500000000000000e+01 4.043750000000000000e+01 1.477500000000000000e+02 -3.743750000000000000e+01
1.740000009536743164e+00 -1.100000023841857910e+00 1.799999952316284180e+00 -7.375000000000000000e+00 -5.056250000000000000e+01 -2.537500000000000000e+01 4.425000000000000000e+01 1.733125000000000000e+02 -3.812500000000000000e+01
3.549999952316284180e+00 -1.440000057220458984e+00 3.470000028610229492e+00 -7.375000000000000000e+00 -5.056250000000000000e+01 -2.537500000000000000e+01 4.643750000000000000e+01 2.053750000000000000e+02 -3.937500000000000000e+01
3.410000085830688477e+00 -5.500000119209289551e-01 8.430000305175781250e+00 -7.375000000000000000e+00 -5.056250000000000000e+01 -2.537500000000000000e+01 4.612500000000000000e+01 2.509375000000000000e+02 -4.093750000000000000e+01
2.779999971389770508e+00 3.199999928474426270e-01 1.025000000000000000e+01 -3.062500000000000000e+00 -4.906250000000000000e+01 -2.250000000000000000e+01 2.631250000000000000e+01 2.841250000000000000e+02 -4.381250000000000000e+01
1.860000014305114746e+00 1.409999966621398926e+00 1.218999958038330078e+01 -3.062500000000000000e+00 -4.906250000000000000e+01 -2.250000000000000000e+01 3.500000000000000000e+00 2.926875000000000000e+02 -4.312500000000000000e+01
2.400000095367431641e+00 2.559999942779541016e+00 1.543000030517578125e+01 -3.062500000000000000e+00 -4.906250000000000000e+01 -2.250000000000000000e+01 -5.125000000000000000e+00 2.939375000000000000e+02 -3.137500000000000000e+01
4.199999868869781494e-01 1.850000023841857910e+00 2.118000030517578125e+01 -3.062500000000000000e+00 -4.906250000000000000e+01 -2.250000000000000000e+01 -1.875000000000000000e+01 2.693750000000000000e+02 -1.656250000000000000e+01
5.099999904632568359e-01 8.100000023841857910e-01 2.097999954223632812e+01 -3.062500000000000000e+00 -4.906250000000000000e+01 -2.250000000000000000e+01 -1.206250000000000000e+01 2.123750000000000000e+02 -2.750000000000000000e+00
9.800000190734863281e-01 2.999999932944774628e-02 1.739999961853027344e+01 6.062500000000000000e+00 -4.406250000000000000e+01 -2.006250000000000000e+01 -1.000000000000000000e+00 1.396875000000000000e+02 5.875000000000000000e+00
8.999999761581420898e-01 -1.330000042915344238e+00 8.619999885559082031e+00 6.062500000000000000e+00 -4.406250000000000000e+01 -2.006250000000000000e+01 -1.937500000000000000e+00 8.312500000000000000e+01 8.375000000000000000e+00
5.600000023841857910e-01 -1.620000004768371582e+00 6.030000209808349609e+00 6.062500000000000000e+00 -4.406250000000000000e+01 -2.006250000000000000e+01 -2.625000000000000000e+00 6.156250000000000000e+01 9.250000000000000000e+00
2.500000000000000000e-01 -1.580000042915344238e+00 5.159999847412109375e+00 6.062500000000000000e+00 -4.406250000000000000e+01 -2.006250000000000000e+01 -2.500000000000000000e-01 6.750000000000000000e+01 5.875000000000000000e+00
1.099999994039535522e-01 -1.340000033378601074e+00 6.389999866485595703e+00 6.062500000000000000e+00 -4.406250000000000000e+01 -2.006250000000000000e+01 5.375000000000000000e+00 8.718750000000000000e+01 6.875000000000000000e-01
-1.999999955296516418e-02 -5.299999713897705078e-01 1.206000041961669922e+01 9.750000000000000000e+00 -4.075000000000000000e+01 -2.175000000000000000e+01 1.281250000000000000e+01 1.040000000000000000e+02 -3.375000000000000000e+00
-2.999999932944774628e-02 -3.100000023841857910e-01 1.298999977111816406e+01 9.750000000000000000e+00 -4.075000000000000000e+01 -2.175000000000000000e+01 1.987500000000000000e+01 1.021875000000000000e+02 -5.062500000000000000e+00
-2.300000041723251343e-01 -4.499999880790710449e-01 1.264000034332275391e+01 9.750000000000000000e+00 -4.075000000000000000e+01 -2.175000000000000000e+01 2.481250000000000000e+01 8.262500000000000000e+01 -3.250000000000000000e+00
-3.100000023841857910e-01 -8.100000023841857910e-01 1.161999988555908203e+01 9.750000000000000000e+00 -4.075000000000000000e+01 -2.175000000000000000e+01 2.750000000000000000e+01 6.175000000000000000e+01 -2.500000000000000000e-01
-6.600000262260437012e-01 -9.100000262260437012e-01 9.800000190734863281e+00 9.750000000000000000e+00 -4.075000000000000000e+01 -2.175000000000000000e+01 2.762500000000000000e+01 4.768750000000000000e+01 1.062500000000000000e+00
-6.999999880790710449e-01 -7.300000190734863281e-01 9.420000076293945312e+00 1.168750000000000000e+01 -3.937500000000000000e+01 -2.225000000000000000e+01 2.525000000000000000e+01 4.012500000000000000e+01 1.437500000000000000e+00
-6.700000166893005371e-01 -5.600000023841857910e-01 9.390000343322753906e+00 1.168750000000000000e+01 -3.937500000000000000e+01 -2.225000000000000000e+01 2.493750000000000000e+01 3.681250000000000000e+01 8.125000000000000000e-01
-6.200000047683715820e-01 -2.599999904632568359e-01 9.569999694824218750e+00 1.168750000000000000e+01 -3.937500000000000000e+01 -2.225000000000000000e+01 2.668750000000000000e+01 3.362500000000000000e+01 1.875000000000000000e-01
-6.100000143051147461e-01 -1.700000017881393433e-01 9.750000000000000000e+00 1.168750000000000000e+01 -3.937500000000000000e+01 -2.225000000000000000e+01 2.700000000000000000e+01 2.925000000000000000e+01 -6.250000000000000000e-02
-6.600000262260437012e-01 -5.999999865889549255e-02 9.760000228881835938e+00 1.168750000000000000e+01 -3.937500000000000000e+01 -2.225000000000000000e+01 2.587500000000000000e+01 2.443750000000000000e+01 2.500000000000000000e-01
-6.299999952316284180e-01 0.000000000000000000e+00 9.689999580383300781e+00 1.175000000000000000e+01 -3.987500000000000000e+01 -2.168750000000000000e+01 2.281250000000000000e+01 1.887500000000000000e+01 3.125000000000000000e-01
-6.399999856948852539e-01 -9.999999776482582092e-03 9.590000152587890625e+00 1.175000000000000000e+01 -3.987500000000000000e+01 -2.168750000000000000e+01 1.893750000000000000e+01 1.381250000000000000e+01 6.250000000000000000e-02
-6.499999761581420898e-01 3.999999910593032837e-02 9.600000381469726562e+00 1.175000000000000000e+01 -3.987500000000000000e+01 -2.168750000000000000e+01 1.512500000000000000e+01 9.375000000000000000e+00 -5.625000000000000000e-01
-6.700000166893005371e-01 2.300000041723251343e-01 9.649999618530273438e+00 1.175000000000000000e+01 -3.987500000000000000e+01 -2.168750000000000000e+01 1.181250000000000000e+01 5.437500000000000000e+00 -1.375000000000000000e+00
-6.299999952316284180e-01 2.199999988079071045e-01 9.640000343322753906e+00 1.175000000000000000e+01 -3.987500000000000000e+01 -2.168750000000000000e+01 8.687500000000000000e+00 1.687500000000000000e+00 -1.812500000000000000e+00
