-1.159999966621398926e+00 -8.700000047683715820e-01 1.014000034332275391e+01 2.037500000000000000e+01 -7.337500000000000000e+01 -8.875000000000000000e+00 1.389375000000000000e+02 -3.375000000000000000e+00 -7.312500000000000000e+00
-1.059999942779541016e+00 -6.499999761581420898e-01 1.057999992370605469e+01 2.037500000000000000e+01 -7.337500000000000000e+01 -8.875000000000000000e+00 1.651250000000000000e+02 -1.031250000000000000e+01 -9.000000000000000000e+00
-6.999999880790710449e-01 -5.899999737739562988e-01 1.047999954223632812e+01 2.037500000000000000e+01 -7.337500000000000000e+01 -8.875000000000000000e+00 1.883125000000000000e+02 -1.662500000000000000e+01 -9.437500000000000000e+00
-7.699999809265136719e-01 -3.499999940395355225e-01 1.102000045776367188e+01 2.037500000000000000e+01 -7.337500000000000000e+01 -8.875000000000000000e+00 2.138125000000000000e+02 -2.437500000000000000e+01 -9.500000000000000000e+00
-6.100000143051147461e-01 4.600000083446502686e-01 1.131999969482421875e+01 2.037500000000000000e+01 -7.337500000000000000e+01 -8.875000000000000000e+00 2.408750000000000000e+02 -3.275000000000000000e+01 -4.000000000000000000e+00
-6.800000071525573730e-01 1.039999961853027344e+00 1.101000022888183594e+01 2.037500000000000000e+01 -7.525000000000000000e+01 -4.500000000000000000e+00 2.647500000000000000e+02 -3.687500000000000000e+01 4.125000000000000000e+00
-6.200000047683715820e-01 1.740000009536743164e+00 1.081999969482421875e+01 2.037500000000000000e+01 -7.525000000000000000e+01 -4.500000000000000000e+00 2.835000000000000000e+02 -4.056250000000000000e+01 7.500000000000000000e+00
-5.199999809265136719e-01 2.049999952316284180e+00 1.057999992370605469e+01 2.037500000000000000e+01 -7.525000000000000000e+01 -4.500000000000000000e+00 2.979375000000000000e+02 -4.181250000000000000e+01 1.150000000000000000e+01
0.000000000000000000e+00 1.960000038146972656e+00 1.018999958038330078e+01 2.037500000000000000e+01 -7.525000000000000000e+01 -4.500000000000000000e+00 3.083750000000000000e+02 -4.212500000000000000e+01 1.262500000000000000e+01
6.899999976158142090e-01 2.200000047683715820e+00 9.130000114440917969e+00 2.037500000000000000e+01 -7.525000000000000000e+01 -4.500000000000000000e+00 3.146250000000000000e+02 -4.368750000000000000e+01 6.250000000000000000e+00
9.800000190734863281e-01 2.829999923706054688e+00 8.449999809265136719e+00 2.075000000000000000e+01 -7.525000000000000000e+01 8.062500000000000000e+00 3.119375000000000000e+02 -4.731250000000000000e+01 -5.625000000000000000e+00
1.110000014305114746e+00 3.660000085830688477e+00 7.239999771118164062e+00 2.075000000000000000e+01 -7.525000000000000000e+01 8.062500000000000000e+00 2.970625000000000000e+02 -4.475000000000000000e+01 -1.475000000000000000e+01
8.999999761581420898e-01 4.360000133514404297e+00 5.869999885559082031e+00 2.075000000000000000e+01 -7.525000000000000000e+01 8.062500000000000000e+00 2.641250000000000000e+02 -3.975000000000000000e+01 -2.200000000000000000e+01
1.440000057220458984e+00 5.579999923706054688e+00 4.199999809265136719e+00 2.075000000000000000e+01 -7.525000000000000000e+01 8.062500000000000000e+00 2.171250000000000000e+02 -3.137500000000000000e+01 -2.737500000000000000e+01
1.710000038146972656e+00 6.340000152587890625e+00 3.890000104904174805e+00 2.075000000000000000e+01 -7.525000000000000000e+01 8.062500000000000000e+00 2.171250000000000000e+02 -3.137500000000000000e+01 -2.737500000000000000e+01
1.700000047683715820e+00 6.940000057220458984e+00 3.829999923706054688e+00 2.450000000000000000e+01 -7.075000000000000000e+01 2.787500000000000000e+01 1.265000000000000000e+02 -9.250000000000000000e+00 -3.156250000000000000e+01
1.580000042915344238e+00 8.060000419616699219e+00 3.650000095367431641e+00 2.450000000000000000e+01 -7.075000000000000000e+01 2.787500000000000000e+01 8.418750000000000000e+01 2.875000000000000000e+00 -2.606250000000000000e+01
9.399999976158142090e-01 8.819999694824218750e+00 3.750000000000000000e+00 2.450000000000000000e+01 -7.075000000000000000e+01 2.787500000000000000e+01 4.700000000000000000e+01 1.600000000000000000e+01 -1.537500000000000000e+01
6.700000166893005371e-01 8.020000457763671875e+00 4.690000057220458984e+00 2.450000000000000000e+01 -7.075000000000000000e+01 2.787500000000000000e+01 1.462500000000000000e+01 2.375000000000000000e+01 -8.437500000000000000e+00
5.500000119209289551e-01 7.400000095367431641e+00 5.440000057220458984e+00 2.450000000000000000e+01 -7.075000000000000000e+01 2.787500000000000000e+01 1.462500000000000000e+01 2.375000000000000000e+01 -8.437500000000000000e+00
2.999999932944774628e-02 7.070000171661376953e+00 6.840000152587890625e+00 2.668750000000000000e+01 -6.268750000000000000e+01 3.956250000000000000e+01 -1.143750000000000000e+01 2.775000000000000000e+01 -5.125000000000000000e+00
-2.000000029802322388e-01 6.860000133514404297e+00 7.260000228881835938e+00 2.668750000000000000e+01 -6.268750000000000000e+01 3.956250000000000000e+01 -4.087500000000000000e+01 2.556250000000000000e+01 -2.750000000000000000e+00
-3.199999928474426270e-01 6.510000228881835938e+00 7.579999923706054688e+00 2.668750000000000000e+01 -6.268750000000000000e+01 3.956250000000000000e+01 -4.462500000000000000e+01 2.168750000000000000e+01 -1.750000000000000000e+00
-3.600000143051147461e-01 6.130000114440917969e+00 7.780000209808349609e+00 2.668750000000000000e+01 -6.268750000000000000e+01 3.956250000000000000e+01 -4.106250000000000000e+01 1.681250000000000000e+01 -2.312500000000000000e+00
-4.399999976158142090e-01 5.579999923706054688e+00 8.039999961853027344e+00 2.668750000000000000e+01 -6.268750000000000000e+01 3.956250000000000000e+01 -4.106250000000000000e+01 1.681250000000000000e+01 -2.312500000000000000e+00
-4.499999880790710449e-01 5.769999980926513672e+00 7.869999885559082031e+00 2.600000000000000000e+01 -6.100000000000000000e+01 3.756250000000000000e+01 -3.406250000000000000e+01 1.131250000000000000e+01 -3.437500000000000000e+00
-4.099999964237213135e-01 5.969999790191650391e+00 7.519999980926513672e+00 2.600000000000000000e+01 -6.100000000000000000e+01 3.756250000000000000e+01 -2.393750000000000000e+01 2.750000000000000000e+00 -6.875000000000000000e-01
-3.700000047683715820e-01 6.139999866485595703e+00 7.230000019073486328e+00 2.600000000000000000e+01 -6.100000000000000000e+01 3.756250000000000000e+01 -2.381250000000000000e+01 9.375000000000000000e-01 3.875000000000000000e+00
-1.299999952316284180e-01 6.170000076293945312e+00 6.940000057220458984e+00 2.600000000000000000e+01 -6.100000000000000000e+01 3.756250000000000000e+01 -2.600000000000000000e+01 -3.125000000000000000e-01 7.812500000000000000e+00
3.999999910593032837e-02 6.239999771118164062e+00 6.860000133514404297e+00 2.600000000000000000e+01 -6.100000000000000000e+01 3.756250000000000000e+01 -2.600000000000000000e+01 -3.125000000000000000e-01 7.812500000000000000e+00
7.999999821186065674e-02 6.420000076293945312e+00 6.719999790191650391e+00 2.475000000000000000e+01 -6.368750000000000000e+01 3.687500000000000000e+01 -3.206250000000000000e+01 -1.375000000000000000e+00 1.025000000000000000e+01
2.800000011920928955e-01 6.599999904632568359e+00 6.329999923706054688e+00 2.475000000000000000e+01 -6.368750000000000000e+01 3.687500000000000000e+01 -5.800000000000000000e+01 6.250000000000000000e-02 1.681250000000000000e+01
4.300000071525573730e-01 6.519999980926513672e+00 6.210000038146972656e+00 2.475000000000000000e+01 -6.368750000000000000e+01 3.687500000000000000e+01 -7.750000000000000000e+01 3.687500000000000000e+00 2.062500000000000000e+01
5.099999904632568359e-01 6.289999961853027344e+00 6.159999847412109375e+00 2.475000000000000000e+01 -6.368750000000000000e+01 3.687500000000000000e+01 -1.023750000000000000e+02 8.312500000000000000e+00 2.406250000000000000e+01
6.499999761581420898e-01 6.110000133514404297e+00 6.099999904632568359e+00 2.475000000000000000e+01 -6.368750000000000000e+01 3.687500000000000000e+01 -1.023750000000000000e+02 8.312500000000000000e+00 2.406250000000000000e+01
9.100000262260437012e-01 5.960000038146972656e+00 6.210000038146972656e+00 2.406250000000000000e+01 -6.400000000000000000e+01 3.406250000000000000e+01 -1.333750000000000000e+02 1.312500000000000000e+01 2.631250000000000000e+01
9.499999880790710449e-01 6.039999961853027344e+00 6.130000114440917969e+00 2.406250000000000000e+01 -6.400000000000000000e+01 3.406250000000000000e+01 -2.226250000000000000e+02 2.693750000000000000e+01 3.506250000000000000e+01
8.999999761581420898e-01 6.039999961853027344e+00 5.949999809265136719e+00 2.406250000000000000e+01 -6.400000000000000000e+01 3.406250000000000000e+01 -2.765000000000000000e+02 3.562500000000000000e+01 4.037500000000000000e+01
8.399999737739562988e-01 5.980000019073486328e+00 5.869999885559082031e+00 2.406250000000000000e+01 -6.400000000000000000e+01 3.406250000000000000e+01 -3.326875000000000000e+02 4.481250000000000000e+01 4.675000000000000000e+01
1.099999994039535522e-01 5.150000095367431641e+00 5.869999885559082031e+00 2.406250000000000000e+01 -6.400000000000000000e+01 3.406250000000000000e+01 -3.326875000000000000e+02 4.481250000000000000e+01 4.675000000000000000e+01
1.099999994039535522e-01 4.219999790191650391e+00 6.440000057220458984e+00 2.287500000000000000e+01 -6.837500000000000000e+01 2.606250000000000000e+01 -3.860000000000000000e+02 5.393750000000000000e+01 5.018750000000000000e+01
1.599999964237213135e-01 2.960000038146972656e+00 8.750000000000000000e+00 2.287500000000000000e+01 -6.837500000000000000e+01 2.606250000000000000e+01 -4.740000000000000000e+02 6.512500000000000000e+01 4.618750000000000000e+01
-2.300000041723251343e-01 2.599999904632568359e-01 1.612000083923339844e+01 2.287500000000000000e+01 -6.837500000000000000e+01 2.606250000000000000e+01 -4.599375000000000000e+02 4.556250000000000000e+01 3.593750000000000000e+01
-9.700000286102294922e-01 -4.300000071525573730e-01 1.443000030517578125e+01 2.287500000000000000e+01 -6.837500000000000000e+01 2.606250000000000000e+01 -3.851875000000000000e+02 7.625000000000000000e+00 2.381250000000000000e+01
-1.350000023841857910e+00 -1.970000028610229492e+00 1.372999954223632812e+01 2.287500000000000000e+01 -6.837500000000000000e+01 2.606250000000000000e+01 -3.851875000000000000e+02 7.625000000000000000e+00 2.381250000000000000e+01
-1.200000047683715820e+00 -1.769999980926513672e+00 1.159000015258789062e+01 1.875000000000000000e+01 -7.500000000000000000e+01 5.375000000000000000e+00 -2.911250000000000000e+02 -1.637500000000000000e+01 1.456250000000000000e+01
-1.769999980926513672e+00 -3.200000047683715820e+00 7.760000228881835938e+00 1.875000000000000000e+01 -7.500000000000000000e+01 5.375000000000000000e+00 -1.419375000000000000e+02 -2.675000000000000000e+01 -4.875000000000000000e+00
-1.399999976158142090e+00 -3.980000019073486328e+00 7.159999847412109375e+00 1.875000000000000000e+01 -7.500000000000000000e+01 5.375000000000000000e+00 -9.100000000000000000e+01 -1.668750000000000000e+01 -9.812500000000000000e+00
-1.360000014305114746e+00 -4.440000057220458984e+00 7.510000228881835938e+00 1.875000000000000000e+01 -7.500000000000000000e+01 5.375000000000000000e+00 -5.037500000000000000e+01 -7.687500000000000000e+00 -1.437500000000000000e+01
-9.399999976158142090e-01 -4.079999923706054688e+00 8.300000190734863281e+00 1.875000000000000000e+01 -7.500000000000000000e+01 5.375000000000000000e+00 -5.037500000000000000e+01 -7.687500000000000000e+00 -1.437500000000000000e+01
-1.899999976158142090e-01 -3.299999952316284180e+00 9.460000038146972656e+00 1.656250000000000000e+01 -7.318750000000000000e+01 -1.218750000000000000e+01 -1.756250000000000000e+01 -4.125000000000000000e+00 -1.493750000000000000e+01
7.999999821186065674e-02 -2.710000038146972656e+00 9.399999618530273438e+00 1.656250000000000000e+01 -7.318750000000000000e+01 -1.218750000000000000e+01 3.056250000000000000e+01 -5.625000000000000000e+00 -1.700000000000000000e+01
4.499999880790710449e-01 -2.039999961853027344e+00 9.159999847412109375e+00 1.656250000000000000e+01 -7.318750000000000000e+01 -1.218750000000000000e+01 4.550000000000000000e+01 -5.750000000000000000e+00 -1.718750000000000000e+01
9.499999880790710449e-01 -6.999999880790710449e-01 8.869999885559082031e+00 1.656250000000000000e+01 -7.318750000000000000e+01 -1.218750000000000000e+01 5.331250000000000000e+01 -5.687500000000000000e+00 -1.606250000000000000e+01
1.009999990463256836e+00 -3.700000047683715820e-01 8.819999694824218750e+00 1.656250000000000000e+01 -7.318750000000000000e+01 -1.218750000000000000e+01 5.331250000000000000e+01 -5.687500000000000000e+00 -1.606250000000000000e+01
9.700000286102294922e-01 -1.299999952316284180e-01 8.949999809265136719e+00 1.656250000000000000e+01 -7.275000000000000000e+01 -1.437500000000000000e+01 5.537500000000000000e+01 -5.500000000000000000e+00 -1.343750000000000000e+01
9.399999976158142090e-01 1.899999976158142090e-01 9.250000000000000000e+00 1.656250000000000000e+01 -7.275000000000000000e+01 -1.437500000000000000e+01 4.781250000000000000e+01 -3.687500000000000000e+00 -7.625000000000000000e+00
6.700000166893005371e-01 2.099999934434890747e-01 9.560000419616699219e+00 1.656250000000000000e+01 -7.275000000000000000e+01 -1.437500000000000000e+01 4.100000000000000000e+01 -2.937500000000000000e+00 -4.250000000000000000e+00
5.400000214576721191e-01 1.199999973177909851e-01 9.609999656677246094e+00 1.656250000000000000e+01 -7.275000000000000000e+01 -1.437500000000000000e+01 3.318750000000000000e+01 -1.875000000000000000e+00 -1.687500000000000000e+00
3.499999940395355225e-01 1.199999973177909851e-01 9.569999694824218750e+00 1.656250000000000000e+01 -7.275000000000000000e+01 -1.437500000000000000e+01 3.318750000000000000e+01 -1.875000000000000000e+00 -1.687500000000000000e+00
2.500000000000000000e-01 7.000000029802322388e-02 9.430000305175781250e+00 1.768750000000000000e+01 -7.300000000000000000e+01 -1.237500000000000000e+01 2.556250000000000000e+01 -3.750000000000000000e-01 -5.000000000000000000e-01
2.000000029802322388e-01 -9.000000357627868652e-02 9.590000152587890625e+00 1.768750000000000000e+01 -7.300000000000000000e+01 -1.237500000000000000e+01 1.925000000000000000e+01 3.000000000000000000e+00 -1.125000000000000000e+00
2.000000029802322388e-01 -1.999999955296516418e-02 9.720000267028808594e+00 1.768750000000000000e+01 -7.300000000000000000e+01 -1.237500000000000000e+01 1.568750000000000000e+01 3.625000000000000000e+00 -1.562500000000000000e+00
1.800000071525573730e-01 1.199999973177909851e-01 9.720000267028808594e+00 1.768750000000000000e+01 -7.300000000000000000e+01 -1.237500000000000000e+01 1.068750000000000000e+01 3.875000000000000000e+00 -1.062500000000000000e+00
2.000000029802322388e-01 1.500000059604644775e-01 9.279999732971191406e+00 1.768750000000000000e+01 -7.300000000000000000e+01 -1.237500000000000000e+01 1.068750000000000000e+01 3.875000000000000000e+00 -1.062500000000000000e+00
1.099999994039535522e-01 -1.700000017881393433e-01 9.270000457763671875e+00 1.806250000000000000e+01 -7.287500000000000000e+01 -1.000000000000000000e+01 6.625000000000000000e+00 3.562500000000000000e+00 -6.250000000000000000e-02
1.199999973177909851e-01 -2.000000029802322388e-01 9.470000267028808594e+00 1.806250000000000000e+01 -7.287500000000000000e+01 -1.000000000000000000e+01 5.062500000000000000e+00 3.312500000000000000e+00 -9.375000000000000000e-01
9.000000357627868652e-02 -2.000000029802322388e-01 9.579999923706054688e+00 1.806250000000000000e+01 -7.287500000000000000e+01 -1.000000000000000000e+01 3.687500000000000000e+00 2.687500000000000000e+00 -1.312500000000000000e+00
-1.000000014901161194e-01 -1.000000014901161194e-01 9.529999732971191406e+00 1.806250000000000000e+01 -7.287500000000000000e+01 -1.000000000000000000e+01 1.375000000000000000e+00 1.250000000000000000e+00 -9.375000000000000000e-01
-9.000000357627868652e-02 -1.199999973177909851e-01 9.329999923706054688e+00 1.806250000000000000e+01 -7.287500000000000000e+01 -1.000000000000000000e+01 1.375000000000000000e+00 1.250000000000000000e+00 -9.375000000000000000e-01
-1.099999994039535522e-01 -2.599999904632568359e-01 9.250000000000000000e+00 1.806250000000000000e+01 -7.325000000000000000e+01 -1.000000000000000000e+01 -1.250000000000000000e-01 0.000000000000000000e+00 -3.125000000000000000e-01
-1.199999973177909851e-01 -3.000000119209289551e-01 9.329999923706054688e+00 1.806250000000000000e+01 -7.325000000000000000e+01 -1.000000000000000000e+01 2.125000000000000000e+00 -4.375000000000000000e-01 -7.500000000000000000e-01
-9.000000357627868652e-02 -1.899999976158142090e-01 9.439999580383300781e+00 1.806250000000000000e+01 -7.325000000000000000e+01 -1.000000000000000000e+01 3.812500000000000000e+00 -1.250000000000000000e+00 -8.750000000000000000e-01
-7.000000029802322388e-02 -1.500000059604644775e-01 9.489999771118164062e+00 1.806250000000000000e+01 -7.325000000000000000e+01 -1.000000000000000000e+01 4.562500000000000000e+00 -1.937500000000000000e+00 -1.125000000000000000e+00
-9.000000357627868652e-02 3.999999910593032837e-02 9.460000038146972656e+00 1.806250000000000000e+01 -7.325000000000000000e+01 -1.000000000000000000e+01 4.562500000000000000e+00 -1.937500000000000000e+00 -1.125000000000000000e+00
-5.999999865889549255e-02 4.399999976158142090e-01 8.979999542236328125e+00 1.837500000000000000e+01 -7.475000000000000000e+01 -8.000000000000000000e+00 4.437500000000000000e+00 -2.750000000000000000e+00 -1.125000000000000000e+00
-1.000000014901161194e-01 1.899999976158142090e-01 9.039999961853027344e+00 1.837500000000000000e+01 -7.475000000000000000e+01 -8.000000000000000000e+00 8.875000000000000000e+00 -4.187500000000000000e+00 5.000000000000000000e-01
-5.999999865889549255e-02 2.000000029802322388e-01 9.289999961853027344e+00 1.837500000000000000e+01 -7.475000000000000000e+01 -8.000000000000000000e+00 1.156250000000000000e+01 -3.750000000000000000e+00 8.750000000000000000e-01
0.000000000000000000e+00 2.099999934434890747e-01 9.539999961853027344e+00 1.837500000000000000e+01 -7.475000000000000000e+01 -8.000000000000000000e+00 1.275000000000000000e+01 -3.812500000000000000e+00 9.375000000000000000e-01
2.999999932944774628e-02 2.899999916553497314e-01 9.670000076293945312e+00 1.837500000000000000e+01 -7.475000000000000000e+01 -8.000000000000000000e+00 1.275000000000000000e+01 -3.812500000000000000e+00 9.375000000000000000e-01
1.099999994039535522e-01 3.600000143051147461e-01 9.609999656677246094e+00 1.800000000000000000e+01 -7.318750000000000000e+01 -8.375000000000000000e+00 1.243750000000000000e+01 -3.937500000000000000e+00 1.000000000000000000e+00
1.599999964237213135e-01 4.499999880790710449e-01 9.479999542236328125e+00 1.800000000000000000e+01 -7.318750000000000000e+01 -8.375000000000000000e+00 6.500000000000000000e+00 -3.625000000000000000e+00 1.875000000000000000e-01
2.199999988079071045e-01 5.699999928474426270e-01 9.399999618530273438e+00 1.800000000000000000e+01 -7.318750000000000000e+01 -8.375000000000000000e+00 1.125000000000000000e+00 -3.375000000000000000e+00 0.000000000000000000e+00
1.899999976158142090e-01 8.899999856948852539e-01 9.250000000000000000e+00 1.800000000000000000e+01 -7.318750000000000000e+01 -8.375000000000000000e+00 -6.312500000000000000e+00 -3.125000000000000000e+00 3.750000000000000000e-01
3.700000047683715820e-01 6.700000166893005371e-01 9.020000457763671875e+00 1.800000000000000000e+01 -7.318750000000000000e+01 -8.375000000000000000e+00 -6.312500000000000000e+00 -3.125000000000000000e+00 3.750000000000000000e-01
2.500000000000000000e-01 2.300000041723251343e-01 9.159999847412109375e+00 1.756250000000000000e+01 -7.400000000000000000e+01 -6.750000000000000000e+00 -1.062500000000000000e+01 -2.687500000000000000e+00 1.312500000000000000e+00
2.300000041723251343e-01 1.800000071525573730e-01 9.680000305175781250e+00 1.756250000000000000e+01 -7.400000000000000000e+01 -6.750000000000000000e+00 -1.168750000000000000e+01 -1.937500000000000000e+00 1.125000000000000000e+00
2.000000029802322388e-01 1.400000005960464478e-01 9.699999809265136719e+00 1.756250000000000000e+01 -7.400000000000000000e+01 -6.750000000000000000e+00 -1.287500000000000000e+01 -2.437500000000000000e+00 1.125000000000000000e+00
1.899999976158142090e-01 1.500000059604644775e-01 9.609999656677246094e+00 1.756250000000000000e+01 -7.400000000000000000e+01 -6.750000000000000000e+00 -1.368750000000000000e+01 -2.687500000000000000e+00 1.500000000000000000e+00
1.899999976158142090e-01 2.999999932944774628e-02 9.489999771118164062e+00 1.756250000000000000e+01 -7.400000000000000000e+01 -6.750000000000000000e+00 -1.368750000000000000e+01 -2.687500000000000000e+00 1.500000000000000000e+00
2.000000029802322388e-01 -1.800000071525573730e-01 9.270000457763671875e+00 1.825000000000000000e+01 -7.356250000000000000e+01 -8.000000000000000000e+00 -1.318750000000000000e+01 -2.312500000000000000e+00 1.625000000000000000e+00
1.199999973177909851e-01 -2.099999934434890747e-01 9.229999542236328125e+00 1.825000000000000000e+01 -7.356250000000000000e+01 -8.000000000000000000e+00 -7.250000000000000000e+00 -1.250000000000000000e+00 6.250000000000000000e-01
1.899999976158142090e-01 -2.599999904632568359e-01 9.210000038146972656e+00 1.825000000000000000e+01 -7.356250000000000000e+01 -8.000000000000000000e+00 -3.500000000000000000e+00 -2.500000000000000000e-01 6.250000000000000000e-02
1.700000017881393433e-01 -2.099999934434890747e-01 9.380000114440917969e+00 1.825000000000000000e+01 -7.356250000000000000e+01 -8.000000000000000000e+00 -3.062500000000000000e+00 1.250000000000000000e-01 -8.750000000000000000e-01
3.400000035762786865e-01 3.999999910593032837e-02 9.250000000000000000e+00 1.825000000000000000e+01 -7.356250000000000000e+01 -8.000000000000000000e+00 -3.062500000000000000e+00 1.250000000000000000e-01 -8.750000000000000000e-01
3.100000023841857910e-01 -1.400000005960464478e-01 9.180000305175781250e+00 1.825000000000000000e+01 -7.356250000000000000e+01 -6.750000000000000000e+00 -3.500000000000000000e+00 6.250000000000000000e-02 -8.125000000000000000e-01
2.399999946355819702e-01 -2.199999988079071045e-01 9.250000000000000000e+00 1.825000000000000000e+01 -7.356250000000000000e+01 -6.750000000000000000e+00 -3.125000000000000000e-01 1.062500000000000000e+00 -3.750000000000000000e-01
1.899999976158142090e-01 -2.099999934434890747e-01 9.369999885559082031e+00 1.825000000000000000e+01 -7.356250000000000000e+01 -6.750000000000000000e+00 2.000000000000000000e+00 1.062500000000000000e+00 -2.500000000000000000e-01
1.400000005960464478e-01 -2.000000029802322388e-01 9.390000343322753906e+00 1.825000000000000000e+01 -7.356250000000000000e+01 -6.750000000000000000e+00 3.625000000000000000e+00 1.500000000000000000e+00 -5.000000000000000000e-01
1.500000059604644775e-01 -2.000000029802322388e-01 9.390000343322753906e+00 1.825000000000000000e+01 -7.356250000000000000e+01 -6.750000000000000000e+00 3.625000000000000000e+00 1.500000000000000000e+00 -5.000000000000000000e-01
