-1.500000059604644775e-01 -2.000000029802322388e-01 9.399999618530273438e+00 8.500000000000000000e+00 -6.568750000000000000e+01 -2.118750000000000000e+01 2.031250000000000000e+01 -9.187500000000000000e+00 1.500000000000000000e+00
-2.800000011920928955e-01 -2.700000107288360596e-01 9.609999656677246094e+00 7.375000000000000000e+00 -6.568750000000000000e+01 -2.087500000000000000e+01 3.531250000000000000e+01 -1.118750000000000000e+01 2.937500000000000000e+00
-2.399999946355819702e-01 -5.199999809265136719e-01 9.600000381469726562e+00 7.375000000000000000e+00 -6.568750000000000000e+01 -2.087500000000000000e+01 5.187500000000000000e+01 -1.293750000000000000e+01 4.062500000000000000e+00
-4.000000059604644775e-01 -1.210000038146972656e+00 9.710000038146972656e+00 7.375000000000000000e+00 -6.568750000000000000e+01 -2.087500000000000000e+01 7.112500000000000000e+01 -1.581250000000000000e+01 3.562500000000000000e+00
-3.000000119209289551e-01 -9.599999785423278809e-01 9.840000152587890625e+00 7.375000000000000000e+00 -6.568750000000000000e+01 -2.087500000000000000e+01 8.906250000000000000e+01 -1.912500000000000000e+01 2.187500000000000000e+00
-3.300000131130218506e-01 -7.500000000000000000e-01 9.920000076293945312e+00 7.375000000000000000e+00 -6.568750000000000000e+01 -2.087500000000000000e+01 1.082500000000000000e+02 -2.125000000000000000e+01 1.250000000000000000e+00
-2.199999988079071045e-01 -4.099999964237213135e-01 1.011999988555908203e+01 8.062500000000000000e+00 -6.637500000000000000e+01 -1.756250000000000000e+01 1.302500000000000000e+02 -2.243750000000000000e+01 0.000000000000000000e+00
-3.000000119209289551e-01 -2.700000107288360596e-01 1.028999996185302734e+01 8.062500000000000000e+00 -6.637500000000000000e+01 -1.756250000000000000e+01 1.550000000000000000e+02 -2.356250000000000000e+01 -5.625000000000000000e-01
-1.400000005960464478e-01 5.099999904632568359e-01 1.061999988555908203e+01 8.062500000000000000e+00 -6.637500000000000000e+01 -1.756250000000000000e+01 1.841875000000000000e+02 -2.325000000000000000e+01 5.000000000000000000e-01
-2.300000041723251343e-01 5.699999928474426270e-01 1.117000007629394531e+01 8.062500000000000000e+00 -6.637500000000000000e+01 -1.756250000000000000e+01 2.171250000000000000e+02 -2.306250000000000000e+01 2.687500000000000000e+00
-2.199999988079071045e-01 2.599999904632568359e-01 1.126000022888183594e+01 8.062500000000000000e+00 -6.637500000000000000e+01 -1.756250000000000000e+01 2.478125000000000000e+02 -2.575000000000000000e+01 3.125000000000000000e+00
-1.500000059604644775e-01 -1.400000005960464478e-01 1.105000019073486328e+01 7.750000000000000000e+00 -6.818750000000000000e+01 -1.068750000000000000e+01 2.706875000000000000e+02 -2.762500000000000000e+01 -6.875000000000000000e-01
1.899999976158142090e-01 3.999999910593032837e-02 9.949999809265136719e+00 7.750000000000000000e+00 -6.818750000000000000e+01 -1.068750000000000000e+01 2.851250000000000000e+02 -2.775000000000000000e+01 -9.437500000000000000e+00
3.700000047683715820e-01 7.099999785423278809e-01 9.430000305175781250e+00 7.750000000000000000e+00 -6.818750000000000000e+01 -1.068750000000000000e+01 2.956875000000000000e+02 -2.687500000000000000e+01 -1.987500000000000000e+01
5.500000119209289551e-01 1.110000014305114746e+00 8.890000343322753906e+00 7.750000000000000000e+00 -6.818750000000000000e+01 -1.068750000000000000e+01 3.025625000000000000e+02 -2.418750000000000000e+01 -2.937500000000000000e+01
8.999999761581420898e-01 1.980000019073486328e+00 7.710000038146972656e+00 7.750000000000000000e+00 -6.818750000000000000e+01 -1.068750000000000000e+01 3.010625000000000000e+02 -2.043750000000000000e+01 -3.981250000000000000e+01
1.090000033378601074e+00 2.890000104904174805e+00 7.010000228881835938e+00 7.750000000000000000e+00 -6.818750000000000000e+01 -1.068750000000000000e+01 2.901875000000000000e+02 -1.675000000000000000e+01 -4.981250000000000000e+01
1.210000038146972656e+00 3.980000019073486328e+00 6.389999866485595703e+00 8.375000000000000000e+00 -7.006250000000000000e+01 2.750000000000000000e+00 2.721250000000000000e+02 -1.237500000000000000e+01 -5.625000000000000000e+01
1.120000004768371582e+00 5.000000000000000000e+00 5.760000228881835938e+00 8.375000000000000000e+00 -7.006250000000000000e+01 2.750000000000000000e+00 2.483125000000000000e+02 -7.250000000000000000e+00 -5.793750000000000000e+01
8.100000023841857910e-01 6.809999942779541016e+00 4.960000038146972656e+00 8.375000000000000000e+00 -7.006250000000000000e+01 2.750000000000000000e+00 2.200625000000000000e+02 -1.875000000000000000e-01 -5.493750000000000000e+01
8.000000119209289551e-01 7.360000133514404297e+00 4.840000152587890625e+00 8.375000000000000000e+00 -7.006250000000000000e+01 2.750000000000000000e+00 1.914375000000000000e+02 6.562500000000000000e+00 -4.887500000000000000e+01
1.929999947547912598e+00 1.017000007629394531e+01 -1.679999947547912598e+00 8.375000000000000000e+00 -7.006250000000000000e+01 2.750000000000000000e+00 1.501250000000000000e+02 2.087500000000000000e+01 -3.387500000000000000e+01
-9.599999785423278809e-01 8.329999923706054688e+00 -2.029999971389770508e+00 9.875000000000000000e+00 -6.606250000000000000e+01 2.056250000000000000e+01 8.562500000000000000e+01 4.200000000000000000e+01 -2.118750000000000000e+01
1.039999961853027344e+00 9.390000343322753906e+00 9.039999961853027344e+00 9.875000000000000000e+00 -6.606250000000000000e+01 2.056250000000000000e+01 3.162500000000000000e+01 4.325000000000000000e+01 -1.725000000000000000e+01
6.200000047683715820e-01 7.980000019073486328e+00 8.670000076293945312e+00 9.875000000000000000e+00 -6.606250000000000000e+01 2.056250000000000000e+01 8.875000000000000000e+00 2.293750000000000000e+01 -1.618750000000000000e+01
-1.800000071525573730e-01 7.769999980926513672e+00 8.159999847412109375e+00 9.875000000000000000e+00 -6.606250000000000000e+01 2.056250000000000000e+01 4.250000000000000000e+00 1.037500000000000000e+01 -1.950000000000000000e+01
-1.460000038146972656e+00 7.800000190734863281e+00 6.199999809265136719e+00 1.168750000000000000e+01 -6.025000000000000000e+01 2.856250000000000000e+01 -4.875000000000000000e+00 7.500000000000000000e+00 -1.450000000000000000e+01
-1.250000000000000000e+00 6.340000152587890625e+00 6.730000019073486328e+00 1.168750000000000000e+01 -6.025000000000000000e+01 2.856250000000000000e+01 -1.243750000000000000e+01 1.206250000000000000e+01 -7.125000000000000000e+00
-9.200000166893005371e-01 5.269999980926513672e+00 7.539999961853027344e+00 1.168750000000000000e+01 -6.025000000000000000e+01 2.856250000000000000e+01 -1.100000000000000000e+01 1.356250000000000000e+01 -6.500000000000000000e+00
-6.399999856948852539e-01 4.929999828338623047e+00 8.000000000000000000e+00 1.168750000000000000e+01 -6.025000000000000000e+01 2.856250000000000000e+01 -3.375000000000000000e+00 9.562500000000000000e+00 -9.937500000000000000e+00
-4.000000059604644775e-01 5.539999961853027344e+00 7.510000228881835938e+00 1.168750000000000000e+01 -6.025000000000000000e+01 2.856250000000000000e+01 2.625000000000000000e+00 3.125000000000000000e+00 -1.106250000000000000e+01
-3.799999952316284180e-01 5.630000114440917969e+00 7.239999771118164062e+00 1.168750000000000000e+01 -6.025000000000000000e+01 2.856250000000000000e+01 2.812500000000000000e+00 -1.875000000000000000e+00 -9.437500000000000000e+00
-2.800000011920928955e-01 5.699999809265136719e+00 7.280000209808349609e+00 1.100000000000000000e+01 -6.068750000000000000e+01 2.800000000000000000e+01 -1.250000000000000000e-01 -6.687500000000000000e+00 -9.375000000000000000e+00
-2.800000011920928955e-01 6.219999790191650391e+00 7.179999828338623047e+00 1.100000000000000000e+01 -6.068750000000000000e+01 2.800000000000000000e+01 -2.875000000000000000e+00 -1.131250000000000000e+01 -8.937500000000000000e+00
-6.499999761581420898e-01 7.420000076293945312e+00 6.610000133514404297e+00 1.100000000000000000e+01 -6.068750000000000000e+01 2.800000000000000000e+01 -3.250000000000000000e+00 -1.200000000000000000e+01 -4.437500000000000000e+00
-6.399999856948852539e-01 7.039999961853027344e+00 6.559999942779541016e+00 1.100000000000000000e+01 -6.068750000000000000e+01 2.800000000000000000e+01 -2.250000000000000000e+00 -9.562500000000000000e+00 2.812500000000000000e+00
-5.199999809265136719e-01 6.130000114440917969e+00 6.650000095367431641e+00 1.100000000000000000e+01 -6.068750000000000000e+01 2.800000000000000000e+01 -1.562500000000000000e+00 -6.000000000000000000e+00 6.500000000000000000e+00
-2.199999988079071045e-01 5.659999847412109375e+00 7.110000133514404297e+00 1.106250000000000000e+01 -6.025000000000000000e+01 2.718750000000000000e+01 -3.062500000000000000e+00 -4.062500000000000000e+00 5.625000000000000000e+00
-2.999999932944774628e-02 5.880000114440917969e+00 6.900000095367431641e+00 1.106250000000000000e+01 -6.025000000000000000e+01 2.718750000000000000e+01 -8.500000000000000000e+00 -3.250000000000000000e+00 4.250000000000000000e+00
1.199999973177909851e-01 6.099999904632568359e+00 6.730000019073486328e+00 1.106250000000000000e+01 -6.025000000000000000e+01 2.718750000000000000e+01 -1.718750000000000000e+01 -1.375000000000000000e+00 3.500000000000000000e+00
2.500000000000000000e-01 6.190000057220458984e+00 6.510000228881835938e+00 1.106250000000000000e+01 -6.025000000000000000e+01 2.718750000000000000e+01 -3.018750000000000000e+01 5.625000000000000000e-01 3.062500000000000000e+00
4.199999868869781494e-01 6.280000209808349609e+00 5.949999809265136719e+00 1.106250000000000000e+01 -6.025000000000000000e+01 2.718750000000000000e+01 -4.925000000000000000e+01 3.750000000000000000e+00 2.687500000000000000e+00
4.300000071525573730e-01 6.340000152587890625e+00 5.750000000000000000e+00 1.150000000000000000e+01 -6.056250000000000000e+01 2.756250000000000000e+01 -7.512500000000000000e+01 7.937500000000000000e+00 2.937500000000000000e+00
4.199999868869781494e-01 6.469999790191650391e+00 5.610000133514404297e+00 1.150000000000000000e+01 -6.056250000000000000e+01 2.756250000000000000e+01 -1.086250000000000000e+02 1.281250000000000000e+01 3.625000000000000000e+00
2.700000107288360596e-01 7.010000228881835938e+00 5.400000095367431641e+00 1.150000000000000000e+01 -6.056250000000000000e+01 2.756250000000000000e+01 -1.476875000000000000e+02 1.812500000000000000e+01 5.750000000000000000e+00
1.400000005960464478e-01 7.039999961853027344e+00 5.489999771118164062e+00 1.150000000000000000e+01 -6.056250000000000000e+01 2.756250000000000000e+01 -1.878750000000000000e+02 2.362500000000000000e+01 1.012500000000000000e+01
0.000000000000000000e+00 6.869999885559082031e+00 5.780000209808349609e+00 1.150000000000000000e+01 -6.056250000000000000e+01 2.756250000000000000e+01 -2.263750000000000000e+02 2.912500000000000000e+01 1.493750000000000000e+01
-5.000000074505805969e-02 6.429999828338623047e+00 6.280000209808349609e+00 1.150000000000000000e+01 -6.275000000000000000e+01 2.475000000000000000e+01 -2.615625000000000000e+02 3.381250000000000000e+01 1.931250000000000000e+01
-3.100000023841857910e-01 4.610000133514404297e+00 7.389999866485595703e+00 1.150000000000000000e+01 -6.275000000000000000e+01 2.475000000000000000e+01 -2.936875000000000000e+02 3.650000000000000000e+01 2.237500000000000000e+01
-3.899999856948852539e-01 3.700000047683715820e+00 7.989999771118164062e+00 1.150000000000000000e+01 -6.275000000000000000e+01 2.475000000000000000e+01 -3.204375000000000000e+02 3.693750000000000000e+01 2.187500000000000000e+01
-4.699999988079071045e-01 3.019999980926513672e+00 8.560000419616699219e+00 1.150000000000000000e+01 -6.275000000000000000e+01 2.475000000000000000e+01 -3.401875000000000000e+02 3.462500000000000000e+01 1.856250000000000000e+01
-7.200000286102294922e-01 2.200000047683715820e+00 9.590000152587890625e+00 1.150000000000000000e+01 -6.275000000000000000e+01 2.475000000000000000e+01 -3.519375000000000000e+02 2.825000000000000000e+01 1.443750000000000000e+01
-7.300000190734863281e-01 1.159999966621398926e+00 1.110999965667724609e+01 1.106250000000000000e+01 -6.756250000000000000e+01 1.187500000000000000e+01 -3.505000000000000000e+02 1.762500000000000000e+01 9.375000000000000000e+00
-1.070000052452087402e+00 5.199999809265136719e-01 1.226000022888183594e+01 1.106250000000000000e+01 -6.756250000000000000e+01 1.187500000000000000e+01 -3.286250000000000000e+02 5.000000000000000000e+00 4.875000000000000000e+00
-1.210000038146972656e+00 2.000000029802322388e-01 1.267000007629394531e+01 1.106250000000000000e+01 -6.756250000000000000e+01 1.187500000000000000e+01 -2.812500000000000000e+02 -1.106250000000000000e+01 5.625000000000000000e-01
-1.080000042915344238e+00 2.800000011920928955e-01 1.097000026702880859e+01 1.106250000000000000e+01 -6.756250000000000000e+01 1.187500000000000000e+01 -2.217500000000000000e+02 -2.318750000000000000e+01 -4.250000000000000000e+00
-9.900000095367431641e-01 2.099999934434890747e-01 9.859999656677246094e+00 1.106250000000000000e+01 -6.756250000000000000e+01 1.187500000000000000e+01 -1.711250000000000000e+02 -2.337500000000000000e+01 -8.000000000000000000e+00
-1.080000042915344238e+00 -3.300000131130218506e-01 9.289999961853027344e+00 9.875000000000000000e+00 -6.856250000000000000e+01 -6.187500000000000000e+00 -1.305625000000000000e+02 -1.681250000000000000e+01 -7.437500000000000000e+00
-8.500000238418579102e-01 -1.070000052452087402e+00 8.899999618530273438e+00 9.875000000000000000e+00 -6.856250000000000000e+01 -6.187500000000000000e+00 -9.506250000000000000e+01 -1.050000000000000000e+01 -6.812500000000000000e+00
-4.699999988079071045e-01 -2.000000000000000000e+00 8.850000381469726562e+00 9.875000000000000000e+00 -6.856250000000000000e+01 -6.187500000000000000e+00 -6.343750000000000000e+01 -5.312500000000000000e+00 -6.562500000000000000e+00
-1.700000017881393433e-01 -2.000000000000000000e+00 9.000000000000000000e+00 9.875000000000000000e+00 -6.856250000000000000e+01 -6.187500000000000000e+00 -3.556250000000000000e+01 -2.812500000000000000e+00 -7.375000000000000000e+00
3.999999910593032837e-02 -1.580000042915344238e+00 9.170000076293945312e+00 9.875000000000000000e+00 -6.856250000000000000e+01 -6.187500000000000000e+00 -1.250000000000000000e+01 -2.125000000000000000e+00 -6.375000000000000000e+00
7.999999821186065674e-02 -1.120000004768371582e+00 9.220000267028808594e+00 9.500000000000000000e+00 -6.650000000000000000e+01 -1.700000000000000000e+01 5.312500000000000000e+00 -2.625000000000000000e+00 -3.875000000000000000e+00
3.999999910593032837e-02 -7.300000190734863281e-01 9.170000076293945312e+00 9.500000000000000000e+00 -6.650000000000000000e+01 -1.700000000000000000e+01 2.200000000000000000e+01 -3.562500000000000000e+00 -2.500000000000000000e+00
3.999999910593032837e-02 -6.000000238418579102e-01 9.270000457763671875e+00 9.500000000000000000e+00 -6.650000000000000000e+01 -1.700000000000000000e+01 3.531250000000000000e+01 -3.437500000000000000e+00 -2.625000000000000000e+00
-9.999999776482582092e-03 -3.400000035762786865e-01 9.350000381469726562e+00 9.500000000000000000e+00 -6.650000000000000000e+01 -1.700000000000000000e+01 4.362500000000000000e+01 -3.625000000000000000e+00 -2.500000000000000000e+00
-1.099999994039535522e-01 1.199999973177909851e-01 9.520000457763671875e+00 9.500000000000000000e+00 -6.650000000000000000e+01 -1.700000000000000000e+01 4.656250000000000000e+01 -3.312500000000000000e+00 -2.375000000000000000e+00
-1.599999964237213135e-01 2.899999916553497314e-01 9.579999923706054688e+00 1.068750000000000000e+01 -6.650000000000000000e+01 -1.775000000000000000e+01 4.568750000000000000e+01 -2.687500000000000000e+00 -1.750000000000000000e+00
-2.199999988079071045e-01 5.299999713897705078e-01 9.539999961853027344e+00 1.068750000000000000e+01 -6.650000000000000000e+01 -1.775000000000000000e+01 4.218750000000000000e+01 -1.937500000000000000e+00 -1.687500000000000000e+00
-2.500000000000000000e-01 7.500000000000000000e-01 9.430000305175781250e+00 1.068750000000000000e+01 -6.650000000000000000e+01 -1.775000000000000000e+01 3.743750000000000000e+01 -1.000000000000000000e+00 -1.937500000000000000e+00
-2.000000029802322388e-01 8.600000143051147461e-01 9.439999580383300781e+00 1.068750000000000000e+01 -6.650000000000000000e+01 -1.775000000000000000e+01 3.131250000000000000e+01 1.875000000000000000e-01 -1.875000000000000000e+00
-1.700000017881393433e-01 9.100000262260437012e-01 9.489999771118164062e+00 1.068750000000000000e+01 -6.650000000000000000e+01 -1.775000000000000000e+01 2.387500000000000000e+01 1.375000000000000000e+00 -1.812500000000000000e+00
-1.099999994039535522e-01 9.300000071525573730e-01 9.479999542236328125e+00 1.068750000000000000e+01 -6.718750000000000000e+01 -1.618750000000000000e+01 1.537500000000000000e+01 1.500000000000000000e+00 -1.625000000000000000e+00
-2.000000029802322388e-01 1.059999942779541016e+00 9.369999885559082031e+00 1.068750000000000000e+01 -6.718750000000000000e+01 -1.618750000000000000e+01 6.000000000000000000e+00 1.250000000000000000e+00 -9.375000000000000000e-01
-2.199999988079071045e-01 7.900000214576721191e-01 9.170000076293945312e+00 1.068750000000000000e+01 -6.718750000000000000e+01 -1.618750000000000000e+01 -2.687500000000000000e+00 6.875000000000000000e-01 1.250000000000000000e-01
-1.700000017881393433e-01 5.600000023841857910e-01 9.300000190734863281e+00 1.068750000000000000e+01 -6.718750000000000000e+01 -1.618750000000000000e+01 -9.687500000000000000e+00 9.375000000000000000e-01 5.625000000000000000e-01
-2.099999934434890747e-01 4.699999988079071045e-01 9.399999618530273438e+00 1.068750000000000000e+01 -6.718750000000000000e+01 -1.618750000000000000e+01 -1.406250000000000000e+01 5.000000000000000000e-01 5.625000000000000000e-01
-2.300000041723251343e-01 3.199999928474426270e-01 9.520000457763671875e+00 1.068750000000000000e+01 -6.706250000000000000e+01 -1.418750000000000000e+01 -1.662500000000000000e+01 -4.375000000000000000e-01 8.125000000000000000e-01
-3.000000119209289551e-01 2.099999934434890747e-01 9.479999542236328125e+00 1.068750000000000000e+01 -6.706250000000000000e+01 -1.418750000000000000e+01 -1.743750000000000000e+01 -1.375000000000000000e+00 1.125000000000000000e+00
-3.799999952316284180e-01 2.000000029802322388e-01 9.350000381469726562e+00 1.068750000000000000e+01 -6.706250000000000000e+01 -1.418750000000000000e+01 -1.618750000000000000e+01 -2.437500000000000000e+00 7.500000000000000000e-01
-3.700000047683715820e-01 1.000000014901161194e-01 9.300000190734863281e+00 1.068750000000000000e+01 -6.706250000000000000e+01 -1.418750000000000000e+01 -1.243750000000000000e+01 -3.375000000000000000e+00 1.875000000000000000e-01
-3.600000143051147461e-01 -5.999999865889549255e-02 9.439999580383300781e+00 1.068750000000000000e+01 -6.706250000000000000e+01 -1.418750000000000000e+01 -7.687500000000000000e+00 -3.125000000000000000e+00 -1.875000000000000000e-01
-3.100000023841857910e-01 -5.999999865889549255e-02 9.510000228881835938e+00 1.025000000000000000e+01 -6.706250000000000000e+01 -1.418750000000000000e+01 -2.437500000000000000e+00 -3.125000000000000000e+00 -9.375000000000000000e-01
-2.700000107288360596e-01 3.999999910593032837e-02 9.500000000000000000e+00 1.025000000000000000e+01 -6.706250000000000000e+01 -1.418750000000000000e+01 2.187500000000000000e+00 -3.312500000000000000e+00 -1.437500000000000000e+00
-2.599999904632568359e-01 1.700000017881393433e-01 9.439999580383300781e+00 1.025000000000000000e+01 -6.706250000000000000e+01 -1.418750000000000000e+01 5.562500000000000000e+00 -3.437500000000000000e+00 -1.625000000000000000e+00
-2.300000041723251343e-01 5.299999713897705078e-01 9.229999542236328125e+00 1.025000000000000000e+01 -6.706250000000000000e+01 -1.418750000000000000e+01 7.062500000000000000e+00 -3.562500000000000000e+00 -1.312500000000000000e+00
-4.600000083446502686e-01 6.200000047683715820e-01 9.189999580383300781e+00 1.025000000000000000e+01 -6.706250000000000000e+01 -1.418750000000000000e+01 7.062500000000000000e+00 -3.562500000000000000e+00 -1.312500000000000000e+00
-3.700000047683715820e-01 5.000000000000000000e-01 9.170000076293945312e+00 1.068750000000000000e+01 -6.706250000000000000e+01 -1.575000000000000000e+01 7.562500000000000000e+00 -4.062500000000000000e+00 -8.750000000000000000e-01
-2.700000107288360596e-01 6.000000238418579102e-01 9.430000305175781250e+00 1.068750000000000000e+01 -6.706250000000000000e+01 -1.575000000000000000e+01 1.031250000000000000e+01 -3.000000000000000000e+00 9.375000000000000000e-01
-2.599999904632568359e-01 6.999999880790710449e-01 9.500000000000000000e+00 1.068750000000000000e+01 -6.706250000000000000e+01 -1.575000000000000000e+01 1.031250000000000000e+01 -2.687500000000000000e+00 1.250000000000000000e+00
-2.500000000000000000e-01 8.100000023841857910e-01 9.430000305175781250e+00 1.068750000000000000e+01 -6.706250000000000000e+01 -1.575000000000000000e+01 9.062500000000000000e+00 -2.625000000000000000e+00 1.875000000000000000e+00
-2.500000000000000000e-01 8.799999952316284180e-01 9.359999656677246094e+00 1.068750000000000000e+01 -6.706250000000000000e+01 -1.575000000000000000e+01 9.062500000000000000e+00 -2.625000000000000000e+00 1.875000000000000000e+00
-2.000000029802322388e-01 8.000000119209289551e-01 9.300000190734863281e+00 1.100000000000000000e+01 -6.600000000000000000e+01 -1.318750000000000000e+01 6.687500000000000000e+00 -1.812500000000000000e+00 1.875000000000000000e+00
-1.400000005960464478e-01 8.399999737739562988e-01 9.340000152587890625e+00 1.100000000000000000e+01 -6.600000000000000000e+01 -1.318750000000000000e+01 5.562500000000000000e+00 -8.750000000000000000e-01 1.125000000000000000e+00
-1.400000005960464478e-01 8.399999737739562988e-01 9.380000114440917969e+00 1.100000000000000000e+01 -6.600000000000000000e+01 -1.318750000000000000e+01 3.750000000000000000e+00 -3.125000000000000000e-01 9.375000000000000000e-01
-1.099999994039535522e-01 8.600000143051147461e-01 9.329999923706054688e+00 1.100000000000000000e+01 -6.600000000000000000e+01 -1.318750000000000000e+01 8.750000000000000000e-01 3.125000000000000000e-01 1.250000000000000000e+00
-1.299999952316284180e-01 6.899999976158142090e-01 9.340000152587890625e+00 1.100000000000000000e+01 -6.600000000000000000e+01 -1.318750000000000000e+01 8.750000000000000000e-01 3.125000000000000000e-01 1.250000000000000000e+00
-1.400000005960464478e-01 6.600000262260437012e-01 9.409999847412109375e+00 9.875000000000000000e+00 -6.706250000000000000e+01 -1.250000000000000000e+01 -2.000000000000000000e+00 6.250000000000000000e-01 1.750000000000000000e+00
-1.299999952316284180e-01 6.399999856948852539e-01 9.409999847412109375e+00 9.875000000000000000e+00 -6.706250000000000000e+01 -1.250000000000000000e+01 -5.312500000000000000e+00 8.125000000000000000e-01 1.062500000000000000e+00
-2.199999988079071045e-01 6.700000166893005371e-01 9.310000419616699219e+00 9.875000000000000000e+00 -6.706250000000000000e+01 -1.250000000000000000e+01 -6.500000000000000000e+00 5.000000000000000000e-01 1.250000000000000000e+00
