-6.999999880790710449e-01 2.399999946355819702e-01 1.221000003814697266e+01 8.500000000000000000e+00 -6.487500000000000000e+01 -1.800000000000000000e+01 -1.118750000000000000e+01 -6.662500000000000000e+01 1.418750000000000000e+01
-6.999999880790710449e-01 2.399999946355819702e-01 1.221000003814697266e+01 7.750000000000000000e+00 -6.525000000000000000e+01 -1.800000000000000000e+01 -1.087500000000000000e+01 -8.325000000000000000e+01 1.925000000000000000e+01
-8.100000023841857910e-01 -2.500000000000000000e-01 1.228999996185302734e+01 7.750000000000000000e+00 -6.525000000000000000e+01 -1.800000000000000000e+01 -8.250000000000000000e+00 -1.067500000000000000e+02 2.437500000000000000e+01
-7.599999904632568359e-01 -6.700000166893005371e-01 1.251000022888183594e+01 7.750000000000000000e+00 -6.525000000000000000e+01 -1.800000000000000000e+01 -3.125000000000000000e-01 -1.291250000000000000e+02 2.687500000000000000e+01
-7.400000095367431641e-01 -5.899999737739562988e-01 1.317000007629394531e+01 7.750000000000000000e+00 -6.525000000000000000e+01 -1.800000000000000000e+01 8.562500000000000000e+00 -1.505625000000000000e+02 2.687500000000000000e+01
-6.399999856948852539e-01 -2.000000029802322388e-01 1.307999992370605469e+01 7.750000000000000000e+00 -6.525000000000000000e+01 -1.800000000000000000e+01 1.312500000000000000e+01 -1.736875000000000000e+02 2.681250000000000000e+01
-6.399999856948852539e-01 -2.000000029802322388e-01 1.307999992370605469e+01 5.187500000000000000e+00 -6.637500000000000000e+01 -1.875000000000000000e+01 1.356250000000000000e+01 -1.985000000000000000e+02 2.843750000000000000e+01
9.900000095367431641e-01 4.000000059604644775e-01 9.670000076293945312e+00 5.187500000000000000e+00 -6.637500000000000000e+01 -1.875000000000000000e+01 1.343750000000000000e+01 -2.182500000000000000e+02 3.337500000000000000e+01
1.200000047683715820e+00 4.699999988079071045e-01 9.220000267028808594e+00 5.187500000000000000e+00 -6.637500000000000000e+01 -1.875000000000000000e+01 1.256250000000000000e+01 -2.210000000000000000e+02 3.937500000000000000e+01
1.299999952316284180e+00 -1.199999973177909851e-01 8.710000038146972656e+00 5.187500000000000000e+00 -6.637500000000000000e+01 -1.875000000000000000e+01 6.062500000000000000e+00 -2.138125000000000000e+02 4.581250000000000000e+01
1.659999966621398926e+00 -5.699999928474426270e-01 8.079999923706054688e+00 5.187500000000000000e+00 -6.637500000000000000e+01 -1.875000000000000000e+01 -3.687500000000000000e+00 -2.033125000000000000e+02 4.831250000000000000e+01
1.659999966621398926e+00 -5.699999928474426270e-01 8.079999923706054688e+00 1.062500000000000000e+00 -7.037500000000000000e+01 -1.756250000000000000e+01 -1.287500000000000000e+01 -1.876250000000000000e+02 4.431250000000000000e+01
2.359999895095825195e+00 -1.299999952316284180e-01 7.099999904632568359e+00 1.062500000000000000e+00 -7.037500000000000000e+01 -1.756250000000000000e+01 -2.356250000000000000e+01 -1.661875000000000000e+02 4.000000000000000000e+01
2.779999971389770508e+00 -3.999999910593032837e-02 6.199999809265136719e+00 1.062500000000000000e+00 -7.037500000000000000e+01 -1.756250000000000000e+01 -2.831250000000000000e+01 -1.428750000000000000e+02 3.625000000000000000e+01
3.829999923706054688e+00 -9.000000357627868652e-02 5.980000019073486328e+00 1.062500000000000000e+00 -7.037500000000000000e+01 -1.756250000000000000e+01 -2.250000000000000000e+01 -1.218750000000000000e+02 3.106250000000000000e+01
4.429999828338623047e+00 -1.199999973177909851e-01 6.420000076293945312e+00 1.062500000000000000e+00 -7.037500000000000000e+01 -1.756250000000000000e+01 -1.343750000000000000e+01 -1.044375000000000000e+02 2.575000000000000000e+01
5.389999866485595703e+00 -2.000000029802322388e-01 7.190000057220458984e+00 -3.250000000000000000e+00 -7.450000000000000000e+01 -1.875000000000000000e+01 -6.625000000000000000e+00 -9.250000000000000000e+01 2.293750000000000000e+01
5.500000000000000000e+00 -3.100000023841857910e-01 7.320000171661376953e+00 -3.250000000000000000e+00 -7.450000000000000000e+01 -1.875000000000000000e+01 -2.562500000000000000e+00 -8.537500000000000000e+01 2.150000000000000000e+01
5.199999809265136719e+00 -4.499999880790710449e-01 7.130000114440917969e+00 -3.250000000000000000e+00 -7.450000000000000000e+01 -1.875000000000000000e+01 4.375000000000000000e-01 -7.968750000000000000e+01 2.087500000000000000e+01
5.320000171661376953e+00 -1.070000052452087402e+00 6.590000152587890625e+00 -3.250000000000000000e+00 -7.450000000000000000e+01 -1.875000000000000000e+01 3.312500000000000000e+00 -7.337500000000000000e+01 1.968750000000000000e+01
5.079999923706054688e+00 -1.460000038146972656e+00 6.179999828338623047e+00 -3.250000000000000000e+00 -7.450000000000000000e+01 -1.875000000000000000e+01 5.812500000000000000e+00 -6.656250000000000000e+01 1.737500000000000000e+01
5.010000228881835938e+00 -1.769999980926513672e+00 5.619999885559082031e+00 -6.250000000000000000e+00 -7.668750000000000000e+01 -2.000000000000000000e+01 7.875000000000000000e+00 -5.793750000000000000e+01 1.306250000000000000e+01
4.849999904632568359e+00 -2.000000000000000000e+00 5.130000114440917969e+00 -6.250000000000000000e+00 -7.668750000000000000e+01 -2.000000000000000000e+01 1.087500000000000000e+01 -4.643750000000000000e+01 6.125000000000000000e+00
4.679999828338623047e+00 -2.349999904632568359e+00 4.420000076293945312e+00 -6.250000000000000000e+00 -7.668750000000000000e+01 -2.000000000000000000e+01 1.468750000000000000e+01 -3.206250000000000000e+01 -1.625000000000000000e+00
4.699999809265136719e+00 -2.059999942779541016e+00 4.349999904632568359e+00 -6.250000000000000000e+00 -7.668750000000000000e+01 -2.000000000000000000e+01 1.631250000000000000e+01 -1.631250000000000000e+01 -8.187500000000000000e+00
4.690000057220458984e+00 -1.769999980926513672e+00 4.250000000000000000e+00 -6.250000000000000000e+00 -7.668750000000000000e+01 -2.000000000000000000e+01 1.531250000000000000e+01 -7.500000000000000000e-01 -1.231250000000000000e+01
4.389999866485595703e+00 -1.649999976158142090e+00 3.990000009536743164e+00 -8.375000000000000000e+00 -7.818750000000000000e+01 -2.150000000000000000e+01 1.418750000000000000e+01 1.618750000000000000e+01 -1.506250000000000000e+01
4.260000228881835938e+00 -1.730000019073486328e+00 3.880000114440917969e+00 -8.375000000000000000e+00 -7.818750000000000000e+01 -2.150000000000000000e+01 1.418750000000000000e+01 3.481250000000000000e+01 -1.868750000000000000e+01
4.340000152587890625e+00 -1.580000042915344238e+00 3.980000019073486328e+00 -8.375000000000000000e+00 -7.818750000000000000e+01 -2.150000000000000000e+01 1.375000000000000000e+01 5.468750000000000000e+01 -2.337500000000000000e+01
4.050000190734863281e+00 -1.539999961853027344e+00 4.269999980926513672e+00 -8.375000000000000000e+00 -7.818750000000000000e+01 -2.150000000000000000e+01 1.450000000000000000e+01 7.200000000000000000e+01 -2.806250000000000000e+01
3.859999895095825195e+00 -9.499999880790710449e-01 4.630000114440917969e+00 -8.375000000000000000e+00 -7.818750000000000000e+01 -2.150000000000000000e+01 1.631250000000000000e+01 8.693750000000000000e+01 -3.206250000000000000e+01
3.579999923706054688e+00 -7.699999809265136719e-01 4.699999809265136719e+00 -6.562500000000000000e+00 -7.925000000000000000e+01 -2.025000000000000000e+01 1.781250000000000000e+01 1.026250000000000000e+02 -3.518750000000000000e+01
3.460000038146972656e+00 -5.600000023841857910e-01 4.670000076293945312e+00 -6.562500000000000000e+00 -7.925000000000000000e+01 -2.025000000000000000e+01 1.831250000000000000e+01 1.194375000000000000e+02 -3.725000000000000000e+01
3.200000047683715820e+00 -1.599999964237213135e-01 4.639999866485595703e+00 -6.562500000000000000e+00 -7.925000000000000000e+01 -2.025000000000000000e+01 1.850000000000000000e+01 1.393125000000000000e+02 -3.768750000000000000e+01
3.849999904632568359e+00 6.700000166893005371e-01 5.539999961853027344e+00 -6.562500000000000000e+00 -7.925000000000000000e+01 -2.025000000000000000e+01 1.737500000000000000e+01 1.648125000000000000e+02 -3.650000000000000000e+01
3.430000066757202148e+00 1.080000042915344238e+00 6.949999809265136719e+00 -6.562500000000000000e+00 -7.925000000000000000e+01 -2.025000000000000000e+01 1.037500000000000000e+01 1.880000000000000000e+02 -3.168750000000000000e+01
2.950000047683715820e+00 1.320000052452087402e+00 8.210000038146972656e+00 -6.562500000000000000e+00 -7.925000000000000000e+01 -2.025000000000000000e+01 2.562500000000000000e+00 2.026875000000000000e+02 -2.456250000000000000e+01
3.059999942779541016e+00 1.470000028610229492e+00 9.600000381469726562e+00 -2.062500000000000000e+00 -7.775000000000000000e+01 -1.737500000000000000e+01 -6.062500000000000000e+00 2.103125000000000000e+02 -1.606250000000000000e+01
2.480000019073486328e+00 1.720000028610229492e+00 1.286999988555908203e+01 -2.062500000000000000e+00 -7.775000000000000000e+01 -1.737500000000000000e+01 -1.875000000000000000e+01 2.096875000000000000e+02 -5.500000000000000000e+00
2.109999895095825195e+00 1.509999990463256836e+00 1.364000034332275391e+01 -2.062500000000000000e+00 -7.775000000000000000e+01 -1.737500000000000000e+01 -2.987500000000000000e+01 1.949375000000000000e+02 3.437500000000000000e+00
1.610000014305114746e+00 7.400000095367431641e-01 1.435000038146972656e+01 -2.062500000000000000e+00 -7.775000000000000000e+01 -1.737500000000000000e+01 -3.350000000000000000e+01 1.725625000000000000e+02 9.250000000000000000e+00
1.129999995231628418e+00 -5.099999904632568359e-01 1.339999961853027344e+01 2.687500000000000000e+00 -7.137500000000000000e+01 -1.656250000000000000e+01 -3.293750000000000000e+01 1.485625000000000000e+02 9.750000000000000000e+00
9.700000286102294922e-01 -8.500000238418579102e-01 1.214000034332275391e+01 2.687500000000000000e+00 -7.137500000000000000e+01 -1.656250000000000000e+01 -2.881250000000000000e+01 1.294375000000000000e+02 6.187500000000000000e+00
6.499999761581420898e-01 -1.019999980926513672e+00 1.097999954223632812e+01 2.687500000000000000e+00 -7.137500000000000000e+01 -1.656250000000000000e+01 -2.250000000000000000e+01 1.194375000000000000e+02 2.000000000000000000e+00
3.499999940395355225e-01 -9.800000190734863281e-01 1.002999973297119141e+01 2.687500000000000000e+00 -7.137500000000000000e+01 -1.656250000000000000e+01 -1.562500000000000000e+01 1.159375000000000000e+02 -1.687500000000000000e+00
0.000000000000000000e+00 -1.009999990463256836e+00 9.500000000000000000e+00 2.687500000000000000e+00 -7.137500000000000000e+01 -1.656250000000000000e+01 -6.625000000000000000e+00 1.139375000000000000e+02 -6.562500000000000000e+00
1.999999955296516418e-02 -7.699999809265136719e-01 1.000000000000000000e+01 4.187500000000000000e+00 -6.737500000000000000e+01 -1.818750000000000000e+01 1.250000000000000000e+00 1.107500000000000000e+02 -9.437500000000000000e+00
9.000000357627868652e-02 -5.600000023841857910e-01 1.098999977111816406e+01 4.187500000000000000e+00 -6.737500000000000000e+01 -1.818750000000000000e+01 5.687500000000000000e+00 1.011875000000000000e+02 -1.031250000000000000e+01
7.999999821186065674e-02 -3.499999940395355225e-01 1.181000041961669922e+01 4.187500000000000000e+00 -6.737500000000000000e+01 -1.818750000000000000e+01 7.500000000000000000e+00 8.518750000000000000e+01 -9.125000000000000000e+00
-1.000000014901161194e-01 -4.300000071525573730e-01 1.140999984741210938e+01 4.187500000000000000e+00 -6.737500000000000000e+01 -1.818750000000000000e+01 1.075000000000000000e+01 6.856250000000000000e+01 -7.750000000000000000e+00
-2.000000029802322388e-01 -4.499999880790710449e-01 1.081999969482421875e+01 4.187500000000000000e+00 -6.737500000000000000e+01 -1.818750000000000000e+01 1.387500000000000000e+01 5.575000000000000000e+01 -6.625000000000000000e+00
-4.300000071525573730e-01 -4.499999880790710449e-01 1.021000003814697266e+01 6.750000000000000000e+00 -6.475000000000000000e+01 -1.975000000000000000e+01 1.456250000000000000e+01 4.643750000000000000e+01 -6.187500000000000000e+00
-6.399999856948852539e-01 -3.100000023841857910e-01 9.539999961853027344e+00 6.750000000000000000e+00 -6.475000000000000000e+01 -1.975000000000000000e+01 1.350000000000000000e+01 3.981250000000000000e+01 -6.062500000000000000e+00
-5.899999737739562988e-01 -1.500000059604644775e-01 9.430000305175781250e+00 6.750000000000000000e+00 -6.475000000000000000e+01 -1.975000000000000000e+01 1.200000000000000000e+01 3.481250000000000000e+01 -5.625000000000000000e+00
-5.899999737739562988e-01 -1.400000005960464478e-01 9.539999961853027344e+00 6.750000000000000000e+00 -6.475000000000000000e+01 -1.975000000000000000e+01 9.687500000000000000e+00 3.056250000000000000e+01 -5.562500000000000000e+00
-6.700000166893005371e-01 -1.199999973177909851e-01 9.640000343322753906e+00 6.750000000000000000e+00 -6.475000000000000000e+01 -1.975000000000000000e+01 6.562500000000000000e+00 2.575000000000000000e+01 -5.125000000000000000e+00
-6.600000262260437012e-01 -2.999999932944774628e-02 9.789999961853027344e+00 6.250000000000000000e+00 -6.518750000000000000e+01 -1.937500000000000000e+01 2.937500000000000000e+00 2.037500000000000000e+01 -4.562500000000000000e+00
-6.200000047683715820e-01 -1.999999955296516418e-02 9.670000076293945312e+00 6.250000000000000000e+00 -6.518750000000000000e+01 -1.937500000000000000e+01 -8.125000000000000000e-01 1.562500000000000000e+01 -3.625000000000000000e+00
-6.999999880790710449e-01 -9.000000357627868652e-02 9.699999809265136719e+00 6.250000000000000000e+00 -6.518750000000000000e+01 -1.937500000000000000e+01 -4.187500000000000000e+00 1.193750000000000000e+01 -2.687500000000000000e+00
-6.000000238418579102e-01 -1.299999952316284180e-01 9.590000152587890625e+00 6.250000000000000000e+00 -6.518750000000000000e+01 -1.937500000000000000e+01 -6.250000000000000000e+00 8.375000000000000000e+00 -2.062500000000000000e+00
-7.200000286102294922e-01 -5.000000074505805969e-02 9.500000000000000000e+00 6.250000000000000000e+00 -6.518750000000000000e+01 -1.937500000000000000e+01 -7.187500000000000000e+00 4.812500000000000000e+00 -1.625000000000000000e+00
-6.399999856948852539e-01 -7.999999821186065674e-02 9.460000038146972656e+00 6.250000000000000000e+00 -6.518750000000000000e+01 -1.937500000000000000e+01 -7.625000000000000000e+00 2.000000000000000000e+00 -1.312500000000000000e+00
-6.299999952316284180e-01 -1.899999976158142090e-01 9.500000000000000000e+00 7.062500000000000000e+00 -6.475000000000000000e+01 -2.018750000000000000e+01 -7.812500000000000000e+00 -1.875000000000000000e-01 -1.062500000000000000e+00
-5.799999833106994629e-01 -1.500000059604644775e-01 9.479999542236328125e+00 7.062500000000000000e+00 -6.475000000000000000e+01 -2.018750000000000000e+01 -7.812500000000000000e+00 -2.437500000000000000e+00 -7.500000000000000000e-01
-5.400000214576721191e-01 -2.000000029802322388e-01 9.359999656677246094e+00 7.062500000000000000e+00 -6.475000000000000000e+01 -2.018750000000000000e+01 -8.125000000000000000e+00 -4.187500000000000000e+00 -3.750000000000000000e-01
-4.499999880790710449e-01 -2.700000107288360596e-01 9.329999923706054688e+00 7.062500000000000000e+00 -6.475000000000000000e+01 -2.018750000000000000e+01 -7.625000000000000000e+00 -5.375000000000000000e+00 2.500000000000000000e-01
-4.300000071525573730e-01 -3.000000119209289551e-01 9.439999580383300781e+00 7.250000000000000000e+00 -6.368750000000000000e+01 -1.937500000000000000e+01 -7.125000000000000000e+00 -6.187500000000000000e+00 1.875000000000000000e-01
-3.300000131130218506e-01 -3.499999940395355225e-01 9.520000457763671875e+00 7.250000000000000000e+00 -6.368750000000000000e+01 -1.937500000000000000e+01 -6.062500000000000000e+00 -7.000000000000000000e+00 1.250000000000000000e-01
-3.799999952316284180e-01 -2.899999916553497314e-01 9.420000076293945312e+00 7.250000000000000000e+00 -6.368750000000000000e+01 -1.937500000000000000e+01 -5.500000000000000000e+00 -7.625000000000000000e+00 2.500000000000000000e-01
-3.499999940395355225e-01 -2.700000107288360596e-01 9.210000038146972656e+00 7.250000000000000000e+00 -6.368750000000000000e+01 -1.937500000000000000e+01 -5.437500000000000000e+00 -7.937500000000000000e+00 5.625000000000000000e-01
-2.599999904632568359e-01 -3.000000119209289551e-01 9.170000076293945312e+00 7.250000000000000000e+00 -6.368750000000000000e+01 -1.937500000000000000e+01 -4.750000000000000000e+00 -6.750000000000000000e+00 6.875000000000000000e-01
-2.099999934434890747e-01 -3.700000047683715820e-01 9.489999771118164062e+00 7.250000000000000000e+00 -6.368750000000000000e+01 -1.937500000000000000e+01 -4.500000000000000000e+00 -5.750000000000000000e+00 7.500000000000000000e-01
-1.700000017881393433e-01 -4.099999964237213135e-01 9.579999923706054688e+00 7.250000000000000000e+00 -6.525000000000000000e+01 -1.937500000000000000e+01 -4.687500000000000000e+00 -5.625000000000000000e+00 8.750000000000000000e-01
-1.400000005960464478e-01 -4.499999880790710449e-01 9.550000190734863281e+00 7.250000000000000000e+00 -6.525000000000000000e+01 -1.937500000000000000e+01 -5.062500000000000000e+00 -5.250000000000000000e+00 9.375000000000000000e-01
-1.800000071525573730e-01 -3.799999952316284180e-01 9.350000381469726562e+00 7.250000000000000000e+00 -6.525000000000000000e+01 -1.937500000000000000e+01 -5.687500000000000000e+00 -5.062500000000000000e+00 1.062500000000000000e+00
-2.500000000000000000e-01 -2.899999916553497314e-01 9.140000343322753906e+00 7.250000000000000000e+00 -6.525000000000000000e+01 -1.937500000000000000e+01 -6.312500000000000000e+00 -4.687500000000000000e+00 1.000000000000000000e+00
-3.100000023841857910e-01 -4.199999868869781494e-01 9.020000457763671875e+00 7.250000000000000000e+00 -6.525000000000000000e+01 -1.937500000000000000e+01 -6.687500000000000000e+00 -4.000000000000000000e+00 9.375000000000000000e-01
-2.399999946355819702e-01 -5.699999928474426270e-01 9.239999771118164062e+00 8.375000000000000000e+00 -6.450000000000000000e+01 -1.975000000000000000e+01 -5.500000000000000000e+00 -2.562500000000000000e+00 9.375000000000000000e-01
-1.800000071525573730e-01 -6.999999880790710449e-01 9.699999809265136719e+00 8.375000000000000000e+00 -6.450000000000000000e+01 -1.975000000000000000e+01 -3.687500000000000000e+00 -1.937500000000000000e+00 7.500000000000000000e-01
-1.700000017881393433e-01 -7.099999785423278809e-01 9.630000114440917969e+00 8.375000000000000000e+00 -6.450000000000000000e+01 -1.975000000000000000e+01 -2.687500000000000000e+00 -1.562500000000000000e+00 3.750000000000000000e-01
-1.500000059604644775e-01 -6.999999880790710449e-01 9.569999694824218750e+00 8.375000000000000000e+00 -6.450000000000000000e+01 -1.975000000000000000e+01 -2.375000000000000000e+00 -1.250000000000000000e+00 1.250000000000000000e-01
-1.099999994039535522e-01 -6.499999761581420898e-01 9.439999580383300781e+00 8.375000000000000000e+00 -6.450000000000000000e+01 -1.975000000000000000e+01 -2.125000000000000000e+00 -6.875000000000000000e-01 -6.250000000000000000e-02
-1.199999973177909851e-01 -6.000000238418579102e-01 9.319999694824218750e+00 7.687500000000000000e+00 -6.418750000000000000e+01 -2.018750000000000000e+01 -2.062500000000000000e+00 -6.875000000000000000e-01 -3.750000000000000000e-01
-1.299999952316284180e-01 -5.699999928474426270e-01 9.359999656677246094e+00 7.687500000000000000e+00 -6.418750000000000000e+01 -2.018750000000000000e+01 -2.625000000000000000e+00 -1.000000000000000000e+00 -6.250000000000000000e-01
-2.000000029802322388e-01 -5.000000000000000000e-01 9.329999923706054688e+00 7.687500000000000000e+00 -6.418750000000000000e+01 -2.018750000000000000e+01 -3.687500000000000000e+00 -2.125000000000000000e+00 -6.250000000000000000e-01
-2.599999904632568359e-01 -6.000000238418579102e-01 9.250000000000000000e+00 7.687500000000000000e+00 -6.418750000000000000e+01 -2.018750000000000000e+01 -4.625000000000000000e+00 -3.187500000000000000e+00 -5.625000000000000000e-01
-3.199999928474426270e-01 -5.799999833106994629e-01 9.409999847412109375e+00 7.687500000000000000e+00 -6.418750000000000000e+01 -2.018750000000000000e+01 -4.687500000000000000e+00 -3.187500000000000000e+00 -5.625000000000000000e-01
-2.800000011920928955e-01 -6.000000238418579102e-01 9.569999694824218750e+00 7.687500000000000000e+00 -6.337500000000000000e+01 -1.937500000000000000e+01 -4.687500000000000000e+00 -3.250000000000000000e+00 -6.250000000000000000e-01
-2.599999904632568359e-01 -6.200000047683715820e-01 9.609999656677246094e+00 7.687500000000000000e+00 -6.337500000000000000e+01 -1.937500000000000000e+01 -4.250000000000000000e+00 -3.875000000000000000e+00 -6.875000000000000000e-01
-2.899999916553497314e-01 -5.099999904632568359e-01 9.500000000000000000e+00 7.687500000000000000e+00 -6.337500000000000000e+01 -1.937500000000000000e+01 -4.437500000000000000e+00 -4.187500000000000000e+00 -6.250000000000000000e-01
-2.300000041723251343e-01 -5.000000000000000000e-01 9.420000076293945312e+00 7.687500000000000000e+00 -6.337500000000000000e+01 -1.937500000000000000e+01 -4.875000000000000000e+00 -4.375000000000000000e+00 -6.250000000000000000e-01
-3.300000131130218506e-01 -3.300000131130218506e-01 9.289999961853027344e+00 7.687500000000000000e+00 -6.337500000000000000e+01 -1.937500000000000000e+01 -5.375000000000000000e+00 -4.625000000000000000e+00 -3.750000000000000000e-01
-2.599999904632568359e-01 -3.499999940395355225e-01 9.170000076293945312e+00 7.687500000000000000e+00 -6.375000000000000000e+01 -2.018750000000000000e+01 -5.125000000000000000e+00 -4.750000000000000000e+00 0.000000000000000000e+00
-2.300000041723251343e-01 -4.799999892711639404e-01 9.329999923706054688e+00 7.687500000000000000e+00 -6.375000000000000000e+01 -2.018750000000000000e+01 -4.187500000000000000e+00 -4.187500000000000000e+00 3.125000000000000000e-01
-1.899999976158142090e-01 -4.900000095367431641e-01 9.420000076293945312e+00 7.687500000000000000e+00 -6.375000000000000000e+01 -2.018750000000000000e+01 -3.250000000000000000e+00 -4.062500000000000000e+00 3.125000000000000000e-01
-1.599999964237213135e-01 -4.699999988079071045e-01 9.489999771118164062e+00 7.687500000000000000e+00 -6.375000000000000000e+01 -2.018750000000000000e+01 -3.000000000000000000e+00 -4.000000000000000000e+00 6.250000000000000000e-02
-1.199999973177909851e-01 -4.199999868869781494e-01 9.479999542236328125e+00 7.687500000000000000e+00 -6.375000000000000000e+01 -2.018750000000000000e+01 -3.312500000000000000e+00 -3.812500000000000000e+00 2.500000000000000000e-01
-1.099999994039535522e-01 -4.600000083446502686e-01 9.380000114440917969e+00 7.250000000000000000e+00 -6.450000000000000000e+01 -2.018750000000000000e+01 -4.000000000000000000e+00 -3.375000000000000000e+00 3.750000000000000000e-01
-1.199999973177909851e-01 -4.399999976158142090e-01 9.369999885559082031e+00 7.250000000000000000e+00 -6.450000000000000000e+01 -2.018750000000000000e+01 -4.187500000000000000e+00 -2.875000000000000000e+00 7.500000000000000000e-01
-1.000000014901161194e-01 -4.399999976158142090e-01 9.319999694824218750e+00 7.250000000000000000e+00 -6.450000000000000000e+01 -2.018750000000000000e+01 -4.625000000000000000e+00 -2.187500000000000000e+00 6.875000000000000000e-01
