-2.500000000000000000e-01 -1.500000059604644775e-01 9.289999961853027344e+00 3.487500000000000000e+01 -7.106250000000000000e+01 -5.000000000000000000e+00 2.562500000000000000e+00 6.250000000000000000e-01 -2.500000000000000000e-01
-2.399999946355819702e-01 -1.299999952316284180e-01 9.329999923706054688e+00 3.487500000000000000e+01 -7.106250000000000000e+01 -5.000000000000000000e+00 5.312500000000000000e+00 9.375000000000000000e-01 -3.125000000000000000e-01
-2.500000000000000000e-01 -1.700000017881393433e-01 9.350000381469726562e+00 3.487500000000000000e+01 -7.106250000000000000e+01 -5.000000000000000000e+00 8.500000000000000000e+00 9.375000000000000000e-01 -1.250000000000000000e-01
-1.800000071525573730e-01 -1.400000005960464478e-01 9.310000419616699219e+00 3.487500000000000000e+01 -7.106250000000000000e+01 -5.000000000000000000e+00 1.256250000000000000e+01 7.500000000000000000e-01 -1.250000000000000000e-01
-1.599999964237213135e-01 -3.300000131130218506e-01 9.289999961853027344e+00 3.487500000000000000e+01 -7.106250000000000000e+01 -5.000000000000000000e+00 1.931250000000000000e+01 9.375000000000000000e-01 -1.250000000000000000e-01
-2.500000000000000000e-01 -3.899999856948852539e-01 9.409999847412109375e+00 3.375000000000000000e+01 -7.218750000000000000e+01 -4.562500000000000000e+00 3.118750000000000000e+01 -6.250000000000000000e-02 5.000000000000000000e-01
-3.199999928474426270e-01 -5.299999713897705078e-01 9.640000343322753906e+00 3.375000000000000000e+01 -7.218750000000000000e+01 -4.562500000000000000e+00 4.937500000000000000e+01 -7.500000000000000000e-01 1.000000000000000000e+00
-5.899999737739562988e-01 -3.199999928474426270e-01 1.000000000000000000e+01 3.375000000000000000e+01 -7.218750000000000000e+01 -4.562500000000000000e+00 7.068750000000000000e+01 -7.500000000000000000e-01 6.875000000000000000e-01
-6.700000166893005371e-01 -2.700000107288360596e-01 1.035999965667724609e+01 3.375000000000000000e+01 -7.218750000000000000e+01 -4.562500000000000000e+00 9.356250000000000000e+01 -1.437500000000000000e+00 -3.125000000000000000e-01
-6.299999952316284180e-01 -1.199999973177909851e-01 1.053999996185302734e+01 3.375000000000000000e+01 -7.218750000000000000e+01 -4.562500000000000000e+00 1.164375000000000000e+02 -4.062500000000000000e+00 -2.312500000000000000e+00
-5.299999713897705078e-01 1.999999955296516418e-02 1.100000000000000000e+01 3.487500000000000000e+01 -7.218750000000000000e+01 -1.750000000000000000e+00 1.373750000000000000e+02 -7.375000000000000000e+00 -6.375000000000000000e+00
-7.300000190734863281e-01 -1.999999955296516418e-02 1.139999961853027344e+01 3.487500000000000000e+01 -7.218750000000000000e+01 -1.750000000000000000e+00 1.591250000000000000e+02 -1.275000000000000000e+01 -9.312500000000000000e+00
-9.300000071525573730e-01 -1.199999973177909851e-01 1.172999954223632812e+01 3.487500000000000000e+01 -7.218750000000000000e+01 -1.750000000000000000e+00 1.848750000000000000e+02 -2.350000000000000000e+01 -9.562500000000000000e+00
-8.000000119209289551e-01 7.999999821186065674e-02 1.153999996185302734e+01 3.487500000000000000e+01 -7.218750000000000000e+01 -1.750000000000000000e+00 2.139375000000000000e+02 -3.731250000000000000e+01 -8.812500000000000000e+00
-6.999999880790710449e-01 1.279999971389770508e+00 1.053999996185302734e+01 3.487500000000000000e+01 -7.218750000000000000e+01 -1.750000000000000000e+00 2.398125000000000000e+02 -5.012500000000000000e+01 -7.437500000000000000e+00
-6.800000071525573730e-01 1.539999961853027344e+00 9.989999771118164062e+00 3.556250000000000000e+01 -7.325000000000000000e+01 3.062500000000000000e+00 2.586875000000000000e+02 -5.743750000000000000e+01 -4.000000000000000000e+00
-3.199999928474426270e-01 1.919999957084655762e+00 9.479999542236328125e+00 3.556250000000000000e+01 -7.325000000000000000e+01 3.062500000000000000e+00 2.680625000000000000e+02 -5.950000000000000000e+01 -1.812500000000000000e+00
9.999999776482582092e-03 1.970000028610229492e+00 9.069999694824218750e+00 3.556250000000000000e+01 -7.325000000000000000e+01 3.062500000000000000e+00 2.705625000000000000e+02 -6.031250000000000000e+01 -2.625000000000000000e+00
3.199999928474426270e-01 1.929999947547912598e+00 8.609999656677246094e+00 3.556250000000000000e+01 -7.325000000000000000e+01 3.062500000000000000e+00 2.665000000000000000e+02 -6.168750000000000000e+01 -7.062500000000000000e+00
6.100000143051147461e-01 2.500000000000000000e+00 8.300000190734863281e+00 3.556250000000000000e+01 -7.325000000000000000e+01 3.062500000000000000e+00 2.540625000000000000e+02 -6.325000000000000000e+01 -1.556250000000000000e+01
7.900000214576721191e-01 3.589999914169311523e+00 7.550000190734863281e+00 3.887500000000000000e+01 -7.325000000000000000e+01 1.556250000000000000e+01 2.356875000000000000e+02 -6.456250000000000000e+01 -2.400000000000000000e+01
8.700000047683715820e-01 4.730000019073486328e+00 6.420000076293945312e+00 3.887500000000000000e+01 -7.325000000000000000e+01 1.556250000000000000e+01 2.159375000000000000e+02 -6.500000000000000000e+01 -2.781250000000000000e+01
1.169999957084655762e+00 4.929999828338623047e+00 6.059999942779541016e+00 3.887500000000000000e+01 -7.325000000000000000e+01 1.556250000000000000e+01 1.973125000000000000e+02 -6.331250000000000000e+01 -3.000000000000000000e+01
1.100000023841857910e+00 5.949999809265136719e+00 5.880000114440917969e+00 3.887500000000000000e+01 -7.325000000000000000e+01 1.556250000000000000e+01 1.783125000000000000e+02 -5.725000000000000000e+01 -3.050000000000000000e+01
1.210000038146972656e+00 5.960000038146972656e+00 5.599999904632568359e+00 3.887500000000000000e+01 -7.325000000000000000e+01 1.556250000000000000e+01 1.548750000000000000e+02 -5.025000000000000000e+01 -3.025000000000000000e+01
1.110000014305114746e+00 6.789999961853027344e+00 4.619999885559082031e+00 4.706250000000000000e+01 -6.768750000000000000e+01 2.887500000000000000e+01 1.286250000000000000e+02 -4.375000000000000000e+01 -2.950000000000000000e+01
9.300000071525573730e-01 6.739999771118164062e+00 4.659999847412109375e+00 4.706250000000000000e+01 -6.768750000000000000e+01 2.887500000000000000e+01 1.025000000000000000e+02 -3.387500000000000000e+01 -2.606250000000000000e+01
1.110000014305114746e+00 7.179999828338623047e+00 4.559999942779541016e+00 4.706250000000000000e+01 -6.768750000000000000e+01 2.887500000000000000e+01 7.650000000000000000e+01 -2.125000000000000000e+01 -2.300000000000000000e+01
1.299999952316284180e+00 7.690000057220458984e+00 5.219999790191650391e+00 4.706250000000000000e+01 -6.768750000000000000e+01 2.887500000000000000e+01 5.031250000000000000e+01 -9.562500000000000000e+00 -1.981250000000000000e+01
1.200000047683715820e+00 8.029999732971191406e+00 5.239999771118164062e+00 4.706250000000000000e+01 -6.768750000000000000e+01 2.887500000000000000e+01 2.931250000000000000e+01 -3.937500000000000000e+00 -1.662500000000000000e+01
1.009999990463256836e+00 7.780000209808349609e+00 5.289999961853027344e+00 5.375000000000000000e+01 -6.025000000000000000e+01 3.575000000000000000e+01 1.118750000000000000e+01 4.375000000000000000e-01 -1.081250000000000000e+01
7.900000214576721191e-01 7.079999923706054688e+00 5.670000076293945312e+00 5.375000000000000000e+01 -6.025000000000000000e+01 3.575000000000000000e+01 -4.375000000000000000e+00 8.062500000000000000e+00 -3.687500000000000000e+00
6.700000166893005371e-01 6.019999980926513672e+00 6.519999980926513672e+00 5.375000000000000000e+01 -6.025000000000000000e+01 3.575000000000000000e+01 -1.737500000000000000e+01 1.250000000000000000e+01 2.500000000000000000e-01
6.100000143051147461e-01 5.940000057220458984e+00 6.750000000000000000e+00 5.375000000000000000e+01 -6.025000000000000000e+01 3.575000000000000000e+01 -2.662500000000000000e+01 1.387500000000000000e+01 8.125000000000000000e-01
5.000000000000000000e-01 6.239999771118164062e+00 6.920000076293945312e+00 5.375000000000000000e+01 -6.025000000000000000e+01 3.575000000000000000e+01 -3.343750000000000000e+01 1.362500000000000000e+01 -5.000000000000000000e-01
3.300000131130218506e-01 6.610000133514404297e+00 7.130000114440917969e+00 5.518750000000000000e+01 -5.756250000000000000e+01 3.718750000000000000e+01 -3.700000000000000000e+01 1.368750000000000000e+01 0.000000000000000000e+00
3.300000131130218506e-01 6.110000133514404297e+00 7.739999771118164062e+00 5.518750000000000000e+01 -5.756250000000000000e+01 3.718750000000000000e+01 -3.600000000000000000e+01 1.362500000000000000e+01 2.937500000000000000e+00
3.799999952316284180e-01 5.630000114440917969e+00 8.039999961853027344e+00 5.518750000000000000e+01 -5.756250000000000000e+01 3.718750000000000000e+01 -3.137500000000000000e+01 1.275000000000000000e+01 5.312500000000000000e+00
5.099999904632568359e-01 5.280000209808349609e+00 8.090000152587890625e+00 5.518750000000000000e+01 -5.756250000000000000e+01 3.718750000000000000e+01 -2.618750000000000000e+01 1.037500000000000000e+01 5.187500000000000000e+00
7.300000190734863281e-01 5.219999790191650391e+00 7.429999828338623047e+00 5.518750000000000000e+01 -5.756250000000000000e+01 3.718750000000000000e+01 -2.337500000000000000e+01 7.312500000000000000e+00 3.312500000000000000e+00
8.600000143051147461e-01 5.429999828338623047e+00 6.920000076293945312e+00 5.325000000000000000e+01 -5.950000000000000000e+01 3.556250000000000000e+01 -2.443750000000000000e+01 5.375000000000000000e+00 1.687500000000000000e+00
1.019999980926513672e+00 5.269999980926513672e+00 6.420000076293945312e+00 5.325000000000000000e+01 -5.950000000000000000e+01 3.556250000000000000e+01 -3.081250000000000000e+01 6.187500000000000000e+00 5.625000000000000000e-01
1.129999995231628418e+00 5.079999923706054688e+00 5.900000095367431641e+00 5.325000000000000000e+01 -5.950000000000000000e+01 3.556250000000000000e+01 -4.406250000000000000e+01 9.750000000000000000e+00 -6.250000000000000000e-01
1.120000004768371582e+00 6.369999885559082031e+00 4.980000019073486328e+00 5.325000000000000000e+01 -5.950000000000000000e+01 3.556250000000000000e+01 -6.643750000000000000e+01 1.500000000000000000e+01 -3.062500000000000000e+00
9.599999785423278809e-01 7.260000228881835938e+00 4.590000152587890625e+00 5.325000000000000000e+01 -5.950000000000000000e+01 3.556250000000000000e+01 -9.743750000000000000e+01 2.406250000000000000e+01 -2.250000000000000000e+00
8.299999833106994629e-01 7.489999771118164062e+00 4.610000133514404297e+00 5.218750000000000000e+01 -6.056250000000000000e+01 3.368750000000000000e+01 -1.308125000000000000e+02 4.018750000000000000e+01 6.375000000000000000e+00
7.699999809265136719e-01 7.139999866485595703e+00 5.170000076293945312e+00 5.218750000000000000e+01 -6.056250000000000000e+01 3.368750000000000000e+01 -1.618125000000000000e+02 5.893750000000000000e+01 1.743750000000000000e+01
6.899999976158142090e-01 5.500000000000000000e+00 6.329999923706054688e+00 5.218750000000000000e+01 -6.056250000000000000e+01 3.368750000000000000e+01 -1.970625000000000000e+02 7.506250000000000000e+01 2.775000000000000000e+01
6.200000047683715820e-01 4.769999980926513672e+00 6.829999923706054688e+00 5.218750000000000000e+01 -6.056250000000000000e+01 3.368750000000000000e+01 -2.357500000000000000e+02 8.556250000000000000e+01 3.400000000000000000e+01
4.300000071525573730e-01 3.920000076293945312e+00 7.489999771118164062e+00 5.218750000000000000e+01 -6.056250000000000000e+01 3.368750000000000000e+01 -2.726250000000000000e+02 9.112500000000000000e+01 3.787500000000000000e+01
1.099999994039535522e-01 2.190000057220458984e+00 8.600000381469726562e+00 4.806250000000000000e+01 -6.500000000000000000e+01 2.837500000000000000e+01 -3.051250000000000000e+02 9.062500000000000000e+01 4.031250000000000000e+01
-9.999999776482582092e-03 1.370000004768371582e+00 9.420000076293945312e+00 4.806250000000000000e+01 -6.500000000000000000e+01 2.837500000000000000e+01 -3.341875000000000000e+02 8.487500000000000000e+01 4.181250000000000000e+01
-3.899999856948852539e-01 9.300000071525573730e-01 1.086999988555908203e+01 4.806250000000000000e+01 -6.500000000000000000e+01 2.837500000000000000e+01 -3.553750000000000000e+02 7.800000000000000000e+01 3.768750000000000000e+01
-8.199999928474426270e-01 8.399999737739562988e-01 1.285000038146972656e+01 4.806250000000000000e+01 -6.500000000000000000e+01 2.837500000000000000e+01 -3.642500000000000000e+02 6.581250000000000000e+01 2.937500000000000000e+01
-1.690000057220458984e+00 1.999999955296516418e-02 1.352000045776367188e+01 4.806250000000000000e+01 -6.500000000000000000e+01 2.837500000000000000e+01 -3.471875000000000000e+02 3.881250000000000000e+01 2.118750000000000000e+01
-1.950000047683715820e+00 -6.399999856948852539e-01 1.332999992370605469e+01 3.956250000000000000e+01 -7.137500000000000000e+01 1.218750000000000000e+01 -3.022500000000000000e+02 1.356250000000000000e+01 1.318750000000000000e+01
-2.079999923706054688e+00 -1.240000009536743164e+00 1.198999977111816406e+01 3.956250000000000000e+01 -7.137500000000000000e+01 1.218750000000000000e+01 -2.401250000000000000e+02 -1.062500000000000000e+00 8.375000000000000000e+00
-1.919999957084655762e+00 -1.679999947547912598e+00 1.027000045776367188e+01 3.956250000000000000e+01 -7.137500000000000000e+01 1.218750000000000000e+01 -1.753125000000000000e+02 -1.087500000000000000e+01 1.750000000000000000e+00
-1.500000000000000000e+00 -2.890000104904174805e+00 8.279999732971191406e+00 3.956250000000000000e+01 -7.137500000000000000e+01 1.218750000000000000e+01 -1.145625000000000000e+02 -1.243750000000000000e+01 -6.375000000000000000e+00
-9.900000095367431641e-01 -2.480000019073486328e+00 8.100000381469726562e+00 3.956250000000000000e+01 -7.137500000000000000e+01 1.218750000000000000e+01 -6.200000000000000000e+01 -1.018750000000000000e+01 -1.468750000000000000e+01
-6.800000071525573730e-01 -2.000000000000000000e+00 8.369999885559082031e+00 3.437500000000000000e+01 -7.218750000000000000e+01 -1.875000000000000000e+00 -1.912500000000000000e+01 -9.187500000000000000e+00 -1.850000000000000000e+01
1.299999952316284180e-01 -1.100000023841857910e+00 8.930000305175781250e+00 3.437500000000000000e+01 -7.218750000000000000e+01 -1.875000000000000000e+00 1.037500000000000000e+01 -9.875000000000000000e+00 -1.931250000000000000e+01
2.500000000000000000e-01 -6.299999952316284180e-01 9.250000000000000000e+00 3.437500000000000000e+01 -7.218750000000000000e+01 -1.875000000000000000e+00 2.718750000000000000e+01 -9.437500000000000000e+00 -1.687500000000000000e+01
3.799999952316284180e-01 -5.999999865889549255e-02 9.399999618530273438e+00 3.437500000000000000e+01 -7.218750000000000000e+01 -1.875000000000000000e+00 3.706250000000000000e+01 -7.875000000000000000e+00 -1.356250000000000000e+01
4.000000059604644775e-01 3.100000023841857910e-01 9.489999771118164062e+00 3.437500000000000000e+01 -7.218750000000000000e+01 -1.875000000000000000e+00 4.262500000000000000e+01 -7.250000000000000000e+00 -9.812500000000000000e+00
2.599999904632568359e-01 5.799999833106994629e-01 9.319999694824218750e+00 3.475000000000000000e+01 -7.150000000000000000e+01 -3.875000000000000000e+00 4.431250000000000000e+01 -7.125000000000000000e+00 -6.750000000000000000e+00
1.500000059604644775e-01 7.900000214576721191e-01 9.279999732971191406e+00 3.475000000000000000e+01 -7.150000000000000000e+01 -3.875000000000000000e+00 4.300000000000000000e+01 -5.312500000000000000e+00 -4.437500000000000000e+00
2.999999932944774628e-02 6.999999880790710449e-01 9.329999923706054688e+00 3.475000000000000000e+01 -7.150000000000000000e+01 -3.875000000000000000e+00 3.950000000000000000e+01 -2.750000000000000000e+00 -1.812500000000000000e+00
2.999999932944774628e-02 5.000000000000000000e-01 9.460000038146972656e+00 3.475000000000000000e+01 -7.150000000000000000e+01 -3.875000000000000000e+00 3.425000000000000000e+01 -6.250000000000000000e-01 0.000000000000000000e+00
2.999999932944774628e-02 5.400000214576721191e-01 9.529999732971191406e+00 3.475000000000000000e+01 -7.150000000000000000e+01 -3.875000000000000000e+00 2.775000000000000000e+01 1.500000000000000000e+00 7.500000000000000000e-01
-5.000000074505805969e-02 4.699999988079071045e-01 9.409999847412109375e+00 3.575000000000000000e+01 -7.175000000000000000e+01 -3.562500000000000000e+00 2.068750000000000000e+01 2.875000000000000000e+00 6.875000000000000000e-01
-1.099999994039535522e-01 3.799999952316284180e-01 9.409999847412109375e+00 3.575000000000000000e+01 -7.175000000000000000e+01 -3.562500000000000000e+00 1.506250000000000000e+01 3.375000000000000000e+00 5.000000000000000000e-01
-1.199999973177909851e-01 4.199999868869781494e-01 9.420000076293945312e+00 3.575000000000000000e+01 -7.175000000000000000e+01 -3.562500000000000000e+00 1.043750000000000000e+01 4.250000000000000000e+00 1.875000000000000000e-01
-1.800000071525573730e-01 5.099999904632568359e-01 9.420000076293945312e+00 3.575000000000000000e+01 -7.175000000000000000e+01 -3.562500000000000000e+00 6.875000000000000000e+00 5.000000000000000000e+00 -6.250000000000000000e-02
-2.500000000000000000e-01 2.500000000000000000e-01 9.380000114440917969e+00 3.575000000000000000e+01 -7.175000000000000000e+01 -3.562500000000000000e+00 4.937500000000000000e+00 4.250000000000000000e+00 -5.000000000000000000e-01
-1.899999976158142090e-01 7.999999821186065674e-02 9.409999847412109375e+00 3.550000000000000000e+01 -7.218750000000000000e+01 -2.000000000000000000e+00 4.562500000000000000e+00 2.687500000000000000e+00 -7.500000000000000000e-01
-1.899999976158142090e-01 7.000000029802322388e-02 9.529999732971191406e+00 3.550000000000000000e+01 -7.218750000000000000e+01 -2.000000000000000000e+00 4.937500000000000000e+00 2.812500000000000000e+00 -1.000000000000000000e+00
-2.899999916553497314e-01 2.500000000000000000e-01 9.420000076293945312e+00 3.550000000000000000e+01 -7.218750000000000000e+01 -2.000000000000000000e+00 5.375000000000000000e+00 2.750000000000000000e+00 -1.437500000000000000e+00
-3.799999952316284180e-01 3.499999940395355225e-01 9.260000228881835938e+00 3.550000000000000000e+01 -7.218750000000000000e+01 -2.000000000000000000e+00 5.187500000000000000e+00 1.937500000000000000e+00 -1.687500000000000000e+00
-3.300000131130218506e-01 2.099999934434890747e-01 9.260000228881835938e+00 3.550000000000000000e+01 -7.218750000000000000e+01 -2.000000000000000000e+00 4.000000000000000000e+00 4.375000000000000000e-01 -1.312500000000000000e+00
-3.300000131130218506e-01 1.099999994039535522e-01 9.439999580383300781e+00 3.656250000000000000e+01 -7.150000000000000000e+01 -7.500000000000000000e-01 3.937500000000000000e+00 4.375000000000000000e-01 -9.375000000000000000e-01
-3.100000023841857910e-01 2.599999904632568359e-01 9.510000228881835938e+00 3.656250000000000000e+01 -7.150000000000000000e+01 -7.500000000000000000e-01 5.437500000000000000e+00 7.500000000000000000e-01 -1.187500000000000000e+00
-3.600000143051147461e-01 3.899999856948852539e-01 9.520000457763671875e+00 3.656250000000000000e+01 -7.150000000000000000e+01 -7.500000000000000000e-01 6.812500000000000000e+00 8.750000000000000000e-01 -1.937500000000000000e+00
-4.000000059604644775e-01 7.200000286102294922e-01 9.420000076293945312e+00 3.656250000000000000e+01 -7.150000000000000000e+01 -7.500000000000000000e-01 6.437500000000000000e+00 1.000000000000000000e+00 -1.625000000000000000e+00
-4.000000059604644775e-01 8.700000047683715820e-01 9.310000419616699219e+00 3.656250000000000000e+01 -7.150000000000000000e+01 -7.500000000000000000e-01 4.500000000000000000e+00 1.187500000000000000e+00 -1.437500000000000000e+00
-3.300000131130218506e-01 7.799999713897705078e-01 9.239999771118164062e+00 3.700000000000000000e+01 -7.150000000000000000e+01 -7.500000000000000000e-01 1.062500000000000000e+00 1.875000000000000000e-01 -1.062500000000000000e+00
-2.700000107288360596e-01 7.400000095367431641e-01 9.270000457763671875e+00 3.700000000000000000e+01 -7.150000000000000000e+01 -7.500000000000000000e-01 -2.000000000000000000e+00 -1.000000000000000000e+00 -6.875000000000000000e-01
-2.599999904632568359e-01 8.199999928474426270e-01 9.460000038146972656e+00 3.700000000000000000e+01 -7.150000000000000000e+01 -7.500000000000000000e-01 -3.937500000000000000e+00 -1.250000000000000000e+00 -2.500000000000000000e-01
-2.700000107288360596e-01 8.899999856948852539e-01 9.529999732971191406e+00 3.700000000000000000e+01 -7.150000000000000000e+01 -7.500000000000000000e-01 -5.812500000000000000e+00 -1.375000000000000000e+00 -2.500000000000000000e-01
-3.000000119209289551e-01 9.499999880790710449e-01 9.590000152587890625e+00 3.700000000000000000e+01 -7.150000000000000000e+01 -7.500000000000000000e-01 -9.000000000000000000e+00 -2.000000000000000000e+00 -3.125000000000000000e-01
-2.899999916553497314e-01 1.009999990463256836e+00 9.500000000000000000e+00 3.550000000000000000e+01 -7.218750000000000000e+01 -2.500000000000000000e-01 -1.406250000000000000e+01 -2.562500000000000000e+00 6.250000000000000000e-02
-2.099999934434890747e-01 9.399999976158142090e-01 9.100000381469726562e+00 3.550000000000000000e+01 -7.218750000000000000e+01 -2.500000000000000000e-01 -1.981250000000000000e+01 -3.312500000000000000e+00 8.750000000000000000e-01
-3.000000119209289551e-01 4.499999880790710449e-01 9.000000000000000000e+00 3.550000000000000000e+01 -7.218750000000000000e+01 -2.500000000000000000e-01 -2.262500000000000000e+01 -5.375000000000000000e+00 2.125000000000000000e+00
-2.700000107288360596e-01 2.899999916553497314e-01 9.279999732971191406e+00 3.550000000000000000e+01 -7.218750000000000000e+01 -2.500000000000000000e-01 -2.006250000000000000e+01 -7.250000000000000000e+00 2.437500000000000000e+00
-2.300000041723251343e-01 3.499999940395355225e-01 9.649999618530273438e+00 3.550000000000000000e+01 -7.218750000000000000e+01 -2.500000000000000000e-01 -1.687500000000000000e+01 -7.437500000000000000e+00 2.375000000000000000e+00
-2.700000107288360596e-01 3.600000143051147461e-01 9.659999847412109375e+00 3.618750000000000000e+01 -7.175000000000000000e+01 -2.500000000000000000e-01 -1.487500000000000000e+01 -7.500000000000000000e+00 2.125000000000000000e+00
-2.599999904632568359e-01 3.100000023841857910e-01 9.590000152587890625e+00 3.618750000000000000e+01 -7.175000000000000000e+01 -2.500000000000000000e-01 -1.287500000000000000e+01 -7.687500000000000000e+00 2.125000000000000000e+00
-2.199999988079071045e-01 2.000000029802322388e-01 9.460000038146972656e+00 3.618750000000000000e+01 -7.175000000000000000e+01 -2.500000000000000000e-01 -1.125000000000000000e+01 -7.687500000000000000e+00 2.062500000000000000e+00
-5.999999865889549255e-02 1.400000005960464478e-01 9.340000152587890625e+00 3.618750000000000000e+01 -7.175000000000000000e+01 -2.500000000000000000e-01 -1.006250000000000000e+01 -7.125000000000000000e+00 1.875000000000000000e+00
0.000000000000000000e+00 1.099999994039535522e-01 9.260000228881835938e+00 3.618750000000000000e+01 -7.175000000000000000e+01 -2.500000000000000000e-01 -9.000000000000000000e+00 -6.312500000000000000e+00 1.500000000000000000e+00
