-1.899999976158142090e-01 -4.099999964237213135e-01 9.449999809265136719e+00 1.050000000000000000e+01 -6.700000000000000000e+01 -1.737500000000000000e+01 -9.375000000000000000e-01 -1.062500000000000000e+00 0.000000000000000000e+00
-1.800000071525573730e-01 -3.799999952316284180e-01 9.449999809265136719e+00 1.087500000000000000e+01 -6.775000000000000000e+01 -1.650000000000000000e+01 -2.500000000000000000e-01 -1.000000000000000000e+00 0.000000000000000000e+00
-1.800000071525573730e-01 -3.600000143051147461e-01 9.390000343322753906e+00 1.087500000000000000e+01 -6.775000000000000000e+01 -1.650000000000000000e+01 -2.500000000000000000e-01 -1.000000000000000000e+00 -1.875000000000000000e-01
-1.700000017881393433e-01 -3.499999940395355225e-01 9.390000343322753906e+00 1.087500000000000000e+01 -6.775000000000000000e+01 -1.650000000000000000e+01 -3.750000000000000000e-01 -1.437500000000000000e+00 -2.500000000000000000e-01
-1.599999964237213135e-01 -3.600000143051147461e-01 9.430000305175781250e+00 1.087500000000000000e+01 -6.775000000000000000e+01 -1.650000000000000000e+01 -5.625000000000000000e-01 -1.937500000000000000e+00 -1.250000000000000000e-01
-1.700000017881393433e-01 -3.300000131130218506e-01 9.449999809265136719e+00 1.087500000000000000e+01 -6.775000000000000000e+01 -1.650000000000000000e+01 -5.625000000000000000e-01 -2.687500000000000000e+00 -6.250000000000000000e-02
-2.099999934434890747e-01 -4.399999976158142090e-01 9.640000343322753906e+00 1.087500000000000000e+01 -6.700000000000000000e+01 -1.737500000000000000e+01 -8.125000000000000000e-01 -3.812500000000000000e+00 2.500000000000000000e-01
-2.199999988079071045e-01 -4.799999892711639404e-01 9.760000228881835938e+00 1.087500000000000000e+01 -6.700000000000000000e+01 -1.737500000000000000e+01 -3.750000000000000000e-01 -5.500000000000000000e+00 3.125000000000000000e-01
-2.199999988079071045e-01 -4.600000083446502686e-01 9.920000076293945312e+00 1.087500000000000000e+01 -6.700000000000000000e+01 -1.737500000000000000e+01 1.875000000000000000e-01 -8.312500000000000000e+00 1.875000000000000000e-01
-3.100000023841857910e-01 -4.399999976158142090e-01 1.011999988555908203e+01 1.087500000000000000e+01 -6.700000000000000000e+01 -1.737500000000000000e+01 -5.000000000000000000e-01 -1.293750000000000000e+01 2.500000000000000000e-01
-3.499999940395355225e-01 -2.700000107288360596e-01 1.022999954223632812e+01 1.087500000000000000e+01 -6.700000000000000000e+01 -1.737500000000000000e+01 -2.375000000000000000e+00 -1.937500000000000000e+01 6.250000000000000000e-01
-4.000000059604644775e-01 -3.999999910593032837e-02 1.047000026702880859e+01 1.006250000000000000e+01 -6.700000000000000000e+01 -1.606250000000000000e+01 -3.625000000000000000e+00 -2.718750000000000000e+01 8.750000000000000000e-01
-6.399999856948852539e-01 -9.000000357627868652e-02 1.105000019073486328e+01 1.006250000000000000e+01 -6.700000000000000000e+01 -1.606250000000000000e+01 -3.062500000000000000e+00 -3.825000000000000000e+01 2.062500000000000000e+00
-8.299999833106994629e-01 -5.699999928474426270e-01 1.222000026702880859e+01 1.006250000000000000e+01 -6.700000000000000000e+01 -1.606250000000000000e+01 8.125000000000000000e-01 -5.550000000000000000e+01 4.187500000000000000e+00
-1.009999990463256836e+00 -4.699999988079071045e-01 1.296000003814697266e+01 1.006250000000000000e+01 -6.700000000000000000e+01 -1.606250000000000000e+01 9.375000000000000000e+00 -7.918750000000000000e+01 6.000000000000000000e+00
-1.149999976158142090e+00 -8.799999952316284180e-01 1.369999980926513672e+01 1.006250000000000000e+01 -6.700000000000000000e+01 -1.606250000000000000e+01 1.831250000000000000e+01 -1.095625000000000000e+02 7.875000000000000000e+00
-1.139999985694885254e+00 -1.169999957084655762e+00 1.407999992370605469e+01 9.000000000000000000e+00 -6.700000000000000000e+01 -1.650000000000000000e+01 2.393750000000000000e+01 -1.453125000000000000e+02 8.000000000000000000e+00
-7.300000190734863281e-01 -4.000000059604644775e-01 1.414000034332275391e+01 9.000000000000000000e+00 -6.700000000000000000e+01 -1.650000000000000000e+01 2.550000000000000000e+01 -1.820625000000000000e+02 5.375000000000000000e+00
-6.200000047683715820e-01 -5.199999809265136719e-01 1.302999973297119141e+01 9.000000000000000000e+00 -6.700000000000000000e+01 -1.650000000000000000e+01 2.293750000000000000e+01 -2.132500000000000000e+02 4.625000000000000000e+00
-4.099999964237213135e-01 -6.600000262260437012e-01 1.130000019073486328e+01 9.000000000000000000e+00 -6.700000000000000000e+01 -1.650000000000000000e+01 1.993750000000000000e+01 -2.338750000000000000e+02 5.125000000000000000e+00
1.190000057220458984e+00 1.440000057220458984e+00 8.979999542236328125e+00 9.000000000000000000e+00 -6.700000000000000000e+01 -1.650000000000000000e+01 2.112500000000000000e+01 -2.346250000000000000e+02 2.250000000000000000e+00
2.700000047683715820e+00 1.559999942779541016e+00 8.300000190734863281e+00 8.000000000000000000e+00 -7.000000000000000000e+01 -1.406250000000000000e+01 2.037500000000000000e+01 -2.245625000000000000e+02 2.562500000000000000e+00
3.380000114440917969e+00 1.789999961853027344e+00 7.590000152587890625e+00 8.000000000000000000e+00 -7.000000000000000000e+01 -1.406250000000000000e+01 1.787500000000000000e+01 -2.098750000000000000e+02 9.250000000000000000e+00
3.980000019073486328e+00 1.720000028610229492e+00 7.170000076293945312e+00 8.000000000000000000e+00 -7.000000000000000000e+01 -1.406250000000000000e+01 1.625000000000000000e+01 -1.895000000000000000e+02 1.662500000000000000e+01
4.000000000000000000e+00 8.199999928474426270e-01 7.130000114440917969e+00 8.000000000000000000e+00 -7.000000000000000000e+01 -1.406250000000000000e+01 1.000000000000000000e+01 -1.685000000000000000e+02 2.418750000000000000e+01
4.099999904632568359e+00 4.600000083446502686e-01 6.690000057220458984e+00 8.000000000000000000e+00 -7.000000000000000000e+01 -1.406250000000000000e+01 1.250000000000000000e+00 -1.525000000000000000e+02 2.912500000000000000e+01
4.340000152587890625e+00 3.300000131130218506e-01 6.119999885559082031e+00 6.375000000000000000e+00 -7.737500000000000000e+01 -1.287500000000000000e+01 -5.625000000000000000e+00 -1.398125000000000000e+02 3.031250000000000000e+01
4.119999885559082031e+00 0.000000000000000000e+00 5.860000133514404297e+00 6.375000000000000000e+00 -7.737500000000000000e+01 -1.287500000000000000e+01 -9.750000000000000000e+00 -1.249375000000000000e+02 3.112500000000000000e+01
3.769999980926513672e+00 -8.299999833106994629e-01 4.070000171661376953e+00 6.375000000000000000e+00 -7.737500000000000000e+01 -1.287500000000000000e+01 -1.281250000000000000e+01 -1.116875000000000000e+02 3.025000000000000000e+01
3.920000076293945312e+00 -1.240000009536743164e+00 3.720000028610229492e+00 6.375000000000000000e+00 -7.737500000000000000e+01 -1.287500000000000000e+01 -9.437500000000000000e+00 -9.537500000000000000e+01 2.631250000000000000e+01
4.369999885559082031e+00 -1.360000014305114746e+00 4.010000228881835938e+00 6.375000000000000000e+00 -7.737500000000000000e+01 -1.287500000000000000e+01 -3.750000000000000000e+00 -7.681250000000000000e+01 2.043750000000000000e+01
4.659999847412109375e+00 -1.120000004768371582e+00 5.250000000000000000e+00 4.000000000000000000e+00 -8.325000000000000000e+01 -1.537500000000000000e+01 -1.625000000000000000e+00 -5.931250000000000000e+01 1.512500000000000000e+01
4.760000228881835938e+00 -9.800000190734863281e-01 5.949999809265136719e+00 4.000000000000000000e+00 -8.325000000000000000e+01 -1.537500000000000000e+01 -7.562500000000000000e+00 -4.468750000000000000e+01 1.325000000000000000e+01
4.989999771118164062e+00 -6.700000166893005371e-01 6.599999904632568359e+00 4.000000000000000000e+00 -8.325000000000000000e+01 -1.537500000000000000e+01 -1.693750000000000000e+01 -3.306250000000000000e+01 1.281250000000000000e+01
4.960000038146972656e+00 -5.600000023841857910e-01 6.860000133514404297e+00 4.000000000000000000e+00 -8.325000000000000000e+01 -1.537500000000000000e+01 -2.468750000000000000e+01 -2.556250000000000000e+01 1.300000000000000000e+01
4.960000038146972656e+00 -5.600000023841857910e-01 7.159999847412109375e+00 4.000000000000000000e+00 -8.325000000000000000e+01 -1.537500000000000000e+01 -2.875000000000000000e+01 -1.943750000000000000e+01 1.412500000000000000e+01
4.940000057220458984e+00 -6.600000262260437012e-01 7.369999885559082031e+00 1.000000000000000000e+00 -8.425000000000000000e+01 -1.806250000000000000e+01 -2.562500000000000000e+01 -1.325000000000000000e+01 1.406250000000000000e+01
4.889999866485595703e+00 -8.500000238418579102e-01 7.570000171661376953e+00 1.000000000000000000e+00 -8.425000000000000000e+01 -1.806250000000000000e+01 -1.587500000000000000e+01 -7.687500000000000000e+00 1.143750000000000000e+01
4.739999771118164062e+00 -1.110000014305114746e+00 7.769999980926513672e+00 1.000000000000000000e+00 -8.425000000000000000e+01 -1.806250000000000000e+01 -3.375000000000000000e+00 -3.062500000000000000e+00 7.000000000000000000e+00
4.619999885559082031e+00 -1.179999947547912598e+00 8.020000457763671875e+00 1.000000000000000000e+00 -8.425000000000000000e+01 -1.806250000000000000e+01 6.625000000000000000e+00 -6.250000000000000000e-02 1.687500000000000000e+00
4.519999980926513672e+00 -9.300000071525573730e-01 7.860000133514404297e+00 1.000000000000000000e+00 -8.425000000000000000e+01 -1.806250000000000000e+01 1.050000000000000000e+01 2.062500000000000000e+00 -1.750000000000000000e+00
4.590000152587890625e+00 -8.000000119209289551e-01 7.869999885559082031e+00 3.750000000000000000e-01 -8.318750000000000000e+01 -1.825000000000000000e+01 8.437500000000000000e+00 4.437500000000000000e+00 -2.062500000000000000e+00
4.530000209808349609e+00 -7.200000286102294922e-01 7.989999771118164062e+00 3.750000000000000000e-01 -8.318750000000000000e+01 -1.825000000000000000e+01 3.187500000000000000e+00 5.625000000000000000e+00 -1.875000000000000000e-01
4.570000171661376953e+00 -7.300000190734863281e-01 7.679999828338623047e+00 3.750000000000000000e-01 -8.318750000000000000e+01 -1.825000000000000000e+01 -3.812500000000000000e+00 6.687500000000000000e+00 1.937500000000000000e+00
4.519999980926513672e+00 -5.600000023841857910e-01 7.530000209808349609e+00 3.750000000000000000e-01 -8.318750000000000000e+01 -1.825000000000000000e+01 -8.500000000000000000e+00 8.875000000000000000e+00 2.437500000000000000e+00
4.380000114440917969e+00 -4.399999976158142090e-01 7.150000095367431641e+00 3.750000000000000000e-01 -8.318750000000000000e+01 -1.825000000000000000e+01 -9.062500000000000000e+00 1.193750000000000000e+01 1.812500000000000000e+00
4.190000057220458984e+00 -3.899999856948852539e-01 6.480000019073486328e+00 -6.875000000000000000e-01 -8.356250000000000000e+01 -1.906250000000000000e+01 -5.000000000000000000e+00 1.843750000000000000e+01 5.625000000000000000e-01
4.170000076293945312e+00 -5.699999928474426270e-01 6.000000000000000000e+00 -6.875000000000000000e-01 -8.356250000000000000e+01 -1.906250000000000000e+01 1.000000000000000000e+00 2.712500000000000000e+01 -8.750000000000000000e-01
4.070000171661376953e+00 -7.200000286102294922e-01 5.440000057220458984e+00 -6.875000000000000000e-01 -8.356250000000000000e+01 -1.906250000000000000e+01 6.812500000000000000e+00 3.850000000000000000e+01 -2.625000000000000000e+00
3.720000028610229492e+00 -9.599999785423278809e-01 4.679999828338623047e+00 -6.875000000000000000e-01 -8.356250000000000000e+01 -1.906250000000000000e+01 1.187500000000000000e+01 5.475000000000000000e+01 -5.625000000000000000e+00
3.009999990463256836e+00 -1.289999961853027344e+00 3.259999990463256836e+00 -6.875000000000000000e-01 -8.356250000000000000e+01 -1.906250000000000000e+01 1.762500000000000000e+01 7.612500000000000000e+01 -1.168750000000000000e+01
2.630000114440917969e+00 -1.080000042915344238e+00 2.839999914169311523e+00 5.000000000000000000e-01 -8.206250000000000000e+01 -1.906250000000000000e+01 2.450000000000000000e+01 1.018750000000000000e+02 -2.012500000000000000e+01
3.069999933242797852e+00 -8.199999928474426270e-01 2.599999904632568359e+00 5.000000000000000000e-01 -8.206250000000000000e+01 -1.906250000000000000e+01 3.268750000000000000e+01 1.292500000000000000e+02 -2.687500000000000000e+01
3.609999895095825195e+00 -4.499999880790710449e-01 4.090000152587890625e+00 5.000000000000000000e-01 -8.206250000000000000e+01 -1.906250000000000000e+01 3.306250000000000000e+01 1.610000000000000000e+02 -3.081250000000000000e+01
3.769999980926513672e+00 -1.099999994039535522e-01 5.469999790191650391e+00 5.000000000000000000e-01 -8.206250000000000000e+01 -1.906250000000000000e+01 1.918750000000000000e+01 1.941250000000000000e+02 -3.193750000000000000e+01
3.269999980926513672e+00 4.199999868869781494e-01 6.989999771118164062e+00 5.000000000000000000e-01 -8.206250000000000000e+01 -1.906250000000000000e+01 -1.625000000000000000e+00 2.239375000000000000e+02 -3.118750000000000000e+01
2.630000114440917969e+00 7.200000286102294922e-01 8.220000267028808594e+00 2.375000000000000000e+00 -8.056250000000000000e+01 -1.537500000000000000e+01 -2.375000000000000000e+01 2.471875000000000000e+02 -2.743750000000000000e+01
1.870000004768371582e+00 1.210000038146972656e+00 1.184000015258789062e+01 2.375000000000000000e+00 -8.056250000000000000e+01 -1.537500000000000000e+01 -3.987500000000000000e+01 2.682500000000000000e+02 -2.137500000000000000e+01
6.299999952316284180e-01 1.320000052452087402e+00 1.431999969482421875e+01 2.375000000000000000e+00 -8.056250000000000000e+01 -1.537500000000000000e+01 -4.762500000000000000e+01 2.747500000000000000e+02 -1.643750000000000000e+01
-1.800000071525573730e-01 1.149999976158142090e+00 1.635000038146972656e+01 2.375000000000000000e+00 -8.056250000000000000e+01 -1.537500000000000000e+01 -5.225000000000000000e+01 2.563750000000000000e+02 -7.312500000000000000e+00
-3.400000035762786865e-01 5.500000119209289551e-01 1.825000000000000000e+01 2.375000000000000000e+00 -8.056250000000000000e+01 -1.537500000000000000e+01 -5.362500000000000000e+01 2.150625000000000000e+02 -8.750000000000000000e-01
3.499999940395355225e-01 -1.279999971389770508e+00 1.577999973297119141e+01 6.750000000000000000e+00 -7.250000000000000000e+01 -1.575000000000000000e+01 -4.812500000000000000e+01 1.623750000000000000e+02 1.562500000000000000e+00
2.099999934434890747e-01 -1.820000052452087402e+00 1.376000022888183594e+01 6.750000000000000000e+00 -7.250000000000000000e+01 -1.575000000000000000e+01 -3.143750000000000000e+01 1.180000000000000000e+02 -3.750000000000000000e-01
1.199999973177909851e-01 -1.879999995231628418e+00 1.135000038146972656e+01 6.750000000000000000e+00 -7.250000000000000000e+01 -1.575000000000000000e+01 -9.750000000000000000e+00 8.968750000000000000e+01 -4.437500000000000000e+00
-1.899999976158142090e-01 -1.529999971389770508e+00 9.189999580383300781e+00 6.750000000000000000e+00 -7.250000000000000000e+01 -1.575000000000000000e+01 8.000000000000000000e+00 7.681250000000000000e+01 -7.625000000000000000e+00
-4.900000095367431641e-01 -1.289999961853027344e+00 9.210000038146972656e+00 6.750000000000000000e+00 -7.250000000000000000e+01 -1.575000000000000000e+01 1.837500000000000000e+01 7.481250000000000000e+01 -9.937500000000000000e+00
-4.399999976158142090e-01 -1.159999966621398926e+00 9.680000305175781250e+00 9.375000000000000000e+00 -6.725000000000000000e+01 -1.868750000000000000e+01 2.112500000000000000e+01 7.437500000000000000e+01 -9.437500000000000000e+00
-5.000000000000000000e-01 -9.599999785423278809e-01 9.949999809265136719e+00 9.375000000000000000e+00 -6.725000000000000000e+01 -1.868750000000000000e+01 2.312500000000000000e+01 7.068750000000000000e+01 -7.937500000000000000e+00
-6.100000143051147461e-01 -7.500000000000000000e-01 1.031999969482421875e+01 9.375000000000000000e+00 -6.725000000000000000e+01 -1.868750000000000000e+01 2.875000000000000000e+01 6.387500000000000000e+01 -7.750000000000000000e+00
-5.000000000000000000e-01 -7.300000190734863281e-01 1.022999954223632812e+01 9.375000000000000000e+00 -6.725000000000000000e+01 -1.868750000000000000e+01 3.606250000000000000e+01 5.518750000000000000e+01 -8.125000000000000000e+00
-6.200000047683715820e-01 -4.900000095367431641e-01 1.005000019073486328e+01 9.375000000000000000e+00 -6.725000000000000000e+01 -1.868750000000000000e+01 4.106250000000000000e+01 4.650000000000000000e+01 -8.687500000000000000e+00
-7.500000000000000000e-01 -4.399999976158142090e-01 9.789999961853027344e+00 9.750000000000000000e+00 -6.618750000000000000e+01 -1.787500000000000000e+01 4.093750000000000000e+01 3.881250000000000000e+01 -8.125000000000000000e+00
-5.199999809265136719e-01 -7.000000029802322388e-02 9.439999580383300781e+00 9.750000000000000000e+00 -6.618750000000000000e+01 -1.787500000000000000e+01 3.750000000000000000e+01 3.268750000000000000e+01 -7.000000000000000000e+00
-6.700000166893005371e-01 9.999999776482582092e-03 9.380000114440917969e+00 9.750000000000000000e+00 -6.618750000000000000e+01 -1.787500000000000000e+01 3.237500000000000000e+01 2.787500000000000000e+01 -6.750000000000000000e+00
-8.299999833106994629e-01 1.099999994039535522e-01 9.439999580383300781e+00 9.750000000000000000e+00 -6.618750000000000000e+01 -1.787500000000000000e+01 2.675000000000000000e+01 2.287500000000000000e+01 -5.937500000000000000e+00
-8.600000143051147461e-01 2.199999988079071045e-01 9.529999732971191406e+00 9.750000000000000000e+00 -6.618750000000000000e+01 -1.787500000000000000e+01 2.118750000000000000e+01 1.750000000000000000e+01 -5.125000000000000000e+00
-8.700000047683715820e-01 1.700000017881393433e-01 9.550000190734863281e+00 1.087500000000000000e+01 -6.618750000000000000e+01 -1.537500000000000000e+01 1.500000000000000000e+01 1.168750000000000000e+01 -4.312500000000000000e+00
-8.399999737739562988e-01 1.599999964237213135e-01 9.539999961853027344e+00 1.087500000000000000e+01 -6.618750000000000000e+01 -1.537500000000000000e+01 9.437500000000000000e+00 6.750000000000000000e+00 -3.187500000000000000e+00
-8.399999737739562988e-01 1.700000017881393433e-01 9.479999542236328125e+00 1.087500000000000000e+01 -6.618750000000000000e+01 -1.537500000000000000e+01 4.437500000000000000e+00 2.812500000000000000e+00 -2.625000000000000000e+00
-7.799999713897705078e-01 2.300000041723251343e-01 9.510000228881835938e+00 1.087500000000000000e+01 -6.618750000000000000e+01 -1.537500000000000000e+01 3.125000000000000000e-01 2.500000000000000000e-01 -2.000000000000000000e+00
-7.699999809265136719e-01 1.800000071525573730e-01 9.479999542236328125e+00 1.087500000000000000e+01 -6.618750000000000000e+01 -1.537500000000000000e+01 -3.062500000000000000e+00 -2.250000000000000000e+00 -1.437500000000000000e+00
-7.300000190734863281e-01 1.899999976158142090e-01 9.380000114440917969e+00 1.156250000000000000e+01 -6.725000000000000000e+01 -1.525000000000000000e+01 -5.750000000000000000e+00 -4.312500000000000000e+00 -1.125000000000000000e+00
-7.200000286102294922e-01 2.300000041723251343e-01 9.350000381469726562e+00 1.156250000000000000e+01 -6.725000000000000000e+01 -1.525000000000000000e+01 -7.500000000000000000e+00 -5.937500000000000000e+00 -9.375000000000000000e-01
-6.600000262260437012e-01 1.199999973177909851e-01 9.430000305175781250e+00 1.156250000000000000e+01 -6.725000000000000000e+01 -1.525000000000000000e+01 -8.562500000000000000e+00 -7.000000000000000000e+00 -5.625000000000000000e-01
-5.600000023841857910e-01 1.199999973177909851e-01 9.439999580383300781e+00 1.156250000000000000e+01 -6.725000000000000000e+01 -1.525000000000000000e+01 -9.125000000000000000e+00 -7.875000000000000000e+00 -1.875000000000000000e-01
-5.500000119209289551e-01 1.000000014901161194e-01 9.380000114440917969e+00 1.156250000000000000e+01 -6.725000000000000000e+01 -1.525000000000000000e+01 -9.375000000000000000e+00 -8.875000000000000000e+00 1.875000000000000000e-01
-5.099999904632568359e-01 1.099999994039535522e-01 9.270000457763671875e+00 1.150000000000000000e+01 -6.687500000000000000e+01 -1.450000000000000000e+01 -9.500000000000000000e+00 -9.812500000000000000e+00 5.625000000000000000e-01
-4.600000083446502686e-01 1.999999955296516418e-02 9.319999694824218750e+00 1.150000000000000000e+01 -6.687500000000000000e+01 -1.450000000000000000e+01 -8.687500000000000000e+00 -9.937500000000000000e+00 9.375000000000000000e-01
-4.000000059604644775e-01 -9.999999776482582092e-03 9.460000038146972656e+00 1.150000000000000000e+01 -6.687500000000000000e+01 -1.450000000000000000e+01 -7.625000000000000000e+00 -9.312500000000000000e+00 1.375000000000000000e+00
-3.499999940395355225e-01 -7.000000029802322388e-02 9.539999961853027344e+00 1.150000000000000000e+01 -6.687500000000000000e+01 -1.450000000000000000e+01 -6.687500000000000000e+00 -8.500000000000000000e+00 1.500000000000000000e+00
-3.600000143051147461e-01 0.000000000000000000e+00 9.319999694824218750e+00 1.150000000000000000e+01 -6.687500000000000000e+01 -1.450000000000000000e+01 -6.812500000000000000e+00 -7.750000000000000000e+00 1.625000000000000000e+00
-3.400000035762786865e-01 -5.999999865889549255e-02 9.180000305175781250e+00 1.118750000000000000e+01 -6.656250000000000000e+01 -1.518750000000000000e+01 -7.500000000000000000e+00 -7.125000000000000000e+00 1.687500000000000000e+00
-3.300000131130218506e-01 -1.500000059604644775e-01 9.229999542236328125e+00 1.118750000000000000e+01 -6.656250000000000000e+01 -1.518750000000000000e+01 -8.062500000000000000e+00 -5.875000000000000000e+00 1.937500000000000000e+00
-3.000000119209289551e-01 -2.199999988079071045e-01 9.390000343322753906e+00 1.118750000000000000e+01 -6.656250000000000000e+01 -1.518750000000000000e+01 -7.625000000000000000e+00 -4.750000000000000000e+00 1.937500000000000000e+00
-2.500000000000000000e-01 -3.400000035762786865e-01 9.550000190734863281e+00 1.118750000000000000e+01 -6.656250000000000000e+01 -1.518750000000000000e+01 -7.187500000000000000e+00 -3.187500000000000000e+00 1.875000000000000000e+00
-2.700000107288360596e-01 -4.099999964237213135e-01 9.579999923706054688e+00 1.118750000000000000e+01 -6.656250000000000000e+01 -1.518750000000000000e+01 -6.750000000000000000e+00 -2.937500000000000000e+00 1.812500000000000000e+00
-2.800000011920928955e-01 -4.499999880790710449e-01 9.500000000000000000e+00 1.075000000000000000e+01 -6.618750000000000000e+01 -1.556250000000000000e+01 -6.750000000000000000e+00 -3.000000000000000000e+00 1.750000000000000000e+00
-2.899999916553497314e-01 -4.099999964237213135e-01 9.220000267028808594e+00 1.075000000000000000e+01 -6.618750000000000000e+01 -1.556250000000000000e+01 -6.750000000000000000e+00 -3.375000000000000000e+00 1.375000000000000000e+00
-3.300000131130218506e-01 -3.899999856948852539e-01 9.210000038146972656e+00 1.075000000000000000e+01 -6.618750000000000000e+01 -1.556250000000000000e+01 -6.750000000000000000e+00 -3.750000000000000000e+00 1.312500000000000000e+00
-3.300000131130218506e-01 -5.000000000000000000e-01 9.369999885559082031e+00 1.075000000000000000e+01 -6.618750000000000000e+01 -1.556250000000000000e+01 -6.250000000000000000e+00 -3.562500000000000000e+00 1.125000000000000000e+00
