-1.299999952316284180e-01 -6.399999856948852539e-01 9.380000114440917969e+00 4.875000000000000000e+00 -6.525000000000000000e+01 -2.206250000000000000e+01 6.875000000000000000e-01 -1.875000000000000000e-01 0.000000000000000000e+00
-1.599999964237213135e-01 -5.899999737739562988e-01 9.390000343322753906e+00 4.875000000000000000e+00 -6.525000000000000000e+01 -2.206250000000000000e+01 6.250000000000000000e-02 -2.500000000000000000e-01 6.250000000000000000e-02
-1.099999994039535522e-01 -6.200000047683715820e-01 9.390000343322753906e+00 4.875000000000000000e+00 -6.525000000000000000e+01 -2.206250000000000000e+01 -6.250000000000000000e-02 -5.625000000000000000e-01 2.500000000000000000e-01
-1.500000059604644775e-01 -6.700000166893005371e-01 9.390000343322753906e+00 4.875000000000000000e+00 -6.525000000000000000e+01 -2.206250000000000000e+01 6.875000000000000000e-01 -6.250000000000000000e-01 0.000000000000000000e+00
-1.400000005960464478e-01 -6.700000166893005371e-01 9.390000343322753906e+00 4.562500000000000000e+00 -6.418750000000000000e+01 -2.237500000000000000e+01 2.125000000000000000e+00 -3.750000000000000000e-01 6.250000000000000000e-02
-1.400000005960464478e-01 -6.700000166893005371e-01 9.390000343322753906e+00 4.562500000000000000e+00 -6.418750000000000000e+01 -2.237500000000000000e+01 4.500000000000000000e+00 -2.500000000000000000e-01 -6.250000000000000000e-02
-1.299999952316284180e-01 -6.999999880790710449e-01 9.390000343322753906e+00 4.562500000000000000e+00 -6.418750000000000000e+01 -2.237500000000000000e+01 7.500000000000000000e+00 -6.250000000000000000e-02 -2.500000000000000000e-01
-1.299999952316284180e-01 -7.799999713897705078e-01 9.380000114440917969e+00 4.562500000000000000e+00 -6.418750000000000000e+01 -2.237500000000000000e+01 1.050000000000000000e+01 -1.875000000000000000e-01 -5.000000000000000000e-01
-1.599999964237213135e-01 -7.599999904632568359e-01 9.420000076293945312e+00 4.562500000000000000e+00 -6.418750000000000000e+01 -2.237500000000000000e+01 1.050000000000000000e+01 -1.875000000000000000e-01 -5.000000000000000000e-01
-1.000000014901161194e-01 -6.800000071525573730e-01 9.409999847412109375e+00 3.750000000000000000e+00 -6.418750000000000000e+01 -2.287500000000000000e+01 1.200000000000000000e+01 -1.875000000000000000e-01 -7.500000000000000000e-01
-1.199999973177909851e-01 -6.100000143051147461e-01 9.359999656677246094e+00 3.750000000000000000e+00 -6.418750000000000000e+01 -2.287500000000000000e+01 1.075000000000000000e+01 -1.250000000000000000e-01 -1.062500000000000000e+00
-1.500000059604644775e-01 -5.099999904632568359e-01 9.390000343322753906e+00 3.750000000000000000e+00 -6.418750000000000000e+01 -2.287500000000000000e+01 8.312500000000000000e+00 -8.750000000000000000e-01 -1.125000000000000000e+00
-9.000000357627868652e-02 -3.600000143051147461e-01 9.380000114440917969e+00 3.750000000000000000e+00 -6.418750000000000000e+01 -2.287500000000000000e+01 4.562500000000000000e+00 -1.187500000000000000e+00 -7.500000000000000000e-01
-1.299999952316284180e-01 -2.300000041723251343e-01 9.329999923706054688e+00 3.750000000000000000e+00 -6.418750000000000000e+01 -2.287500000000000000e+01 0.000000000000000000e+00 -8.125000000000000000e-01 -3.125000000000000000e-01
-1.299999952316284180e-01 -3.300000131130218506e-01 9.329999923706054688e+00 4.562500000000000000e+00 -6.500000000000000000e+01 -2.206250000000000000e+01 -3.187500000000000000e+00 -1.250000000000000000e-01 6.250000000000000000e-02
-1.400000005960464478e-01 -4.199999868869781494e-01 9.430000305175781250e+00 4.562500000000000000e+00 -6.500000000000000000e+01 -2.206250000000000000e+01 -4.562500000000000000e+00 6.250000000000000000e-01 -6.250000000000000000e-02
-1.599999964237213135e-01 -4.699999988079071045e-01 9.420000076293945312e+00 4.562500000000000000e+00 -6.500000000000000000e+01 -2.206250000000000000e+01 -4.437500000000000000e+00 1.250000000000000000e+00 1.250000000000000000e-01
-1.500000059604644775e-01 -3.899999856948852539e-01 9.399999618530273438e+00 4.562500000000000000e+00 -6.500000000000000000e+01 -2.206250000000000000e+01 -2.562500000000000000e+00 1.750000000000000000e+00 2.500000000000000000e-01
-1.800000071525573730e-01 -4.799999892711639404e-01 9.390000343322753906e+00 4.562500000000000000e+00 -6.500000000000000000e+01 -2.206250000000000000e+01 -2.562500000000000000e+00 1.750000000000000000e+00 2.500000000000000000e-01
-1.700000017881393433e-01 -6.499999761581420898e-01 9.319999694824218750e+00 4.562500000000000000e+00 -6.568750000000000000e+01 -2.237500000000000000e+01 8.750000000000000000e-01 2.187500000000000000e+00 2.500000000000000000e-01
-1.599999964237213135e-01 -6.999999880790710449e-01 9.369999885559082031e+00 4.562500000000000000e+00 -6.568750000000000000e+01 -2.237500000000000000e+01 1.168750000000000000e+01 1.687500000000000000e+00 -2.500000000000000000e-01
-1.599999964237213135e-01 -6.800000071525573730e-01 9.399999618530273438e+00 4.562500000000000000e+00 -6.568750000000000000e+01 -2.237500000000000000e+01 2.012500000000000000e+01 8.750000000000000000e-01 -6.250000000000000000e-01
-2.000000029802322388e-01 -6.800000071525573730e-01 9.489999771118164062e+00 4.562500000000000000e+00 -6.568750000000000000e+01 -2.237500000000000000e+01 3.375000000000000000e+01 -9.375000000000000000e-01 -1.437500000000000000e+00
-2.800000011920928955e-01 -6.200000047683715820e-01 9.579999923706054688e+00 4.562500000000000000e+00 -6.568750000000000000e+01 -2.237500000000000000e+01 3.375000000000000000e+01 -9.375000000000000000e-01 -1.437500000000000000e+00
-5.000000000000000000e-01 -8.799999952316284180e-01 9.869999885559082031e+00 4.875000000000000000e+00 -6.500000000000000000e+01 -2.118750000000000000e+01 5.425000000000000000e+01 -3.875000000000000000e+00 -2.250000000000000000e+00
-6.200000047683715820e-01 -1.279999971389770508e+00 1.001000022888183594e+01 4.875000000000000000e+00 -6.500000000000000000e+01 -2.118750000000000000e+01 1.130625000000000000e+02 -1.456250000000000000e+01 -4.687500000000000000e+00
-6.600000262260437012e-01 -1.159999966621398926e+00 1.025000000000000000e+01 4.875000000000000000e+00 -6.500000000000000000e+01 -2.118750000000000000e+01 1.470000000000000000e+02 -1.987500000000000000e+01 -4.437500000000000000e+00
-9.499999880790710449e-01 -1.049999952316284180e+00 1.131999969482421875e+01 4.875000000000000000e+00 -6.500000000000000000e+01 -2.118750000000000000e+01 1.866875000000000000e+02 -2.875000000000000000e+01 -5.375000000000000000e+00
-9.399999976158142090e-01 -8.199999928474426270e-01 1.188000011444091797e+01 4.875000000000000000e+00 -6.500000000000000000e+01 -2.118750000000000000e+01 1.866875000000000000e+02 -2.875000000000000000e+01 -5.375000000000000000e+00
-7.099999785423278809e-01 -7.099999785423278809e-01 1.228999996185302734e+01 5.687500000000000000e+00 -6.606250000000000000e+01 -2.037500000000000000e+01 2.309375000000000000e+02 -3.700000000000000000e+01 -3.937500000000000000e+00
-5.899999737739562988e-01 -1.129999995231628418e+00 1.252000045776367188e+01 5.687500000000000000e+00 -6.606250000000000000e+01 -2.037500000000000000e+01 3.116250000000000000e+02 -5.387500000000000000e+01 -5.437500000000000000e+00
-7.000000029802322388e-02 -1.279999971389770508e+00 1.134000015258789062e+01 5.687500000000000000e+00 -6.606250000000000000e+01 -2.037500000000000000e+01 3.403750000000000000e+02 -6.025000000000000000e+01 -1.231250000000000000e+01
9.000000357627868652e-02 -6.000000238418579102e-01 1.061999988555908203e+01 5.687500000000000000e+00 -6.606250000000000000e+01 -2.037500000000000000e+01 3.531250000000000000e+02 -6.518750000000000000e+01 -2.187500000000000000e+01
2.500000000000000000e-01 7.599999904632568359e-01 9.489999771118164062e+00 5.687500000000000000e+00 -6.606250000000000000e+01 -2.037500000000000000e+01 3.531250000000000000e+02 -6.518750000000000000e+01 -2.187500000000000000e+01
2.700000107288360596e-01 1.940000057220458984e+00 7.969999790191650391e+00 4.562500000000000000e+00 -6.900000000000000000e+01 -8.250000000000000000e+00 3.517500000000000000e+02 -6.556250000000000000e+01 -2.818750000000000000e+01
1.009999990463256836e+00 3.039999961853027344e+00 5.519999980926513672e+00 4.562500000000000000e+00 -6.900000000000000000e+01 -8.250000000000000000e+00 2.978750000000000000e+02 -4.925000000000000000e+01 -4.137500000000000000e+01
7.599999904632568359e-01 4.039999961853027344e+00 4.690000057220458984e+00 4.562500000000000000e+00 -6.900000000000000000e+01 -8.250000000000000000e+00 2.664375000000000000e+02 -3.306250000000000000e+01 -4.187500000000000000e+01
1.220000028610229492e+00 4.659999847412109375e+00 4.539999961853027344e+00 4.562500000000000000e+00 -6.900000000000000000e+01 -8.250000000000000000e+00 2.246875000000000000e+02 -2.100000000000000000e+01 -4.062500000000000000e+01
1.840000033378601074e+00 6.030000209808349609e+00 3.930000066757202148e+00 4.562500000000000000e+00 -6.900000000000000000e+01 -8.250000000000000000e+00 2.246875000000000000e+02 -2.100000000000000000e+01 -4.062500000000000000e+01
1.820000052452087402e+00 6.820000171661376953e+00 3.869999885559082031e+00 5.687500000000000000e+00 -7.018750000000000000e+01 1.175000000000000000e+01 1.736250000000000000e+02 -1.062500000000000000e+01 -4.212500000000000000e+01
1.720000028610229492e+00 8.079999923706054688e+00 4.460000038146972656e+00 5.687500000000000000e+00 -7.018750000000000000e+01 1.175000000000000000e+01 8.975000000000000000e+01 7.750000000000000000e+00 -3.537500000000000000e+01
1.539999961853027344e+00 8.909999847412109375e+00 4.150000095367431641e+00 5.687500000000000000e+00 -7.018750000000000000e+01 1.175000000000000000e+01 5.381250000000000000e+01 1.531250000000000000e+01 -2.681250000000000000e+01
9.300000071525573730e-01 8.810000419616699219e+00 5.050000190734863281e+00 5.687500000000000000e+00 -7.018750000000000000e+01 1.175000000000000000e+01 2.150000000000000000e+01 2.425000000000000000e+01 -1.268750000000000000e+01
4.799999892711639404e-01 7.969999790191650391e+00 5.650000095367431641e+00 5.687500000000000000e+00 -7.018750000000000000e+01 1.175000000000000000e+01 2.150000000000000000e+01 2.425000000000000000e+01 -1.268750000000000000e+01
2.199999988079071045e-01 7.260000228881835938e+00 6.440000057220458984e+00 8.187500000000000000e+00 -6.756250000000000000e+01 2.325000000000000000e+01 -7.187500000000000000e+00 2.900000000000000000e+01 -4.937500000000000000e+00
1.400000005960464478e-01 6.710000038146972656e+00 7.130000114440917969e+00 8.187500000000000000e+00 -6.756250000000000000e+01 2.325000000000000000e+01 -4.262500000000000000e+01 2.956250000000000000e+01 -1.187500000000000000e+00
-1.500000059604644775e-01 5.989999771118164062e+00 8.109999656677246094e+00 8.187500000000000000e+00 -6.756250000000000000e+01 2.325000000000000000e+01 -4.768750000000000000e+01 2.631250000000000000e+01 -1.250000000000000000e+00
-3.100000023841857910e-01 5.730000019073486328e+00 8.310000419616699219e+00 8.187500000000000000e+00 -6.756250000000000000e+01 2.325000000000000000e+01 -4.681250000000000000e+01 2.181250000000000000e+01 -1.250000000000000000e+00
-3.300000131130218506e-01 5.380000114440917969e+00 8.340000152587890625e+00 8.187500000000000000e+00 -6.756250000000000000e+01 2.325000000000000000e+01 -4.681250000000000000e+01 2.181250000000000000e+01 -1.250000000000000000e+00
-3.300000131130218506e-01 4.780000209808349609e+00 8.470000267028808594e+00 7.875000000000000000e+00 -6.606250000000000000e+01 2.400000000000000000e+01 -4.087500000000000000e+01 1.806250000000000000e+01 -1.437500000000000000e+00
-3.199999928474426270e-01 4.639999866485595703e+00 8.340000152587890625e+00 7.875000000000000000e+00 -6.606250000000000000e+01 2.400000000000000000e+01 -2.737500000000000000e+01 9.187500000000000000e+00 -2.187500000000000000e+00
-2.599999904632568359e-01 4.769999980926513672e+00 8.020000457763671875e+00 7.875000000000000000e+00 -6.606250000000000000e+01 2.400000000000000000e+01 -2.662500000000000000e+01 5.875000000000000000e+00 -1.125000000000000000e+00
-2.199999988079071045e-01 5.039999961853027344e+00 7.670000076293945312e+00 7.875000000000000000e+00 -6.606250000000000000e+01 2.400000000000000000e+01 -3.062500000000000000e+01 4.250000000000000000e+00 8.125000000000000000e-01
0.000000000000000000e+00 5.170000076293945312e+00 6.929999828338623047e+00 7.875000000000000000e+00 -6.606250000000000000e+01 2.400000000000000000e+01 -3.062500000000000000e+01 4.250000000000000000e+00 8.125000000000000000e-01
1.599999964237213135e-01 5.199999809265136719e+00 6.699999809265136719e+00 7.500000000000000000e+00 -6.568750000000000000e+01 1.987500000000000000e+01 -4.062500000000000000e+01 4.937500000000000000e+00 2.625000000000000000e+00
3.499999940395355225e-01 5.289999961853027344e+00 6.429999828338623047e+00 7.500000000000000000e+00 -6.568750000000000000e+01 1.987500000000000000e+01 -9.037500000000000000e+01 1.200000000000000000e+01 4.062500000000000000e+00
4.499999880790710449e-01 5.539999961853027344e+00 6.110000133514404297e+00 7.500000000000000000e+00 -6.568750000000000000e+01 1.987500000000000000e+01 -1.291250000000000000e+02 1.750000000000000000e+01 5.812500000000000000e+00
5.199999809265136719e-01 6.599999904632568359e+00 5.880000114440917969e+00 7.500000000000000000e+00 -6.568750000000000000e+01 1.987500000000000000e+01 -1.698750000000000000e+02 2.450000000000000000e+01 1.050000000000000000e+01
5.099999904632568359e-01 6.730000019073486328e+00 5.980000019073486328e+00 7.500000000000000000e+00 -6.568750000000000000e+01 1.987500000000000000e+01 -1.698750000000000000e+02 2.450000000000000000e+01 1.050000000000000000e+01
4.099999964237213135e-01 6.489999771118164062e+00 6.239999771118164062e+00 7.875000000000000000e+00 -6.656250000000000000e+01 1.825000000000000000e+01 -2.081875000000000000e+02 3.275000000000000000e+01 1.806250000000000000e+01
1.400000005960464478e-01 5.199999809265136719e+00 7.050000190734863281e+00 7.875000000000000000e+00 -6.656250000000000000e+01 1.825000000000000000e+01 -2.723750000000000000e+02 4.481250000000000000e+01 3.125000000000000000e+01
0.000000000000000000e+00 4.150000095367431641e+00 7.619999885559082031e+00 7.875000000000000000e+00 -6.656250000000000000e+01 1.825000000000000000e+01 -2.950000000000000000e+02 4.775000000000000000e+01 3.287500000000000000e+01
-1.199999973177909851e-01 3.009999990463256836e+00 8.430000305175781250e+00 7.875000000000000000e+00 -6.656250000000000000e+01 1.825000000000000000e+01 -3.090625000000000000e+02 4.687500000000000000e+01 3.037500000000000000e+01
-3.700000047683715820e-01 1.950000047683715820e+00 9.479999542236328125e+00 7.875000000000000000e+00 -6.656250000000000000e+01 1.825000000000000000e+01 -3.090625000000000000e+02 4.687500000000000000e+01 3.037500000000000000e+01
-5.500000119209289551e-01 8.999999761581420898e-01 1.067000007629394531e+01 7.187500000000000000e+00 -6.918750000000000000e+01 7.000000000000000000e+00 -3.143750000000000000e+02 4.100000000000000000e+01 2.400000000000000000e+01
-7.400000095367431641e-01 8.100000023841857910e-01 1.132999992370605469e+01 7.187500000000000000e+00 -6.918750000000000000e+01 7.000000000000000000e+00 -2.846250000000000000e+02 2.525000000000000000e+01 1.287500000000000000e+01
-8.399999737739562988e-01 6.499999761581420898e-01 1.177999973297119141e+01 7.187500000000000000e+00 -6.918750000000000000e+01 7.000000000000000000e+00 -2.426875000000000000e+02 1.462500000000000000e+01 1.081250000000000000e+01
-1.080000042915344238e+00 1.099999994039535522e-01 1.223999977111816406e+01 7.187500000000000000e+00 -6.918750000000000000e+01 7.000000000000000000e+00 -1.862500000000000000e+02 1.812500000000000000e+00 8.687500000000000000e+00
-1.240000009536743164e+00 -9.900000095367431641e-01 1.072999954223632812e+01 7.187500000000000000e+00 -6.918750000000000000e+01 7.000000000000000000e+00 -1.862500000000000000e+02 1.812500000000000000e+00 8.687500000000000000e+00
-1.159999966621398926e+00 -1.320000052452087402e+00 1.003999996185302734e+01 6.062500000000000000e+00 -6.837500000000000000e+01 -1.137500000000000000e+01 -1.298750000000000000e+02 -5.187500000000000000e+00 1.875000000000000000e+00
-9.700000286102294922e-01 -1.600000023841857910e+00 9.590000152587890625e+00 6.062500000000000000e+00 -6.837500000000000000e+01 -1.137500000000000000e+01 -6.200000000000000000e+01 -8.375000000000000000e+00 -3.562500000000000000e+00
-5.000000000000000000e-01 -1.919999957084655762e+00 9.060000419616699219e+00 6.062500000000000000e+00 -6.837500000000000000e+01 -1.137500000000000000e+01 -4.781250000000000000e+01 -8.375000000000000000e+00 -3.250000000000000000e+00
-2.700000107288360596e-01 -1.769999980926513672e+00 9.050000190734863281e+00 6.062500000000000000e+00 -6.837500000000000000e+01 -1.137500000000000000e+01 -3.743750000000000000e+01 -9.250000000000000000e+00 -3.312500000000000000e+00
-1.099999994039535522e-01 -1.379999995231628418e+00 9.109999656677246094e+00 6.062500000000000000e+00 -6.837500000000000000e+01 -1.137500000000000000e+01 -3.743750000000000000e+01 -9.250000000000000000e+00 -3.312500000000000000e+00
-7.999999821186065674e-02 -8.299999833106994629e-01 9.210000038146972656e+00 5.187500000000000000e+00 -6.600000000000000000e+01 -1.906250000000000000e+01 -2.631250000000000000e+01 -1.062500000000000000e+01 -2.687500000000000000e+00
2.999999932944774628e-02 -5.099999904632568359e-01 9.390000343322753906e+00 5.187500000000000000e+00 -6.600000000000000000e+01 -1.906250000000000000e+01 -9.125000000000000000e+00 -1.193750000000000000e+01 -8.750000000000000000e-01
0.000000000000000000e+00 -4.199999868869781494e-01 9.380000114440917969e+00 5.187500000000000000e+00 -6.600000000000000000e+01 -1.906250000000000000e+01 -2.437500000000000000e+00 -1.143750000000000000e+01 -2.500000000000000000e-01
-9.999999776482582092e-03 -4.799999892711639404e-01 9.390000343322753906e+00 5.187500000000000000e+00 -6.600000000000000000e+01 -1.906250000000000000e+01 1.062500000000000000e+00 -1.025000000000000000e+01 0.000000000000000000e+00
-3.999999910593032837e-02 -4.399999976158142090e-01 9.390000343322753906e+00 5.187500000000000000e+00 -6.600000000000000000e+01 -1.906250000000000000e+01 1.062500000000000000e+00 -1.025000000000000000e+01 0.000000000000000000e+00
-5.000000074505805969e-02 -1.700000017881393433e-01 9.380000114440917969e+00 6.000000000000000000e+00 -6.518750000000000000e+01 -2.068750000000000000e+01 1.625000000000000000e+00 -8.312500000000000000e+00 0.000000000000000000e+00
-5.999999865889549255e-02 -1.599999964237213135e-01 9.420000076293945312e+00 6.000000000000000000e+00 -6.518750000000000000e+01 -2.068750000000000000e+01 4.375000000000000000e-01 -4.937500000000000000e+00 -3.125000000000000000e-01
-2.999999932944774628e-02 -1.199999973177909851e-01 9.409999847412109375e+00 6.000000000000000000e+00 -6.518750000000000000e+01 -2.068750000000000000e+01 -6.875000000000000000e-01 -3.500000000000000000e+00 -8.125000000000000000e-01
0.000000000000000000e+00 1.000000014901161194e-01 9.430000305175781250e+00 6.000000000000000000e+00 -6.518750000000000000e+01 -2.068750000000000000e+01 -3.187500000000000000e+00 -2.062500000000000000e+00 -5.000000000000000000e-01
-9.999999776482582092e-03 1.199999973177909851e-01 9.420000076293945312e+00 6.000000000000000000e+00 -6.518750000000000000e+01 -2.068750000000000000e+01 -3.187500000000000000e+00 -2.062500000000000000e+00 -5.000000000000000000e-01
-3.999999910593032837e-02 1.000000014901161194e-01 9.460000038146972656e+00 5.187500000000000000e+00 -6.475000000000000000e+01 -2.075000000000000000e+01 -6.812500000000000000e+00 -8.750000000000000000e-01 0.000000000000000000e+00
-9.999999776482582092e-03 -7.999999821186065674e-02 9.420000076293945312e+00 5.187500000000000000e+00 -6.475000000000000000e+01 -2.075000000000000000e+01 -1.337500000000000000e+01 5.625000000000000000e-01 1.187500000000000000e+00
-5.999999865889549255e-02 -3.700000047683715820e-01 9.420000076293945312e+00 5.187500000000000000e+00 -6.475000000000000000e+01 -2.075000000000000000e+01 -1.437500000000000000e+01 6.250000000000000000e-01 7.500000000000000000e-01
-7.999999821186065674e-02 -3.799999952316284180e-01 9.390000343322753906e+00 5.187500000000000000e+00 -6.475000000000000000e+01 -2.075000000000000000e+01 -1.337500000000000000e+01 3.750000000000000000e-01 4.375000000000000000e-01
-1.400000005960464478e-01 -4.300000071525573730e-01 9.399999618530273438e+00 5.187500000000000000e+00 -6.475000000000000000e+01 -2.075000000000000000e+01 -1.337500000000000000e+01 3.750000000000000000e-01 4.375000000000000000e-01
-1.400000005960464478e-01 -5.199999809265136719e-01 9.390000343322753906e+00 5.187500000000000000e+00 -6.550000000000000000e+01 -2.037500000000000000e+01 -1.187500000000000000e+01 0.000000000000000000e+00 1.875000000000000000e-01
-2.000000029802322388e-01 -5.400000214576721191e-01 9.449999809265136719e+00 5.187500000000000000e+00 -6.550000000000000000e+01 -2.037500000000000000e+01 -9.812500000000000000e+00 -5.625000000000000000e-01 -3.750000000000000000e-01
-1.899999976158142090e-01 -4.799999892711639404e-01 9.399999618530273438e+00 5.187500000000000000e+00 -6.550000000000000000e+01 -2.037500000000000000e+01 -7.500000000000000000e+00 -1.437500000000000000e+00 -8.125000000000000000e-01
-2.099999934434890747e-01 -5.199999809265136719e-01 9.409999847412109375e+00 5.187500000000000000e+00 -6.550000000000000000e+01 -2.037500000000000000e+01 -5.437500000000000000e+00 -2.375000000000000000e+00 -7.500000000000000000e-01
-2.199999988079071045e-01 -5.000000000000000000e-01 9.399999618530273438e+00 5.187500000000000000e+00 -6.550000000000000000e+01 -2.037500000000000000e+01 -3.625000000000000000e+00 -2.625000000000000000e+00 -8.125000000000000000e-01
-2.099999934434890747e-01 -4.099999964237213135e-01 9.369999885559082031e+00 6.250000000000000000e+00 -6.475000000000000000e+01 -2.118750000000000000e+01 -1.937500000000000000e+00 -3.000000000000000000e+00 -7.500000000000000000e-01
-2.000000029802322388e-01 -3.700000047683715820e-01 9.390000343322753906e+00 6.250000000000000000e+00 -6.475000000000000000e+01 -2.118750000000000000e+01 -5.625000000000000000e-01 -3.125000000000000000e+00 -6.875000000000000000e-01
-1.800000071525573730e-01 -3.199999928474426270e-01 9.329999923706054688e+00 6.250000000000000000e+00 -6.475000000000000000e+01 -2.118750000000000000e+01 2.500000000000000000e-01 -3.062500000000000000e+00 -8.125000000000000000e-01
-1.599999964237213135e-01 -1.800000071525573730e-01 9.350000381469726562e+00 6.250000000000000000e+00 -6.475000000000000000e+01 -2.118750000000000000e+01 9.375000000000000000e-01 -2.750000000000000000e+00 -9.375000000000000000e-01
-1.599999964237213135e-01 -2.999999932944774628e-02 9.319999694824218750e+00 6.250000000000000000e+00 -6.475000000000000000e+01 -2.118750000000000000e+01 8.125000000000000000e-01 -2.687500000000000000e+00 -9.375000000000000000e-01
-1.400000005960464478e-01 0.000000000000000000e+00 9.340000152587890625e+00 6.250000000000000000e+00 -6.506250000000000000e+01 -2.075000000000000000e+01 6.250000000000000000e-02 -2.437500000000000000e+00 -3.125000000000000000e-01
