-2.599999904632568359e-01 -7.099999785423278809e-01 9.390000343322753906e+00 3.375000000000000000e+00 -6.500000000000000000e+01 -2.318750000000000000e+01 4.375000000000000000e-01 1.000000000000000000e+00 6.250000000000000000e-02
-2.599999904632568359e-01 -7.099999785423278809e-01 9.369999885559082031e+00 2.562500000000000000e+00 -6.350000000000000000e+01 -2.318750000000000000e+01 1.375000000000000000e+00 1.312500000000000000e+00 -1.875000000000000000e-01
-2.300000041723251343e-01 -6.899999976158142090e-01 9.369999885559082031e+00 2.562500000000000000e+00 -6.350000000000000000e+01 -2.318750000000000000e+01 2.187500000000000000e+00 1.812500000000000000e+00 -2.500000000000000000e-01
-2.300000041723251343e-01 -6.600000262260437012e-01 9.399999618530273438e+00 2.562500000000000000e+00 -6.350000000000000000e+01 -2.318750000000000000e+01 1.500000000000000000e+00 1.562500000000000000e+00 -6.250000000000000000e-02
-1.899999976158142090e-01 -6.499999761581420898e-01 9.399999618530273438e+00 2.562500000000000000e+00 -6.350000000000000000e+01 -2.318750000000000000e+01 5.625000000000000000e-01 1.250000000000000000e+00 -6.250000000000000000e-02
-2.399999946355819702e-01 -6.600000262260437012e-01 9.350000381469726562e+00 2.562500000000000000e+00 -6.350000000000000000e+01 -2.318750000000000000e+01 5.625000000000000000e-01 1.250000000000000000e+00 -6.250000000000000000e-02
-2.199999988079071045e-01 -6.700000166893005371e-01 9.380000114440917969e+00 2.562500000000000000e+00 -6.425000000000000000e+01 -2.318750000000000000e+01 5.625000000000000000e-01 1.125000000000000000e+00 0.000000000000000000e+00
-2.399999946355819702e-01 -6.600000262260437012e-01 9.380000114440917969e+00 2.562500000000000000e+00 -6.425000000000000000e+01 -2.318750000000000000e+01 1.125000000000000000e+00 8.750000000000000000e-01 -3.125000000000000000e-01
-2.899999916553497314e-01 -6.700000166893005371e-01 9.359999656677246094e+00 2.562500000000000000e+00 -6.425000000000000000e+01 -2.318750000000000000e+01 1.687500000000000000e+00 9.375000000000000000e-01 -3.125000000000000000e-01
-2.700000107288360596e-01 -6.800000071525573730e-01 9.420000076293945312e+00 2.562500000000000000e+00 -6.425000000000000000e+01 -2.318750000000000000e+01 2.125000000000000000e+00 6.875000000000000000e-01 -4.375000000000000000e-01
-2.599999904632568359e-01 -6.399999856948852539e-01 9.430000305175781250e+00 2.562500000000000000e+00 -6.425000000000000000e+01 -2.318750000000000000e+01 2.125000000000000000e+00 6.875000000000000000e-01 -4.375000000000000000e-01
-2.399999946355819702e-01 -6.399999856948852539e-01 9.380000114440917969e+00 3.375000000000000000e+00 -6.387500000000000000e+01 -2.287500000000000000e+01 2.187500000000000000e+00 9.375000000000000000e-01 -3.125000000000000000e-01
-2.500000000000000000e-01 -6.299999952316284180e-01 9.340000152587890625e+00 3.375000000000000000e+00 -6.387500000000000000e+01 -2.287500000000000000e+01 3.125000000000000000e+00 8.750000000000000000e-01 -2.500000000000000000e-01
-2.500000000000000000e-01 -6.000000238418579102e-01 9.310000419616699219e+00 3.375000000000000000e+00 -6.387500000000000000e+01 -2.287500000000000000e+01 4.250000000000000000e+00 1.062500000000000000e+00 -3.750000000000000000e-01
-2.399999946355819702e-01 -6.000000238418579102e-01 9.359999656677246094e+00 3.375000000000000000e+00 -6.387500000000000000e+01 -2.287500000000000000e+01 6.437500000000000000e+00 1.437500000000000000e+00 -3.750000000000000000e-01
-2.899999916553497314e-01 -4.799999892711639404e-01 9.310000419616699219e+00 3.375000000000000000e+00 -6.387500000000000000e+01 -2.287500000000000000e+01 6.437500000000000000e+00 1.437500000000000000e+00 -3.750000000000000000e-01
-2.199999988079071045e-01 -4.000000059604644775e-01 9.340000152587890625e+00 5.250000000000000000e+00 -6.387500000000000000e+01 -2.318750000000000000e+01 1.143750000000000000e+01 1.875000000000000000e+00 -3.125000000000000000e-01
-3.199999928474426270e-01 -6.700000166893005371e-01 9.199999809265136719e+00 5.250000000000000000e+00 -6.387500000000000000e+01 -2.318750000000000000e+01 4.112500000000000000e+01 2.000000000000000000e+00 -1.062500000000000000e+00
-3.300000131130218506e-01 -7.400000095367431641e-01 9.340000152587890625e+00 5.250000000000000000e+00 -6.387500000000000000e+01 -2.318750000000000000e+01 6.762500000000000000e+01 5.000000000000000000e-01 -2.562500000000000000e+00
-5.600000023841857910e-01 -1.509999990463256836e+00 9.770000457763671875e+00 5.250000000000000000e+00 -6.387500000000000000e+01 -2.318750000000000000e+01 9.675000000000000000e+01 -3.375000000000000000e+00 -4.062500000000000000e+00
-5.899999737739562988e-01 -1.470000028610229492e+00 1.002000045776367188e+01 5.250000000000000000e+00 -6.387500000000000000e+01 -2.318750000000000000e+01 9.675000000000000000e+01 -3.375000000000000000e+00 -4.062500000000000000e+00
-6.700000166893005371e-01 -1.129999995231628418e+00 1.017000007629394531e+01 4.062500000000000000e+00 -6.468750000000000000e+01 -2.200000000000000000e+01 1.212500000000000000e+02 -7.687500000000000000e+00 -4.625000000000000000e+00
-6.999999880790710449e-01 -4.600000083446502686e-01 1.073999977111816406e+01 4.062500000000000000e+00 -6.468750000000000000e+01 -2.200000000000000000e+01 1.678125000000000000e+02 -1.731250000000000000e+01 6.250000000000000000e-01
-7.500000000000000000e-01 -6.600000262260437012e-01 1.102999973297119141e+01 4.062500000000000000e+00 -6.468750000000000000e+01 -2.200000000000000000e+01 1.989375000000000000e+02 -2.537500000000000000e+01 5.000000000000000000e-01
-6.899999976158142090e-01 -8.299999833106994629e-01 1.102000045776367188e+01 4.062500000000000000e+00 -6.468750000000000000e+01 -2.200000000000000000e+01 2.383750000000000000e+02 -2.993750000000000000e+01 5.000000000000000000e-01
-7.799999713897705078e-01 -1.039999961853027344e+00 1.155000019073486328e+01 4.062500000000000000e+00 -6.468750000000000000e+01 -2.200000000000000000e+01 2.383750000000000000e+02 -2.993750000000000000e+01 5.000000000000000000e-01
-1.400000005960464478e-01 -8.000000119209289551e-01 1.106999969482421875e+01 4.062500000000000000e+00 -6.618750000000000000e+01 -1.837500000000000000e+01 2.730625000000000000e+02 -3.806250000000000000e+01 -4.250000000000000000e+00
-3.700000047683715820e-01 -3.899999856948852539e-01 1.106000041961669922e+01 4.062500000000000000e+00 -6.618750000000000000e+01 -1.837500000000000000e+01 3.267500000000000000e+02 -4.618750000000000000e+01 -1.675000000000000000e+01
-1.299999952316284180e-01 1.400000005960464478e-01 1.052999973297119141e+01 4.062500000000000000e+00 -6.618750000000000000e+01 -1.837500000000000000e+01 3.376250000000000000e+02 -4.637500000000000000e+01 -2.418750000000000000e+01
-5.999999865889549255e-02 7.200000286102294922e-01 9.590000152587890625e+00 4.062500000000000000e+00 -6.618750000000000000e+01 -1.837500000000000000e+01 3.350625000000000000e+02 -4.731250000000000000e+01 -3.125000000000000000e+01
4.099999964237213135e-01 1.950000047683715820e+00 7.920000076293945312e+00 4.062500000000000000e+00 -6.618750000000000000e+01 -1.837500000000000000e+01 3.350625000000000000e+02 -4.731250000000000000e+01 -3.125000000000000000e+01
4.499999880790710449e-01 2.430000066757202148e+00 7.199999809265136719e+00 3.750000000000000000e+00 -6.987500000000000000e+01 -5.875000000000000000e+00 3.191250000000000000e+02 -4.725000000000000000e+01 -4.143750000000000000e+01
5.500000119209289551e-01 3.049999952316284180e+00 6.489999771118164062e+00 3.750000000000000000e+00 -6.987500000000000000e+01 -5.875000000000000000e+00 2.690625000000000000e+02 -3.718750000000000000e+01 -5.575000000000000000e+01
7.200000286102294922e-01 5.050000190734863281e+00 5.079999923706054688e+00 3.750000000000000000e+00 -6.987500000000000000e+01 -5.875000000000000000e+00 2.370000000000000000e+02 -2.975000000000000000e+01 -5.768750000000000000e+01
8.700000047683715820e-01 5.610000133514404297e+00 4.840000152587890625e+00 3.750000000000000000e+00 -6.987500000000000000e+01 -5.875000000000000000e+00 2.037500000000000000e+02 -2.231250000000000000e+01 -5.775000000000000000e+01
8.000000119209289551e-01 6.559999942779541016e+00 5.079999923706054688e+00 3.750000000000000000e+00 -6.987500000000000000e+01 -5.875000000000000000e+00 2.037500000000000000e+02 -2.231250000000000000e+01 -5.775000000000000000e+01
8.899999856948852539e-01 7.650000095367431641e+00 4.969999790191650391e+00 4.875000000000000000e+00 -6.856250000000000000e+01 1.500000000000000000e+01 1.669375000000000000e+02 -1.581250000000000000e+01 -5.487500000000000000e+01
5.899999737739562988e-01 8.760000228881835938e+00 4.900000095367431641e+00 4.875000000000000000e+00 -6.856250000000000000e+01 1.500000000000000000e+01 1.021250000000000000e+02 -1.750000000000000000e+00 -3.656250000000000000e+01
7.200000286102294922e-01 8.630000114440917969e+00 5.010000228881835938e+00 4.875000000000000000e+00 -6.856250000000000000e+01 1.500000000000000000e+01 7.243750000000000000e+01 2.937500000000000000e+00 -2.712500000000000000e+01
5.000000000000000000e-01 7.989999771118164062e+00 4.940000057220458984e+00 4.875000000000000000e+00 -6.856250000000000000e+01 1.500000000000000000e+01 4.481250000000000000e+01 6.187500000000000000e+00 -2.087500000000000000e+01
2.500000000000000000e-01 7.710000038146972656e+00 5.110000133514404297e+00 4.875000000000000000e+00 -6.856250000000000000e+01 1.500000000000000000e+01 4.481250000000000000e+01 6.187500000000000000e+00 -2.087500000000000000e+01
-7.000000029802322388e-02 7.360000133514404297e+00 5.579999923706054688e+00 7.375000000000000000e+00 -6.425000000000000000e+01 2.656250000000000000e+01 1.937500000000000000e+01 9.250000000000000000e+00 -1.718750000000000000e+01
-1.199999973177909851e-01 7.309999942779541016e+00 6.039999961853027344e+00 7.375000000000000000e+00 -6.425000000000000000e+01 2.656250000000000000e+01 -1.362500000000000000e+01 1.212500000000000000e+01 -1.187500000000000000e+01
-2.899999916553497314e-01 7.159999847412109375e+00 6.550000190734863281e+00 7.375000000000000000e+00 -6.425000000000000000e+01 2.656250000000000000e+01 -1.987500000000000000e+01 1.106250000000000000e+01 -9.312500000000000000e+00
-4.000000059604644775e-01 6.650000095367431641e+00 7.150000095367431641e+00 7.375000000000000000e+00 -6.425000000000000000e+01 2.656250000000000000e+01 -2.143750000000000000e+01 9.812500000000000000e+00 -7.062500000000000000e+00
-4.199999868869781494e-01 6.389999866485595703e+00 7.360000133514404297e+00 7.375000000000000000e+00 -6.425000000000000000e+01 2.656250000000000000e+01 -2.143750000000000000e+01 9.812500000000000000e+00 -7.062500000000000000e+00
-4.399999976158142090e-01 6.230000019073486328e+00 7.389999866485595703e+00 8.875000000000000000e+00 -6.200000000000000000e+01 2.850000000000000000e+01 -2.100000000000000000e+01 8.125000000000000000e+00 -5.437500000000000000e+00
-4.000000059604644775e-01 6.019999980926513672e+00 7.320000171661376953e+00 8.875000000000000000e+00 -6.200000000000000000e+01 2.850000000000000000e+01 -1.887500000000000000e+01 5.250000000000000000e+00 -2.875000000000000000e+00
-3.300000131130218506e-01 6.219999790191650391e+00 6.860000133514404297e+00 8.875000000000000000e+00 -6.200000000000000000e+01 2.850000000000000000e+01 -1.887500000000000000e+01 5.250000000000000000e+00 -2.875000000000000000e+00
-3.000000119209289551e-01 6.340000152587890625e+00 6.599999904632568359e+00 8.875000000000000000e+00 -6.200000000000000000e+01 2.850000000000000000e+01 -2.000000000000000000e+01 5.000000000000000000e+00 -7.500000000000000000e-01
-1.700000017881393433e-01 6.260000228881835938e+00 6.460000038146972656e+00 8.875000000000000000e+00 -6.200000000000000000e+01 2.850000000000000000e+01 -2.393750000000000000e+01 6.250000000000000000e+00 2.625000000000000000e+00
-5.000000074505805969e-02 6.289999961853027344e+00 6.360000133514404297e+00 9.250000000000000000e+00 -6.175000000000000000e+01 2.925000000000000000e+01 -3.156250000000000000e+01 8.125000000000000000e+00 4.812500000000000000e+00
0.000000000000000000e+00 6.570000171661376953e+00 6.059999942779541016e+00 9.250000000000000000e+00 -6.175000000000000000e+01 2.925000000000000000e+01 -4.437500000000000000e+01 9.875000000000000000e+00 7.125000000000000000e+00
5.999999865889549255e-02 6.510000228881835938e+00 5.960000038146972656e+00 9.250000000000000000e+00 -6.175000000000000000e+01 2.925000000000000000e+01 -6.306250000000000000e+01 1.212500000000000000e+01 9.812500000000000000e+00
1.299999952316284180e-01 6.349999904632568359e+00 5.969999790191650391e+00 9.250000000000000000e+00 -6.175000000000000000e+01 2.925000000000000000e+01 -8.712500000000000000e+01 1.562500000000000000e+01 1.250000000000000000e+01
1.899999976158142090e-01 6.260000228881835938e+00 5.980000019073486328e+00 9.250000000000000000e+00 -6.175000000000000000e+01 2.925000000000000000e+01 -1.160000000000000000e+02 1.950000000000000000e+01 1.400000000000000000e+01
1.000000014901161194e-01 6.619999885559082031e+00 6.039999961853027344e+00 8.562500000000000000e+00 -6.256250000000000000e+01 2.450000000000000000e+01 -1.488750000000000000e+02 2.412500000000000000e+01 1.512500000000000000e+01
1.999999955296516418e-02 6.960000038146972656e+00 6.239999771118164062e+00 8.562500000000000000e+00 -6.256250000000000000e+01 2.450000000000000000e+01 -1.811250000000000000e+02 2.893750000000000000e+01 1.793750000000000000e+01
7.999999821186065674e-02 6.829999923706054688e+00 6.570000171661376953e+00 8.562500000000000000e+00 -6.256250000000000000e+01 2.450000000000000000e+01 -2.084375000000000000e+02 3.375000000000000000e+01 2.381250000000000000e+01
-1.099999994039535522e-01 5.320000171661376953e+00 7.420000076293945312e+00 8.562500000000000000e+00 -6.256250000000000000e+01 2.450000000000000000e+01 -2.296250000000000000e+02 3.725000000000000000e+01 2.856250000000000000e+01
-2.199999988079071045e-01 4.409999847412109375e+00 8.050000190734863281e+00 8.562500000000000000e+00 -6.256250000000000000e+01 2.450000000000000000e+01 -2.425625000000000000e+02 3.812500000000000000e+01 3.000000000000000000e+01
-3.400000035762786865e-01 3.490000009536743164e+00 8.649999618530273438e+00 7.375000000000000000e+00 -6.506250000000000000e+01 1.756250000000000000e+01 -2.493125000000000000e+02 3.625000000000000000e+01 2.900000000000000000e+01
-5.400000214576721191e-01 2.660000085830688477e+00 9.119999885559082031e+00 7.375000000000000000e+00 -6.506250000000000000e+01 1.756250000000000000e+01 -2.544375000000000000e+02 3.175000000000000000e+01 2.618750000000000000e+01
-7.099999785423278809e-01 1.340000033378601074e+00 9.600000381469726562e+00 7.375000000000000000e+00 -6.506250000000000000e+01 1.756250000000000000e+01 -2.576250000000000000e+02 2.606250000000000000e+01 2.143750000000000000e+01
-6.899999976158142090e-01 1.360000014305114746e+00 9.920000076293945312e+00 7.375000000000000000e+00 -6.506250000000000000e+01 1.756250000000000000e+01 -2.585000000000000000e+02 1.975000000000000000e+01 1.606250000000000000e+01
-6.600000262260437012e-01 1.269999980926513672e+00 1.031000041961669922e+01 7.375000000000000000e+00 -6.506250000000000000e+01 1.756250000000000000e+01 -2.504375000000000000e+02 1.143750000000000000e+01 1.068750000000000000e+01
-1.059999942779541016e+00 8.600000143051147461e-01 1.057999992370605469e+01 6.375000000000000000e+00 -6.918750000000000000e+01 3.562500000000000000e+00 -2.304375000000000000e+02 3.250000000000000000e+00 6.250000000000000000e+00
-1.210000038146972656e+00 8.199999928474426270e-01 1.050000000000000000e+01 6.375000000000000000e+00 -6.918750000000000000e+01 3.562500000000000000e+00 -2.023125000000000000e+02 -4.187500000000000000e+00 2.062500000000000000e+00
-1.250000000000000000e+00 7.300000190734863281e-01 1.053999996185302734e+01 6.375000000000000000e+00 -6.918750000000000000e+01 3.562500000000000000e+00 -1.720000000000000000e+02 -9.000000000000000000e+00 1.312500000000000000e+00
-1.080000042915344238e+00 3.600000143051147461e-01 1.042000007629394531e+01 6.375000000000000000e+00 -6.918750000000000000e+01 3.562500000000000000e+00 -1.428125000000000000e+02 -1.218750000000000000e+01 4.187500000000000000e+00
-5.699999928474426270e-01 -7.300000190734863281e-01 1.002999973297119141e+01 6.375000000000000000e+00 -6.918750000000000000e+01 3.562500000000000000e+00 -1.140625000000000000e+02 -1.425000000000000000e+01 5.187500000000000000e+00
-3.799999952316284180e-01 -9.100000262260437012e-01 9.840000152587890625e+00 6.000000000000000000e+00 -6.875000000000000000e+01 -1.075000000000000000e+01 -8.743750000000000000e+01 -1.537500000000000000e+01 2.687500000000000000e+00
-2.300000041723251343e-01 -9.200000166893005371e-01 9.670000076293945312e+00 6.000000000000000000e+00 -6.875000000000000000e+01 -1.075000000000000000e+01 -6.525000000000000000e+01 -1.743750000000000000e+01 -8.125000000000000000e-01
-7.000000029802322388e-02 -6.299999952316284180e-01 9.390000343322753906e+00 6.000000000000000000e+00 -6.875000000000000000e+01 -1.075000000000000000e+01 -5.018750000000000000e+01 -1.862500000000000000e+01 -4.000000000000000000e+00
0.000000000000000000e+00 6.299999952316284180e-01 9.100000381469726562e+00 6.000000000000000000e+00 -6.875000000000000000e+01 -1.075000000000000000e+01 -4.256250000000000000e+01 -1.887500000000000000e+01 -4.875000000000000000e+00
1.999999955296516418e-02 1.090000033378601074e+00 9.130000114440917969e+00 6.000000000000000000e+00 -6.875000000000000000e+01 -1.075000000000000000e+01 -4.062500000000000000e+01 -1.793750000000000000e+01 -3.687500000000000000e+00
0.000000000000000000e+00 1.149999976158142090e+00 9.189999580383300781e+00 6.375000000000000000e+00 -6.706250000000000000e+01 -1.606250000000000000e+01 -4.081250000000000000e+01 -1.668750000000000000e+01 -8.125000000000000000e-01
5.000000074505805969e-02 6.700000166893005371e-01 9.439999580383300781e+00 6.375000000000000000e+00 -6.706250000000000000e+01 -1.606250000000000000e+01 -4.087500000000000000e+01 -1.531250000000000000e+01 2.062500000000000000e+00
2.999999932944774628e-02 4.300000071525573730e-01 9.489999771118164062e+00 6.375000000000000000e+00 -6.706250000000000000e+01 -1.606250000000000000e+01 -3.931250000000000000e+01 -1.337500000000000000e+01 3.750000000000000000e+00
0.000000000000000000e+00 2.500000000000000000e-01 9.500000000000000000e+00 6.375000000000000000e+00 -6.706250000000000000e+01 -1.606250000000000000e+01 -3.650000000000000000e+01 -1.118750000000000000e+01 4.125000000000000000e+00
0.000000000000000000e+00 7.000000029802322388e-02 9.420000076293945312e+00 6.375000000000000000e+00 -6.706250000000000000e+01 -1.606250000000000000e+01 -3.212500000000000000e+01 -8.812500000000000000e+00 3.812500000000000000e+00
5.000000074505805969e-02 -1.700000017881393433e-01 9.329999923706054688e+00 4.875000000000000000e+00 -6.668750000000000000e+01 -1.650000000000000000e+01 -2.662500000000000000e+01 -6.250000000000000000e+00 2.625000000000000000e+00
3.999999910593032837e-02 -1.700000017881393433e-01 9.380000114440917969e+00 4.875000000000000000e+00 -6.668750000000000000e+01 -1.650000000000000000e+01 -2.068750000000000000e+01 -3.812500000000000000e+00 9.375000000000000000e-01
9.000000357627868652e-02 -1.700000017881393433e-01 9.310000419616699219e+00 4.875000000000000000e+00 -6.668750000000000000e+01 -1.650000000000000000e+01 -1.612500000000000000e+01 -1.812500000000000000e+00 -3.125000000000000000e-01
1.099999994039535522e-01 -1.400000005960464478e-01 9.329999923706054688e+00 4.875000000000000000e+00 -6.668750000000000000e+01 -1.650000000000000000e+01 -1.275000000000000000e+01 -3.750000000000000000e-01 -1.000000000000000000e+00
9.000000357627868652e-02 -1.299999952316284180e-01 9.350000381469726562e+00 4.875000000000000000e+00 -6.668750000000000000e+01 -1.650000000000000000e+01 -1.125000000000000000e+01 7.500000000000000000e-01 -1.375000000000000000e+00
5.999999865889549255e-02 -1.199999973177909851e-01 9.380000114440917969e+00 5.562500000000000000e+00 -6.725000000000000000e+01 -1.968750000000000000e+01 -1.025000000000000000e+01 1.625000000000000000e+00 -1.375000000000000000e+00
1.999999955296516418e-02 -1.199999973177909851e-01 9.390000343322753906e+00 5.562500000000000000e+00 -6.725000000000000000e+01 -1.968750000000000000e+01 -9.500000000000000000e+00 2.250000000000000000e+00 -1.000000000000000000e+00
-5.000000074505805969e-02 -2.000000029802322388e-01 9.369999885559082031e+00 5.562500000000000000e+00 -6.725000000000000000e+01 -1.968750000000000000e+01 -8.812500000000000000e+00 2.312500000000000000e+00 -8.125000000000000000e-01
-9.000000357627868652e-02 -2.199999988079071045e-01 9.369999885559082031e+00 5.562500000000000000e+00 -6.725000000000000000e+01 -1.968750000000000000e+01 -7.187500000000000000e+00 2.375000000000000000e+00 -6.875000000000000000e-01
-1.400000005960464478e-01 -2.800000011920928955e-01 9.359999656677246094e+00 5.562500000000000000e+00 -6.725000000000000000e+01 -1.968750000000000000e+01 -5.125000000000000000e+00 2.000000000000000000e+00 -7.500000000000000000e-01
-1.599999964237213135e-01 -2.899999916553497314e-01 9.399999618530273438e+00 4.875000000000000000e+00 -6.587500000000000000e+01 -1.875000000000000000e+01 -2.812500000000000000e+00 1.750000000000000000e+00 -8.125000000000000000e-01
-1.800000071525573730e-01 -2.500000000000000000e-01 9.399999618530273438e+00 4.875000000000000000e+00 -6.587500000000000000e+01 -1.875000000000000000e+01 -8.750000000000000000e-01 1.437500000000000000e+00 -8.750000000000000000e-01
-2.099999934434890747e-01 -1.299999952316284180e-01 9.390000343322753906e+00 4.875000000000000000e+00 -6.587500000000000000e+01 -1.875000000000000000e+01 5.625000000000000000e-01 1.187500000000000000e+00 -8.750000000000000000e-01
-2.000000029802322388e-01 -9.000000357627868652e-02 9.359999656677246094e+00 4.875000000000000000e+00 -6.587500000000000000e+01 -1.875000000000000000e+01 1.250000000000000000e+00 6.875000000000000000e-01 -6.875000000000000000e-01
-2.000000029802322388e-01 -2.999999932944774628e-02 9.380000114440917969e+00 4.875000000000000000e+00 -6.587500000000000000e+01 -1.875000000000000000e+01 1.625000000000000000e+00 1.250000000000000000e-01 -4.375000000000000000e-01
-1.599999964237213135e-01 -2.999999932944774628e-02 9.409999847412109375e+00 5.562500000000000000e+00 -6.656250000000000000e+01 -1.887500000000000000e+01 1.437500000000000000e+00 -1.250000000000000000e-01 -6.250000000000000000e-02
-1.400000005960464478e-01 -2.999999932944774628e-02 9.460000038146972656e+00 5.562500000000000000e+00 -6.656250000000000000e+01 -1.887500000000000000e+01 1.500000000000000000e+00 -5.625000000000000000e-01 1.250000000000000000e-01
-1.299999952316284180e-01 0.000000000000000000e+00 9.430000305175781250e+00 5.562500000000000000e+00 -6.656250000000000000e+01 -1.887500000000000000e+01 1.562500000000000000e+00 -9.375000000000000000e-01 2.500000000000000000e-01
-1.000000014901161194e-01 9.999999776482582092e-03 9.399999618530273438e+00 5.562500000000000000e+00 -6.656250000000000000e+01 -1.887500000000000000e+01 1.312500000000000000e+00 -1.312500000000000000e+00 3.125000000000000000e-01
