-3.400000035762786865e-01 -9.999999776482582092e-03 9.399999618530273438e+00 8.750000000000000000e+00 -6.687500000000000000e+01 -1.556250000000000000e+01 1.056250000000000000e+01 1.375000000000000000e+00 1.125000000000000000e+00
-3.700000047683715820e-01 5.000000074505805969e-02 9.390000343322753906e+00 8.750000000000000000e+00 -6.687500000000000000e+01 -1.556250000000000000e+01 1.675000000000000000e+01 1.000000000000000000e+00 2.937500000000000000e+00
-4.600000083446502686e-01 3.999999910593032837e-02 9.380000114440917969e+00 8.750000000000000000e+00 -6.687500000000000000e+01 -1.556250000000000000e+01 2.800000000000000000e+01 6.875000000000000000e-01 5.000000000000000000e+00
-4.099999964237213135e-01 -7.999999821186065674e-02 9.470000267028808594e+00 8.750000000000000000e+00 -6.687500000000000000e+01 -1.556250000000000000e+01 4.275000000000000000e+01 3.750000000000000000e-01 6.625000000000000000e+00
-5.299999713897705078e-01 -2.199999988079071045e-01 9.449999809265136719e+00 8.750000000000000000e+00 -6.687500000000000000e+01 -1.600000000000000000e+01 5.993750000000000000e+01 -2.500000000000000000e-01 8.500000000000000000e+00
-6.100000143051147461e-01 -3.999999910593032837e-02 9.550000190734863281e+00 8.750000000000000000e+00 -6.687500000000000000e+01 -1.600000000000000000e+01 8.025000000000000000e+01 -8.125000000000000000e-01 1.100000000000000000e+01
-6.299999952316284180e-01 -4.399999976158142090e-01 1.010999965667724609e+01 8.750000000000000000e+00 -6.687500000000000000e+01 -1.600000000000000000e+01 1.050625000000000000e+02 -8.750000000000000000e-01 1.362500000000000000e+01
-5.400000214576721191e-01 -7.400000095367431641e-01 1.056000041961669922e+01 8.750000000000000000e+00 -6.687500000000000000e+01 -1.600000000000000000e+01 1.355625000000000000e+02 -4.250000000000000000e+00 1.418750000000000000e+01
-6.700000166893005371e-01 -9.900000095367431641e-01 1.093000030517578125e+01 8.750000000000000000e+00 -6.687500000000000000e+01 -1.600000000000000000e+01 1.700000000000000000e+02 -1.100000000000000000e+01 1.268750000000000000e+01
-6.399999856948852539e-01 -5.299999713897705078e-01 1.114999961853027344e+01 8.500000000000000000e+00 -6.768750000000000000e+01 -1.400000000000000000e+01 2.020000000000000000e+02 -1.700000000000000000e+01 1.200000000000000000e+01
-5.799999833106994629e-01 -1.899999976158142090e-01 1.094999980926513672e+01 8.500000000000000000e+00 -6.768750000000000000e+01 -1.400000000000000000e+01 2.258125000000000000e+02 -2.062500000000000000e+01 1.281250000000000000e+01
-5.699999928474426270e-01 9.999999776482582092e-03 1.052000045776367188e+01 8.500000000000000000e+00 -6.768750000000000000e+01 -1.400000000000000000e+01 2.433125000000000000e+02 -2.356250000000000000e+01 1.237500000000000000e+01
-5.000000000000000000e-01 1.500000059604644775e-01 1.032999992370605469e+01 8.500000000000000000e+00 -6.768750000000000000e+01 -1.400000000000000000e+01 2.572500000000000000e+02 -2.531250000000000000e+01 9.937500000000000000e+00
-4.399999976158142090e-01 8.700000047683715820e-01 9.609999656677246094e+00 8.500000000000000000e+00 -6.768750000000000000e+01 -1.400000000000000000e+01 2.572500000000000000e+02 -2.531250000000000000e+01 9.937500000000000000e+00
-1.099999994039535522e-01 1.220000028610229492e+00 9.289999961853027344e+00 7.687500000000000000e+00 -6.875000000000000000e+01 -6.250000000000000000e+00 2.673750000000000000e+02 -2.425000000000000000e+01 -1.250000000000000000e+00
-1.800000071525573730e-01 1.750000000000000000e+00 8.869999885559082031e+00 7.687500000000000000e+00 -6.875000000000000000e+01 -6.250000000000000000e+00 2.630625000000000000e+02 -2.518750000000000000e+01 -8.437500000000000000e+00
5.999999865889549255e-02 2.099999904632568359e+00 8.340000152587890625e+00 7.687500000000000000e+00 -6.875000000000000000e+01 -6.250000000000000000e+00 2.511875000000000000e+02 -2.293750000000000000e+01 -1.725000000000000000e+01
6.100000143051147461e-01 3.799999952316284180e+00 7.380000114440917969e+00 7.687500000000000000e+00 -6.875000000000000000e+01 -6.250000000000000000e+00 2.331250000000000000e+02 -1.950000000000000000e+01 -2.481250000000000000e+01
5.799999833106994629e-01 4.469999790191650391e+00 6.940000057220458984e+00 7.687500000000000000e+00 -6.875000000000000000e+01 -6.250000000000000000e+00 2.331250000000000000e+02 -1.950000000000000000e+01 -2.481250000000000000e+01
7.400000095367431641e-01 5.190000057220458984e+00 6.360000133514404297e+00 8.500000000000000000e+00 -6.950000000000000000e+01 8.187500000000000000e+00 1.757500000000000000e+02 -1.050000000000000000e+01 -2.950000000000000000e+01
9.100000262260437012e-01 6.260000228881835938e+00 5.260000228881835938e+00 8.500000000000000000e+00 -6.950000000000000000e+01 8.187500000000000000e+00 1.403750000000000000e+02 -3.500000000000000000e+00 -2.900000000000000000e+01
1.009999990463256836e+00 6.610000133514404297e+00 5.019999980926513672e+00 8.500000000000000000e+00 -6.950000000000000000e+01 8.187500000000000000e+00 1.020000000000000000e+02 5.250000000000000000e+00 -2.668750000000000000e+01
9.100000262260437012e-01 6.800000190734863281e+00 4.949999809265136719e+00 8.500000000000000000e+00 -6.950000000000000000e+01 8.187500000000000000e+00 6.331250000000000000e+01 1.306250000000000000e+01 -2.331250000000000000e+01
8.700000047683715820e-01 6.840000152587890625e+00 5.150000095367431641e+00 8.500000000000000000e+00 -6.950000000000000000e+01 8.187500000000000000e+00 6.331250000000000000e+01 1.306250000000000000e+01 -2.331250000000000000e+01
4.199999868869781494e-01 6.940000057220458984e+00 5.650000095367431641e+00 9.187500000000000000e+00 -6.768750000000000000e+01 2.218750000000000000e+01 2.556250000000000000e+01 1.906250000000000000e+01 -2.012500000000000000e+01
1.199999973177909851e-01 6.840000152587890625e+00 6.369999885559082031e+00 9.187500000000000000e+00 -6.768750000000000000e+01 2.218750000000000000e+01 -3.318750000000000000e+01 2.443750000000000000e+01 -1.443750000000000000e+01
-7.000000029802322388e-02 6.550000190734863281e+00 7.110000133514404297e+00 9.187500000000000000e+00 -6.768750000000000000e+01 2.218750000000000000e+01 -4.850000000000000000e+01 2.237500000000000000e+01 -1.300000000000000000e+01
-5.899999737739562988e-01 5.760000228881835938e+00 8.000000000000000000e+00 9.187500000000000000e+00 -6.768750000000000000e+01 2.218750000000000000e+01 -5.637500000000000000e+01 1.912500000000000000e+01 -1.268750000000000000e+01
-8.799999952316284180e-01 5.630000114440917969e+00 8.140000343322753906e+00 9.187500000000000000e+00 -6.768750000000000000e+01 2.218750000000000000e+01 -5.956250000000000000e+01 1.575000000000000000e+01 -1.206250000000000000e+01
-1.019999980926513672e+00 5.559999942779541016e+00 8.189999580383300781e+00 1.000000000000000000e+01 -6.437500000000000000e+01 2.418750000000000000e+01 -5.956250000000000000e+01 1.575000000000000000e+01 -1.206250000000000000e+01
-1.110000014305114746e+00 5.340000152587890625e+00 8.140000343322753906e+00 1.000000000000000000e+01 -6.437500000000000000e+01 2.418750000000000000e+01 -5.543750000000000000e+01 9.625000000000000000e+00 -8.625000000000000000e+00
-1.059999942779541016e+00 4.860000133514404297e+00 8.310000419616699219e+00 1.000000000000000000e+01 -6.437500000000000000e+01 2.418750000000000000e+01 -4.912500000000000000e+01 6.562500000000000000e+00 -7.375000000000000000e+00
-9.700000286102294922e-01 4.679999828338623047e+00 8.390000343322753906e+00 1.000000000000000000e+01 -6.437500000000000000e+01 2.418750000000000000e+01 -4.362500000000000000e+01 3.625000000000000000e+00 -5.375000000000000000e+00
-9.100000262260437012e-01 4.630000114440917969e+00 8.350000381469726562e+00 1.000000000000000000e+01 -6.437500000000000000e+01 2.418750000000000000e+01 -4.362500000000000000e+01 3.625000000000000000e+00 -5.375000000000000000e+00
-8.299999833106994629e-01 4.690000057220458984e+00 8.159999847412109375e+00 1.000000000000000000e+01 -6.625000000000000000e+01 2.218750000000000000e+01 -4.106250000000000000e+01 8.750000000000000000e-01 -2.125000000000000000e+00
-6.000000238418579102e-01 4.710000038146972656e+00 7.710000038146972656e+00 1.000000000000000000e+01 -6.625000000000000000e+01 2.218750000000000000e+01 -4.650000000000000000e+01 -1.437500000000000000e+00 3.500000000000000000e+00
-5.600000023841857910e-01 4.860000133514404297e+00 7.559999942779541016e+00 1.000000000000000000e+01 -6.625000000000000000e+01 2.218750000000000000e+01 -5.650000000000000000e+01 -2.125000000000000000e+00 4.812500000000000000e+00
-4.699999988079071045e-01 4.900000095367431641e+00 7.289999961853027344e+00 1.000000000000000000e+01 -6.625000000000000000e+01 2.218750000000000000e+01 -7.131250000000000000e+01 -1.187500000000000000e+00 5.187500000000000000e+00
-2.800000011920928955e-01 5.110000133514404297e+00 6.929999828338623047e+00 1.000000000000000000e+01 -6.625000000000000000e+01 2.218750000000000000e+01 -7.131250000000000000e+01 -1.187500000000000000e+00 5.187500000000000000e+00
-1.199999973177909851e-01 5.260000228881835938e+00 6.989999771118164062e+00 1.000000000000000000e+01 -6.737500000000000000e+01 1.806250000000000000e+01 -9.081250000000000000e+01 2.250000000000000000e+00 6.625000000000000000e+00
-1.000000014901161194e-01 5.329999923706054688e+00 7.039999961853027344e+00 1.000000000000000000e+01 -6.737500000000000000e+01 1.806250000000000000e+01 -1.423750000000000000e+02 1.062500000000000000e+01 1.368750000000000000e+01
-9.999999776482582092e-03 5.190000057220458984e+00 7.230000019073486328e+00 1.000000000000000000e+01 -6.737500000000000000e+01 1.806250000000000000e+01 -1.701875000000000000e+02 1.418750000000000000e+01 1.787500000000000000e+01
9.999999776482582092e-03 4.460000038146972656e+00 7.809999942779541016e+00 1.000000000000000000e+01 -6.737500000000000000e+01 1.806250000000000000e+01 -1.972500000000000000e+02 1.593750000000000000e+01 1.987500000000000000e+01
-9.000000357627868652e-02 3.940000057220458984e+00 8.130000114440917969e+00 1.000000000000000000e+01 -6.737500000000000000e+01 1.806250000000000000e+01 -1.972500000000000000e+02 1.593750000000000000e+01 1.987500000000000000e+01
-2.199999988079071045e-01 3.589999914169311523e+00 8.369999885559082031e+00 9.562500000000000000e+00 -6.906250000000000000e+01 1.368750000000000000e+01 -2.209375000000000000e+02 1.518750000000000000e+01 1.993750000000000000e+01
-2.199999988079071045e-01 3.170000076293945312e+00 8.710000038146972656e+00 9.562500000000000000e+00 -6.906250000000000000e+01 1.368750000000000000e+01 -2.645625000000000000e+02 9.000000000000000000e+00 1.981250000000000000e+01
-3.899999856948852539e-01 2.369999885559082031e+00 9.210000038146972656e+00 9.562500000000000000e+00 -6.906250000000000000e+01 1.368750000000000000e+01 -2.825000000000000000e+02 4.062500000000000000e+00 2.100000000000000000e+01
-4.199999868869781494e-01 2.000000000000000000e+00 9.609999656677246094e+00 9.562500000000000000e+00 -6.906250000000000000e+01 1.368750000000000000e+01 -2.934375000000000000e+02 1.125000000000000000e+00 2.406250000000000000e+01
-5.600000023841857910e-01 1.309999942779541016e+00 1.021000003814697266e+01 9.562500000000000000e+00 -6.906250000000000000e+01 1.368750000000000000e+01 -2.934375000000000000e+02 1.125000000000000000e+00 2.406250000000000000e+01
-1.100000023841857910e+00 1.700000017881393433e-01 1.177000045776367188e+01 8.750000000000000000e+00 -7.025000000000000000e+01 1.062500000000000000e+00 -2.870625000000000000e+02 -4.187500000000000000e+00 2.643750000000000000e+01
-1.009999990463256836e+00 -6.800000071525573730e-01 1.151000022888183594e+01 8.750000000000000000e+00 -7.025000000000000000e+01 1.062500000000000000e+00 -2.086250000000000000e+02 -2.693750000000000000e+01 1.881250000000000000e+01
-8.199999928474426270e-01 -8.600000143051147461e-01 1.068999958038330078e+01 8.750000000000000000e+00 -7.025000000000000000e+01 1.062500000000000000e+00 -1.622500000000000000e+02 -2.643750000000000000e+01 1.093750000000000000e+01
-1.129999995231628418e+00 -1.570000052452087402e+00 9.899999618530273438e+00 8.750000000000000000e+00 -7.025000000000000000e+01 1.062500000000000000e+00 -1.225000000000000000e+02 -2.281250000000000000e+01 3.250000000000000000e+00
-1.029999971389770508e+00 -2.019999980926513672e+00 8.659999847412109375e+00 8.750000000000000000e+00 -7.025000000000000000e+01 1.062500000000000000e+00 -1.225000000000000000e+02 -2.281250000000000000e+01 3.250000000000000000e+00
-8.600000143051147461e-01 -2.339999914169311523e+00 8.710000038146972656e+00 7.375000000000000000e+00 -6.687500000000000000e+01 -1.537500000000000000e+01 -8.993750000000000000e+01 -1.725000000000000000e+01 -1.500000000000000000e+00
-5.199999809265136719e-01 -2.799999952316284180e+00 8.869999885559082031e+00 7.375000000000000000e+00 -6.687500000000000000e+01 -1.537500000000000000e+01 -3.918750000000000000e+01 -7.812500000000000000e+00 -6.312500000000000000e+00
-1.800000071525573730e-01 -2.880000114440917969e+00 9.119999885559082031e+00 7.375000000000000000e+00 -6.687500000000000000e+01 -1.537500000000000000e+01 -1.881250000000000000e+01 -6.875000000000000000e+00 -6.625000000000000000e+00
2.199999988079071045e-01 -2.220000028610229492e+00 9.199999809265136719e+00 7.375000000000000000e+00 -6.687500000000000000e+01 -1.537500000000000000e+01 -2.625000000000000000e+00 -6.687500000000000000e+00 -5.562500000000000000e+00
3.300000131130218506e-01 -1.610000014305114746e+00 9.210000038146972656e+00 7.375000000000000000e+00 -6.687500000000000000e+01 -1.537500000000000000e+01 -2.625000000000000000e+00 -6.687500000000000000e+00 -5.562500000000000000e+00
4.000000059604644775e-01 -1.399999976158142090e+00 9.100000381469726562e+00 7.375000000000000000e+00 -6.518750000000000000e+01 -2.018750000000000000e+01 9.687500000000000000e+00 -6.000000000000000000e+00 -4.312500000000000000e+00
3.899999856948852539e-01 -1.059999942779541016e+00 9.079999923706054688e+00 7.375000000000000000e+00 -6.518750000000000000e+01 -2.018750000000000000e+01 2.756250000000000000e+01 -4.187500000000000000e+00 -4.375000000000000000e+00
2.899999916553497314e-01 -8.000000119209289551e-01 9.229999542236328125e+00 7.375000000000000000e+00 -6.518750000000000000e+01 -2.018750000000000000e+01 3.087500000000000000e+01 -3.000000000000000000e+00 -4.375000000000000000e+00
2.199999988079071045e-01 -6.200000047683715820e-01 9.390000343322753906e+00 7.375000000000000000e+00 -6.518750000000000000e+01 -2.018750000000000000e+01 3.012500000000000000e+01 -2.187500000000000000e+00 -4.062500000000000000e+00
1.500000059604644775e-01 -5.099999904632568359e-01 9.529999732971191406e+00 7.375000000000000000e+00 -6.518750000000000000e+01 -2.018750000000000000e+01 3.012500000000000000e+01 -2.187500000000000000e+00 -4.062500000000000000e+00
0.000000000000000000e+00 -2.899999916553497314e-01 9.500000000000000000e+00 7.000000000000000000e+00 -6.475000000000000000e+01 -1.987500000000000000e+01 2.656250000000000000e+01 -1.062500000000000000e+00 -3.000000000000000000e+00
-5.999999865889549255e-02 -3.700000047683715820e-01 9.460000038146972656e+00 7.000000000000000000e+00 -6.475000000000000000e+01 -1.987500000000000000e+01 1.843750000000000000e+01 1.625000000000000000e+00 -3.125000000000000000e+00
-1.000000014901161194e-01 -3.300000131130218506e-01 9.420000076293945312e+00 7.000000000000000000e+00 -6.475000000000000000e+01 -1.987500000000000000e+01 1.475000000000000000e+01 3.000000000000000000e+00 -3.750000000000000000e+00
-1.199999973177909851e-01 -2.199999988079071045e-01 9.479999542236328125e+00 7.000000000000000000e+00 -6.475000000000000000e+01 -1.987500000000000000e+01 1.012500000000000000e+01 3.750000000000000000e+00 -3.875000000000000000e+00
-1.599999964237213135e-01 -1.199999973177909851e-01 9.460000038146972656e+00 7.000000000000000000e+00 -6.475000000000000000e+01 -1.987500000000000000e+01 1.012500000000000000e+01 3.750000000000000000e+00 -3.875000000000000000e+00
-2.000000029802322388e-01 -1.099999994039535522e-01 9.460000038146972656e+00 7.687500000000000000e+00 -6.575000000000000000e+01 -1.906250000000000000e+01 5.750000000000000000e+00 3.750000000000000000e+00 -3.625000000000000000e+00
-1.899999976158142090e-01 -2.000000029802322388e-01 9.449999809265136719e+00 7.687500000000000000e+00 -6.575000000000000000e+01 -1.906250000000000000e+01 -7.500000000000000000e-01 2.875000000000000000e+00 -2.250000000000000000e+00
-1.700000017881393433e-01 -4.099999964237213135e-01 9.460000038146972656e+00 7.687500000000000000e+00 -6.575000000000000000e+01 -1.906250000000000000e+01 -2.375000000000000000e+00 2.187500000000000000e+00 -2.312500000000000000e+00
-2.500000000000000000e-01 -4.199999868869781494e-01 9.470000267028808594e+00 7.687500000000000000e+00 -6.575000000000000000e+01 -1.906250000000000000e+01 -3.250000000000000000e+00 6.875000000000000000e-01 -1.750000000000000000e+00
-3.199999928474426270e-01 -3.899999856948852539e-01 9.350000381469726562e+00 7.687500000000000000e+00 -6.575000000000000000e+01 -1.906250000000000000e+01 -3.250000000000000000e+00 6.875000000000000000e-01 -1.750000000000000000e+00
-3.000000119209289551e-01 -4.799999892711639404e-01 9.340000152587890625e+00 8.500000000000000000e+00 -6.537500000000000000e+01 -1.825000000000000000e+01 -3.312500000000000000e+00 -6.250000000000000000e-01 -1.312500000000000000e+00
-3.300000131130218506e-01 -6.600000262260437012e-01 9.420000076293945312e+00 8.500000000000000000e+00 -6.537500000000000000e+01 -1.825000000000000000e+01 -5.625000000000000000e-01 -1.937500000000000000e+00 -1.437500000000000000e+00
-3.100000023841857910e-01 -6.600000262260437012e-01 9.390000343322753906e+00 8.500000000000000000e+00 -6.537500000000000000e+01 -1.825000000000000000e+01 2.125000000000000000e+00 -2.562500000000000000e+00 -1.937500000000000000e+00
-3.400000035762786865e-01 -6.299999952316284180e-01 9.340000152587890625e+00 8.500000000000000000e+00 -6.537500000000000000e+01 -1.825000000000000000e+01 4.375000000000000000e+00 -3.000000000000000000e+00 -2.375000000000000000e+00
-3.499999940395355225e-01 -5.099999904632568359e-01 9.380000114440917969e+00 8.500000000000000000e+00 -6.537500000000000000e+01 -1.825000000000000000e+01 4.375000000000000000e+00 -3.000000000000000000e+00 -2.375000000000000000e+00
-2.899999916553497314e-01 -3.100000023841857910e-01 9.359999656677246094e+00 7.687500000000000000e+00 -6.618750000000000000e+01 -1.750000000000000000e+01 6.000000000000000000e+00 -2.875000000000000000e+00 -2.437500000000000000e+00
-2.700000107288360596e-01 -2.599999904632568359e-01 9.390000343322753906e+00 7.687500000000000000e+00 -6.618750000000000000e+01 -1.750000000000000000e+01 8.562500000000000000e+00 -2.937500000000000000e+00 -3.062500000000000000e+00
-2.300000041723251343e-01 -2.300000041723251343e-01 9.380000114440917969e+00 7.687500000000000000e+00 -6.618750000000000000e+01 -1.750000000000000000e+01 8.937500000000000000e+00 -2.687500000000000000e+00 -3.250000000000000000e+00
-1.500000059604644775e-01 -3.999999910593032837e-02 9.420000076293945312e+00 7.687500000000000000e+00 -6.618750000000000000e+01 -1.750000000000000000e+01 8.562500000000000000e+00 -1.875000000000000000e+00 -3.500000000000000000e+00
-1.500000059604644775e-01 -1.999999955296516418e-02 9.390000343322753906e+00 7.687500000000000000e+00 -6.618750000000000000e+01 -1.750000000000000000e+01 8.562500000000000000e+00 -1.875000000000000000e+00 -3.500000000000000000e+00
-1.099999994039535522e-01 1.999999955296516418e-02 9.369999885559082031e+00 7.375000000000000000e+00 -6.656250000000000000e+01 -1.706250000000000000e+01 7.875000000000000000e+00 -1.687500000000000000e+00 -3.437500000000000000e+00
-5.999999865889549255e-02 7.000000029802322388e-02 9.369999885559082031e+00 7.375000000000000000e+00 -6.656250000000000000e+01 -1.706250000000000000e+01 4.500000000000000000e+00 -5.000000000000000000e-01 -3.625000000000000000e+00
-1.099999994039535522e-01 2.399999946355819702e-01 9.369999885559082031e+00 7.375000000000000000e+00 -6.656250000000000000e+01 -1.706250000000000000e+01 1.812500000000000000e+00 -1.250000000000000000e-01 -2.625000000000000000e+00
-1.400000005960464478e-01 3.600000143051147461e-01 9.350000381469726562e+00 7.375000000000000000e+00 -6.656250000000000000e+01 -1.706250000000000000e+01 -1.625000000000000000e+00 2.500000000000000000e-01 -5.625000000000000000e-01
-1.099999994039535522e-01 3.000000119209289551e-01 9.380000114440917969e+00 7.375000000000000000e+00 -6.656250000000000000e+01 -1.706250000000000000e+01 -1.625000000000000000e+00 2.500000000000000000e-01 -5.625000000000000000e-01
-1.000000014901161194e-01 1.099999994039535522e-01 9.420000076293945312e+00 7.000000000000000000e+00 -6.618750000000000000e+01 -1.875000000000000000e+01 -5.187500000000000000e+00 6.875000000000000000e-01 1.062500000000000000e+00
-9.000000357627868652e-02 -1.800000071525573730e-01 9.470000267028808594e+00 7.000000000000000000e+00 -6.618750000000000000e+01 -1.875000000000000000e+01 -8.500000000000000000e+00 8.125000000000000000e-01 1.562500000000000000e+00
-1.000000014901161194e-01 -2.300000041723251343e-01 9.479999542236328125e+00 7.000000000000000000e+00 -6.618750000000000000e+01 -1.875000000000000000e+01 -8.625000000000000000e+00 8.750000000000000000e-01 1.375000000000000000e+00
-7.000000029802322388e-02 -2.899999916553497314e-01 9.420000076293945312e+00 7.000000000000000000e+00 -6.618750000000000000e+01 -1.875000000000000000e+01 -8.437500000000000000e+00 6.875000000000000000e-01 1.000000000000000000e+00
-1.099999994039535522e-01 -5.199999809265136719e-01 9.409999847412109375e+00 7.000000000000000000e+00 -6.618750000000000000e+01 -1.875000000000000000e+01 -8.437500000000000000e+00 6.875000000000000000e-01 1.000000000000000000e+00
-9.000000357627868652e-02 -5.400000214576721191e-01 9.430000305175781250e+00 8.062500000000000000e+00 -6.575000000000000000e+01 -1.706250000000000000e+01 -7.250000000000000000e+00 7.500000000000000000e-01 7.500000000000000000e-01
-1.299999952316284180e-01 -4.499999880790710449e-01 9.390000343322753906e+00 8.062500000000000000e+00 -6.575000000000000000e+01 -1.706250000000000000e+01 -6.062500000000000000e+00 8.750000000000000000e-01 0.000000000000000000e+00
-2.199999988079071045e-01 -2.300000041723251343e-01 9.409999847412109375e+00 8.062500000000000000e+00 -6.575000000000000000e+01 -1.706250000000000000e+01 -8.687500000000000000e+00 5.625000000000000000e-01 7.500000000000000000e-01
-2.099999934434890747e-01 -3.300000131130218506e-01 9.439999580383300781e+00 8.062500000000000000e+00 -6.575000000000000000e+01 -1.706250000000000000e+01 -1.187500000000000000e+01 2.500000000000000000e-01 1.375000000000000000e+00
-1.400000005960464478e-01 -4.600000083446502686e-01 9.439999580383300781e+00 8.062500000000000000e+00 -6.575000000000000000e+01 -1.706250000000000000e+01 -1.187500000000000000e+01 2.500000000000000000e-01 1.375000000000000000e+00
-1.099999994039535522e-01 -4.699999988079071045e-01 9.430000305175781250e+00 7.687500000000000000e+00 -6.618750000000000000e+01 -1.875000000000000000e+01 -1.381250000000000000e+01 2.500000000000000000e-01 1.687500000000000000e+00
