-2.099999934434890747e-01 1.800000071525573730e-01 9.380000114440917969e+00 4.106250000000000000e+01 -6.406250000000000000e+01 2.687500000000000000e+00 6.250000000000000000e-01 -1.875000000000000000e-01 -6.250000000000000000e-02
-2.099999934434890747e-01 1.400000005960464478e-01 9.390000343322753906e+00 4.106250000000000000e+01 -6.406250000000000000e+01 2.687500000000000000e+00 7.500000000000000000e-01 0.000000000000000000e+00 -6.250000000000000000e-02
-2.199999988079071045e-01 1.599999964237213135e-01 9.380000114440917969e+00 4.106250000000000000e+01 -6.406250000000000000e+01 2.687500000000000000e+00 1.062500000000000000e+00 6.250000000000000000e-02 -6.250000000000000000e-02
-2.199999988079071045e-01 1.700000017881393433e-01 9.399999618530273438e+00 4.068750000000000000e+01 -6.556250000000000000e+01 2.250000000000000000e+00 1.875000000000000000e+00 1.875000000000000000e-01 -1.875000000000000000e-01
-2.099999934434890747e-01 1.700000017881393433e-01 9.420000076293945312e+00 4.068750000000000000e+01 -6.556250000000000000e+01 2.250000000000000000e+00 3.062500000000000000e+00 2.500000000000000000e-01 -3.125000000000000000e-01
-2.199999988079071045e-01 1.500000059604644775e-01 9.399999618530273438e+00 4.068750000000000000e+01 -6.556250000000000000e+01 2.250000000000000000e+00 3.937500000000000000e+00 2.500000000000000000e-01 0.000000000000000000e+00
-3.300000131130218506e-01 2.800000011920928955e-01 9.520000457763671875e+00 4.068750000000000000e+01 -6.556250000000000000e+01 2.250000000000000000e+00 5.750000000000000000e+00 -6.250000000000000000e-02 1.875000000000000000e-01
-3.700000047683715820e-01 3.700000047683715820e-01 9.649999618530273438e+00 4.068750000000000000e+01 -6.556250000000000000e+01 2.250000000000000000e+00 9.187500000000000000e+00 -1.000000000000000000e+00 3.125000000000000000e-01
-4.699999988079071045e-01 3.100000023841857910e-01 9.699999809265136719e+00 4.037500000000000000e+01 -6.437500000000000000e+01 2.687500000000000000e+00 1.231250000000000000e+01 -2.562500000000000000e+00 1.187500000000000000e+00
-5.099999904632568359e-01 9.100000262260437012e-01 9.539999961853027344e+00 4.037500000000000000e+01 -6.437500000000000000e+01 2.687500000000000000e+00 1.787500000000000000e+01 -4.500000000000000000e+00 2.687500000000000000e+00
-6.399999856948852539e-01 1.090000033378601074e+00 9.489999771118164062e+00 4.037500000000000000e+01 -6.437500000000000000e+01 2.687500000000000000e+00 2.856250000000000000e+01 -5.750000000000000000e+00 5.000000000000000000e+00
-1.129999995231628418e+00 1.179999947547912598e+00 9.430000305175781250e+00 4.037500000000000000e+01 -6.437500000000000000e+01 2.687500000000000000e+00 4.887500000000000000e+01 -4.875000000000000000e+00 1.125000000000000000e+01
-1.620000004768371582e+00 2.150000095367431641e+00 9.670000076293945312e+00 4.037500000000000000e+01 -6.437500000000000000e+01 2.687500000000000000e+00 7.993750000000000000e+01 -1.000000000000000000e+00 2.312500000000000000e+01
-1.169999957084655762e+00 -1.049999952316284180e+00 1.197000026702880859e+01 4.068750000000000000e+01 -6.406250000000000000e+01 4.000000000000000000e+00 1.246875000000000000e+02 6.437500000000000000e+00 4.900000000000000000e+01
-8.700000047683715820e-01 -2.609999895095825195e+00 1.284000015258789062e+01 4.068750000000000000e+01 -6.406250000000000000e+01 4.000000000000000000e+00 1.624375000000000000e+02 5.687500000000000000e+00 6.406250000000000000e+01
-3.000000119209289551e-01 -3.230000019073486328e+00 1.296000003814697266e+01 4.068750000000000000e+01 -6.406250000000000000e+01 4.000000000000000000e+00 1.918750000000000000e+02 -7.500000000000000000e+00 6.050000000000000000e+01
3.999999910593032837e-02 -7.699999809265136719e-01 1.163000011444091797e+01 4.068750000000000000e+01 -6.406250000000000000e+01 4.000000000000000000e+00 2.174375000000000000e+02 -2.737500000000000000e+01 4.300000000000000000e+01
3.999999910593032837e-02 6.100000143051147461e-01 1.011999988555908203e+01 4.068750000000000000e+01 -6.406250000000000000e+01 4.000000000000000000e+00 2.433125000000000000e+02 -4.512500000000000000e+01 2.231250000000000000e+01
2.700000107288360596e-01 1.549999952316284180e+00 8.899999618530273438e+00 3.887500000000000000e+01 -6.587500000000000000e+01 8.000000000000000000e+00 2.643125000000000000e+02 -5.556250000000000000e+01 9.500000000000000000e+00
5.099999904632568359e-01 1.929999947547912598e+00 7.809999942779541016e+00 3.887500000000000000e+01 -6.587500000000000000e+01 8.000000000000000000e+00 2.664375000000000000e+02 -5.981250000000000000e+01 3.375000000000000000e+00
1.190000057220458984e+00 9.100000262260437012e-01 7.320000171661376953e+00 3.887500000000000000e+01 -6.587500000000000000e+01 8.000000000000000000e+00 2.555000000000000000e+02 -5.543750000000000000e+01 -1.312500000000000000e+00
9.200000166893005371e-01 1.299999952316284180e+00 7.159999847412109375e+00 3.887500000000000000e+01 -6.587500000000000000e+01 8.000000000000000000e+00 2.424375000000000000e+02 -5.287500000000000000e+01 -1.612500000000000000e+01
1.470000028610229492e+00 2.690000057220458984e+00 7.000000000000000000e+00 3.887500000000000000e+01 -6.587500000000000000e+01 8.000000000000000000e+00 2.263750000000000000e+02 -6.000000000000000000e+01 -3.743750000000000000e+01
1.320000052452087402e+00 4.260000228881835938e+00 6.309999942779541016e+00 4.300000000000000000e+01 -6.556250000000000000e+01 2.006250000000000000e+01 2.118125000000000000e+02 -5.306250000000000000e+01 -5.168750000000000000e+01
1.090000033378601074e+00 6.349999904632568359e+00 5.869999885559082031e+00 4.300000000000000000e+01 -6.556250000000000000e+01 2.006250000000000000e+01 1.882500000000000000e+02 -4.437500000000000000e+01 -5.818750000000000000e+01
1.100000023841857910e+00 6.699999809265136719e+00 5.420000076293945312e+00 4.300000000000000000e+01 -6.556250000000000000e+01 2.006250000000000000e+01 1.575625000000000000e+02 -3.593750000000000000e+01 -5.900000000000000000e+01
1.200000047683715820e+00 6.920000076293945312e+00 5.489999771118164062e+00 4.300000000000000000e+01 -6.556250000000000000e+01 2.006250000000000000e+01 1.259375000000000000e+02 -2.662500000000000000e+01 -5.393750000000000000e+01
6.700000166893005371e-01 7.210000038146972656e+00 5.590000152587890625e+00 4.300000000000000000e+01 -6.556250000000000000e+01 2.006250000000000000e+01 1.003125000000000000e+02 -1.062500000000000000e+01 -4.593750000000000000e+01
5.600000023841857910e-01 7.610000133514404297e+00 5.659999847412109375e+00 5.000000000000000000e+01 -6.037500000000000000e+01 2.937500000000000000e+01 7.506250000000000000e+01 -1.750000000000000000e+00 -4.150000000000000000e+01
3.300000131130218506e-01 7.440000057220458984e+00 5.670000076293945312e+00 5.000000000000000000e+01 -6.037500000000000000e+01 2.937500000000000000e+01 5.206250000000000000e+01 7.312500000000000000e+00 -3.550000000000000000e+01
1.400000005960464478e-01 6.760000228881835938e+00 5.840000152587890625e+00 5.000000000000000000e+01 -6.037500000000000000e+01 2.937500000000000000e+01 2.875000000000000000e+01 1.531250000000000000e+01 -2.606250000000000000e+01
7.999999821186065674e-02 5.670000076293945312e+00 6.440000057220458984e+00 5.000000000000000000e+01 -6.037500000000000000e+01 2.937500000000000000e+01 6.000000000000000000e+00 2.112500000000000000e+01 -1.850000000000000000e+01
-5.000000074505805969e-02 5.519999980926513672e+00 6.800000190734863281e+00 5.000000000000000000e+01 -6.037500000000000000e+01 2.937500000000000000e+01 -1.218750000000000000e+01 2.581250000000000000e+01 -1.443750000000000000e+01
-2.199999988079071045e-01 5.599999904632568359e+00 7.099999904632568359e+00 5.325000000000000000e+01 -5.475000000000000000e+01 3.100000000000000000e+01 -2.875000000000000000e+01 2.625000000000000000e+01 -1.381250000000000000e+01
-2.899999916553497314e-01 6.090000152587890625e+00 7.239999771118164062e+00 5.325000000000000000e+01 -5.475000000000000000e+01 3.100000000000000000e+01 -4.212500000000000000e+01 2.543750000000000000e+01 -1.431250000000000000e+01
-4.399999976158142090e-01 6.039999961853027344e+00 7.679999828338623047e+00 5.325000000000000000e+01 -5.475000000000000000e+01 3.100000000000000000e+01 -5.231250000000000000e+01 2.512500000000000000e+01 -1.206250000000000000e+01
-4.499999880790710449e-01 5.760000228881835938e+00 7.960000038146972656e+00 5.325000000000000000e+01 -5.475000000000000000e+01 3.100000000000000000e+01 -5.987500000000000000e+01 2.487500000000000000e+01 -6.875000000000000000e+00
-4.900000095367431641e-01 5.519999980926513672e+00 8.239999771118164062e+00 5.325000000000000000e+01 -5.475000000000000000e+01 3.100000000000000000e+01 -6.537500000000000000e+01 2.387500000000000000e+01 -1.500000000000000000e+00
-4.099999964237213135e-01 5.090000152587890625e+00 8.449999809265136719e+00 5.106250000000000000e+01 -5.418750000000000000e+01 3.018750000000000000e+01 -6.931250000000000000e+01 2.200000000000000000e+01 2.437500000000000000e+00
-3.600000143051147461e-01 4.880000114440917969e+00 8.289999961853027344e+00 5.106250000000000000e+01 -5.418750000000000000e+01 3.018750000000000000e+01 -7.256250000000000000e+01 1.937500000000000000e+01 6.375000000000000000e+00
-3.100000023841857910e-01 4.809999942779541016e+00 7.980000019073486328e+00 5.106250000000000000e+01 -5.418750000000000000e+01 3.018750000000000000e+01 -7.731250000000000000e+01 1.625000000000000000e+01 9.312500000000000000e+00
-2.199999988079071045e-01 4.750000000000000000e+00 7.539999961853027344e+00 5.106250000000000000e+01 -5.418750000000000000e+01 3.018750000000000000e+01 -8.500000000000000000e+01 1.475000000000000000e+01 1.100000000000000000e+01
1.899999976158142090e-01 4.699999809265136719e+00 6.840000152587890625e+00 5.106250000000000000e+01 -5.418750000000000000e+01 3.018750000000000000e+01 -9.781250000000000000e+01 1.618750000000000000e+01 1.237500000000000000e+01
4.099999964237213135e-01 4.730000019073486328e+00 6.710000038146972656e+00 4.956250000000000000e+01 -5.706250000000000000e+01 2.687500000000000000e+01 -1.171250000000000000e+02 1.987500000000000000e+01 1.387500000000000000e+01
3.799999952316284180e-01 4.900000095367431641e+00 6.719999790191650391e+00 4.956250000000000000e+01 -5.706250000000000000e+01 2.687500000000000000e+01 -1.411250000000000000e+02 2.381250000000000000e+01 1.518750000000000000e+01
3.899999856948852539e-01 5.130000114440917969e+00 6.900000095367431641e+00 4.956250000000000000e+01 -5.706250000000000000e+01 2.687500000000000000e+01 -1.698125000000000000e+02 2.768750000000000000e+01 1.687500000000000000e+01
1.299999952316284180e-01 4.679999828338623047e+00 7.429999828338623047e+00 4.956250000000000000e+01 -5.706250000000000000e+01 2.687500000000000000e+01 -2.026875000000000000e+02 3.237500000000000000e+01 2.018750000000000000e+01
-2.999999932944774628e-02 3.730000019073486328e+00 7.989999771118164062e+00 4.956250000000000000e+01 -5.706250000000000000e+01 2.687500000000000000e+01 -2.350000000000000000e+02 3.881250000000000000e+01 2.425000000000000000e+01
-1.599999964237213135e-01 2.599999904632568359e+00 8.909999847412109375e+00 4.668750000000000000e+01 -5.918750000000000000e+01 2.118750000000000000e+01 -2.609375000000000000e+02 4.718750000000000000e+01 2.768750000000000000e+01
-5.600000023841857910e-01 1.199999973177909851e-01 1.339000034332275391e+01 4.668750000000000000e+01 -5.918750000000000000e+01 2.118750000000000000e+01 -2.796250000000000000e+02 5.050000000000000000e+01 2.668750000000000000e+01
-8.500000238418579102e-01 -4.699999988079071045e-01 1.272000026702880859e+01 4.668750000000000000e+01 -5.918750000000000000e+01 2.118750000000000000e+01 -2.866875000000000000e+02 3.831250000000000000e+01 1.943750000000000000e+01
-1.000000000000000000e+00 -1.009999990463256836e+00 1.222000026702880859e+01 4.668750000000000000e+01 -5.918750000000000000e+01 2.118750000000000000e+01 -2.644375000000000000e+02 8.937500000000000000e+00 1.206250000000000000e+01
-1.039999961853027344e+00 -1.259999990463256836e+00 1.165999984741210938e+01 4.668750000000000000e+01 -5.918750000000000000e+01 2.118750000000000000e+01 -2.236250000000000000e+02 -1.131250000000000000e+01 6.562500000000000000e+00
-1.419999957084655762e+00 -6.200000047683715820e-01 9.949999809265136719e+00 4.150000000000000000e+01 -6.237500000000000000e+01 1.187500000000000000e+01 -1.765000000000000000e+02 -1.875000000000000000e+01 2.875000000000000000e+00
-1.279999971389770508e+00 -4.499999880790710449e-01 9.300000190734863281e+00 4.150000000000000000e+01 -6.237500000000000000e+01 1.187500000000000000e+01 -1.362500000000000000e+02 -2.237500000000000000e+01 -1.812500000000000000e+00
-1.210000038146972656e+00 -5.699999928474426270e-01 8.909999847412109375e+00 4.150000000000000000e+01 -6.237500000000000000e+01 1.187500000000000000e+01 -9.981250000000000000e+01 -1.987500000000000000e+01 -5.000000000000000000e+00
-8.199999928474426270e-01 -8.399999737739562988e-01 8.859999656677246094e+00 4.150000000000000000e+01 -6.237500000000000000e+01 1.187500000000000000e+01 -7.031250000000000000e+01 -1.631250000000000000e+01 -5.937500000000000000e+00
-2.199999988079071045e-01 -1.220000028610229492e+00 8.850000381469726562e+00 4.150000000000000000e+01 -6.237500000000000000e+01 1.187500000000000000e+01 -4.543750000000000000e+01 -1.337500000000000000e+01 -7.125000000000000000e+00
-9.000000357627868652e-02 -1.019999980926513672e+00 9.039999961853027344e+00 3.918750000000000000e+01 -6.400000000000000000e+01 3.875000000000000000e+00 -2.343750000000000000e+01 -1.075000000000000000e+01 -7.875000000000000000e+00
0.000000000000000000e+00 -7.200000286102294922e-01 9.130000114440917969e+00 3.918750000000000000e+01 -6.400000000000000000e+01 3.875000000000000000e+00 -4.812500000000000000e+00 -9.562500000000000000e+00 -8.437500000000000000e+00
2.199999988079071045e-01 -9.999999776482582092e-03 9.279999732971191406e+00 3.918750000000000000e+01 -6.400000000000000000e+01 3.875000000000000000e+00 8.125000000000000000e+00 -1.025000000000000000e+01 -8.562500000000000000e+00
1.700000017881393433e-01 2.399999946355819702e-01 9.350000381469726562e+00 3.918750000000000000e+01 -6.400000000000000000e+01 3.875000000000000000e+00 1.500000000000000000e+01 -1.018750000000000000e+01 -7.000000000000000000e+00
1.899999976158142090e-01 5.099999904632568359e-01 9.340000152587890625e+00 3.918750000000000000e+01 -6.400000000000000000e+01 3.875000000000000000e+00 1.850000000000000000e+01 -9.187500000000000000e+00 -5.500000000000000000e+00
1.099999994039535522e-01 6.399999856948852539e-01 9.319999694824218750e+00 4.037500000000000000e+01 -6.318750000000000000e+01 1.750000000000000000e+00 1.943750000000000000e+01 -7.937500000000000000e+00 -4.687500000000000000e+00
3.999999910593032837e-02 5.400000214576721191e-01 9.510000228881835938e+00 4.037500000000000000e+01 -6.318750000000000000e+01 1.750000000000000000e+00 1.793750000000000000e+01 -5.812500000000000000e+00 -3.875000000000000000e+00
-2.999999932944774628e-02 6.299999952316284180e-01 9.500000000000000000e+00 4.037500000000000000e+01 -6.318750000000000000e+01 1.750000000000000000e+00 1.475000000000000000e+01 -3.937500000000000000e+00 -2.812500000000000000e+00
-5.999999865889549255e-02 7.500000000000000000e-01 9.510000228881835938e+00 4.037500000000000000e+01 -6.318750000000000000e+01 1.750000000000000000e+00 1.062500000000000000e+01 -2.125000000000000000e+00 -2.062500000000000000e+00
-7.999999821186065674e-02 6.399999856948852539e-01 9.430000305175781250e+00 4.037500000000000000e+01 -6.318750000000000000e+01 1.750000000000000000e+00 5.625000000000000000e+00 -5.000000000000000000e-01 -1.187500000000000000e+00
0.000000000000000000e+00 3.499999940395355225e-01 9.390000343322753906e+00 4.037500000000000000e+01 -6.387500000000000000e+01 2.062500000000000000e+00 7.500000000000000000e-01 8.125000000000000000e-01 -1.875000000000000000e-01
0.000000000000000000e+00 4.499999880790710449e-01 9.369999885559082031e+00 4.037500000000000000e+01 -6.387500000000000000e+01 2.062500000000000000e+00 -1.562500000000000000e+00 2.500000000000000000e+00 6.250000000000000000e-02
-5.000000074505805969e-02 4.399999976158142090e-01 9.270000457763671875e+00 4.037500000000000000e+01 -6.387500000000000000e+01 2.062500000000000000e+00 -1.812500000000000000e+00 3.750000000000000000e+00 -1.875000000000000000e-01
-1.599999964237213135e-01 3.000000119209289551e-01 9.289999961853027344e+00 4.037500000000000000e+01 -6.387500000000000000e+01 2.062500000000000000e+00 -1.250000000000000000e+00 4.937500000000000000e+00 -6.250000000000000000e-02
-2.000000029802322388e-01 1.099999994039535522e-01 9.380000114440917969e+00 4.037500000000000000e+01 -6.387500000000000000e+01 2.062500000000000000e+00 -2.437500000000000000e+00 4.250000000000000000e+00 2.500000000000000000e-01
-1.899999976158142090e-01 2.999999932944774628e-02 9.439999580383300781e+00 4.000000000000000000e+01 -6.425000000000000000e+01 1.687500000000000000e+00 -2.375000000000000000e+00 3.875000000000000000e+00 2.500000000000000000e-01
-2.099999934434890747e-01 0.000000000000000000e+00 9.430000305175781250e+00 4.000000000000000000e+01 -6.425000000000000000e+01 1.687500000000000000e+00 4.375000000000000000e-01 3.562500000000000000e+00 0.000000000000000000e+00
-3.100000023841857910e-01 2.199999988079071045e-01 9.359999656677246094e+00 4.000000000000000000e+01 -6.425000000000000000e+01 1.687500000000000000e+00 3.937500000000000000e+00 3.187500000000000000e+00 -6.250000000000000000e-01
-3.799999952316284180e-01 4.499999880790710449e-01 9.289999961853027344e+00 4.000000000000000000e+01 -6.425000000000000000e+01 1.687500000000000000e+00 6.812500000000000000e+00 2.375000000000000000e+00 -8.750000000000000000e-01
-3.799999952316284180e-01 5.000000000000000000e-01 9.289999961853027344e+00 4.000000000000000000e+01 -6.425000000000000000e+01 1.687500000000000000e+00 7.312500000000000000e+00 1.437500000000000000e+00 -7.500000000000000000e-01
-3.899999856948852539e-01 3.799999952316284180e-01 9.399999618530273438e+00 4.068750000000000000e+01 -6.306250000000000000e+01 3.375000000000000000e+00 4.937500000000000000e+00 8.125000000000000000e-01 -1.875000000000000000e-01
-3.199999928474426270e-01 3.300000131130218506e-01 9.520000457763671875e+00 4.068750000000000000e+01 -6.306250000000000000e+01 3.375000000000000000e+00 3.250000000000000000e+00 6.250000000000000000e-01 3.750000000000000000e-01
-2.399999946355819702e-01 3.400000035762786865e-01 9.539999961853027344e+00 4.068750000000000000e+01 -6.306250000000000000e+01 3.375000000000000000e+00 2.562500000000000000e+00 1.250000000000000000e-01 1.875000000000000000e-01
-2.800000011920928955e-01 4.499999880790710449e-01 9.489999771118164062e+00 4.068750000000000000e+01 -6.306250000000000000e+01 3.375000000000000000e+00 2.437500000000000000e+00 -4.375000000000000000e-01 -6.250000000000000000e-02
-2.500000000000000000e-01 4.300000071525573730e-01 9.420000076293945312e+00 4.068750000000000000e+01 -6.306250000000000000e+01 3.375000000000000000e+00 1.312500000000000000e+00 -1.187500000000000000e+00 -5.625000000000000000e-01
-1.599999964237213135e-01 4.600000083446502686e-01 9.390000343322753906e+00 4.037500000000000000e+01 -6.418750000000000000e+01 2.875000000000000000e+00 -3.750000000000000000e-01 -2.062500000000000000e+00 -6.875000000000000000e-01
-7.000000029802322388e-02 4.900000095367431641e-01 9.369999885559082031e+00 4.037500000000000000e+01 -6.418750000000000000e+01 2.875000000000000000e+00 -2.250000000000000000e+00 -2.375000000000000000e+00 -1.062500000000000000e+00
-3.000000119209289551e-01 8.199999928474426270e-01 9.260000228881835938e+00 4.037500000000000000e+01 -6.418750000000000000e+01 2.875000000000000000e+00 -3.875000000000000000e+00 -2.687500000000000000e+00 -1.687500000000000000e+00
-2.599999904632568359e-01 7.400000095367431641e-01 9.390000343322753906e+00 4.037500000000000000e+01 -6.418750000000000000e+01 2.875000000000000000e+00 -6.875000000000000000e+00 -3.750000000000000000e+00 -1.625000000000000000e+00
-2.599999904632568359e-01 6.200000047683715820e-01 9.520000457763671875e+00 4.037500000000000000e+01 -6.418750000000000000e+01 2.875000000000000000e+00 -1.237500000000000000e+01 -5.250000000000000000e+00 -6.250000000000000000e-01
-2.500000000000000000e-01 4.399999976158142090e-01 9.569999694824218750e+00 4.068750000000000000e+01 -6.306250000000000000e+01 3.250000000000000000e+00 -1.793750000000000000e+01 -6.125000000000000000e+00 1.875000000000000000e-01
-1.800000071525573730e-01 2.899999916553497314e-01 9.399999618530273438e+00 4.068750000000000000e+01 -6.306250000000000000e+01 3.250000000000000000e+00 -2.106250000000000000e+01 -7.562500000000000000e+00 5.625000000000000000e-01
-1.899999976158142090e-01 1.899999976158142090e-01 9.310000419616699219e+00 4.068750000000000000e+01 -6.306250000000000000e+01 3.250000000000000000e+00 -2.037500000000000000e+01 -8.125000000000000000e+00 4.375000000000000000e-01
-1.500000059604644775e-01 1.299999952316284180e-01 9.430000305175781250e+00 4.068750000000000000e+01 -6.306250000000000000e+01 3.250000000000000000e+00 -1.706250000000000000e+01 -7.500000000000000000e+00 -1.250000000000000000e-01
-1.299999952316284180e-01 9.000000357627868652e-02 9.479999542236328125e+00 4.068750000000000000e+01 -6.306250000000000000e+01 3.250000000000000000e+00 -1.256250000000000000e+01 -7.187500000000000000e+00 -5.625000000000000000e-01
0.000000000000000000e+00 2.999999932944774628e-02 9.460000038146972656e+00 4.106250000000000000e+01 -6.375000000000000000e+01 3.250000000000000000e+00 -8.750000000000000000e+00 -6.750000000000000000e+00 -1.125000000000000000e+00
0.000000000000000000e+00 2.999999932944774628e-02 9.390000343322753906e+00 4.106250000000000000e+01 -6.375000000000000000e+01 3.250000000000000000e+00 -5.000000000000000000e+00 -6.250000000000000000e+00 -1.437500000000000000e+00
5.999999865889549255e-02 7.999999821186065674e-02 9.359999656677246094e+00 4.106250000000000000e+01 -6.375000000000000000e+01 3.250000000000000000e+00 -2.312500000000000000e+00 -5.625000000000000000e+00 -2.312500000000000000e+00
1.000000014901161194e-01 1.000000014901161194e-01 9.260000228881835938e+00 4.106250000000000000e+01 -6.375000000000000000e+01 3.250000000000000000e+00 -5.625000000000000000e-01 -5.062500000000000000e+00 -2.750000000000000000e+00
9.999999776482582092e-03 2.099999934434890747e-01 9.329999923706054688e+00 4.106250000000000000e+01 -6.375000000000000000e+01 3.250000000000000000e+00 4.375000000000000000e-01 -4.750000000000000000e+00 -3.562500000000000000e+00
-9.999999776482582092e-03 4.499999880790710449e-01 9.319999694824218750e+00 4.068750000000000000e+01 -6.337500000000000000e+01 2.500000000000000000e+00 6.875000000000000000e-01 -4.437500000000000000e+00 -3.687500000000000000e+00
-7.999999821186065674e-02 5.899999737739562988e-01 9.310000419616699219e+00 4.068750000000000000e+01 -6.337500000000000000e+01 2.500000000000000000e+00 -6.875000000000000000e-01 -4.125000000000000000e+00 -3.437500000000000000e+00
