-1.800000071525573730e-01 -1.500000059604644775e-01 9.430000305175781250e+00 3.400000000000000000e+01 -7.087500000000000000e+01 -1.000000000000000000e+00 -1.250000000000000000e-01 -1.875000000000000000e-01 3.125000000000000000e-01
-1.800000071525573730e-01 -2.099999934434890747e-01 9.460000038146972656e+00 3.356250000000000000e+01 -7.200000000000000000e+01 -1.750000000000000000e+00 0.000000000000000000e+00 -5.625000000000000000e-01 3.750000000000000000e-01
-2.199999988079071045e-01 -2.899999916553497314e-01 9.539999961853027344e+00 3.356250000000000000e+01 -7.200000000000000000e+01 -1.750000000000000000e+00 6.250000000000000000e-01 -1.437500000000000000e+00 3.750000000000000000e-01
-2.300000041723251343e-01 -4.900000095367431641e-01 9.869999885559082031e+00 3.356250000000000000e+01 -7.200000000000000000e+01 -1.750000000000000000e+00 2.187500000000000000e+00 -2.812500000000000000e+00 1.250000000000000000e-01
-2.000000029802322388e-01 -6.299999952316284180e-01 9.939999580383300781e+00 3.356250000000000000e+01 -7.200000000000000000e+01 -1.750000000000000000e+00 4.625000000000000000e+00 -5.062500000000000000e+00 -5.625000000000000000e-01
-3.000000119209289551e-01 -5.600000023841857910e-01 1.015999984741210938e+01 3.356250000000000000e+01 -7.200000000000000000e+01 -1.750000000000000000e+00 7.187500000000000000e+00 -9.125000000000000000e+00 -2.062500000000000000e+00
-2.500000000000000000e-01 -4.799999892711639404e-01 1.031999969482421875e+01 3.356250000000000000e+01 -7.275000000000000000e+01 1.875000000000000000e-01 5.375000000000000000e+00 -1.656250000000000000e+01 -4.625000000000000000e+00
-3.100000023841857910e-01 1.599999964237213135e-01 1.101000022888183594e+01 3.356250000000000000e+01 -7.275000000000000000e+01 1.875000000000000000e-01 -3.187500000000000000e+00 -2.731250000000000000e+01 -6.437500000000000000e+00
3.700000047683715820e-01 -2.399999946355819702e-01 1.188000011444091797e+01 3.356250000000000000e+01 -7.275000000000000000e+01 1.875000000000000000e-01 -2.087500000000000000e+01 -4.518750000000000000e+01 -8.875000000000000000e+00
3.199999928474426270e-01 7.000000029802322388e-02 1.251000022888183594e+01 3.356250000000000000e+01 -7.275000000000000000e+01 1.875000000000000000e-01 -4.406250000000000000e+01 -7.181250000000000000e+01 -1.356250000000000000e+01
5.199999809265136719e-01 2.700000107288360596e-01 1.163000011444091797e+01 3.356250000000000000e+01 -7.275000000000000000e+01 1.875000000000000000e-01 -6.118750000000000000e+01 -9.387500000000000000e+01 -8.562500000000000000e+00
-3.899999856948852539e-01 1.610000014305114746e+00 1.202000045776367188e+01 3.356250000000000000e+01 -7.275000000000000000e+01 -5.625000000000000000e-01 -6.775000000000000000e+01 -1.105000000000000000e+02 2.000000000000000000e+00
-9.399999976158142090e-01 2.380000114440917969e+00 1.228999996185302734e+01 3.356250000000000000e+01 -7.275000000000000000e+01 -5.625000000000000000e-01 -6.912500000000000000e+01 -1.322500000000000000e+02 1.918750000000000000e+01
-1.470000028610229492e+00 1.899999976158142090e+00 1.201000022888183594e+01 3.356250000000000000e+01 -7.275000000000000000e+01 -5.625000000000000000e-01 -6.281250000000000000e+01 -1.551875000000000000e+02 3.700000000000000000e+01
-1.590000033378601074e+00 -7.900000214576721191e-01 1.021000003814697266e+01 3.356250000000000000e+01 -7.275000000000000000e+01 -5.625000000000000000e-01 -4.812500000000000000e+01 -1.723750000000000000e+02 4.468750000000000000e+01
-1.080000042915344238e+00 -1.870000004768371582e+00 9.430000305175781250e+00 3.356250000000000000e+01 -7.275000000000000000e+01 -5.625000000000000000e-01 -2.787500000000000000e+01 -1.812500000000000000e+02 4.050000000000000000e+01
-6.100000143051147461e-01 -2.549999952316284180e+00 9.159999847412109375e+00 3.400000000000000000e+01 -7.525000000000000000e+01 -4.187500000000000000e+00 -1.068750000000000000e+01 -1.841250000000000000e+02 3.206250000000000000e+01
1.099999994039535522e-01 -2.809999942779541016e+00 8.939999580383300781e+00 3.400000000000000000e+01 -7.525000000000000000e+01 -4.187500000000000000e+00 -2.750000000000000000e+00 -1.836250000000000000e+02 2.075000000000000000e+01
1.039999961853027344e+00 -2.240000009536743164e+00 8.119999885559082031e+00 3.400000000000000000e+01 -7.525000000000000000e+01 -4.187500000000000000e+00 -2.375000000000000000e+00 -1.785000000000000000e+02 8.687500000000000000e+00
1.230000019073486328e+00 -1.549999952316284180e+00 7.960000038146972656e+00 3.400000000000000000e+01 -7.525000000000000000e+01 -4.187500000000000000e+00 -1.625000000000000000e+00 -1.638125000000000000e+02 -1.562500000000000000e+00
1.690000057220458984e+00 -5.000000000000000000e-01 7.690000057220458984e+00 3.400000000000000000e+01 -7.525000000000000000e+01 -4.187500000000000000e+00 -1.375000000000000000e+00 -1.407500000000000000e+02 -4.687500000000000000e+00
2.720000028610229492e+00 1.199999973177909851e-01 7.679999828338623047e+00 3.200000000000000000e+01 -7.825000000000000000e+01 -9.562500000000000000e+00 -1.250000000000000000e+00 -1.161875000000000000e+02 -1.875000000000000000e-01
4.480000019073486328e+00 1.599999964237213135e-01 8.119999885559082031e+00 3.200000000000000000e+01 -7.825000000000000000e+01 -9.562500000000000000e+00 5.625000000000000000e-01 -9.643750000000000000e+01 4.312500000000000000e+00
4.980000019073486328e+00 7.000000029802322388e-02 8.380000114440917969e+00 3.200000000000000000e+01 -7.825000000000000000e+01 -9.562500000000000000e+00 2.812500000000000000e+00 -8.431250000000000000e+01 7.687500000000000000e+00
5.280000209808349609e+00 -1.099999994039535522e-01 8.590000152587890625e+00 3.200000000000000000e+01 -7.825000000000000000e+01 -9.562500000000000000e+00 2.375000000000000000e+00 -7.856250000000000000e+01 1.100000000000000000e+01
5.369999885559082031e+00 -4.300000071525573730e-01 8.699999809265136719e+00 3.200000000000000000e+01 -7.825000000000000000e+01 -9.562500000000000000e+00 -3.125000000000000000e-01 -7.750000000000000000e+01 1.325000000000000000e+01
5.380000114440917969e+00 -2.800000011920928955e-01 8.680000305175781250e+00 3.225000000000000000e+01 -7.856250000000000000e+01 -1.306250000000000000e+01 -3.312500000000000000e+00 -7.856250000000000000e+01 1.712500000000000000e+01
5.239999771118164062e+00 -3.899999856948852539e-01 8.680000305175781250e+00 3.225000000000000000e+01 -7.856250000000000000e+01 -1.306250000000000000e+01 -8.687500000000000000e+00 -8.025000000000000000e+01 2.356250000000000000e+01
4.989999771118164062e+00 -7.300000190734863281e-01 8.520000457763671875e+00 3.225000000000000000e+01 -7.856250000000000000e+01 -1.306250000000000000e+01 -1.306250000000000000e+01 -8.137500000000000000e+01 2.375000000000000000e+01
4.960000038146972656e+00 -1.220000028610229492e+00 7.809999942779541016e+00 3.225000000000000000e+01 -7.856250000000000000e+01 -1.306250000000000000e+01 -1.162500000000000000e+01 -8.331250000000000000e+01 2.137500000000000000e+01
5.000000000000000000e+00 -1.519999980926513672e+00 7.429999828338623047e+00 3.225000000000000000e+01 -7.856250000000000000e+01 -1.306250000000000000e+01 -6.000000000000000000e+00 -8.537500000000000000e+01 2.106250000000000000e+01
4.119999885559082031e+00 -1.990000009536743164e+00 6.849999904632568359e+00 2.850000000000000000e+01 -7.887500000000000000e+01 -1.950000000000000000e+01 3.125000000000000000e-01 -8.381250000000000000e+01 1.743750000000000000e+01
3.970000028610229492e+00 -2.329999923706054688e+00 6.570000171661376953e+00 2.850000000000000000e+01 -7.887500000000000000e+01 -1.950000000000000000e+01 7.500000000000000000e+00 -7.437500000000000000e+01 9.687500000000000000e+00
4.260000228881835938e+00 -2.180000066757202148e+00 6.349999904632568359e+00 2.850000000000000000e+01 -7.887500000000000000e+01 -1.950000000000000000e+01 1.537500000000000000e+01 -6.106250000000000000e+01 3.375000000000000000e+00
4.150000095367431641e+00 -2.029999971389770508e+00 6.420000076293945312e+00 2.850000000000000000e+01 -7.887500000000000000e+01 -1.950000000000000000e+01 1.793750000000000000e+01 -5.093750000000000000e+01 -3.750000000000000000e-01
4.059999942779541016e+00 -1.960000038146972656e+00 6.469999790191650391e+00 2.850000000000000000e+01 -7.887500000000000000e+01 -1.950000000000000000e+01 1.612500000000000000e+01 -4.337500000000000000e+01 -2.125000000000000000e+00
4.010000228881835938e+00 -1.889999985694885254e+00 6.289999961853027344e+00 2.600000000000000000e+01 -8.000000000000000000e+01 -2.225000000000000000e+01 1.193750000000000000e+01 -3.600000000000000000e+01 -3.625000000000000000e+00
3.970000028610229492e+00 -1.820000052452087402e+00 5.980000019073486328e+00 2.600000000000000000e+01 -8.000000000000000000e+01 -2.225000000000000000e+01 8.250000000000000000e+00 -2.668750000000000000e+01 -4.500000000000000000e+00
3.880000114440917969e+00 -1.710000038146972656e+00 5.579999923706054688e+00 2.600000000000000000e+01 -8.000000000000000000e+01 -2.225000000000000000e+01 4.875000000000000000e+00 -1.600000000000000000e+01 -6.250000000000000000e+00
3.839999914169311523e+00 -1.570000052452087402e+00 5.309999942779541016e+00 2.600000000000000000e+01 -8.000000000000000000e+01 -2.225000000000000000e+01 5.562500000000000000e+00 -3.125000000000000000e+00 -8.750000000000000000e+00
3.829999923706054688e+00 -1.440000057220458984e+00 5.269999980926513672e+00 2.600000000000000000e+01 -8.000000000000000000e+01 -2.225000000000000000e+01 9.687500000000000000e+00 1.156250000000000000e+01 -1.187500000000000000e+01
3.789999961853027344e+00 -1.299999952316284180e+00 5.289999961853027344e+00 2.600000000000000000e+01 -8.000000000000000000e+01 -2.225000000000000000e+01 1.362500000000000000e+01 2.581250000000000000e+01 -1.562500000000000000e+01
3.809999942779541016e+00 -1.230000019073486328e+00 5.300000190734863281e+00 2.487500000000000000e+01 -8.225000000000000000e+01 -2.500000000000000000e+01 1.650000000000000000e+01 3.987500000000000000e+01 -1.812500000000000000e+01
3.680000066757202148e+00 -1.080000042915344238e+00 5.320000171661376953e+00 2.487500000000000000e+01 -8.225000000000000000e+01 -2.500000000000000000e+01 1.856250000000000000e+01 5.450000000000000000e+01 -1.912500000000000000e+01
3.480000019073486328e+00 -6.899999976158142090e-01 4.909999847412109375e+00 2.487500000000000000e+01 -8.225000000000000000e+01 -2.500000000000000000e+01 1.787500000000000000e+01 7.075000000000000000e+01 -1.993750000000000000e+01
3.309999942779541016e+00 -6.499999761581420898e-01 4.329999923706054688e+00 2.487500000000000000e+01 -8.225000000000000000e+01 -2.500000000000000000e+01 1.581250000000000000e+01 9.125000000000000000e+01 -2.050000000000000000e+01
2.839999914169311523e+00 -6.899999976158142090e-01 3.529999971389770508e+00 2.775000000000000000e+01 -8.406250000000000000e+01 -2.206250000000000000e+01 1.806250000000000000e+01 1.194375000000000000e+02 -2.231250000000000000e+01
2.069999933242797852e+00 -1.110000014305114746e+00 2.369999885559082031e+00 2.775000000000000000e+01 -8.406250000000000000e+01 -2.206250000000000000e+01 2.781250000000000000e+01 1.548125000000000000e+02 -2.581250000000000000e+01
1.419999957084655762e+00 -1.179999947547912598e+00 2.200000047683715820e+00 2.775000000000000000e+01 -8.406250000000000000e+01 -2.206250000000000000e+01 4.462500000000000000e+01 1.925625000000000000e+02 -3.212500000000000000e+01
8.500000238418579102e-01 -1.250000000000000000e+00 2.819999933242797852e+00 2.775000000000000000e+01 -8.406250000000000000e+01 -2.206250000000000000e+01 6.256250000000000000e+01 2.258750000000000000e+02 -4.250000000000000000e+01
1.600000023841857910e+00 -1.279999971389770508e+00 4.869999885559082031e+00 2.775000000000000000e+01 -8.406250000000000000e+01 -2.206250000000000000e+01 7.356250000000000000e+01 2.530625000000000000e+02 -5.306250000000000000e+01
3.500000000000000000e+00 -4.499999880790710449e-01 1.265999984741210938e+01 2.775000000000000000e+01 -8.406250000000000000e+01 -2.206250000000000000e+01 6.543750000000000000e+01 2.811875000000000000e+02 -5.743750000000000000e+01
3.150000095367431641e+00 1.429999947547912598e+00 1.552000045776367188e+01 3.256250000000000000e+01 -8.368750000000000000e+01 -1.306250000000000000e+01 2.693750000000000000e+01 2.741250000000000000e+02 -5.937500000000000000e+01
2.329999923706054688e+00 3.440000057220458984e+00 1.727000045776367188e+01 3.256250000000000000e+01 -8.368750000000000000e+01 -1.306250000000000000e+01 -3.562500000000000000e+01 2.401250000000000000e+02 -5.093750000000000000e+01
1.470000028610229492e+00 4.329999923706054688e+00 1.694000053405761719e+01 3.256250000000000000e+01 -8.368750000000000000e+01 -1.306250000000000000e+01 -7.887500000000000000e+01 1.959375000000000000e+02 -3.112500000000000000e+01
5.799999833106994629e-01 3.569999933242797852e+00 1.578999996185302734e+01 3.256250000000000000e+01 -8.368750000000000000e+01 -1.306250000000000000e+01 -8.287500000000000000e+01 1.525000000000000000e+02 -4.562500000000000000e+00
4.099999964237213135e-01 1.919999957084655762e+00 1.489000034332275391e+01 3.550000000000000000e+01 -7.625000000000000000e+01 -2.875000000000000000e+00 -6.375000000000000000e+01 1.138750000000000000e+02 1.675000000000000000e+01
2.899999916553497314e-01 -2.999999932944774628e-02 1.357999992370605469e+01 3.550000000000000000e+01 -7.625000000000000000e+01 -2.875000000000000000e+00 -4.243750000000000000e+01 8.543750000000000000e+01 2.387500000000000000e+01
1.000000014901161194e-01 -2.250000000000000000e+00 1.093000030517578125e+01 3.550000000000000000e+01 -7.625000000000000000e+01 -2.875000000000000000e+00 -2.568750000000000000e+01 6.906250000000000000e+01 1.868750000000000000e+01
0.000000000000000000e+00 -2.410000085830688477e+00 9.899999618530273438e+00 3.550000000000000000e+01 -7.625000000000000000e+01 -2.875000000000000000e+00 -1.087500000000000000e+01 6.106250000000000000e+01 8.562500000000000000e+00
5.999999865889549255e-02 -2.109999895095825195e+00 9.149999618530273438e+00 3.550000000000000000e+01 -7.625000000000000000e+01 -2.875000000000000000e+00 2.125000000000000000e+00 5.900000000000000000e+01 3.125000000000000000e-01
9.000000357627868652e-02 -1.610000014305114746e+00 8.810000419616699219e+00 3.550000000000000000e+01 -7.625000000000000000e+01 -2.875000000000000000e+00 1.131250000000000000e+01 5.975000000000000000e+01 -4.500000000000000000e+00
3.999999910593032837e-02 -7.599999904632568359e-01 9.159999847412109375e+00 3.475000000000000000e+01 -7.187500000000000000e+01 -3.687500000000000000e+00 1.587500000000000000e+01 5.950000000000000000e+01 -6.312500000000000000e+00
-5.999999865889549255e-02 -6.999999880790710449e-01 9.489999771118164062e+00 3.475000000000000000e+01 -7.187500000000000000e+01 -3.687500000000000000e+00 1.900000000000000000e+01 5.656250000000000000e+01 -5.750000000000000000e+00
-1.199999973177909851e-01 -6.800000071525573730e-01 9.789999961853027344e+00 3.475000000000000000e+01 -7.187500000000000000e+01 -3.687500000000000000e+00 2.350000000000000000e+01 5.087500000000000000e+01 -4.750000000000000000e+00
-2.599999904632568359e-01 -6.600000262260437012e-01 9.970000267028808594e+00 3.475000000000000000e+01 -7.187500000000000000e+01 -3.687500000000000000e+00 2.831250000000000000e+01 4.375000000000000000e+01 -3.062500000000000000e+00
-4.399999976158142090e-01 -6.899999976158142090e-01 1.009000015258789062e+01 3.475000000000000000e+01 -7.187500000000000000e+01 -3.687500000000000000e+00 3.112500000000000000e+01 3.443750000000000000e+01 2.125000000000000000e+00
-4.399999976158142090e-01 -4.499999880790710449e-01 1.000000000000000000e+01 3.487500000000000000e+01 -7.187500000000000000e+01 -3.562500000000000000e+00 3.443750000000000000e+01 2.650000000000000000e+01 1.187500000000000000e+00
-4.399999976158142090e-01 -3.700000047683715820e-01 9.869999885559082031e+00 3.487500000000000000e+01 -7.187500000000000000e+01 -3.562500000000000000e+00 3.337500000000000000e+01 2.081250000000000000e+01 9.375000000000000000e-01
-4.499999880790710449e-01 -1.500000059604644775e-01 9.609999656677246094e+00 3.487500000000000000e+01 -7.187500000000000000e+01 -3.562500000000000000e+00 3.075000000000000000e+01 1.743750000000000000e+01 1.000000000000000000e+00
-4.499999880790710449e-01 -3.999999910593032837e-02 9.560000419616699219e+00 3.487500000000000000e+01 -7.187500000000000000e+01 -3.562500000000000000e+00 2.606250000000000000e+01 1.450000000000000000e+01 -6.250000000000000000e-02
-4.099999964237213135e-01 -1.999999955296516418e-02 9.500000000000000000e+00 3.487500000000000000e+01 -7.187500000000000000e+01 -3.562500000000000000e+00 2.056250000000000000e+01 1.150000000000000000e+01 -3.125000000000000000e-01
-3.899999856948852539e-01 -9.999999776482582092e-03 9.439999580383300781e+00 3.487500000000000000e+01 -7.225000000000000000e+01 -2.500000000000000000e+00 1.637500000000000000e+01 9.250000000000000000e+00 -1.250000000000000000e-01
-3.400000035762786865e-01 5.999999865889549255e-02 9.369999885559082031e+00 3.487500000000000000e+01 -7.225000000000000000e+01 -2.500000000000000000e+00 1.287500000000000000e+01 7.375000000000000000e+00 -1.250000000000000000e-01
-3.199999928474426270e-01 7.999999821186065674e-02 9.329999923706054688e+00 3.487500000000000000e+01 -7.225000000000000000e+01 -2.500000000000000000e+00 1.000000000000000000e+01 6.187500000000000000e+00 0.000000000000000000e+00
-3.600000143051147461e-01 1.299999952316284180e-01 9.369999885559082031e+00 3.487500000000000000e+01 -7.225000000000000000e+01 -2.500000000000000000e+00 6.500000000000000000e+00 4.875000000000000000e+00 3.750000000000000000e-01
-3.499999940395355225e-01 7.999999821186065674e-02 9.420000076293945312e+00 3.487500000000000000e+01 -7.225000000000000000e+01 -2.500000000000000000e+00 3.687500000000000000e+00 3.875000000000000000e+00 8.125000000000000000e-01
-3.600000143051147461e-01 5.999999865889549255e-02 9.439999580383300781e+00 3.368750000000000000e+01 -7.268750000000000000e+01 -2.500000000000000000e-01 1.875000000000000000e+00 2.812500000000000000e+00 7.500000000000000000e-01
-3.499999940395355225e-01 3.999999910593032837e-02 9.460000038146972656e+00 3.368750000000000000e+01 -7.268750000000000000e+01 -2.500000000000000000e-01 1.375000000000000000e+00 2.187500000000000000e+00 3.125000000000000000e-01
-3.400000035762786865e-01 -9.999999776482582092e-03 9.449999809265136719e+00 3.368750000000000000e+01 -7.268750000000000000e+01 -2.500000000000000000e-01 1.812500000000000000e+00 1.250000000000000000e+00 5.625000000000000000e-01
-3.700000047683715820e-01 5.999999865889549255e-02 9.359999656677246094e+00 3.368750000000000000e+01 -7.268750000000000000e+01 -2.500000000000000000e-01 1.937500000000000000e+00 8.750000000000000000e-01 5.625000000000000000e-01
-3.799999952316284180e-01 1.099999994039535522e-01 9.369999885559082031e+00 3.450000000000000000e+01 -7.337500000000000000e+01 6.250000000000000000e-02 6.875000000000000000e-01 2.500000000000000000e-01 8.125000000000000000e-01
-4.499999880790710449e-01 1.899999976158142090e-01 9.399999618530273438e+00 3.450000000000000000e+01 -7.337500000000000000e+01 6.250000000000000000e-02 -1.375000000000000000e+00 -3.750000000000000000e-01 8.750000000000000000e-01
-4.199999868869781494e-01 1.299999952316284180e-01 9.409999847412109375e+00 3.450000000000000000e+01 -7.337500000000000000e+01 6.250000000000000000e-02 -3.562500000000000000e+00 -1.062500000000000000e+00 1.000000000000000000e+00
-4.399999976158142090e-01 9.999999776482582092e-03 9.489999771118164062e+00 3.450000000000000000e+01 -7.337500000000000000e+01 6.250000000000000000e-02 -4.625000000000000000e+00 -1.750000000000000000e+00 9.375000000000000000e-01
-4.300000071525573730e-01 -9.999999776482582092e-03 9.479999542236328125e+00 3.450000000000000000e+01 -7.337500000000000000e+01 6.250000000000000000e-02 -4.687500000000000000e+00 -2.625000000000000000e+00 1.125000000000000000e+00
-4.099999964237213135e-01 -3.999999910593032837e-02 9.500000000000000000e+00 3.450000000000000000e+01 -7.337500000000000000e+01 6.250000000000000000e-02 -4.062500000000000000e+00 -3.125000000000000000e+00 1.375000000000000000e+00
-4.099999964237213135e-01 -5.000000074505805969e-02 9.449999809265136719e+00 3.475000000000000000e+01 -7.300000000000000000e+01 6.250000000000000000e-02 -3.437500000000000000e+00 -3.187500000000000000e+00 1.500000000000000000e+00
-3.300000131130218506e-01 -1.199999973177909851e-01 9.369999885559082031e+00 3.475000000000000000e+01 -7.300000000000000000e+01 6.250000000000000000e-02 -2.312500000000000000e+00 -3.062500000000000000e+00 1.250000000000000000e+00
-3.199999928474426270e-01 -1.199999973177909851e-01 9.340000152587890625e+00 3.475000000000000000e+01 -7.300000000000000000e+01 6.250000000000000000e-02 -1.500000000000000000e+00 -2.937500000000000000e+00 1.125000000000000000e+00
-2.599999904632568359e-01 -1.000000014901161194e-01 9.329999923706054688e+00 3.475000000000000000e+01 -7.300000000000000000e+01 6.250000000000000000e-02 -1.250000000000000000e+00 -2.625000000000000000e+00 1.000000000000000000e+00
-1.800000071525573730e-01 -7.999999821186065674e-02 9.409999847412109375e+00 3.475000000000000000e+01 -7.300000000000000000e+01 6.250000000000000000e-02 -1.375000000000000000e+00 -2.437500000000000000e+00 8.750000000000000000e-01
-2.199999988079071045e-01 -1.099999994039535522e-01 9.430000305175781250e+00 3.437500000000000000e+01 -7.268750000000000000e+01 -5.625000000000000000e-01 -1.687500000000000000e+00 -1.875000000000000000e+00 6.875000000000000000e-01
-2.099999934434890747e-01 -5.999999865889549255e-02 9.479999542236328125e+00 3.437500000000000000e+01 -7.268750000000000000e+01 -5.625000000000000000e-01 -2.125000000000000000e+00 -1.687500000000000000e+00 5.625000000000000000e-01
-2.300000041723251343e-01 -1.000000014901161194e-01 9.420000076293945312e+00 3.437500000000000000e+01 -7.268750000000000000e+01 -5.625000000000000000e-01 -2.750000000000000000e+00 -1.437500000000000000e+00 2.500000000000000000e-01
-2.500000000000000000e-01 -7.999999821186065674e-02 9.500000000000000000e+00 3.437500000000000000e+01 -7.268750000000000000e+01 -5.625000000000000000e-01 -3.500000000000000000e+00 -1.062500000000000000e+00 1.875000000000000000e-01
-2.399999946355819702e-01 -1.000000014901161194e-01 9.470000267028808594e+00 3.437500000000000000e+01 -7.268750000000000000e+01 -5.625000000000000000e-01 -4.250000000000000000e+00 -8.750000000000000000e-01 6.250000000000000000e-02
-2.399999946355819702e-01 -1.299999952316284180e-01 9.420000076293945312e+00 3.400000000000000000e+01 -7.225000000000000000e+01 -1.875000000000000000e-01 -4.625000000000000000e+00 -5.625000000000000000e-01 -1.250000000000000000e-01
-2.599999904632568359e-01 -1.099999994039535522e-01 9.359999656677246094e+00 3.400000000000000000e+01 -7.225000000000000000e+01 -1.875000000000000000e-01 -4.500000000000000000e+00 -3.750000000000000000e-01 0.000000000000000000e+00
-2.500000000000000000e-01 -2.000000029802322388e-01 9.369999885559082031e+00 3.400000000000000000e+01 -7.225000000000000000e+01 -1.875000000000000000e-01 -3.812500000000000000e+00 6.250000000000000000e-02 0.000000000000000000e+00
