-9.000000357627868652e-02 -5.699999928474426270e-01 9.550000190734863281e+00 8.750000000000000000e+00 -6.618750000000000000e+01 -1.825000000000000000e+01 -4.250000000000000000e+00 -2.812500000000000000e+00 1.250000000000000000e+00
-9.000000357627868652e-02 -5.299999713897705078e-01 9.590000152587890625e+00 8.750000000000000000e+00 -6.618750000000000000e+01 -1.825000000000000000e+01 -5.687500000000000000e+00 -4.437500000000000000e+00 1.500000000000000000e+00
-1.000000014901161194e-01 -6.399999856948852539e-01 9.800000190734863281e+00 8.750000000000000000e+00 -6.618750000000000000e+01 -1.825000000000000000e+01 -7.187500000000000000e+00 -6.500000000000000000e+00 1.875000000000000000e+00
-1.999999955296516418e-02 -6.399999856948852539e-01 1.010999965667724609e+01 8.500000000000000000e+00 -6.506250000000000000e+01 -1.875000000000000000e+01 -1.025000000000000000e+01 -1.037500000000000000e+01 2.687500000000000000e+00
-7.000000029802322388e-02 -5.099999904632568359e-01 1.031999969482421875e+01 8.500000000000000000e+00 -6.506250000000000000e+01 -1.875000000000000000e+01 -1.406250000000000000e+01 -1.712500000000000000e+01 3.375000000000000000e+00
-1.099999994039535522e-01 9.999999776482582092e-03 1.053999996185302734e+01 8.500000000000000000e+00 -6.506250000000000000e+01 -1.875000000000000000e+01 -2.068750000000000000e+01 -2.750000000000000000e+01 4.500000000000000000e+00
-4.000000059604644775e-01 6.200000047683715820e-01 1.098999977111816406e+01 8.500000000000000000e+00 -6.506250000000000000e+01 -1.875000000000000000e+01 -2.881250000000000000e+01 -4.162500000000000000e+01 8.875000000000000000e+00
-4.900000095367431641e-01 1.099999994039535522e-01 1.085999965667724609e+01 8.500000000000000000e+00 -6.506250000000000000e+01 -1.875000000000000000e+01 -3.087500000000000000e+01 -5.862500000000000000e+01 1.612500000000000000e+01
-6.999999880790710449e-01 -3.300000131130218506e-01 1.105000019073486328e+01 8.062500000000000000e+00 -6.575000000000000000e+01 -1.906250000000000000e+01 -1.812500000000000000e+01 -7.512500000000000000e+01 2.275000000000000000e+01
-6.700000166893005371e-01 -8.500000238418579102e-01 1.176000022888183594e+01 8.062500000000000000e+00 -6.575000000000000000e+01 -1.906250000000000000e+01 8.500000000000000000e+00 -9.512500000000000000e+01 2.775000000000000000e+01
-9.300000071525573730e-01 -3.009999990463256836e+00 1.339999961853027344e+01 8.062500000000000000e+00 -6.575000000000000000e+01 -1.906250000000000000e+01 3.631250000000000000e+01 -1.220625000000000000e+02 2.850000000000000000e+01
-8.700000047683715820e-01 -3.460000038146972656e+00 1.364000034332275391e+01 8.062500000000000000e+00 -6.575000000000000000e+01 -1.906250000000000000e+01 5.575000000000000000e+01 -1.528125000000000000e+02 2.275000000000000000e+01
-1.259999990463256836e+00 -3.430000066757202148e+00 1.277999973297119141e+01 8.062500000000000000e+00 -6.575000000000000000e+01 -1.906250000000000000e+01 6.450000000000000000e+01 -1.811875000000000000e+02 1.162500000000000000e+01
-7.900000214576721191e-01 -2.819999933242797852e+00 1.157999992370605469e+01 6.250000000000000000e+00 -6.618750000000000000e+01 -2.025000000000000000e+01 6.381250000000000000e+01 -1.966875000000000000e+02 -1.687500000000000000e+00
2.500000000000000000e-01 -4.799999892711639404e-01 1.031000041961669922e+01 6.250000000000000000e+00 -6.618750000000000000e+01 -2.025000000000000000e+01 6.068750000000000000e+01 -2.033125000000000000e+02 -1.231250000000000000e+01
6.299999952316284180e-01 8.899999856948852539e-01 1.036999988555908203e+01 6.250000000000000000e+00 -6.618750000000000000e+01 -2.025000000000000000e+01 5.762500000000000000e+01 -2.010625000000000000e+02 -1.631250000000000000e+01
1.429999947547912598e+00 1.409999966621398926e+00 1.039000034332275391e+01 6.250000000000000000e+00 -6.618750000000000000e+01 -2.025000000000000000e+01 5.387500000000000000e+01 -1.985625000000000000e+02 -1.193750000000000000e+01
2.529999971389770508e+00 1.500000000000000000e+00 9.560000419616699219e+00 6.250000000000000000e+00 -6.618750000000000000e+01 -2.025000000000000000e+01 4.643750000000000000e+01 -1.960000000000000000e+02 -4.750000000000000000e+00
3.269999980926513672e+00 1.259999990463256836e+00 8.949999809265136719e+00 3.687500000000000000e+00 -7.100000000000000000e+01 -1.625000000000000000e+01 3.393750000000000000e+01 -1.922500000000000000e+02 2.000000000000000000e+00
3.660000085830688477e+00 1.539999961853027344e+00 8.079999923706054688e+00 3.687500000000000000e+00 -7.100000000000000000e+01 -1.625000000000000000e+01 1.968750000000000000e+01 -1.871875000000000000e+02 8.812500000000000000e+00
3.619999885559082031e+00 1.419999957084655762e+00 7.110000133514404297e+00 3.687500000000000000e+00 -7.100000000000000000e+01 -1.625000000000000000e+01 1.025000000000000000e+01 -1.788125000000000000e+02 1.675000000000000000e+01
4.170000076293945312e+00 1.029999971389770508e+00 5.820000171661376953e+00 3.687500000000000000e+00 -7.100000000000000000e+01 -1.625000000000000000e+01 1.250000000000000000e+00 -1.652500000000000000e+02 2.443750000000000000e+01
4.130000114440917969e+00 9.399999976158142090e-01 5.269999980926513672e+00 3.687500000000000000e+00 -7.100000000000000000e+01 -1.625000000000000000e+01 -8.687500000000000000e+00 -1.508125000000000000e+02 2.918750000000000000e+01
4.809999942779541016e+00 4.600000083446502686e-01 5.119999885559082031e+00 2.062500000000000000e+00 -7.868750000000000000e+01 -1.306250000000000000e+01 -1.906250000000000000e+01 -1.348750000000000000e+02 3.250000000000000000e+01
5.170000076293945312e+00 -9.000000357627868652e-02 4.719999790191650391e+00 2.062500000000000000e+00 -7.868750000000000000e+01 -1.306250000000000000e+01 -2.706250000000000000e+01 -1.175000000000000000e+02 3.387500000000000000e+01
5.199999809265136719e+00 -3.000000119209289551e-01 4.429999828338623047e+00 2.062500000000000000e+00 -7.868750000000000000e+01 -1.306250000000000000e+01 -3.050000000000000000e+01 -9.662500000000000000e+01 3.231250000000000000e+01
5.110000133514404297e+00 -3.899999856948852539e-01 4.599999904632568359e+00 2.062500000000000000e+00 -7.868750000000000000e+01 -1.306250000000000000e+01 -2.737500000000000000e+01 -7.893750000000000000e+01 2.962500000000000000e+01
5.010000228881835938e+00 -5.899999737739562988e-01 4.489999771118164062e+00 2.062500000000000000e+00 -7.868750000000000000e+01 -1.306250000000000000e+01 -2.231250000000000000e+01 -6.325000000000000000e+01 2.700000000000000000e+01
5.320000171661376953e+00 -1.320000052452087402e+00 4.309999942779541016e+00 6.250000000000000000e-02 -8.268750000000000000e+01 -1.637500000000000000e+01 -1.812500000000000000e+01 -4.518750000000000000e+01 2.525000000000000000e+01
5.170000076293945312e+00 -1.639999985694885254e+00 4.550000190734863281e+00 6.250000000000000000e-02 -8.268750000000000000e+01 -1.637500000000000000e+01 -1.781250000000000000e+01 -2.581250000000000000e+01 2.193750000000000000e+01
5.199999809265136719e+00 -1.710000038146972656e+00 5.090000152587890625e+00 6.250000000000000000e-02 -8.268750000000000000e+01 -1.637500000000000000e+01 -2.037500000000000000e+01 -8.375000000000000000e+00 1.775000000000000000e+01
5.230000019073486328e+00 -1.580000042915344238e+00 5.530000209808349609e+00 6.250000000000000000e-02 -8.268750000000000000e+01 -1.637500000000000000e+01 -2.212500000000000000e+01 5.437500000000000000e+00 1.337500000000000000e+01
5.099999904632568359e+00 -1.200000047683715820e+00 6.119999885559082031e+00 6.250000000000000000e-02 -8.268750000000000000e+01 -1.637500000000000000e+01 -1.975000000000000000e+01 1.681250000000000000e+01 9.687500000000000000e+00
4.989999771118164062e+00 -1.210000038146972656e+00 6.289999961853027344e+00 -3.375000000000000000e+00 -8.225000000000000000e+01 -2.000000000000000000e+01 -1.506250000000000000e+01 2.612500000000000000e+01 6.750000000000000000e+00
4.820000171661376953e+00 -1.179999947547912598e+00 6.440000057220458984e+00 -3.375000000000000000e+00 -8.225000000000000000e+01 -2.000000000000000000e+01 -1.068750000000000000e+01 3.437500000000000000e+01 4.437500000000000000e+00
4.750000000000000000e+00 -1.149999976158142090e+00 6.329999923706054688e+00 -3.375000000000000000e+00 -8.225000000000000000e+01 -2.000000000000000000e+01 -8.687500000000000000e+00 4.356250000000000000e+01 2.625000000000000000e+00
4.519999980926513672e+00 -1.169999957084655762e+00 5.980000019073486328e+00 -3.375000000000000000e+00 -8.225000000000000000e+01 -2.000000000000000000e+01 -6.750000000000000000e+00 5.687500000000000000e+01 6.250000000000000000e-02
4.469999790191650391e+00 -1.110000014305114746e+00 5.880000114440917969e+00 -3.375000000000000000e+00 -8.225000000000000000e+01 -2.000000000000000000e+01 -2.000000000000000000e+00 7.231250000000000000e+01 -3.375000000000000000e+00
4.260000228881835938e+00 -1.240000009536743164e+00 5.639999866485595703e+00 -4.000000000000000000e+00 -8.018750000000000000e+01 -1.950000000000000000e+01 4.625000000000000000e+00 8.931250000000000000e+01 -7.250000000000000000e+00
3.940000057220458984e+00 -1.659999966621398926e+00 5.190000057220458984e+00 -4.000000000000000000e+00 -8.018750000000000000e+01 -1.950000000000000000e+01 1.306250000000000000e+01 1.094375000000000000e+02 -1.225000000000000000e+01
3.750000000000000000e+00 -1.519999980926513672e+00 5.030000209808349609e+00 -4.000000000000000000e+00 -8.018750000000000000e+01 -1.950000000000000000e+01 2.193750000000000000e+01 1.325000000000000000e+02 -1.931250000000000000e+01
3.539999961853027344e+00 -1.080000042915344238e+00 5.139999866485595703e+00 -4.000000000000000000e+00 -8.018750000000000000e+01 -1.950000000000000000e+01 2.831250000000000000e+01 1.576875000000000000e+02 -2.562500000000000000e+01
3.250000000000000000e+00 -8.500000238418579102e-01 5.570000171661376953e+00 -4.000000000000000000e+00 -8.018750000000000000e+01 -1.950000000000000000e+01 2.800000000000000000e+01 1.810000000000000000e+02 -2.931250000000000000e+01
2.690000057220458984e+00 -4.099999964237213135e-01 7.070000171661376953e+00 -2.000000000000000000e+00 -7.718750000000000000e+01 -1.787500000000000000e+01 2.075000000000000000e+01 1.998125000000000000e+02 -3.037500000000000000e+01
2.720000028610229492e+00 -2.700000107288360596e-01 8.319999694824218750e+00 -2.000000000000000000e+00 -7.718750000000000000e+01 -1.787500000000000000e+01 7.187500000000000000e+00 2.139375000000000000e+02 -3.081250000000000000e+01
2.369999885559082031e+00 2.199999988079071045e-01 9.689999580383300781e+00 -2.000000000000000000e+00 -7.718750000000000000e+01 -1.787500000000000000e+01 -1.125000000000000000e+01 2.219375000000000000e+02 -3.150000000000000000e+01
1.629999995231628418e+00 1.120000004768371582e+00 1.192000007629394531e+01 -2.000000000000000000e+00 -7.718750000000000000e+01 -1.787500000000000000e+01 -2.756250000000000000e+01 2.232500000000000000e+02 -2.768750000000000000e+01
1.149999976158142090e+00 1.190000057220458984e+00 1.252999973297119141e+01 -2.000000000000000000e+00 -7.718750000000000000e+01 -1.787500000000000000e+01 -3.725000000000000000e+01 2.127500000000000000e+02 -2.037500000000000000e+01
8.999999761581420898e-01 6.200000047683715820e-01 1.252999973297119141e+01 1.687500000000000000e+00 -7.418750000000000000e+01 -1.575000000000000000e+01 -4.487500000000000000e+01 1.948125000000000000e+02 -1.275000000000000000e+01
5.899999737739562988e-01 -2.199999988079071045e-01 1.215999984741210938e+01 1.687500000000000000e+00 -7.418750000000000000e+01 -1.575000000000000000e+01 -4.693750000000000000e+01 1.765625000000000000e+02 -9.625000000000000000e+00
1.599999964237213135e-01 -1.340000033378601074e+00 1.177999973297119141e+01 1.687500000000000000e+00 -7.418750000000000000e+01 -1.575000000000000000e+01 -4.256250000000000000e+01 1.631875000000000000e+02 -1.150000000000000000e+01
1.400000005960464478e-01 -1.399999976158142090e+00 1.200000000000000000e+01 1.687500000000000000e+00 -7.418750000000000000e+01 -1.575000000000000000e+01 -3.356250000000000000e+01 1.526250000000000000e+02 -1.612500000000000000e+01
7.000000029802322388e-02 -1.220000028610229492e+00 1.247999954223632812e+01 1.687500000000000000e+00 -7.418750000000000000e+01 -1.575000000000000000e+01 -2.256250000000000000e+01 1.398125000000000000e+02 -1.993750000000000000e+01
-1.099999994039535522e-01 -7.900000214576721191e-01 1.352000045776367188e+01 5.375000000000000000e+00 -6.868750000000000000e+01 -1.950000000000000000e+01 -9.875000000000000000e+00 1.189375000000000000e+02 -1.987500000000000000e+01
-2.800000011920928955e-01 -1.039999961853027344e+00 1.125000000000000000e+01 5.375000000000000000e+00 -6.868750000000000000e+01 -1.950000000000000000e+01 -5.625000000000000000e-01 9.262500000000000000e+01 -1.700000000000000000e+01
-2.199999988079071045e-01 -1.110000014305114746e+00 1.032999992370605469e+01 5.375000000000000000e+00 -6.868750000000000000e+01 -1.950000000000000000e+01 9.437500000000000000e+00 7.656250000000000000e+01 -1.543750000000000000e+01
-4.499999880790710449e-01 -1.120000004768371582e+00 9.989999771118164062e+00 5.375000000000000000e+00 -6.868750000000000000e+01 -1.950000000000000000e+01 1.825000000000000000e+01 6.856250000000000000e+01 -1.512500000000000000e+01
-7.799999713897705078e-01 -9.300000071525573730e-01 9.890000343322753906e+00 5.375000000000000000e+00 -6.868750000000000000e+01 -1.950000000000000000e+01 2.450000000000000000e+01 5.950000000000000000e+01 -1.450000000000000000e+01
-5.600000023841857910e-01 -6.000000238418579102e-01 9.819999694824218750e+00 8.687500000000000000e+00 -6.675000000000000000e+01 -2.018750000000000000e+01 2.812500000000000000e+01 4.918750000000000000e+01 -1.231250000000000000e+01
-1.099999994039535522e-01 -3.899999856948852539e-01 9.630000114440917969e+00 8.687500000000000000e+00 -6.675000000000000000e+01 -2.018750000000000000e+01 2.956250000000000000e+01 4.006250000000000000e+01 -1.100000000000000000e+01
-1.899999976158142090e-01 -4.099999964237213135e-01 9.380000114440917969e+00 8.687500000000000000e+00 -6.675000000000000000e+01 -2.018750000000000000e+01 2.812500000000000000e+01 3.581250000000000000e+01 -8.000000000000000000e+00
-4.000000059604644775e-01 -3.899999856948852539e-01 9.560000419616699219e+00 8.687500000000000000e+00 -6.675000000000000000e+01 -2.018750000000000000e+01 2.593750000000000000e+01 3.293750000000000000e+01 -5.375000000000000000e+00
-4.600000083446502686e-01 -3.000000119209289551e-01 9.520000457763671875e+00 8.687500000000000000e+00 -6.675000000000000000e+01 -2.018750000000000000e+01 2.362500000000000000e+01 2.912500000000000000e+01 -3.937500000000000000e+00
-5.799999833106994629e-01 -2.500000000000000000e-01 9.489999771118164062e+00 9.375000000000000000e+00 -6.606250000000000000e+01 -1.950000000000000000e+01 2.056250000000000000e+01 2.543750000000000000e+01 -3.000000000000000000e+00
-6.000000238418579102e-01 -2.199999988079071045e-01 9.529999732971191406e+00 9.375000000000000000e+00 -6.606250000000000000e+01 -1.950000000000000000e+01 1.712500000000000000e+01 2.256250000000000000e+01 -1.562500000000000000e+00
-8.199999928474426270e-01 -2.700000107288360596e-01 9.550000190734863281e+00 9.375000000000000000e+00 -6.606250000000000000e+01 -1.950000000000000000e+01 1.343750000000000000e+01 2.006250000000000000e+01 -5.000000000000000000e-01
-9.200000166893005371e-01 -2.199999988079071045e-01 9.609999656677246094e+00 9.375000000000000000e+00 -6.606250000000000000e+01 -1.950000000000000000e+01 1.137500000000000000e+01 1.712500000000000000e+01 1.250000000000000000e-01
-8.700000047683715820e-01 -1.500000059604644775e-01 9.529999732971191406e+00 9.375000000000000000e+00 -6.606250000000000000e+01 -1.950000000000000000e+01 9.500000000000000000e+00 1.343750000000000000e+01 1.875000000000000000e-01
-7.900000214576721191e-01 -1.899999976158142090e-01 9.500000000000000000e+00 1.037500000000000000e+01 -6.606250000000000000e+01 -1.775000000000000000e+01 6.312500000000000000e+00 1.031250000000000000e+01 4.375000000000000000e-01
-7.799999713897705078e-01 -1.800000071525573730e-01 9.460000038146972656e+00 1.037500000000000000e+01 -6.606250000000000000e+01 -1.775000000000000000e+01 3.687500000000000000e+00 7.437500000000000000e+00 2.500000000000000000e-01
-8.299999833106994629e-01 -1.000000014901161194e-01 9.500000000000000000e+00 1.037500000000000000e+01 -6.606250000000000000e+01 -1.775000000000000000e+01 1.562500000000000000e+00 4.312500000000000000e+00 -1.875000000000000000e-01
-7.900000214576721191e-01 -2.999999932944774628e-02 9.550000190734863281e+00 1.037500000000000000e+01 -6.606250000000000000e+01 -1.775000000000000000e+01 -6.250000000000000000e-01 1.500000000000000000e+00 -1.250000000000000000e-01
-6.700000166893005371e-01 -1.099999994039535522e-01 9.409999847412109375e+00 1.037500000000000000e+01 -6.606250000000000000e+01 -1.775000000000000000e+01 -4.000000000000000000e+00 -1.250000000000000000e+00 2.500000000000000000e-01
-5.500000119209289551e-01 -2.000000029802322388e-01 9.369999885559082031e+00 9.687500000000000000e+00 -6.606250000000000000e+01 -1.725000000000000000e+01 -6.562500000000000000e+00 -2.562500000000000000e+00 3.125000000000000000e-01
-5.799999833106994629e-01 -2.300000041723251343e-01 9.470000267028808594e+00 9.687500000000000000e+00 -6.606250000000000000e+01 -1.725000000000000000e+01 -8.000000000000000000e+00 -3.625000000000000000e+00 5.000000000000000000e-01
-6.299999952316284180e-01 -2.300000041723251343e-01 9.430000305175781250e+00 9.687500000000000000e+00 -6.606250000000000000e+01 -1.725000000000000000e+01 -8.437500000000000000e+00 -4.687500000000000000e+00 6.250000000000000000e-01
-6.200000047683715820e-01 -3.499999940395355225e-01 9.350000381469726562e+00 9.687500000000000000e+00 -6.606250000000000000e+01 -1.725000000000000000e+01 -8.312500000000000000e+00 -5.562500000000000000e+00 5.000000000000000000e-01
-6.499999761581420898e-01 -3.799999952316284180e-01 9.369999885559082031e+00 9.687500000000000000e+00 -6.606250000000000000e+01 -1.725000000000000000e+01 -7.250000000000000000e+00 -6.312500000000000000e+00 5.000000000000000000e-01
-6.200000047683715820e-01 -3.400000035762786865e-01 9.390000343322753906e+00 1.006250000000000000e+01 -6.568750000000000000e+01 -1.725000000000000000e+01 -6.000000000000000000e+00 -6.875000000000000000e+00 4.375000000000000000e-01
-6.000000238418579102e-01 -3.300000131130218506e-01 9.369999885559082031e+00 1.006250000000000000e+01 -6.568750000000000000e+01 -1.725000000000000000e+01 -5.000000000000000000e+00 -7.250000000000000000e+00 3.750000000000000000e-01
-5.899999737739562988e-01 -3.000000119209289551e-01 9.310000419616699219e+00 1.006250000000000000e+01 -6.568750000000000000e+01 -1.725000000000000000e+01 -4.187500000000000000e+00 -7.375000000000000000e+00 5.625000000000000000e-01
-5.600000023841857910e-01 -3.400000035762786865e-01 9.359999656677246094e+00 1.006250000000000000e+01 -6.568750000000000000e+01 -1.725000000000000000e+01 -3.562500000000000000e+00 -7.312500000000000000e+00 7.500000000000000000e-01
-5.000000000000000000e-01 -4.099999964237213135e-01 9.409999847412109375e+00 1.006250000000000000e+01 -6.568750000000000000e+01 -1.725000000000000000e+01 -2.937500000000000000e+00 -6.687500000000000000e+00 8.750000000000000000e-01
-4.000000059604644775e-01 -4.300000071525573730e-01 9.409999847412109375e+00 9.250000000000000000e+00 -6.606250000000000000e+01 -1.725000000000000000e+01 -2.187500000000000000e+00 -5.625000000000000000e+00 9.375000000000000000e-01
-3.300000131130218506e-01 -4.399999976158142090e-01 9.439999580383300781e+00 9.250000000000000000e+00 -6.606250000000000000e+01 -1.725000000000000000e+01 -1.750000000000000000e+00 -4.437500000000000000e+00 8.125000000000000000e-01
-2.899999916553497314e-01 -4.699999988079071045e-01 9.439999580383300781e+00 9.250000000000000000e+00 -6.606250000000000000e+01 -1.725000000000000000e+01 -1.812500000000000000e+00 -3.250000000000000000e+00 1.062500000000000000e+00
-3.199999928474426270e-01 -5.099999904632568359e-01 9.399999618530273438e+00 9.250000000000000000e+00 -6.606250000000000000e+01 -1.725000000000000000e+01 -2.250000000000000000e+00 -2.375000000000000000e+00 8.750000000000000000e-01
-3.000000119209289551e-01 -5.500000119209289551e-01 9.310000419616699219e+00 9.250000000000000000e+00 -6.606250000000000000e+01 -1.725000000000000000e+01 -2.687500000000000000e+00 -2.000000000000000000e+00 8.125000000000000000e-01
-3.000000119209289551e-01 -5.299999713897705078e-01 9.369999885559082031e+00 1.006250000000000000e+01 -6.606250000000000000e+01 -1.768750000000000000e+01 -3.000000000000000000e+00 -1.687500000000000000e+00 1.062500000000000000e+00
-3.300000131130218506e-01 -5.699999928474426270e-01 9.460000038146972656e+00 1.006250000000000000e+01 -6.606250000000000000e+01 -1.768750000000000000e+01 -3.187500000000000000e+00 -1.250000000000000000e+00 1.125000000000000000e+00
-3.700000047683715820e-01 -6.499999761581420898e-01 9.430000305175781250e+00 1.006250000000000000e+01 -6.606250000000000000e+01 -1.768750000000000000e+01 -3.000000000000000000e+00 -1.000000000000000000e+00 1.062500000000000000e+00
-4.000000059604644775e-01 -6.600000262260437012e-01 9.470000267028808594e+00 1.006250000000000000e+01 -6.606250000000000000e+01 -1.768750000000000000e+01 -2.500000000000000000e+00 -1.437500000000000000e+00 8.750000000000000000e-01
-4.399999976158142090e-01 -6.299999952316284180e-01 9.420000076293945312e+00 1.006250000000000000e+01 -6.606250000000000000e+01 -1.768750000000000000e+01 -2.062500000000000000e+00 -1.937500000000000000e+00 5.000000000000000000e-01
-4.399999976158142090e-01 -5.099999904632568359e-01 9.359999656677246094e+00 8.875000000000000000e+00 -6.568750000000000000e+01 -1.875000000000000000e+01 -2.187500000000000000e+00 -2.562500000000000000e+00 3.125000000000000000e-01
-4.499999880790710449e-01 -6.100000143051147461e-01 9.479999542236328125e+00 8.875000000000000000e+00 -6.568750000000000000e+01 -1.875000000000000000e+01 -2.312500000000000000e+00 -2.937500000000000000e+00 3.750000000000000000e-01
-4.199999868869781494e-01 -6.100000143051147461e-01 9.539999961853027344e+00 8.875000000000000000e+00 -6.568750000000000000e+01 -1.875000000000000000e+01 -2.125000000000000000e+00 -3.250000000000000000e+00 1.250000000000000000e-01
-4.000000059604644775e-01 -6.000000238418579102e-01 9.529999732971191406e+00 8.875000000000000000e+00 -6.568750000000000000e+01 -1.875000000000000000e+01 -2.312500000000000000e+00 -3.875000000000000000e+00 -6.250000000000000000e-02
-4.799999892711639404e-01 -5.600000023841857910e-01 9.449999809265136719e+00 8.875000000000000000e+00 -6.568750000000000000e+01 -1.875000000000000000e+01 -2.437500000000000000e+00 -4.625000000000000000e+00 -3.750000000000000000e-01
-4.900000095367431641e-01 -3.899999856948852539e-01 9.260000228881835938e+00 1.006250000000000000e+01 -6.650000000000000000e+01 -1.800000000000000000e+01 -2.187500000000000000e+00 -5.500000000000000000e+00 -8.125000000000000000e-01
-4.399999976158142090e-01 -3.499999940395355225e-01 9.300000190734863281e+00 1.006250000000000000e+01 -6.650000000000000000e+01 -1.800000000000000000e+01 -2.375000000000000000e+00 -6.062500000000000000e+00 -5.625000000000000000e-01
