-2.700000107288360596e-01 -8.700000047683715820e-01 9.460000038146972656e+00 8.500000000000000000e+00 -6.500000000000000000e+01 -2.225000000000000000e+01 1.750000000000000000e+00 -1.875000000000000000e+00 4.375000000000000000e-01
-3.100000023841857910e-01 -1.019999980926513672e+00 9.649999618530273438e+00 8.500000000000000000e+00 -6.500000000000000000e+01 -2.268750000000000000e+01 3.750000000000000000e+00 -3.437500000000000000e+00 5.000000000000000000e-01
-2.899999916553497314e-01 -1.080000042915344238e+00 9.880000114440917969e+00 8.500000000000000000e+00 -6.500000000000000000e+01 -2.268750000000000000e+01 6.062500000000000000e+00 -6.000000000000000000e+00 4.375000000000000000e-01
-3.000000119209289551e-01 -9.100000262260437012e-01 9.869999885559082031e+00 8.500000000000000000e+00 -6.500000000000000000e+01 -2.268750000000000000e+01 8.562500000000000000e+00 -1.006250000000000000e+01 6.250000000000000000e-02
-2.399999946355819702e-01 -8.999999761581420898e-01 9.829999923706054688e+00 8.500000000000000000e+00 -6.500000000000000000e+01 -2.268750000000000000e+01 1.031250000000000000e+01 -1.537500000000000000e+01 -1.250000000000000000e-01
-3.400000035762786865e-01 -6.999999880790710449e-01 9.789999961853027344e+00 8.500000000000000000e+00 -6.500000000000000000e+01 -2.268750000000000000e+01 1.106250000000000000e+01 -2.256250000000000000e+01 -5.000000000000000000e-01
-3.300000131130218506e-01 -7.400000095367431641e-01 9.939999580383300781e+00 8.500000000000000000e+00 -6.456250000000000000e+01 -2.150000000000000000e+01 1.093750000000000000e+01 -3.037500000000000000e+01 6.250000000000000000e-02
-4.000000059604644775e-01 -7.300000190734863281e-01 1.022999954223632812e+01 8.500000000000000000e+00 -6.456250000000000000e+01 -2.150000000000000000e+01 8.687500000000000000e+00 -4.043750000000000000e+01 -2.500000000000000000e-01
-6.800000071525573730e-01 -6.499999761581420898e-01 1.063000011444091797e+01 8.500000000000000000e+00 -6.456250000000000000e+01 -2.150000000000000000e+01 7.562500000000000000e+00 -5.231250000000000000e+01 1.875000000000000000e-01
-5.000000000000000000e-01 -5.000000000000000000e-01 1.122999954223632812e+01 8.500000000000000000e+00 -6.456250000000000000e+01 -2.150000000000000000e+01 1.062500000000000000e+01 -6.568750000000000000e+01 3.000000000000000000e+00
-4.300000071525573730e-01 -6.399999856948852539e-01 1.198999977111816406e+01 8.500000000000000000e+00 -6.456250000000000000e+01 -2.150000000000000000e+01 1.443750000000000000e+01 -8.406250000000000000e+01 6.812500000000000000e+00
-4.000000059604644775e-01 -1.259999990463256836e+00 1.284000015258789062e+01 8.500000000000000000e+00 -6.456250000000000000e+01 -1.906250000000000000e+01 1.737500000000000000e+01 -1.078125000000000000e+02 7.875000000000000000e+00
-3.400000035762786865e-01 -1.299999952316284180e+00 1.277000045776367188e+01 8.500000000000000000e+00 -6.456250000000000000e+01 -1.906250000000000000e+01 1.906250000000000000e+01 -1.345625000000000000e+02 5.250000000000000000e+00
-2.000000029802322388e-01 -8.299999833106994629e-01 1.222000026702880859e+01 8.500000000000000000e+00 -6.456250000000000000e+01 -1.906250000000000000e+01 1.543750000000000000e+01 -1.601875000000000000e+02 3.250000000000000000e+00
5.999999865889549255e-02 -6.000000238418579102e-01 1.131000041961669922e+01 8.500000000000000000e+00 -6.456250000000000000e+01 -1.906250000000000000e+01 1.025000000000000000e+01 -1.785000000000000000e+02 5.500000000000000000e+00
5.999999865889549255e-02 -1.199999973177909851e-01 1.009000015258789062e+01 8.500000000000000000e+00 -6.456250000000000000e+01 -1.906250000000000000e+01 7.062500000000000000e+00 -1.845000000000000000e+02 6.875000000000000000e+00
2.399999946355819702e-01 1.999999955296516418e-02 9.810000419616699219e+00 7.062500000000000000e+00 -6.675000000000000000e+01 -1.906250000000000000e+01 5.812500000000000000e+00 -1.838750000000000000e+02 6.687500000000000000e+00
6.700000166893005371e-01 3.100000023841857910e-01 9.850000381469726562e+00 7.062500000000000000e+00 -6.675000000000000000e+01 -1.906250000000000000e+01 8.687500000000000000e+00 -1.771875000000000000e+02 6.375000000000000000e+00
1.470000028610229492e+00 6.700000166893005371e-01 1.013000011444091797e+01 7.062500000000000000e+00 -6.675000000000000000e+01 -1.906250000000000000e+01 9.125000000000000000e+00 -1.668125000000000000e+02 8.187500000000000000e+00
2.859999895095825195e+00 7.500000000000000000e-01 1.002000045776367188e+01 7.062500000000000000e+00 -6.675000000000000000e+01 -1.906250000000000000e+01 7.437500000000000000e+00 -1.603750000000000000e+02 1.237500000000000000e+01
3.299999952316284180e+00 6.399999856948852539e-01 9.569999694824218750e+00 7.062500000000000000e+00 -6.675000000000000000e+01 -1.906250000000000000e+01 3.062500000000000000e+00 -1.545000000000000000e+02 1.687500000000000000e+01
3.509999990463256836e+00 5.299999713897705078e-01 8.960000038146972656e+00 4.375000000000000000e+00 -7.125000000000000000e+01 -1.906250000000000000e+01 -2.312500000000000000e+00 -1.482500000000000000e+02 2.156250000000000000e+01
3.759999990463256836e+00 5.000000074505805969e-02 7.460000038146972656e+00 4.375000000000000000e+00 -7.125000000000000000e+01 -1.906250000000000000e+01 -5.562500000000000000e+00 -1.407500000000000000e+02 2.543750000000000000e+01
3.759999990463256836e+00 -2.700000107288360596e-01 6.929999828338623047e+00 4.375000000000000000e+00 -7.125000000000000000e+01 -1.906250000000000000e+01 -4.562500000000000000e+00 -1.320625000000000000e+02 2.706250000000000000e+01
4.079999923706054688e+00 -6.600000262260437012e-01 7.179999828338623047e+00 4.375000000000000000e+00 -7.125000000000000000e+01 -1.906250000000000000e+01 1.562500000000000000e+00 -1.212500000000000000e+02 2.668750000000000000e+01
4.400000095367431641e+00 -7.900000214576721191e-01 7.619999885559082031e+00 4.375000000000000000e+00 -7.125000000000000000e+01 -1.906250000000000000e+01 3.812500000000000000e+00 -1.138125000000000000e+02 2.556250000000000000e+01
4.420000076293945312e+00 -1.200000047683715820e+00 6.900000095367431641e+00 3.750000000000000000e-01 -7.525000000000000000e+01 -1.856250000000000000e+01 1.500000000000000000e+00 -1.123125000000000000e+02 2.112500000000000000e+01
4.179999828338623047e+00 -1.240000009536743164e+00 6.329999923706054688e+00 3.750000000000000000e-01 -7.525000000000000000e+01 -1.856250000000000000e+01 -8.750000000000000000e-01 -1.089375000000000000e+02 1.806250000000000000e+01
4.300000190734863281e+00 -1.269999980926513672e+00 5.809999942779541016e+00 3.750000000000000000e-01 -7.525000000000000000e+01 -1.856250000000000000e+01 -4.625000000000000000e+00 -9.756250000000000000e+01 1.756250000000000000e+01
4.380000114440917969e+00 -1.429999947547912598e+00 5.530000209808349609e+00 3.750000000000000000e-01 -7.525000000000000000e+01 -1.856250000000000000e+01 -5.812500000000000000e+00 -8.425000000000000000e+01 1.450000000000000000e+01
4.510000228881835938e+00 -1.429999947547912598e+00 5.920000076293945312e+00 3.750000000000000000e-01 -7.525000000000000000e+01 -1.856250000000000000e+01 -5.625000000000000000e+00 -7.175000000000000000e+01 1.081250000000000000e+01
4.630000114440917969e+00 -1.299999952316284180e+00 6.289999961853027344e+00 -3.375000000000000000e+00 -7.825000000000000000e+01 -2.187500000000000000e+01 -7.937500000000000000e+00 -6.025000000000000000e+01 8.187500000000000000e+00
4.710000038146972656e+00 -1.090000033378601074e+00 6.360000133514404297e+00 -3.375000000000000000e+00 -7.825000000000000000e+01 -2.187500000000000000e+01 -1.375000000000000000e+01 -5.068750000000000000e+01 8.312500000000000000e+00
4.769999980926513672e+00 -8.000000119209289551e-01 6.389999866485595703e+00 -3.375000000000000000e+00 -7.825000000000000000e+01 -2.187500000000000000e+01 -1.931250000000000000e+01 -4.293750000000000000e+01 9.375000000000000000e+00
4.730000019073486328e+00 -9.700000286102294922e-01 6.360000133514404297e+00 -3.375000000000000000e+00 -7.825000000000000000e+01 -2.187500000000000000e+01 -1.918750000000000000e+01 -3.618750000000000000e+01 9.875000000000000000e+00
4.750000000000000000e+00 -1.129999995231628418e+00 6.420000076293945312e+00 -3.375000000000000000e+00 -7.825000000000000000e+01 -2.187500000000000000e+01 -1.300000000000000000e+01 -2.956250000000000000e+01 8.437500000000000000e+00
4.809999942779541016e+00 -1.210000038146972656e+00 6.559999942779541016e+00 -5.062500000000000000e+00 -7.825000000000000000e+01 -2.375000000000000000e+01 -5.500000000000000000e+00 -2.337500000000000000e+01 5.312500000000000000e+00
4.769999980926513672e+00 -1.379999995231628418e+00 6.739999771118164062e+00 -5.062500000000000000e+00 -7.825000000000000000e+01 -2.375000000000000000e+01 6.250000000000000000e-02 -1.800000000000000000e+01 2.250000000000000000e+00
4.760000228881835938e+00 -1.259999990463256836e+00 6.619999885559082031e+00 -5.062500000000000000e+00 -7.825000000000000000e+01 -2.375000000000000000e+01 2.000000000000000000e+00 -1.200000000000000000e+01 5.625000000000000000e-01
4.679999828338623047e+00 -1.169999957084655762e+00 6.389999866485595703e+00 -5.062500000000000000e+00 -7.825000000000000000e+01 -2.375000000000000000e+01 1.375000000000000000e+00 -5.187500000000000000e+00 2.500000000000000000e-01
4.579999923706054688e+00 -1.120000004768371582e+00 6.099999904632568359e+00 -5.062500000000000000e+00 -7.825000000000000000e+01 -2.375000000000000000e+01 1.000000000000000000e+00 3.187500000000000000e+00 6.250000000000000000e-01
4.460000038146972656e+00 -1.240000009536743164e+00 5.869999885559082031e+00 -7.062500000000000000e+00 -7.750000000000000000e+01 -2.418750000000000000e+01 2.062500000000000000e+00 1.331250000000000000e+01 3.125000000000000000e-01
4.530000209808349609e+00 -1.330000042915344238e+00 5.670000076293945312e+00 -7.062500000000000000e+00 -7.750000000000000000e+01 -2.418750000000000000e+01 3.875000000000000000e+00 2.381250000000000000e+01 -1.312500000000000000e+00
4.500000000000000000e+00 -1.379999995231628418e+00 5.409999847412109375e+00 -7.062500000000000000e+00 -7.750000000000000000e+01 -2.418750000000000000e+01 5.750000000000000000e+00 3.468750000000000000e+01 -4.312500000000000000e+00
4.079999923706054688e+00 -1.230000019073486328e+00 4.610000133514404297e+00 -7.062500000000000000e+00 -7.750000000000000000e+01 -2.418750000000000000e+01 9.187500000000000000e+00 4.768750000000000000e+01 -7.937500000000000000e+00
3.930000066757202148e+00 -1.029999971389770508e+00 4.059999942779541016e+00 -7.062500000000000000e+00 -7.750000000000000000e+01 -2.418750000000000000e+01 1.412500000000000000e+01 6.300000000000000000e+01 -1.187500000000000000e+01
3.549999952316284180e+00 -9.900000095367431641e-01 3.170000076293945312e+00 -7.000000000000000000e+00 -7.825000000000000000e+01 -2.300000000000000000e+01 2.018750000000000000e+01 8.256250000000000000e+01 -1.456250000000000000e+01
3.089999914169311523e+00 -1.320000052452087402e+00 1.980000019073486328e+00 -7.000000000000000000e+00 -7.825000000000000000e+01 -2.300000000000000000e+01 2.743750000000000000e+01 1.100000000000000000e+02 -1.787500000000000000e+01
2.150000095367431641e+00 -2.069999933242797852e+00 -1.700000017881393433e-01 -7.000000000000000000e+00 -7.825000000000000000e+01 -2.300000000000000000e+01 3.643750000000000000e+01 1.465625000000000000e+02 -2.475000000000000000e+01
1.769999980926513672e+00 -2.220000028610229492e+00 -6.299999952316284180e-01 -7.000000000000000000e+00 -7.825000000000000000e+01 -2.300000000000000000e+01 4.331250000000000000e+01 1.904375000000000000e+02 -3.431250000000000000e+01
4.050000190734863281e+00 -1.820000052452087402e+00 1.419999957084655762e+00 -7.000000000000000000e+00 -7.825000000000000000e+01 -2.300000000000000000e+01 3.312500000000000000e+01 2.468750000000000000e+02 -4.237500000000000000e+01
4.260000228881835938e+00 -1.580000042915344238e+00 4.219999790191650391e+00 -4.250000000000000000e+00 -7.787500000000000000e+01 -2.175000000000000000e+01 -7.875000000000000000e+00 2.996250000000000000e+02 -4.781250000000000000e+01
9.100000262260437012e-01 2.079999923706054688e+00 1.032999992370605469e+01 -4.250000000000000000e+00 -7.787500000000000000e+01 -2.175000000000000000e+01 -5.181250000000000000e+01 3.360625000000000000e+02 -4.643750000000000000e+01
1.169999957084655762e+00 3.869999885559082031e+00 1.559000015258789062e+01 -4.250000000000000000e+00 -7.787500000000000000e+01 -2.175000000000000000e+01 -7.293750000000000000e+01 3.496250000000000000e+02 -2.737500000000000000e+01
1.230000019073486328e+00 2.980000019073486328e+00 2.179999923706054688e+01 -4.250000000000000000e+00 -7.787500000000000000e+01 -2.175000000000000000e+01 -7.231250000000000000e+01 3.138750000000000000e+02 -5.250000000000000000e+00
1.129999995231628418e+00 -1.999999955296516418e-02 2.598999977111816406e+01 -4.250000000000000000e+00 -7.787500000000000000e+01 -2.175000000000000000e+01 -5.968750000000000000e+01 2.335625000000000000e+02 8.562500000000000000e+00
1.490000009536743164e+00 -1.779999971389770508e+00 2.001000022888183594e+01 3.500000000000000000e+00 -7.237500000000000000e+01 -1.850000000000000000e+01 -4.043750000000000000e+01 1.393125000000000000e+02 1.075000000000000000e+01
1.110000014305114746e+00 -2.549999952316284180e+00 1.293000030517578125e+01 3.500000000000000000e+00 -7.237500000000000000e+01 -1.850000000000000000e+01 -1.737500000000000000e+01 8.275000000000000000e+01 2.062500000000000000e+00
6.600000262260437012e-01 -2.660000085830688477e+00 7.860000133514404297e+00 3.500000000000000000e+00 -7.237500000000000000e+01 -1.850000000000000000e+01 -2.375000000000000000e+00 7.675000000000000000e+01 -6.437500000000000000e+00
-4.699999988079071045e-01 -1.830000042915344238e+00 7.010000228881835938e+00 3.500000000000000000e+00 -7.237500000000000000e+01 -1.850000000000000000e+01 3.687500000000000000e+00 9.637500000000000000e+01 -1.231250000000000000e+01
-5.400000214576721191e-01 -1.090000033378601074e+00 9.710000038146972656e+00 3.500000000000000000e+00 -7.237500000000000000e+01 -1.850000000000000000e+01 2.375000000000000000e+00 1.081250000000000000e+02 -1.375000000000000000e+01
-4.099999964237213135e-01 -7.400000095367431641e-01 1.111999988555908203e+01 6.750000000000000000e+00 -6.456250000000000000e+01 -2.175000000000000000e+01 1.187500000000000000e+00 9.987500000000000000e+01 -1.012500000000000000e+01
-4.000000059604644775e-01 -7.599999904632568359e-01 1.177000045776367188e+01 6.750000000000000000e+00 -6.456250000000000000e+01 -2.175000000000000000e+01 6.000000000000000000e+00 8.362500000000000000e+01 -7.062500000000000000e+00
-5.199999809265136719e-01 -1.190000057220458984e+00 1.085999965667724609e+01 6.750000000000000000e+00 -6.456250000000000000e+01 -2.175000000000000000e+01 1.481250000000000000e+01 6.637500000000000000e+01 -5.375000000000000000e+00
-6.999999880790710449e-01 -1.360000014305114746e+00 9.979999542236328125e+00 6.750000000000000000e+00 -6.456250000000000000e+01 -2.175000000000000000e+01 2.293750000000000000e+01 5.268750000000000000e+01 -5.500000000000000000e+00
-8.999999761581420898e-01 -1.379999995231628418e+00 9.510000228881835938e+00 6.750000000000000000e+00 -6.456250000000000000e+01 -2.175000000000000000e+01 2.881250000000000000e+01 4.350000000000000000e+01 -6.000000000000000000e+00
-1.070000052452087402e+00 -1.070000052452087402e+00 9.329999923706054688e+00 7.250000000000000000e+00 -6.418750000000000000e+01 -2.306250000000000000e+01 3.125000000000000000e+01 3.606250000000000000e+01 -6.250000000000000000e+00
-1.169999957084655762e+00 -8.899999856948852539e-01 9.409999847412109375e+00 7.250000000000000000e+00 -6.418750000000000000e+01 -2.306250000000000000e+01 3.068750000000000000e+01 2.937500000000000000e+01 -4.250000000000000000e+00
-8.700000047683715820e-01 -6.700000166893005371e-01 9.579999923706054688e+00 7.250000000000000000e+00 -6.418750000000000000e+01 -2.306250000000000000e+01 2.931250000000000000e+01 2.325000000000000000e+01 -2.750000000000000000e+00
-9.200000166893005371e-01 -5.600000023841857910e-01 9.649999618530273438e+00 7.250000000000000000e+00 -6.418750000000000000e+01 -2.306250000000000000e+01 2.800000000000000000e+01 1.718750000000000000e+01 -3.312500000000000000e+00
-8.700000047683715820e-01 -3.700000047683715820e-01 9.659999847412109375e+00 7.250000000000000000e+00 -6.418750000000000000e+01 -2.306250000000000000e+01 2.525000000000000000e+01 1.181250000000000000e+01 -2.687500000000000000e+00
-8.399999737739562988e-01 -2.700000107288360596e-01 9.520000457763671875e+00 8.687500000000000000e+00 -6.500000000000000000e+01 -2.018750000000000000e+01 2.087500000000000000e+01 7.062500000000000000e+00 -2.875000000000000000e+00
-8.500000238418579102e-01 -1.899999976158142090e-01 9.439999580383300781e+00 8.687500000000000000e+00 -6.500000000000000000e+01 -2.018750000000000000e+01 1.625000000000000000e+01 3.250000000000000000e+00 -3.125000000000000000e+00
-7.699999809265136719e-01 -1.500000059604644775e-01 9.520000457763671875e+00 8.687500000000000000e+00 -6.500000000000000000e+01 -2.018750000000000000e+01 1.118750000000000000e+01 5.625000000000000000e-01 -2.687500000000000000e+00
-6.600000262260437012e-01 -7.999999821186065674e-02 9.500000000000000000e+00 8.687500000000000000e+00 -6.500000000000000000e+01 -2.018750000000000000e+01 5.687500000000000000e+00 -1.562500000000000000e+00 -2.437500000000000000e+00
-6.200000047683715820e-01 -1.999999955296516418e-02 9.439999580383300781e+00 8.687500000000000000e+00 -6.500000000000000000e+01 -2.018750000000000000e+01 5.000000000000000000e-01 -3.687500000000000000e+00 -2.000000000000000000e+00
-5.600000023841857910e-01 -3.999999910593032837e-02 9.460000038146972656e+00 8.250000000000000000e+00 -6.500000000000000000e+01 -1.937500000000000000e+01 -4.500000000000000000e+00 -5.437500000000000000e+00 -1.437500000000000000e+00
-5.400000214576721191e-01 -1.400000005960464478e-01 9.319999694824218750e+00 8.250000000000000000e+00 -6.500000000000000000e+01 -1.937500000000000000e+01 -9.062500000000000000e+00 -6.687500000000000000e+00 -7.500000000000000000e-01
-4.900000095367431641e-01 -1.400000005960464478e-01 9.300000190734863281e+00 8.250000000000000000e+00 -6.500000000000000000e+01 -1.937500000000000000e+01 -1.181250000000000000e+01 -8.125000000000000000e+00 -3.750000000000000000e-01
-4.000000059604644775e-01 -2.099999934434890747e-01 9.449999809265136719e+00 8.250000000000000000e+00 -6.500000000000000000e+01 -1.937500000000000000e+01 -1.231250000000000000e+01 -8.750000000000000000e+00 -1.875000000000000000e-01
-3.499999940395355225e-01 -3.100000023841857910e-01 9.520000457763671875e+00 8.250000000000000000e+00 -6.500000000000000000e+01 -1.937500000000000000e+01 -1.225000000000000000e+01 -9.250000000000000000e+00 1.875000000000000000e-01
-3.899999856948852539e-01 -5.099999904632568359e-01 9.430000305175781250e+00 9.062500000000000000e+00 -6.650000000000000000e+01 -2.037500000000000000e+01 -1.143750000000000000e+01 -9.375000000000000000e+00 3.125000000000000000e-01
-3.899999856948852539e-01 -4.499999880790710449e-01 9.220000267028808594e+00 9.062500000000000000e+00 -6.650000000000000000e+01 -2.037500000000000000e+01 -9.750000000000000000e+00 -9.562500000000000000e+00 2.500000000000000000e-01
-3.100000023841857910e-01 -4.399999976158142090e-01 9.149999618530273438e+00 9.062500000000000000e+00 -6.650000000000000000e+01 -2.037500000000000000e+01 -8.125000000000000000e+00 -9.250000000000000000e+00 4.375000000000000000e-01
-2.099999934434890747e-01 -5.699999928474426270e-01 9.449999809265136719e+00 9.062500000000000000e+00 -6.650000000000000000e+01 -2.037500000000000000e+01 -6.312500000000000000e+00 -7.500000000000000000e+00 8.750000000000000000e-01
-1.299999952316284180e-01 -6.299999952316284180e-01 9.560000419616699219e+00 9.062500000000000000e+00 -6.650000000000000000e+01 -2.037500000000000000e+01 -5.062500000000000000e+00 -5.625000000000000000e+00 1.000000000000000000e+00
-1.099999994039535522e-01 -6.800000071525573730e-01 9.550000190734863281e+00 9.750000000000000000e+00 -6.500000000000000000e+01 -1.837500000000000000e+01 -4.250000000000000000e+00 -4.875000000000000000e+00 1.187500000000000000e+00
-1.099999994039535522e-01 -6.600000262260437012e-01 9.409999847412109375e+00 9.750000000000000000e+00 -6.500000000000000000e+01 -1.837500000000000000e+01 -3.375000000000000000e+00 -4.187500000000000000e+00 1.062500000000000000e+00
-1.500000059604644775e-01 -5.500000119209289551e-01 9.180000305175781250e+00 9.750000000000000000e+00 -6.500000000000000000e+01 -1.837500000000000000e+01 -3.312500000000000000e+00 -3.625000000000000000e+00 1.125000000000000000e+00
-1.500000059604644775e-01 -6.399999856948852539e-01 9.239999771118164062e+00 9.750000000000000000e+00 -6.500000000000000000e+01 -1.837500000000000000e+01 -4.187500000000000000e+00 -2.687500000000000000e+00 1.375000000000000000e+00
-1.800000071525573730e-01 -6.999999880790710449e-01 9.430000305175781250e+00 9.750000000000000000e+00 -6.500000000000000000e+01 -1.837500000000000000e+01 -4.375000000000000000e+00 -1.812500000000000000e+00 1.500000000000000000e+00
-1.599999964237213135e-01 -7.400000095367431641e-01 9.529999732971191406e+00 8.687500000000000000e+00 -6.568750000000000000e+01 -2.006250000000000000e+01 -4.062500000000000000e+00 -1.687500000000000000e+00 1.500000000000000000e+00
-2.199999988079071045e-01 -8.000000119209289551e-01 9.500000000000000000e+00 8.687500000000000000e+00 -6.568750000000000000e+01 -2.006250000000000000e+01 -4.625000000000000000e+00 -1.937500000000000000e+00 1.187500000000000000e+00
-2.399999946355819702e-01 -8.299999833106994629e-01 9.369999885559082031e+00 8.687500000000000000e+00 -6.568750000000000000e+01 -2.006250000000000000e+01 -4.875000000000000000e+00 -2.437500000000000000e+00 1.125000000000000000e+00
-2.000000029802322388e-01 -8.899999856948852539e-01 9.310000419616699219e+00 8.687500000000000000e+00 -6.568750000000000000e+01 -2.006250000000000000e+01 -4.250000000000000000e+00 -2.562500000000000000e+00 5.625000000000000000e-01
-2.800000011920928955e-01 -7.500000000000000000e-01 9.300000190734863281e+00 8.687500000000000000e+00 -6.568750000000000000e+01 -2.006250000000000000e+01 -4.312500000000000000e+00 -3.500000000000000000e+00 2.500000000000000000e-01
-2.700000107288360596e-01 -7.900000214576721191e-01 9.439999580383300781e+00 8.250000000000000000e+00 -6.525000000000000000e+01 -2.037500000000000000e+01 -5.250000000000000000e+00 -3.562500000000000000e+00 0.000000000000000000e+00
-2.899999916553497314e-01 -9.100000262260437012e-01 9.579999923706054688e+00 8.250000000000000000e+00 -6.525000000000000000e+01 -2.037500000000000000e+01 -5.687500000000000000e+00 -3.687500000000000000e+00 -1.250000000000000000e-01
-2.700000107288360596e-01 -9.300000071525573730e-01 9.619999885559082031e+00 8.250000000000000000e+00 -6.525000000000000000e+01 -2.037500000000000000e+01 -5.812500000000000000e+00 -4.187500000000000000e+00 -5.000000000000000000e-01
-2.199999988079071045e-01 -8.299999833106994629e-01 9.380000114440917969e+00 8.250000000000000000e+00 -6.525000000000000000e+01 -2.037500000000000000e+01 -5.875000000000000000e+00 -4.937500000000000000e+00 -9.375000000000000000e-01
