6.239999771118164062e+00 -7.200000286102294922e-01 7.460000038146972656e+00 -5.100000000000000000e+01 1.900000000000000000e+01 -2.656250000000000000e+01 3.125000000000000000e-01 1.250000000000000000e-01 -1.875000000000000000e-01
6.239999771118164062e+00 -7.099999785423278809e-01 7.469999790191650391e+00 -5.100000000000000000e+01 1.900000000000000000e+01 -2.656250000000000000e+01 3.125000000000000000e-01 3.750000000000000000e-01 -2.500000000000000000e-01
6.239999771118164062e+00 -6.800000071525573730e-01 7.480000019073486328e+00 -5.100000000000000000e+01 1.900000000000000000e+01 -2.656250000000000000e+01 6.250000000000000000e-01 3.750000000000000000e-01 -3.750000000000000000e-01
6.230000019073486328e+00 -6.700000166893005371e-01 7.469999790191650391e+00 -5.100000000000000000e+01 1.900000000000000000e+01 -2.656250000000000000e+01 5.625000000000000000e-01 2.500000000000000000e-01 -2.500000000000000000e-01
6.260000228881835938e+00 -6.700000166893005371e-01 7.510000228881835938e+00 -5.100000000000000000e+01 1.900000000000000000e+01 -2.656250000000000000e+01 5.625000000000000000e-01 2.500000000000000000e-01 -4.375000000000000000e-01
6.239999771118164062e+00 -6.499999761581420898e-01 7.500000000000000000e+00 -5.100000000000000000e+01 1.818750000000000000e+01 -2.656250000000000000e+01 3.750000000000000000e-01 2.500000000000000000e-01 -3.125000000000000000e-01
6.260000228881835938e+00 -6.899999976158142090e-01 7.480000019073486328e+00 -5.100000000000000000e+01 1.818750000000000000e+01 -2.656250000000000000e+01 2.500000000000000000e-01 2.500000000000000000e-01 -1.250000000000000000e-01
6.250000000000000000e+00 -6.800000071525573730e-01 7.489999771118164062e+00 -5.100000000000000000e+01 1.818750000000000000e+01 -2.656250000000000000e+01 2.500000000000000000e-01 1.875000000000000000e-01 -1.875000000000000000e-01
6.239999771118164062e+00 -6.399999856948852539e-01 7.489999771118164062e+00 -5.100000000000000000e+01 1.818750000000000000e+01 -2.656250000000000000e+01 2.500000000000000000e-01 2.500000000000000000e-01 -1.250000000000000000e-01
6.250000000000000000e+00 -6.600000262260437012e-01 7.489999771118164062e+00 -5.100000000000000000e+01 1.818750000000000000e+01 -2.656250000000000000e+01 1.875000000000000000e-01 3.125000000000000000e-01 0.000000000000000000e+00
6.239999771118164062e+00 -6.600000262260437012e-01 7.480000019073486328e+00 -5.206250000000000000e+01 1.856250000000000000e+01 -2.700000000000000000e+01 1.250000000000000000e-01 1.875000000000000000e-01 0.000000000000000000e+00
6.239999771118164062e+00 -6.499999761581420898e-01 7.500000000000000000e+00 -5.206250000000000000e+01 1.856250000000000000e+01 -2.700000000000000000e+01 6.250000000000000000e-02 0.000000000000000000e+00 1.875000000000000000e-01
6.250000000000000000e+00 -6.800000071525573730e-01 7.489999771118164062e+00 -5.206250000000000000e+01 1.856250000000000000e+01 -2.700000000000000000e+01 -1.250000000000000000e-01 -6.250000000000000000e-02 1.250000000000000000e-01
6.239999771118164062e+00 -6.899999976158142090e-01 7.469999790191650391e+00 -5.206250000000000000e+01 1.856250000000000000e+01 -2.700000000000000000e+01 -2.500000000000000000e-01 -1.875000000000000000e-01 3.125000000000000000e-01
6.250000000000000000e+00 -6.800000071525573730e-01 7.480000019073486328e+00 -5.206250000000000000e+01 1.856250000000000000e+01 -2.700000000000000000e+01 -1.875000000000000000e-01 0.000000000000000000e+00 1.875000000000000000e-01
6.239999771118164062e+00 -6.700000166893005371e-01 7.510000228881835938e+00 -5.100000000000000000e+01 1.787500000000000000e+01 -2.656250000000000000e+01 -3.125000000000000000e-01 -1.875000000000000000e-01 2.500000000000000000e-01
6.230000019073486328e+00 -6.299999952316284180e-01 7.530000209808349609e+00 -5.100000000000000000e+01 1.787500000000000000e+01 -2.656250000000000000e+01 -4.375000000000000000e-01 -3.125000000000000000e-01 3.125000000000000000e-01
6.239999771118164062e+00 -6.399999856948852539e-01 7.480000019073486328e+00 -5.100000000000000000e+01 1.787500000000000000e+01 -2.656250000000000000e+01 -4.375000000000000000e-01 -5.625000000000000000e-01 4.375000000000000000e-01
6.230000019073486328e+00 -6.700000166893005371e-01 7.489999771118164062e+00 -5.100000000000000000e+01 1.787500000000000000e+01 -2.656250000000000000e+01 -5.625000000000000000e-01 -6.875000000000000000e-01 6.250000000000000000e-01
6.230000019073486328e+00 -6.700000166893005371e-01 7.519999980926513672e+00 -5.100000000000000000e+01 1.787500000000000000e+01 -2.656250000000000000e+01 -6.875000000000000000e-01 -8.750000000000000000e-01 7.500000000000000000e-01
6.210000038146972656e+00 -6.700000166893005371e-01 7.519999980926513672e+00 -5.168750000000000000e+01 1.818750000000000000e+01 -2.575000000000000000e+01 -8.750000000000000000e-01 -1.000000000000000000e+00 8.125000000000000000e-01
6.199999809265136719e+00 -6.000000238418579102e-01 7.579999923706054688e+00 -5.168750000000000000e+01 1.818750000000000000e+01 -2.575000000000000000e+01 -8.750000000000000000e-01 -1.125000000000000000e+00 1.000000000000000000e+00
6.199999809265136719e+00 -6.299999952316284180e-01 7.539999961853027344e+00 -5.168750000000000000e+01 1.818750000000000000e+01 -2.575000000000000000e+01 -1.312500000000000000e+00 -1.625000000000000000e+00 1.187500000000000000e+00
6.070000171661376953e+00 -7.099999785423278809e-01 7.639999866485595703e+00 -5.168750000000000000e+01 1.818750000000000000e+01 -2.575000000000000000e+01 -1.500000000000000000e+00 -2.000000000000000000e+00 1.250000000000000000e+00
5.940000057220458984e+00 -5.400000214576721191e-01 7.719999790191650391e+00 -5.168750000000000000e+01 1.818750000000000000e+01 -2.575000000000000000e+01 -1.687500000000000000e+00 -2.687500000000000000e+00 1.437500000000000000e+00
6.010000228881835938e+00 -3.400000035762786865e-01 7.789999961853027344e+00 -5.206250000000000000e+01 1.818750000000000000e+01 -2.656250000000000000e+01 -1.937500000000000000e+00 -4.000000000000000000e+00 1.437500000000000000e+00
6.070000171661376953e+00 -2.599999904632568359e-01 7.800000190734863281e+00 -5.206250000000000000e+01 1.818750000000000000e+01 -2.656250000000000000e+01 -3.000000000000000000e+00 -5.625000000000000000e+00 2.062500000000000000e+00
6.039999961853027344e+00 -4.099999964237213135e-01 7.860000133514404297e+00 -5.206250000000000000e+01 1.818750000000000000e+01 -2.656250000000000000e+01 -4.000000000000000000e+00 -7.875000000000000000e+00 3.250000000000000000e+00
6.090000152587890625e+00 -5.799999833106994629e-01 8.020000457763671875e+00 -5.206250000000000000e+01 1.818750000000000000e+01 -2.656250000000000000e+01 -4.687500000000000000e+00 -1.075000000000000000e+01 4.312500000000000000e+00
6.690000057220458984e+00 -1.940000057220458984e+00 7.380000114440917969e+00 -5.206250000000000000e+01 1.818750000000000000e+01 -2.656250000000000000e+01 -5.437500000000000000e+00 -1.387500000000000000e+01 4.875000000000000000e+00
6.869999885559082031e+00 -2.339999914169311523e+00 6.840000152587890625e+00 -5.087500000000000000e+01 1.818750000000000000e+01 -2.537500000000000000e+01 -4.125000000000000000e+00 -1.587500000000000000e+01 3.812500000000000000e+00
6.239999771118164062e+00 -1.389999985694885254e+00 7.659999847412109375e+00 -5.087500000000000000e+01 1.818750000000000000e+01 -2.537500000000000000e+01 1.812500000000000000e+00 -1.718750000000000000e+01 1.562500000000000000e+00
5.780000209808349609e+00 -1.870000004768371582e+00 8.739999771118164062e+00 -5.087500000000000000e+01 1.818750000000000000e+01 -2.537500000000000000e+01 7.187500000000000000e+00 -1.993750000000000000e+01 -2.187500000000000000e+00
5.219999790191650391e+00 -3.750000000000000000e+00 9.909999847412109375e+00 -5.087500000000000000e+01 1.818750000000000000e+01 -2.537500000000000000e+01 1.100000000000000000e+01 -2.612500000000000000e+01 -6.125000000000000000e+00
5.519999980926513672e+00 -2.509999990463256836e+00 1.035000038146972656e+01 -5.087500000000000000e+01 1.818750000000000000e+01 -2.537500000000000000e+01 1.781250000000000000e+01 -3.281250000000000000e+01 -1.300000000000000000e+01
6.039999961853027344e+00 -2.529999971389770508e+00 1.064999961853027344e+01 -5.118750000000000000e+01 1.856250000000000000e+01 -2.537500000000000000e+01 1.756250000000000000e+01 -3.768750000000000000e+01 -1.956250000000000000e+01
6.610000133514404297e+00 -3.190000057220458984e+00 1.043000030517578125e+01 -5.118750000000000000e+01 1.856250000000000000e+01 -2.537500000000000000e+01 1.800000000000000000e+01 -3.287500000000000000e+01 -1.918750000000000000e+01
8.840000152587890625e+00 -2.720000028610229492e+00 1.146000003814697266e+01 -5.118750000000000000e+01 1.856250000000000000e+01 -2.537500000000000000e+01 2.000000000000000000e+01 -1.387500000000000000e+01 -1.556250000000000000e+01
9.750000000000000000e+00 -9.800000190734863281e-01 1.147000026702880859e+01 -5.118750000000000000e+01 1.856250000000000000e+01 -2.537500000000000000e+01 1.293750000000000000e+01 1.006250000000000000e+01 -9.562500000000000000e+00
7.369999885559082031e+00 -6.499999761581420898e-01 1.147999954223632812e+01 -5.118750000000000000e+01 1.856250000000000000e+01 -2.537500000000000000e+01 -2.812500000000000000e+00 3.743750000000000000e+01 2.687500000000000000e+00
2.019999980926513672e+00 -1.059999942779541016e+00 1.105000019073486328e+01 -5.237500000000000000e+01 1.706250000000000000e+01 -2.418750000000000000e+01 -1.768750000000000000e+01 6.143750000000000000e+01 1.250000000000000000e+01
2.999999932944774628e-02 -1.299999952316284180e+00 1.064000034332275391e+01 -5.237500000000000000e+01 1.706250000000000000e+01 -2.418750000000000000e+01 -2.893750000000000000e+01 6.987500000000000000e+01 1.462500000000000000e+01
-1.559999942779541016e+00 -1.340000033378601074e+00 1.103999996185302734e+01 -5.237500000000000000e+01 1.706250000000000000e+01 -2.418750000000000000e+01 -3.512500000000000000e+01 6.981250000000000000e+01 5.562500000000000000e+00
-1.519999980926513672e+00 -1.039999961853027344e+00 1.113000011444091797e+01 -5.237500000000000000e+01 1.706250000000000000e+01 -2.418750000000000000e+01 -3.831250000000000000e+01 6.031250000000000000e+01 -1.000000000000000000e+01
-7.500000000000000000e-01 -8.799999952316284180e-01 1.118000030517578125e+01 -5.237500000000000000e+01 1.706250000000000000e+01 -2.418750000000000000e+01 -4.231250000000000000e+01 5.087500000000000000e+01 -2.581250000000000000e+01
-6.999999880790710449e-01 -1.399999976158142090e+00 1.107999992370605469e+01 -5.156250000000000000e+01 1.706250000000000000e+01 -2.625000000000000000e+01 -4.793750000000000000e+01 4.550000000000000000e+01 -3.800000000000000000e+01
-6.200000047683715820e-01 -2.150000095367431641e+00 1.067000007629394531e+01 -5.156250000000000000e+01 1.706250000000000000e+01 -2.625000000000000000e+01 -5.268750000000000000e+01 4.018750000000000000e+01 -4.650000000000000000e+01
-8.500000238418579102e-01 -2.529999971389770508e+00 1.018000030517578125e+01 -5.156250000000000000e+01 1.706250000000000000e+01 -2.625000000000000000e+01 -5.325000000000000000e+01 3.525000000000000000e+01 -5.312500000000000000e+01
-1.730000019073486328e+00 -2.410000085830688477e+00 9.500000000000000000e+00 -5.156250000000000000e+01 1.706250000000000000e+01 -2.625000000000000000e+01 -5.100000000000000000e+01 2.575000000000000000e+01 -5.500000000000000000e+01
-1.820000052452087402e+00 -2.309999942779541016e+00 9.380000114440917969e+00 -5.156250000000000000e+01 1.706250000000000000e+01 -2.625000000000000000e+01 -4.831250000000000000e+01 1.081250000000000000e+01 -5.343750000000000000e+01
-1.559999942779541016e+00 -1.990000009536743164e+00 9.029999732971191406e+00 -4.937500000000000000e+01 1.750000000000000000e+01 -2.750000000000000000e+01 -4.750000000000000000e+01 -7.437500000000000000e+00 -4.787500000000000000e+01
-1.400000005960464478e-01 -1.669999957084655762e+00 8.510000228881835938e+00 -4.937500000000000000e+01 1.750000000000000000e+01 -2.750000000000000000e+01 -4.850000000000000000e+01 -2.625000000000000000e+01 -3.956250000000000000e+01
4.499999880790710449e-01 -2.019999980926513672e+00 8.319999694824218750e+00 -4.937500000000000000e+01 1.750000000000000000e+01 -2.750000000000000000e+01 -5.018750000000000000e+01 -4.287500000000000000e+01 -2.962500000000000000e+01
1.190000057220458984e+00 -1.950000047683715820e+00 8.069999694824218750e+00 -4.937500000000000000e+01 1.750000000000000000e+01 -2.750000000000000000e+01 -5.000000000000000000e+01 -5.875000000000000000e+01 -1.950000000000000000e+01
1.970000028610229492e+00 -1.899999976158142090e+00 7.929999828338623047e+00 -4.937500000000000000e+01 1.750000000000000000e+01 -2.750000000000000000e+01 -4.700000000000000000e+01 -7.337500000000000000e+01 -9.250000000000000000e+00
3.170000076293945312e+00 -2.230000019073486328e+00 7.710000038146972656e+00 -5.006250000000000000e+01 1.668750000000000000e+01 -2.668750000000000000e+01 -4.256250000000000000e+01 -8.625000000000000000e+01 8.750000000000000000e-01
4.090000152587890625e+00 -2.170000076293945312e+00 7.239999771118164062e+00 -5.006250000000000000e+01 1.668750000000000000e+01 -2.668750000000000000e+01 -3.600000000000000000e+01 -9.693750000000000000e+01 9.125000000000000000e+00
4.719999790191650391e+00 -1.820000052452087402e+00 7.030000209808349609e+00 -5.006250000000000000e+01 1.668750000000000000e+01 -2.668750000000000000e+01 -2.762500000000000000e+01 -1.035000000000000000e+02 1.375000000000000000e+01
5.199999809265136719e+00 -1.330000042915344238e+00 7.079999923706054688e+00 -5.006250000000000000e+01 1.668750000000000000e+01 -2.668750000000000000e+01 -2.143750000000000000e+01 -1.069375000000000000e+02 1.862500000000000000e+01
6.429999828338623047e+00 -4.900000095367431641e-01 6.920000076293945312e+00 -5.006250000000000000e+01 1.668750000000000000e+01 -2.668750000000000000e+01 -1.843750000000000000e+01 -1.095000000000000000e+02 2.506250000000000000e+01
7.420000076293945312e+00 -6.100000143051147461e-01 6.860000133514404297e+00 -5.156250000000000000e+01 1.900000000000000000e+01 -2.218750000000000000e+01 -1.750000000000000000e+01 -1.111875000000000000e+02 3.318750000000000000e+01
8.649999618530273438e+00 -8.700000047683715820e-01 6.489999771118164062e+00 -5.156250000000000000e+01 1.900000000000000000e+01 -2.218750000000000000e+01 -1.587500000000000000e+01 -1.098125000000000000e+02 4.037500000000000000e+01
1.173999977111816406e+01 -2.019999980926513672e+00 6.099999904632568359e+00 -5.156250000000000000e+01 1.900000000000000000e+01 -2.218750000000000000e+01 -1.112500000000000000e+01 -1.008125000000000000e+02 4.750000000000000000e+01
1.375000000000000000e+01 -2.740000009536743164e+00 5.500000000000000000e+00 -5.156250000000000000e+01 1.900000000000000000e+01 -2.218750000000000000e+01 -1.875000000000000000e+00 -8.287500000000000000e+01 5.337500000000000000e+01
1.528999996185302734e+01 -3.420000076293945312e+00 4.920000076293945312e+00 -5.156250000000000000e+01 1.900000000000000000e+01 -2.218750000000000000e+01 1.487500000000000000e+01 -5.493750000000000000e+01 5.825000000000000000e+01
1.605999946594238281e+01 -3.799999952316284180e+00 4.539999961853027344e+00 -5.087500000000000000e+01 1.937500000000000000e+01 -1.725000000000000000e+01 3.850000000000000000e+01 -1.662500000000000000e+01 6.081250000000000000e+01
1.686000061035156250e+01 -3.369999885559082031e+00 3.569999933242797852e+00 -5.087500000000000000e+01 1.937500000000000000e+01 -1.725000000000000000e+01 6.625000000000000000e+01 2.637500000000000000e+01 6.206250000000000000e+01
1.652000045776367188e+01 -2.549999952316284180e+00 3.220000028610229492e+00 -5.087500000000000000e+01 1.937500000000000000e+01 -1.725000000000000000e+01 9.387500000000000000e+01 7.062500000000000000e+01 5.987500000000000000e+01
1.593999958038330078e+01 -1.279999971389770508e+00 3.309999942779541016e+00 -5.087500000000000000e+01 1.937500000000000000e+01 -1.725000000000000000e+01 1.155000000000000000e+02 1.130000000000000000e+02 5.512500000000000000e+01
1.527999973297119141e+01 1.500000059604644775e-01 3.079999923706054688e+00 -5.087500000000000000e+01 1.937500000000000000e+01 -1.725000000000000000e+01 1.271250000000000000e+02 1.446875000000000000e+02 4.843750000000000000e+01
1.377999973297119141e+01 2.670000076293945312e+00 3.259999990463256836e+00 -4.968750000000000000e+01 2.118750000000000000e+01 -1.718750000000000000e+01 1.254375000000000000e+02 1.662500000000000000e+02 4.018750000000000000e+01
1.301000022888183594e+01 3.670000076293945312e+00 3.440000057220458984e+00 -4.968750000000000000e+01 2.118750000000000000e+01 -1.718750000000000000e+01 1.100000000000000000e+02 1.748750000000000000e+02 3.106250000000000000e+01
1.252999973297119141e+01 4.420000076293945312e+00 3.630000114440917969e+00 -4.968750000000000000e+01 2.118750000000000000e+01 -1.718750000000000000e+01 8.387500000000000000e+01 1.702500000000000000e+02 2.218750000000000000e+01
1.200000000000000000e+01 4.510000228881835938e+00 3.450000047683715820e+00 -4.968750000000000000e+01 2.118750000000000000e+01 -1.718750000000000000e+01 5.000000000000000000e+01 1.555625000000000000e+02 1.487500000000000000e+01
1.182999992370605469e+01 4.019999980926513672e+00 3.119999885559082031e+00 -4.968750000000000000e+01 2.118750000000000000e+01 -1.718750000000000000e+01 1.487500000000000000e+01 1.355000000000000000e+02 7.500000000000000000e+00
1.189000034332275391e+01 3.029999971389770508e+00 2.819999933242797852e+00 -4.675000000000000000e+01 2.225000000000000000e+01 -2.287500000000000000e+01 -1.550000000000000000e+01 1.146250000000000000e+02 -2.500000000000000000e-01
1.185000038146972656e+01 2.259999990463256836e+00 2.500000000000000000e+00 -4.675000000000000000e+01 2.225000000000000000e+01 -2.287500000000000000e+01 -3.756250000000000000e+01 9.400000000000000000e+01 -9.250000000000000000e+00
1.181000041961669922e+01 9.399999976158142090e-01 2.240000009536743164e+00 -4.675000000000000000e+01 2.225000000000000000e+01 -2.287500000000000000e+01 -4.831250000000000000e+01 7.400000000000000000e+01 -1.825000000000000000e+01
1.185000038146972656e+01 3.600000143051147461e-01 2.109999895095825195e+00 -4.675000000000000000e+01 2.225000000000000000e+01 -2.287500000000000000e+01 -5.012500000000000000e+01 5.475000000000000000e+01 -2.412500000000000000e+01
1.156999969482421875e+01 -2.500000000000000000e-01 2.259999990463256836e+00 -4.675000000000000000e+01 2.225000000000000000e+01 -2.287500000000000000e+01 -4.412500000000000000e+01 3.806250000000000000e+01 -2.593750000000000000e+01
1.136999988555908203e+01 -6.800000071525573730e-01 2.450000047683715820e+00 -4.337500000000000000e+01 2.225000000000000000e+01 -2.900000000000000000e+01 -3.218750000000000000e+01 2.200000000000000000e+01 -2.518750000000000000e+01
1.128999996185302734e+01 -9.700000286102294922e-01 3.019999980926513672e+00 -4.337500000000000000e+01 2.225000000000000000e+01 -2.900000000000000000e+01 -1.650000000000000000e+01 6.250000000000000000e+00 -2.243750000000000000e+01
1.134000015258789062e+01 -8.299999833106994629e-01 3.230000019073486328e+00 -4.337500000000000000e+01 2.225000000000000000e+01 -2.900000000000000000e+01 -6.875000000000000000e-01 -7.812500000000000000e+00 -1.825000000000000000e+01
1.152000045776367188e+01 -5.099999904632568359e-01 3.490000009536743164e+00 -4.337500000000000000e+01 2.225000000000000000e+01 -2.900000000000000000e+01 1.362500000000000000e+01 -1.918750000000000000e+01 -1.356250000000000000e+01
1.156000041961669922e+01 4.699999988079071045e-01 3.829999923706054688e+00 -4.337500000000000000e+01 2.225000000000000000e+01 -2.900000000000000000e+01 2.393750000000000000e+01 -2.650000000000000000e+01 -7.937500000000000000e+00
1.127000045776367188e+01 7.500000000000000000e-01 4.099999904632568359e+00 -4.237500000000000000e+01 2.150000000000000000e+01 -2.737500000000000000e+01 2.943750000000000000e+01 -2.868750000000000000e+01 -2.125000000000000000e+00
1.089999961853027344e+01 1.230000019073486328e+00 4.269999980926513672e+00 -4.237500000000000000e+01 2.150000000000000000e+01 -2.737500000000000000e+01 3.156250000000000000e+01 -2.781250000000000000e+01 1.750000000000000000e+00
1.035000038146972656e+01 1.720000028610229492e+00 4.539999961853027344e+00 -4.237500000000000000e+01 2.150000000000000000e+01 -2.737500000000000000e+01 3.068750000000000000e+01 -2.500000000000000000e+01 3.437500000000000000e+00
9.770000457763671875e+00 1.750000000000000000e+00 4.489999771118164062e+00 -4.237500000000000000e+01 2.150000000000000000e+01 -2.737500000000000000e+01 2.656250000000000000e+01 -2.262500000000000000e+01 4.000000000000000000e+00
9.140000343322753906e+00 1.360000014305114746e+00 4.369999885559082031e+00 -4.237500000000000000e+01 2.150000000000000000e+01 -2.737500000000000000e+01 2.256250000000000000e+01 -1.975000000000000000e+01 1.750000000000000000e+00
8.479999542236328125e+00 1.340000033378601074e+00 4.380000114440917969e+00 -4.306250000000000000e+01 2.187500000000000000e+01 -2.818750000000000000e+01 2.075000000000000000e+01 -1.675000000000000000e+01 -3.687500000000000000e+00
7.989999771118164062e+00 1.440000057220458984e+00 4.329999923706054688e+00 -4.306250000000000000e+01 2.187500000000000000e+01 -2.818750000000000000e+01 2.025000000000000000e+01 -1.500000000000000000e+01 -9.750000000000000000e+00
7.260000228881835938e+00 8.199999928474426270e-01 4.030000209808349609e+00 -4.306250000000000000e+01 2.187500000000000000e+01 -2.818750000000000000e+01 2.006250000000000000e+01 -1.443750000000000000e+01 -1.437500000000000000e+01
7.130000114440917969e+00 7.599999904632568359e-01 3.980000019073486328e+00 -4.306250000000000000e+01 2.187500000000000000e+01 -2.818750000000000000e+01 2.100000000000000000e+01 -1.537500000000000000e+01 -1.837500000000000000e+01
7.159999847412109375e+00 7.900000214576721191e-01 3.809999942779541016e+00 -4.306250000000000000e+01 2.187500000000000000e+01 -2.818750000000000000e+01 2.318750000000000000e+01 -1.662500000000000000e+01 -2.143750000000000000e+01
5.739999771118164062e+00 -5.799999833106994629e-01 4.070000171661376953e+00 -4.418750000000000000e+01 2.075000000000000000e+01 -2.700000000000000000e+01 2.487500000000000000e+01 -1.687500000000000000e+01 -2.237500000000000000e+01
4.489999771118164062e+00 -8.799999952316284180e-01 4.269999980926513672e+00 -4.418750000000000000e+01 2.075000000000000000e+01 -2.700000000000000000e+01 2.731250000000000000e+01 -1.825000000000000000e+01 -2.543750000000000000e+01
3.900000095367431641e+00 -7.200000286102294922e-01 4.480000019073486328e+00 -4.418750000000000000e+01 2.075000000000000000e+01 -2.700000000000000000e+01 3.162500000000000000e+01 -2.400000000000000000e+01 -3.068750000000000000e+01
3.569999933242797852e+00 -3.600000143051147461e-01 4.630000114440917969e+00 -4.418750000000000000e+01 2.075000000000000000e+01 -2.700000000000000000e+01 3.193750000000000000e+01 -3.356250000000000000e+01 -3.312500000000000000e+01
3.109999895095825195e+00 -9.999999776482582092e-03 5.510000228881835938e+00 -4.418750000000000000e+01 2.075000000000000000e+01 -2.700000000000000000e+01 2.800000000000000000e+01 -4.581250000000000000e+01 -3.118750000000000000e+01
