5.639999866485595703e+00 -2.700000047683715820e+00 7.570000171661376953e+00 -4.175000000000000000e+01 3.306250000000000000e+01 -2.525000000000000000e+01 -6.250000000000000000e-02 0.000000000000000000e+00 6.250000000000000000e-02
5.659999847412109375e+00 -2.660000085830688477e+00 7.539999961853027344e+00 -4.175000000000000000e+01 3.306250000000000000e+01 -2.525000000000000000e+01 6.250000000000000000e-02 -1.875000000000000000e-01 0.000000000000000000e+00
5.639999866485595703e+00 -2.690000057220458984e+00 7.559999942779541016e+00 -4.175000000000000000e+01 3.306250000000000000e+01 -2.525000000000000000e+01 -6.250000000000000000e-02 6.250000000000000000e-02 6.250000000000000000e-02
5.679999828338623047e+00 -2.690000057220458984e+00 7.519999980926513672e+00 -4.175000000000000000e+01 3.306250000000000000e+01 -2.525000000000000000e+01 1.875000000000000000e-01 -6.250000000000000000e-02 0.000000000000000000e+00
5.650000095367431641e+00 -2.660000085830688477e+00 7.539999961853027344e+00 -4.175000000000000000e+01 3.306250000000000000e+01 -2.525000000000000000e+01 0.000000000000000000e+00 0.000000000000000000e+00 -1.875000000000000000e-01
5.650000095367431641e+00 -2.690000057220458984e+00 7.550000190734863281e+00 -4.137500000000000000e+01 3.350000000000000000e+01 -2.525000000000000000e+01 6.250000000000000000e-02 6.250000000000000000e-02 0.000000000000000000e+00
5.659999847412109375e+00 -2.670000076293945312e+00 7.550000190734863281e+00 -4.137500000000000000e+01 3.350000000000000000e+01 -2.525000000000000000e+01 0.000000000000000000e+00 6.250000000000000000e-02 -1.875000000000000000e-01
5.650000095367431641e+00 -2.690000057220458984e+00 7.590000152587890625e+00 -4.137500000000000000e+01 3.350000000000000000e+01 -2.525000000000000000e+01 1.250000000000000000e-01 0.000000000000000000e+00 -6.250000000000000000e-02
5.630000114440917969e+00 -2.690000057220458984e+00 7.519999980926513672e+00 -4.137500000000000000e+01 3.350000000000000000e+01 -2.525000000000000000e+01 1.250000000000000000e-01 0.000000000000000000e+00 -1.250000000000000000e-01
5.659999847412109375e+00 -2.690000057220458984e+00 7.550000190734863281e+00 -4.137500000000000000e+01 3.350000000000000000e+01 -2.525000000000000000e+01 6.250000000000000000e-02 1.250000000000000000e-01 -1.875000000000000000e-01
5.630000114440917969e+00 -2.690000057220458984e+00 7.570000171661376953e+00 -4.175000000000000000e+01 3.306250000000000000e+01 -2.575000000000000000e+01 2.500000000000000000e-01 6.250000000000000000e-02 -1.250000000000000000e-01
5.650000095367431641e+00 -2.670000076293945312e+00 7.550000190734863281e+00 -4.175000000000000000e+01 3.306250000000000000e+01 -2.575000000000000000e+01 1.250000000000000000e-01 0.000000000000000000e+00 -1.250000000000000000e-01
5.449999809265136719e+00 -2.609999895095825195e+00 7.619999885559082031e+00 -4.175000000000000000e+01 3.306250000000000000e+01 -2.575000000000000000e+01 4.375000000000000000e-01 -1.000000000000000000e+00 6.250000000000000000e-02
5.800000190734863281e+00 -2.279999971389770508e+00 7.769999980926513672e+00 -4.175000000000000000e+01 3.306250000000000000e+01 -2.575000000000000000e+01 -6.875000000000000000e-01 -4.125000000000000000e+00 1.687500000000000000e+00
5.860000133514404297e+00 -1.850000023841857910e+00 7.409999847412109375e+00 -4.175000000000000000e+01 3.306250000000000000e+01 -2.575000000000000000e+01 -4.375000000000000000e-01 -6.687500000000000000e+00 4.437500000000000000e+00
5.599999904632568359e+00 -2.059999942779541016e+00 8.079999923706054688e+00 -4.175000000000000000e+01 3.306250000000000000e+01 -2.575000000000000000e+01 -2.187500000000000000e+00 -9.625000000000000000e+00 7.562500000000000000e+00
5.710000038146972656e+00 -2.329999923706054688e+00 7.599999904632568359e+00 -4.218750000000000000e+01 3.237500000000000000e+01 -2.525000000000000000e+01 -2.187500000000000000e+00 -1.125000000000000000e+01 9.062500000000000000e+00
5.650000095367431641e+00 -2.690000057220458984e+00 7.639999866485595703e+00 -4.218750000000000000e+01 3.237500000000000000e+01 -2.525000000000000000e+01 -2.750000000000000000e+00 -1.243750000000000000e+01 1.012500000000000000e+01
5.730000019073486328e+00 -2.339999914169311523e+00 7.719999790191650391e+00 -4.218750000000000000e+01 3.237500000000000000e+01 -2.525000000000000000e+01 -4.125000000000000000e+00 -1.387500000000000000e+01 1.156250000000000000e+01
5.690000057220458984e+00 -2.430000066757202148e+00 7.670000076293945312e+00 -4.218750000000000000e+01 3.237500000000000000e+01 -2.525000000000000000e+01 -5.062500000000000000e+00 -1.443750000000000000e+01 1.312500000000000000e+01
5.650000095367431641e+00 -2.339999914169311523e+00 7.659999847412109375e+00 -4.218750000000000000e+01 3.237500000000000000e+01 -2.525000000000000000e+01 -6.312500000000000000e+00 -1.562500000000000000e+01 1.468750000000000000e+01
5.670000076293945312e+00 -2.390000104904174805e+00 7.699999809265136719e+00 -4.137500000000000000e+01 3.350000000000000000e+01 -2.500000000000000000e+01 -7.500000000000000000e+00 -1.718750000000000000e+01 1.625000000000000000e+01
5.610000133514404297e+00 -2.279999971389770508e+00 7.780000209808349609e+00 -4.137500000000000000e+01 3.350000000000000000e+01 -2.500000000000000000e+01 -9.375000000000000000e+00 -1.968750000000000000e+01 1.850000000000000000e+01
5.829999923706054688e+00 -2.019999980926513672e+00 7.780000209808349609e+00 -4.137500000000000000e+01 3.350000000000000000e+01 -2.500000000000000000e+01 -1.181250000000000000e+01 -2.118750000000000000e+01 2.162500000000000000e+01
5.809999942779541016e+00 -1.990000009536743164e+00 7.820000171661376953e+00 -4.137500000000000000e+01 3.350000000000000000e+01 -2.500000000000000000e+01 -1.543750000000000000e+01 -2.262500000000000000e+01 2.468750000000000000e+01
5.889999866485595703e+00 -2.009999990463256836e+00 7.909999847412109375e+00 -4.137500000000000000e+01 3.350000000000000000e+01 -2.500000000000000000e+01 -2.037500000000000000e+01 -2.518750000000000000e+01 2.868750000000000000e+01
6.409999847412109375e+00 -1.740000009536743164e+00 8.060000419616699219e+00 -4.137500000000000000e+01 3.306250000000000000e+01 -2.406250000000000000e+01 -2.925000000000000000e+01 -2.687500000000000000e+01 3.443750000000000000e+01
6.610000133514404297e+00 -1.360000014305114746e+00 7.719999790191650391e+00 -4.137500000000000000e+01 3.306250000000000000e+01 -2.406250000000000000e+01 -3.900000000000000000e+01 -2.443750000000000000e+01 4.143750000000000000e+01
6.570000171661376953e+00 -1.149999976158142090e+00 7.849999904632568359e+00 -4.137500000000000000e+01 3.306250000000000000e+01 -2.406250000000000000e+01 -4.737500000000000000e+01 -2.337500000000000000e+01 4.950000000000000000e+01
6.920000076293945312e+00 -1.059999942779541016e+00 7.829999923706054688e+00 -4.137500000000000000e+01 3.306250000000000000e+01 -2.406250000000000000e+01 -5.812500000000000000e+01 -1.887500000000000000e+01 5.631250000000000000e+01
6.420000076293945312e+00 -1.080000042915344238e+00 7.829999923706054688e+00 -4.137500000000000000e+01 3.306250000000000000e+01 -2.406250000000000000e+01 -6.793750000000000000e+01 -1.243750000000000000e+01 6.368750000000000000e+01
5.949999809265136719e+00 -1.419999957084655762e+00 7.989999771118164062e+00 -4.100000000000000000e+01 3.456250000000000000e+01 -2.287500000000000000e+01 -7.850000000000000000e+01 -9.750000000000000000e+00 7.100000000000000000e+01
6.199999809265136719e+00 -1.379999995231628418e+00 7.530000209808349609e+00 -4.100000000000000000e+01 3.456250000000000000e+01 -2.287500000000000000e+01 -9.006250000000000000e+01 -6.937500000000000000e+00 7.756250000000000000e+01
6.030000209808349609e+00 -1.950000047683715820e+00 7.420000076293945312e+00 -4.100000000000000000e+01 3.456250000000000000e+01 -2.287500000000000000e+01 -1.003125000000000000e+02 -3.250000000000000000e+00 8.375000000000000000e+01
6.059999942779541016e+00 -2.000000000000000000e+00 7.380000114440917969e+00 -4.100000000000000000e+01 3.456250000000000000e+01 -2.287500000000000000e+01 -1.095000000000000000e+02 -2.000000000000000000e+00 8.975000000000000000e+01
6.469999790191650391e+00 -1.830000042915344238e+00 7.219999790191650391e+00 -4.100000000000000000e+01 3.456250000000000000e+01 -2.287500000000000000e+01 -1.200000000000000000e+02 1.375000000000000000e+00 9.725000000000000000e+01
6.369999885559082031e+00 -1.820000052452087402e+00 6.969999790191650391e+00 -3.887500000000000000e+01 3.756250000000000000e+01 -2.050000000000000000e+01 -1.301250000000000000e+02 6.125000000000000000e+00 1.047500000000000000e+02
5.949999809265136719e+00 -1.899999976158142090e+00 7.150000095367431641e+00 -3.887500000000000000e+01 3.756250000000000000e+01 -2.050000000000000000e+01 -1.413125000000000000e+02 8.250000000000000000e+00 1.135625000000000000e+02
6.710000038146972656e+00 -1.669999957084655762e+00 7.039999961853027344e+00 -3.887500000000000000e+01 3.756250000000000000e+01 -2.050000000000000000e+01 -1.569375000000000000e+02 1.150000000000000000e+01 1.237500000000000000e+02
6.969999790191650391e+00 -1.220000028610229492e+00 6.989999771118164062e+00 -3.887500000000000000e+01 3.756250000000000000e+01 -2.050000000000000000e+01 -1.745000000000000000e+02 1.900000000000000000e+01 1.361250000000000000e+02
6.730000019073486328e+00 -8.100000023841857910e-01 6.760000228881835938e+00 -3.887500000000000000e+01 3.756250000000000000e+01 -2.050000000000000000e+01 -1.745000000000000000e+02 1.900000000000000000e+01 1.361250000000000000e+02
5.070000171661376953e+00 -9.800000190734863281e-01 6.489999771118164062e+00 -3.618750000000000000e+01 4.306250000000000000e+01 -1.718750000000000000e+01 -2.125625000000000000e+02 3.100000000000000000e+01 1.624375000000000000e+02
4.610000133514404297e+00 -8.999999761581420898e-01 6.340000152587890625e+00 -3.618750000000000000e+01 4.306250000000000000e+01 -1.718750000000000000e+01 -2.326250000000000000e+02 2.937500000000000000e+01 1.756875000000000000e+02
4.500000000000000000e+00 -5.600000023841857910e-01 6.110000133514404297e+00 -3.618750000000000000e+01 4.306250000000000000e+01 -1.718750000000000000e+01 -2.546250000000000000e+02 2.675000000000000000e+01 1.915000000000000000e+02
4.269999980926513672e+00 -3.199999928474426270e-01 5.980000019073486328e+00 -3.618750000000000000e+01 4.306250000000000000e+01 -1.718750000000000000e+01 -2.799375000000000000e+02 2.481250000000000000e+01 2.088750000000000000e+02
3.630000114440917969e+00 1.999999955296516418e-02 4.920000076293945312e+00 -3.618750000000000000e+01 4.306250000000000000e+01 -1.718750000000000000e+01 -2.799375000000000000e+02 2.481250000000000000e+01 2.088750000000000000e+02
2.849999904632568359e+00 -4.499999880790710449e-01 3.680000066757202148e+00 -2.918750000000000000e+01 4.825000000000000000e+01 -9.500000000000000000e+00 -3.068750000000000000e+02 2.318750000000000000e+01 2.263750000000000000e+02
1.679999947547912598e+00 -2.809999942779541016e+00 2.609999895095825195e+00 -2.918750000000000000e+01 4.825000000000000000e+01 -9.500000000000000000e+00 -3.515000000000000000e+02 1.812500000000000000e+01 2.491875000000000000e+02
4.099999964237213135e-01 -5.210000038146972656e+00 1.190000057220458984e+00 -2.918750000000000000e+01 4.825000000000000000e+01 -9.500000000000000000e+00 -3.573125000000000000e+02 1.956250000000000000e+01 2.441250000000000000e+02
-3.789999961853027344e+00 -1.068000030517578125e+01 -3.210000038146972656e+00 -2.918750000000000000e+01 4.825000000000000000e+01 -9.500000000000000000e+00 -3.355625000000000000e+02 2.600000000000000000e+01 2.234375000000000000e+02
-5.670000076293945312e+00 -1.505000019073486328e+01 -3.420000076293945312e+00 -2.918750000000000000e+01 4.825000000000000000e+01 -9.500000000000000000e+00 -2.917500000000000000e+02 2.475000000000000000e+01 1.825000000000000000e+02
-5.630000114440917969e+00 -1.406000041961669922e+01 -4.340000152587890625e+00 -1.950000000000000000e+01 5.418750000000000000e+01 2.750000000000000000e+00 -2.453750000000000000e+02 9.375000000000000000e+00 1.492500000000000000e+02
-3.349999904632568359e+00 -1.720999908447265625e+01 -4.190000057220458984e+00 -1.950000000000000000e+01 5.418750000000000000e+01 2.750000000000000000e+00 -2.050000000000000000e+02 -2.812500000000000000e+00 1.179375000000000000e+02
-2.039999961853027344e+00 -1.744000053405761719e+01 -3.980000019073486328e+00 -1.950000000000000000e+01 5.418750000000000000e+01 2.750000000000000000e+00 -1.632500000000000000e+02 -5.250000000000000000e+00 9.318750000000000000e+01
-4.499999880790710449e-01 -1.677000045776367188e+01 -3.980000019073486328e+00 -1.950000000000000000e+01 5.418750000000000000e+01 2.750000000000000000e+00 -1.258125000000000000e+02 -6.125000000000000000e+00 7.487500000000000000e+01
7.699999809265136719e-01 -1.729000091552734375e+01 -3.369999885559082031e+00 -1.950000000000000000e+01 5.418750000000000000e+01 2.750000000000000000e+00 -9.143750000000000000e+01 -1.500000000000000000e+00 5.937500000000000000e+01
2.529999971389770508e+00 -1.460000038146972656e+01 -1.519999980926513672e+00 -1.025000000000000000e+01 5.468750000000000000e+01 1.525000000000000000e+01 -6.568750000000000000e+01 3.562500000000000000e+00 4.987500000000000000e+01
2.599999904632568359e+00 -1.263000011444091797e+01 -4.000000059604644775e-01 -1.025000000000000000e+01 5.468750000000000000e+01 1.525000000000000000e+01 -5.112500000000000000e+01 1.068750000000000000e+01 4.362500000000000000e+01
2.180000066757202148e+00 -1.109000015258789062e+01 5.099999904632568359e-01 -1.025000000000000000e+01 5.468750000000000000e+01 1.525000000000000000e+01 -4.718750000000000000e+01 1.643750000000000000e+01 4.050000000000000000e+01
1.700000047683715820e+00 -9.930000305175781250e+00 9.499999880790710449e-01 -1.025000000000000000e+01 5.468750000000000000e+01 1.525000000000000000e+01 -4.862500000000000000e+01 1.900000000000000000e+01 3.906250000000000000e+01
7.999999821186065674e-02 -9.979999542236328125e+00 8.899999856948852539e-01 -1.025000000000000000e+01 5.468750000000000000e+01 1.525000000000000000e+01 -4.862500000000000000e+01 1.900000000000000000e+01 3.906250000000000000e+01
-4.300000071525573730e-01 -1.046000003814697266e+01 6.800000071525573730e-01 -6.562500000000000000e+00 5.318750000000000000e+01 1.900000000000000000e+01 -4.737500000000000000e+01 1.118750000000000000e+01 3.318750000000000000e+01
1.500000059604644775e-01 -1.046000003814697266e+01 2.700000107288360596e-01 -6.562500000000000000e+00 5.318750000000000000e+01 1.900000000000000000e+01 -4.331250000000000000e+01 1.018750000000000000e+01 2.875000000000000000e+01
-9.000000357627868652e-02 -1.164000034332275391e+01 -4.699999988079071045e-01 -6.562500000000000000e+00 5.318750000000000000e+01 1.900000000000000000e+01 -3.518750000000000000e+01 7.875000000000000000e+00 2.393750000000000000e+01
-1.000000014901161194e-01 -1.180000019073486328e+01 -5.799999833106994629e-01 -6.562500000000000000e+00 5.318750000000000000e+01 1.900000000000000000e+01 -2.450000000000000000e+01 7.125000000000000000e+00 1.793750000000000000e+01
-2.899999916553497314e-01 -1.201000022888183594e+01 -3.899999856948852539e-01 -6.562500000000000000e+00 5.318750000000000000e+01 1.900000000000000000e+01 -2.450000000000000000e+01 7.125000000000000000e+00 1.793750000000000000e+01
-5.000000074505805969e-02 -1.181999969482421875e+01 -4.300000071525573730e-01 -6.562500000000000000e+00 5.275000000000000000e+01 2.037500000000000000e+01 -1.293750000000000000e+01 5.500000000000000000e+00 1.143750000000000000e+01
1.800000071525573730e-01 -1.136999988555908203e+01 -1.700000017881393433e-01 -6.562500000000000000e+00 5.275000000000000000e+01 2.037500000000000000e+01 6.312500000000000000e+00 3.937500000000000000e+00 -1.062500000000000000e+00
2.700000107288360596e-01 -1.117000007629394531e+01 -9.000000357627868652e-02 -6.562500000000000000e+00 5.275000000000000000e+01 2.037500000000000000e+01 1.350000000000000000e+01 4.250000000000000000e+00 -6.062500000000000000e+00
3.199999928474426270e-01 -1.110999965667724609e+01 0.000000000000000000e+00 -6.562500000000000000e+00 5.275000000000000000e+01 2.037500000000000000e+01 2.050000000000000000e+01 4.625000000000000000e+00 -1.081250000000000000e+01
2.599999904632568359e-01 -1.114000034332275391e+01 -5.000000074505805969e-02 -6.562500000000000000e+00 5.275000000000000000e+01 2.037500000000000000e+01 2.050000000000000000e+01 4.625000000000000000e+00 -1.081250000000000000e+01
7.999999821186065674e-02 -1.142000007629394531e+01 -1.099999994039535522e-01 -5.500000000000000000e+00 5.300000000000000000e+01 2.050000000000000000e+01 3.743750000000000000e+01 4.375000000000000000e+00 -2.012500000000000000e+01
1.999999955296516418e-02 -1.157999992370605469e+01 -1.299999952316284180e-01 -5.500000000000000000e+00 5.300000000000000000e+01 2.050000000000000000e+01 4.700000000000000000e+01 3.500000000000000000e+00 -2.518750000000000000e+01
9.000000357627868652e-02 -1.165999984741210938e+01 -1.299999952316284180e-01 -5.500000000000000000e+00 5.300000000000000000e+01 2.050000000000000000e+01 5.712500000000000000e+01 2.062500000000000000e+00 -3.050000000000000000e+01
1.899999976158142090e-01 -1.148999977111816406e+01 1.599999964237213135e-01 -5.500000000000000000e+00 5.300000000000000000e+01 2.050000000000000000e+01 6.731250000000000000e+01 8.750000000000000000e-01 -3.581250000000000000e+01
1.599999964237213135e-01 -1.135999965667724609e+01 2.899999916553497314e-01 -5.500000000000000000e+00 5.300000000000000000e+01 2.050000000000000000e+01 6.731250000000000000e+01 8.750000000000000000e-01 -3.581250000000000000e+01
2.000000029802322388e-01 -1.135999965667724609e+01 3.100000023841857910e-01 -5.500000000000000000e+00 5.250000000000000000e+01 1.918750000000000000e+01 7.612500000000000000e+01 -1.125000000000000000e+00 -4.093750000000000000e+01
9.999999776482582092e-03 -1.135000038146972656e+01 4.300000071525573730e-01 -5.500000000000000000e+00 5.250000000000000000e+01 1.918750000000000000e+01 9.312500000000000000e+01 -5.375000000000000000e+00 -5.181250000000000000e+01
2.000000029802322388e-01 -1.106000041961669922e+01 6.000000238418579102e-01 -5.500000000000000000e+00 5.250000000000000000e+01 1.918750000000000000e+01 1.016875000000000000e+02 -8.375000000000000000e+00 -5.750000000000000000e+01
4.499999880790710449e-01 -1.081999969482421875e+01 8.000000119209289551e-01 -5.500000000000000000e+00 5.250000000000000000e+01 1.918750000000000000e+01 1.088750000000000000e+02 -1.043750000000000000e+01 -6.250000000000000000e+01
6.200000047683715820e-01 -1.044999980926513672e+01 1.029999971389770508e+00 -5.500000000000000000e+00 5.250000000000000000e+01 1.918750000000000000e+01 1.088750000000000000e+02 -1.043750000000000000e+01 -6.250000000000000000e+01
8.700000047683715820e-01 -1.035000038146972656e+01 1.120000004768371582e+00 -8.375000000000000000e+00 5.425000000000000000e+01 1.675000000000000000e+01 1.149375000000000000e+02 -1.181250000000000000e+01 -6.718750000000000000e+01
1.139999985694885254e+00 -1.034000015258789062e+01 1.289999961853027344e+00 -8.375000000000000000e+00 5.425000000000000000e+01 1.675000000000000000e+01 1.250625000000000000e+02 -1.075000000000000000e+01 -7.637500000000000000e+01
1.159999966621398926e+00 -1.018000030517578125e+01 1.389999985694885254e+00 -8.375000000000000000e+00 5.425000000000000000e+01 1.675000000000000000e+01 1.303750000000000000e+02 -1.031250000000000000e+01 -8.062500000000000000e+01
1.279999971389770508e+00 -1.022999954223632812e+01 1.519999980926513672e+00 -8.375000000000000000e+00 5.425000000000000000e+01 1.675000000000000000e+01 1.363125000000000000e+02 -9.000000000000000000e+00 -8.543750000000000000e+01
1.440000057220458984e+00 -1.015999984741210938e+01 1.759999990463256836e+00 -8.375000000000000000e+00 5.425000000000000000e+01 1.675000000000000000e+01 1.363125000000000000e+02 -9.000000000000000000e+00 -8.543750000000000000e+01
1.429999947547912598e+00 -1.010000038146972656e+01 1.840000033378601074e+00 -1.068750000000000000e+01 5.468750000000000000e+01 1.275000000000000000e+01 1.418750000000000000e+02 -7.562500000000000000e+00 -9.043750000000000000e+01
1.519999980926513672e+00 -1.017000007629394531e+01 1.919999957084655762e+00 -1.068750000000000000e+01 5.468750000000000000e+01 1.275000000000000000e+01 1.545000000000000000e+02 -5.625000000000000000e+00 -1.016250000000000000e+02
1.549999952316284180e+00 -1.031999969482421875e+01 1.769999980926513672e+00 -1.068750000000000000e+01 5.468750000000000000e+01 1.275000000000000000e+01 1.625000000000000000e+02 -2.625000000000000000e+00 -1.084375000000000000e+02
1.009999990463256836e+00 -1.068000030517578125e+01 1.919999957084655762e+00 -1.068750000000000000e+01 5.468750000000000000e+01 1.275000000000000000e+01 1.722500000000000000e+02 -2.375000000000000000e+00 -1.165625000000000000e+02
8.700000047683715820e-01 -1.109000015258789062e+01 1.750000000000000000e+00 -1.068750000000000000e+01 5.468750000000000000e+01 1.275000000000000000e+01 1.722500000000000000e+02 -2.375000000000000000e+00 -1.165625000000000000e+02
7.099999785423278809e-01 -1.127000045776367188e+01 1.629999995231628418e+00 -1.400000000000000000e+01 5.506250000000000000e+01 7.875000000000000000e+00 1.851250000000000000e+02 -3.687500000000000000e+00 -1.275625000000000000e+02
7.599999904632568359e-01 -1.126000022888183594e+01 1.519999980926513672e+00 -1.400000000000000000e+01 5.506250000000000000e+01 7.875000000000000000e+00 2.195625000000000000e+02 -9.625000000000000000e+00 -1.546250000000000000e+02
6.100000143051147461e-01 -1.161999988555908203e+01 1.059999942779541016e+00 -1.400000000000000000e+01 5.506250000000000000e+01 7.875000000000000000e+00 2.396250000000000000e+02 -1.012500000000000000e+01 -1.715625000000000000e+02
9.999999776482582092e-03 -1.186999988555908203e+01 8.100000023841857910e-01 -1.400000000000000000e+01 5.506250000000000000e+01 7.875000000000000000e+00 2.619375000000000000e+02 -1.325000000000000000e+01 -1.908125000000000000e+02
-3.100000023841857910e-01 -1.222999954223632812e+01 3.100000023841857910e-01 -1.400000000000000000e+01 5.506250000000000000e+01 7.875000000000000000e+00 2.619375000000000000e+02 -1.325000000000000000e+01 -1.908125000000000000e+02
-1.230000019073486328e+00 -1.144999980926513672e+01 -3.000000119209289551e-01 -1.987500000000000000e+01 5.387500000000000000e+01 -1.062500000000000000e+00 2.889375000000000000e+02 -1.762500000000000000e+01 -2.135625000000000000e+02
-1.490000009536743164e+00 -9.750000000000000000e+00 -2.000000029802322388e-01 -1.987500000000000000e+01 5.387500000000000000e+01 -1.062500000000000000e+00 3.461250000000000000e+02 -2.868750000000000000e+01 -2.656250000000000000e+02
-9.200000166893005371e-01 -8.079999923706054688e+00 -2.500000000000000000e-01 -1.987500000000000000e+01 5.387500000000000000e+01 -1.062500000000000000e+00 3.675000000000000000e+02 -3.531250000000000000e+01 -2.890625000000000000e+02
3.600000143051147461e-01 -5.829999923706054688e+00 -3.999999910593032837e-02 -1.987500000000000000e+01 5.387500000000000000e+01 -1.062500000000000000e+00 3.813750000000000000e+02 -3.312500000000000000e+01 -3.067500000000000000e+02
