5.800000190734863281e+00 -2.069999933242797852e+00 7.559999942779541016e+00 -4.118750000000000000e+01 3.025000000000000000e+01 -2.787500000000000000e+01 5.000000000000000000e-01 -6.250000000000000000e-02 1.250000000000000000e-01
5.849999904632568359e+00 -2.099999904632568359e+00 7.610000133514404297e+00 -4.118750000000000000e+01 3.025000000000000000e+01 -2.787500000000000000e+01 7.500000000000000000e-01 0.000000000000000000e+00 6.250000000000000000e-02
5.880000114440917969e+00 -2.099999904632568359e+00 7.579999923706054688e+00 -4.118750000000000000e+01 3.068750000000000000e+01 -2.787500000000000000e+01 7.500000000000000000e-01 -2.500000000000000000e-01 1.875000000000000000e-01
5.880000114440917969e+00 -2.099999904632568359e+00 7.579999923706054688e+00 -4.118750000000000000e+01 3.068750000000000000e+01 -2.787500000000000000e+01 6.875000000000000000e-01 -1.875000000000000000e-01 2.500000000000000000e-01
5.829999923706054688e+00 -2.069999933242797852e+00 7.570000171661376953e+00 -4.118750000000000000e+01 3.068750000000000000e+01 -2.787500000000000000e+01 6.250000000000000000e-01 -6.250000000000000000e-02 3.750000000000000000e-01
5.849999904632568359e+00 -2.299999952316284180e+00 7.519999980926513672e+00 -4.118750000000000000e+01 3.068750000000000000e+01 -2.787500000000000000e+01 6.875000000000000000e-01 -1.250000000000000000e-01 5.625000000000000000e-01
5.820000171661376953e+00 -2.359999895095825195e+00 7.559999942779541016e+00 -4.118750000000000000e+01 3.068750000000000000e+01 -2.787500000000000000e+01 6.250000000000000000e-01 -3.750000000000000000e-01 6.250000000000000000e-01
5.820000171661376953e+00 -2.220000028610229492e+00 7.679999828338623047e+00 -4.050000000000000000e+01 3.025000000000000000e+01 -2.706250000000000000e+01 8.750000000000000000e-01 -3.750000000000000000e-01 3.750000000000000000e-01
5.809999942779541016e+00 -1.529999971389770508e+00 7.960000038146972656e+00 -4.050000000000000000e+01 3.025000000000000000e+01 -2.706250000000000000e+01 1.187500000000000000e+00 -1.062500000000000000e+00 0.000000000000000000e+00
5.860000133514404297e+00 -1.340000033378601074e+00 7.989999771118164062e+00 -4.050000000000000000e+01 3.025000000000000000e+01 -2.706250000000000000e+01 4.375000000000000000e-01 -2.687500000000000000e+00 1.250000000000000000e-01
6.039999961853027344e+00 -1.230000019073486328e+00 8.079999923706054688e+00 -4.050000000000000000e+01 3.025000000000000000e+01 -2.706250000000000000e+01 -1.187500000000000000e+00 -5.750000000000000000e+00 2.062500000000000000e+00
6.329999923706054688e+00 -1.379999995231628418e+00 7.869999885559082031e+00 -4.050000000000000000e+01 3.025000000000000000e+01 -2.706250000000000000e+01 -4.062500000000000000e+00 -9.000000000000000000e+00 4.500000000000000000e+00
6.329999923706054688e+00 -1.379999995231628418e+00 7.869999885559082031e+00 -4.156250000000000000e+01 3.025000000000000000e+01 -2.756250000000000000e+01 -7.375000000000000000e+00 -1.156250000000000000e+01 7.687500000000000000e+00
6.789999961853027344e+00 -1.549999952316284180e+00 7.719999790191650391e+00 -4.156250000000000000e+01 3.025000000000000000e+01 -2.756250000000000000e+01 -8.562500000000000000e+00 -1.325000000000000000e+01 1.143750000000000000e+01
7.179999828338623047e+00 -1.710000038146972656e+00 7.659999847412109375e+00 -4.156250000000000000e+01 3.025000000000000000e+01 -2.756250000000000000e+01 -9.375000000000000000e+00 -1.387500000000000000e+01 1.506250000000000000e+01
7.599999904632568359e+00 -1.870000004768371582e+00 7.519999980926513672e+00 -4.156250000000000000e+01 3.025000000000000000e+01 -2.756250000000000000e+01 -1.062500000000000000e+01 -1.312500000000000000e+01 1.812500000000000000e+01
8.649999618530273438e+00 -2.069999933242797852e+00 7.449999809265136719e+00 -4.156250000000000000e+01 3.025000000000000000e+01 -2.756250000000000000e+01 -1.162500000000000000e+01 -8.937500000000000000e+00 2.125000000000000000e+01
8.649999618530273438e+00 -2.069999933242797852e+00 7.449999809265136719e+00 -4.075000000000000000e+01 3.068750000000000000e+01 -2.550000000000000000e+01 -1.368750000000000000e+01 -5.625000000000000000e-01 2.518750000000000000e+01
1.002000045776367188e+01 -2.630000114440917969e+00 7.530000209808349609e+00 -4.075000000000000000e+01 3.068750000000000000e+01 -2.550000000000000000e+01 -1.631250000000000000e+01 1.218750000000000000e+01 3.231250000000000000e+01
1.122000026702880859e+01 -4.010000228881835938e+00 2.599999904632568359e+00 -4.075000000000000000e+01 3.068750000000000000e+01 -2.550000000000000000e+01 -1.543750000000000000e+01 2.625000000000000000e+01 4.275000000000000000e+01
1.076000022888183594e+01 -3.190000057220458984e+00 1.169999957084655762e+00 -4.075000000000000000e+01 3.068750000000000000e+01 -2.550000000000000000e+01 -5.062500000000000000e+00 3.043750000000000000e+01 5.218750000000000000e+01
1.080000019073486328e+01 -1.960000038146972656e+00 1.120000004768371582e+00 -4.075000000000000000e+01 3.068750000000000000e+01 -2.550000000000000000e+01 1.987500000000000000e+01 1.987500000000000000e+01 5.293750000000000000e+01
1.080000019073486328e+01 -1.960000038146972656e+00 1.120000004768371582e+00 -4.075000000000000000e+01 3.218750000000000000e+01 -2.587500000000000000e+01 5.462500000000000000e+01 -5.875000000000000000e+00 4.375000000000000000e+01
1.280000019073486328e+01 1.090000033378601074e+00 1.450000047683715820e+00 -4.075000000000000000e+01 3.218750000000000000e+01 -2.587500000000000000e+01 7.206250000000000000e+01 -2.950000000000000000e+01 3.237500000000000000e+01
1.485000038146972656e+01 4.489999771118164062e+00 2.430000066757202148e+00 -4.075000000000000000e+01 3.218750000000000000e+01 -2.587500000000000000e+01 5.625000000000000000e+01 -3.725000000000000000e+01 3.025000000000000000e+01
1.307999992370605469e+01 2.359999895095825195e+00 2.779999971389770508e+00 -4.075000000000000000e+01 3.218750000000000000e+01 -2.587500000000000000e+01 2.287500000000000000e+01 -3.356250000000000000e+01 2.912500000000000000e+01
1.164999961853027344e+01 3.600000143051147461e-01 3.119999885559082031e+00 -4.075000000000000000e+01 3.218750000000000000e+01 -2.587500000000000000e+01 -4.562500000000000000e+00 -3.306250000000000000e+01 1.668750000000000000e+01
1.164999961853027344e+01 3.600000143051147461e-01 3.119999885559082031e+00 -3.856250000000000000e+01 3.175000000000000000e+01 -2.675000000000000000e+01 -1.506250000000000000e+01 -4.000000000000000000e+01 -5.625000000000000000e+00
1.007999992370605469e+01 -1.450000047683715820e+00 4.039999961853027344e+00 -3.856250000000000000e+01 3.175000000000000000e+01 -2.675000000000000000e+01 -1.243750000000000000e+01 -5.025000000000000000e+01 -2.912500000000000000e+01
8.720000267028808594e+00 -1.409999966621398926e+00 5.269999980926513672e+00 -3.856250000000000000e+01 3.175000000000000000e+01 -2.675000000000000000e+01 -5.000000000000000000e+00 -5.962500000000000000e+01 -4.450000000000000000e+01
6.949999809265136719e+00 -1.409999966621398926e+00 6.719999790191650391e+00 -3.856250000000000000e+01 3.175000000000000000e+01 -2.675000000000000000e+01 1.125000000000000000e+00 -6.662500000000000000e+01 -5.068750000000000000e+01
5.500000000000000000e+00 -1.919999957084655762e+00 7.420000076293945312e+00 -3.856250000000000000e+01 3.175000000000000000e+01 -2.675000000000000000e+01 2.125000000000000000e+00 -7.350000000000000000e+01 -4.987500000000000000e+01
5.500000000000000000e+00 -1.919999957084655762e+00 7.420000076293945312e+00 -4.006250000000000000e+01 3.256250000000000000e+01 -2.468750000000000000e+01 -4.375000000000000000e-01 -7.712500000000000000e+01 -4.612500000000000000e+01
3.700000047683715820e+00 -2.569999933242797852e+00 8.079999923706054688e+00 -4.006250000000000000e+01 3.256250000000000000e+01 -2.468750000000000000e+01 -2.062500000000000000e+00 -8.106250000000000000e+01 -4.375000000000000000e+01
1.389999985694885254e+00 -2.509999990463256836e+00 1.007999992370605469e+01 -4.006250000000000000e+01 3.256250000000000000e+01 -2.468750000000000000e+01 -2.750000000000000000e+00 -8.750000000000000000e+01 -4.362500000000000000e+01
2.800000011920928955e-01 -2.829999923706054688e+00 1.131000041961669922e+01 -4.006250000000000000e+01 3.256250000000000000e+01 -2.468750000000000000e+01 -4.750000000000000000e+00 -9.062500000000000000e+01 -4.325000000000000000e+01
-8.500000238418579102e-01 -3.650000095367431641e+00 1.242000007629394531e+01 -4.006250000000000000e+01 3.256250000000000000e+01 -2.468750000000000000e+01 -1.181250000000000000e+01 -8.787500000000000000e+01 -4.218750000000000000e+01
-8.500000238418579102e-01 -3.650000095367431641e+00 1.242000007629394531e+01 -4.268750000000000000e+01 3.025000000000000000e+01 -2.225000000000000000e+01 -1.912500000000000000e+01 -8.037500000000000000e+01 -4.293750000000000000e+01
-7.799999713897705078e-01 -5.489999771118164062e+00 1.318000030517578125e+01 -4.268750000000000000e+01 3.025000000000000000e+01 -2.225000000000000000e+01 -1.787500000000000000e+01 -7.325000000000000000e+01 -4.581250000000000000e+01
-2.039999961853027344e+00 -3.079999923706054688e+00 1.452999973297119141e+01 -4.268750000000000000e+01 3.025000000000000000e+01 -2.225000000000000000e+01 -6.250000000000000000e+00 -6.875000000000000000e+01 -5.325000000000000000e+01
-1.200000047683715820e+00 -2.160000085830688477e+00 1.497000026702880859e+01 -4.268750000000000000e+01 3.025000000000000000e+01 -2.225000000000000000e+01 -7.187500000000000000e+00 -6.012500000000000000e+01 -5.343750000000000000e+01
-5.699999928474426270e-01 -5.840000152587890625e+00 1.603000068664550781e+01 -4.268750000000000000e+01 3.025000000000000000e+01 -2.225000000000000000e+01 -2.287500000000000000e+01 -4.525000000000000000e+01 -4.718750000000000000e+01
-5.699999928474426270e-01 -5.840000152587890625e+00 1.603000068664550781e+01 -4.556250000000000000e+01 2.925000000000000000e+01 -1.775000000000000000e+01 -3.581250000000000000e+01 -2.837500000000000000e+01 -3.937500000000000000e+01
-1.199999973177909851e-01 -7.280000209808349609e+00 1.651000022888183594e+01 -4.556250000000000000e+01 2.925000000000000000e+01 -1.775000000000000000e+01 -3.637500000000000000e+01 -5.687500000000000000e+00 -3.300000000000000000e+01
1.070000052452087402e+00 -5.710000038146972656e+00 1.506999969482421875e+01 -4.556250000000000000e+01 2.925000000000000000e+01 -1.775000000000000000e+01 -3.075000000000000000e+01 1.775000000000000000e+01 -2.750000000000000000e+01
1.139999985694885254e+00 -6.059999942779541016e+00 1.421000003814697266e+01 -4.556250000000000000e+01 2.925000000000000000e+01 -1.775000000000000000e+01 -3.106250000000000000e+01 4.306250000000000000e+01 -1.950000000000000000e+01
9.200000166893005371e-01 -6.510000228881835938e+00 1.365999984741210938e+01 -4.556250000000000000e+01 2.925000000000000000e+01 -1.775000000000000000e+01 -3.506250000000000000e+01 6.206250000000000000e+01 -8.312500000000000000e+00
9.200000166893005371e-01 -6.510000228881835938e+00 1.365999984741210938e+01 -4.668750000000000000e+01 2.850000000000000000e+01 -1.725000000000000000e+01 -3.618750000000000000e+01 7.443750000000000000e+01 3.250000000000000000e+00
1.220000028610229492e+00 -7.369999885559082031e+00 1.319999980926513672e+01 -4.668750000000000000e+01 2.850000000000000000e+01 -1.725000000000000000e+01 -3.137500000000000000e+01 8.200000000000000000e+01 1.562500000000000000e+01
2.180000066757202148e+00 -6.869999885559082031e+00 1.164999961853027344e+01 -4.668750000000000000e+01 2.850000000000000000e+01 -1.725000000000000000e+01 -1.943750000000000000e+01 8.587500000000000000e+01 2.662500000000000000e+01
2.529999971389770508e+00 -6.050000190734863281e+00 1.097999954223632812e+01 -4.668750000000000000e+01 2.850000000000000000e+01 -1.725000000000000000e+01 -6.437500000000000000e+00 8.662500000000000000e+01 3.906250000000000000e+01
1.960000038146972656e+00 -5.840000152587890625e+00 1.036999988555908203e+01 -4.668750000000000000e+01 2.850000000000000000e+01 -1.725000000000000000e+01 2.937500000000000000e+00 8.475000000000000000e+01 5.287500000000000000e+01
1.750000000000000000e+00 -5.429999828338623047e+00 9.340000152587890625e+00 -4.525000000000000000e+01 2.775000000000000000e+01 -1.856250000000000000e+01 9.000000000000000000e+00 7.987500000000000000e+01 6.481250000000000000e+01
1.850000023841857910e+00 -4.929999828338623047e+00 8.939999580383300781e+00 -4.525000000000000000e+01 2.775000000000000000e+01 -1.856250000000000000e+01 1.356250000000000000e+01 6.918750000000000000e+01 7.562500000000000000e+01
1.240000009536743164e+00 -5.420000076293945312e+00 8.220000267028808594e+00 -4.525000000000000000e+01 2.775000000000000000e+01 -1.856250000000000000e+01 2.018750000000000000e+01 5.606250000000000000e+01 8.231250000000000000e+01
1.320000052452087402e+00 -5.199999809265136719e+00 8.039999961853027344e+00 -4.525000000000000000e+01 2.775000000000000000e+01 -1.856250000000000000e+01 2.800000000000000000e+01 3.893750000000000000e+01 8.656250000000000000e+01
1.740000009536743164e+00 -4.389999866485595703e+00 7.469999790191650391e+00 -4.525000000000000000e+01 2.775000000000000000e+01 -1.856250000000000000e+01 3.750000000000000000e+01 1.962500000000000000e+01 8.475000000000000000e+01
2.289999961853027344e+00 -3.579999923706054688e+00 7.380000114440917969e+00 -4.268750000000000000e+01 2.918750000000000000e+01 -2.225000000000000000e+01 4.681250000000000000e+01 -1.812500000000000000e+00 8.087500000000000000e+01
2.549999952316284180e+00 -3.470000028610229492e+00 7.170000076293945312e+00 -4.268750000000000000e+01 2.918750000000000000e+01 -2.225000000000000000e+01 5.250000000000000000e+01 -2.131250000000000000e+01 7.600000000000000000e+01
3.250000000000000000e+00 -2.990000009536743164e+00 6.849999904632568359e+00 -4.268750000000000000e+01 2.918750000000000000e+01 -2.225000000000000000e+01 5.400000000000000000e+01 -3.950000000000000000e+01 7.187500000000000000e+01
4.579999923706054688e+00 -2.690000057220458984e+00 6.389999866485595703e+00 -4.268750000000000000e+01 2.918750000000000000e+01 -2.225000000000000000e+01 5.362500000000000000e+01 -5.393750000000000000e+01 6.631250000000000000e+01
5.349999904632568359e+00 -2.589999914169311523e+00 6.280000209808349609e+00 -4.268750000000000000e+01 2.918750000000000000e+01 -2.225000000000000000e+01 5.143750000000000000e+01 -6.600000000000000000e+01 6.012500000000000000e+01
5.889999866485595703e+00 -2.470000028610229492e+00 5.949999809265136719e+00 -4.118750000000000000e+01 3.250000000000000000e+01 -2.425000000000000000e+01 4.731250000000000000e+01 -7.306250000000000000e+01 5.262500000000000000e+01
7.889999866485595703e+00 -1.879999995231628418e+00 5.340000152587890625e+00 -4.118750000000000000e+01 3.250000000000000000e+01 -2.425000000000000000e+01 4.143750000000000000e+01 -7.668750000000000000e+01 4.393750000000000000e+01
8.850000381469726562e+00 -1.750000000000000000e+00 4.889999866485595703e+00 -4.118750000000000000e+01 3.250000000000000000e+01 -2.425000000000000000e+01 3.406250000000000000e+01 -7.775000000000000000e+01 3.593750000000000000e+01
9.760000228881835938e+00 -1.289999961853027344e+00 4.590000152587890625e+00 -4.118750000000000000e+01 3.250000000000000000e+01 -2.425000000000000000e+01 2.562500000000000000e+01 -7.418750000000000000e+01 3.043750000000000000e+01
1.042000007629394531e+01 -1.159999966621398926e+00 4.369999885559082031e+00 -4.118750000000000000e+01 3.250000000000000000e+01 -2.425000000000000000e+01 1.381250000000000000e+01 -6.318750000000000000e+01 2.887500000000000000e+01
1.042000007629394531e+01 -1.159999966621398926e+00 4.369999885559082031e+00 -4.037500000000000000e+01 3.318750000000000000e+01 -2.218750000000000000e+01 1.625000000000000000e+00 -4.875000000000000000e+01 2.943750000000000000e+01
1.144999980926513672e+01 -1.480000019073486328e+00 4.099999904632568359e+00 -4.037500000000000000e+01 3.318750000000000000e+01 -2.218750000000000000e+01 -8.437500000000000000e+00 -3.281250000000000000e+01 3.187500000000000000e+01
1.227999973297119141e+01 -1.919999957084655762e+00 3.950000047683715820e+00 -4.037500000000000000e+01 3.318750000000000000e+01 -2.218750000000000000e+01 -1.525000000000000000e+01 -1.293750000000000000e+01 3.406250000000000000e+01
1.293999958038330078e+01 -2.619999885559082031e+00 3.630000114440917969e+00 -4.037500000000000000e+01 3.318750000000000000e+01 -2.218750000000000000e+01 -1.687500000000000000e+01 1.006250000000000000e+01 3.506250000000000000e+01
1.347000026702880859e+01 -3.430000066757202148e+00 3.380000114440917969e+00 -4.037500000000000000e+01 3.318750000000000000e+01 -2.218750000000000000e+01 -1.156250000000000000e+01 3.418750000000000000e+01 3.250000000000000000e+01
1.339999961853027344e+01 -3.549999952316284180e+00 2.730000019073486328e+00 -3.968750000000000000e+01 3.318750000000000000e+01 -2.168750000000000000e+01 -2.062500000000000000e+00 5.725000000000000000e+01 2.731250000000000000e+01
1.314000034332275391e+01 -3.009999990463256836e+00 2.539999961853027344e+00 -3.968750000000000000e+01 3.318750000000000000e+01 -2.168750000000000000e+01 7.500000000000000000e+00 7.550000000000000000e+01 2.112500000000000000e+01
1.275000000000000000e+01 -2.460000038146972656e+00 2.140000104904174805e+00 -3.968750000000000000e+01 3.318750000000000000e+01 -2.168750000000000000e+01 1.493750000000000000e+01 8.818750000000000000e+01 1.631250000000000000e+01
1.122000026702880859e+01 -1.460000038146972656e+00 1.820000052452087402e+00 -3.968750000000000000e+01 3.318750000000000000e+01 -2.168750000000000000e+01 1.831250000000000000e+01 9.406250000000000000e+01 1.262500000000000000e+01
1.073999977111816406e+01 -8.700000047683715820e-01 1.940000057220458984e+00 -3.968750000000000000e+01 3.318750000000000000e+01 -2.168750000000000000e+01 1.787500000000000000e+01 9.156250000000000000e+01 8.562500000000000000e+00
9.710000038146972656e+00 -7.799999713897705078e-01 1.639999985694885254e+00 -3.856250000000000000e+01 3.437500000000000000e+01 -2.418750000000000000e+01 1.468750000000000000e+01 8.150000000000000000e+01 2.812500000000000000e+00
9.520000457763671875e+00 -4.399999976158142090e-01 1.759999990463256836e+00 -3.856250000000000000e+01 3.437500000000000000e+01 -2.418750000000000000e+01 9.437500000000000000e+00 6.643750000000000000e+01 -3.187500000000000000e+00
9.260000228881835938e+00 -1.299999952316284180e-01 1.649999976158142090e+00 -3.856250000000000000e+01 3.437500000000000000e+01 -2.418750000000000000e+01 3.437500000000000000e+00 4.787500000000000000e+01 -8.750000000000000000e+00
8.609999656677246094e+00 -1.800000071525573730e-01 1.750000000000000000e+00 -3.856250000000000000e+01 3.437500000000000000e+01 -2.418750000000000000e+01 -4.437500000000000000e+00 2.743750000000000000e+01 -1.200000000000000000e+01
8.390000343322753906e+00 1.099999994039535522e-01 2.299999952316284180e+00 -3.856250000000000000e+01 3.437500000000000000e+01 -2.418750000000000000e+01 -1.325000000000000000e+01 5.250000000000000000e+00 -1.481250000000000000e+01
8.300000190734863281e+00 -2.999999932944774628e-02 2.519999980926513672e+00 -3.600000000000000000e+01 3.506250000000000000e+01 -2.656250000000000000e+01 -2.237500000000000000e+01 -1.762500000000000000e+01 -1.481250000000000000e+01
8.989999771118164062e+00 -6.000000238418579102e-01 2.970000028610229492e+00 -3.600000000000000000e+01 3.506250000000000000e+01 -2.656250000000000000e+01 -3.006250000000000000e+01 -3.612500000000000000e+01 -1.487500000000000000e+01
9.159999847412109375e+00 -1.360000014305114746e+00 3.470000028610229492e+00 -3.600000000000000000e+01 3.506250000000000000e+01 -2.656250000000000000e+01 -3.343750000000000000e+01 -5.056250000000000000e+01 -1.481250000000000000e+01
1.027000045776367188e+01 -5.099999904632568359e+00 5.150000095367431641e+00 -3.600000000000000000e+01 3.506250000000000000e+01 -2.656250000000000000e+01 -5.125000000000000000e+00 -5.656250000000000000e+01 -2.425000000000000000e+01
1.979999923706054688e+01 -8.159999847412109375e+00 1.056999969482421875e+01 -3.600000000000000000e+01 3.506250000000000000e+01 -2.656250000000000000e+01 9.256250000000000000e+01 -2.612500000000000000e+01 -5.637500000000000000e+01
1.467000007629394531e+01 4.920000076293945312e+00 9.310000419616699219e+00 -3.600000000000000000e+01 3.475000000000000000e+01 -2.575000000000000000e+01 8.193750000000000000e+01 2.750000000000000000e+01 -3.450000000000000000e+01
6.449999809265136719e+00 2.829999923706054688e+00 6.739999771118164062e+00 -3.600000000000000000e+01 3.475000000000000000e+01 -2.575000000000000000e+01 3.418750000000000000e+01 6.137500000000000000e+01 1.237500000000000000e+01
2.549999952316284180e+00 1.139999985694885254e+00 8.529999732971191406e+00 -3.600000000000000000e+01 3.475000000000000000e+01 -2.575000000000000000e+01 2.281250000000000000e+01 5.437500000000000000e+01 1.375000000000000000e+01
1.009999990463256836e+00 1.330000042915344238e+00 9.609999656677246094e+00 -3.600000000000000000e+01 3.475000000000000000e+01 -2.575000000000000000e+01 6.375000000000000000e+00 3.412500000000000000e+01 6.500000000000000000e+00
1.360000014305114746e+00 0.000000000000000000e+00 1.063000011444091797e+01 -3.600000000000000000e+01 3.475000000000000000e+01 -2.575000000000000000e+01 -6.375000000000000000e+00 1.450000000000000000e+01 2.812500000000000000e+00
2.809999942779541016e+00 -4.799999892711639404e-01 9.409999847412109375e+00 -3.668750000000000000e+01 3.287500000000000000e+01 -2.700000000000000000e+01 -1.656250000000000000e+01 -5.625000000000000000e+00 1.000000000000000000e+00
3.960000038146972656e+00 -1.230000019073486328e+00 7.960000038146972656e+00 -3.668750000000000000e+01 3.287500000000000000e+01 -2.700000000000000000e+01 -2.200000000000000000e+01 -1.712500000000000000e+01 1.062500000000000000e+00
7.579999923706054688e+00 -3.769999980926513672e+00 6.960000038146972656e+00 -3.668750000000000000e+01 3.287500000000000000e+01 -2.700000000000000000e+01 -1.818750000000000000e+01 -1.712500000000000000e+01 -3.750000000000000000e-01
8.710000038146972656e+00 -4.110000133514404297e+00 6.460000038146972656e+00 -3.668750000000000000e+01 3.287500000000000000e+01 -2.700000000000000000e+01 -1.168750000000000000e+01 -8.062500000000000000e+00 1.250000000000000000e+00
8.310000419616699219e+00 -4.210000038146972656e+00 6.050000190734863281e+00 -3.668750000000000000e+01 3.287500000000000000e+01 -2.700000000000000000e+01 -8.062500000000000000e+00 4.250000000000000000e+00 3.812500000000000000e+00
5.659999847412109375e+00 -4.099999904632568359e+00 6.489999771118164062e+00 -3.668750000000000000e+01 3.287500000000000000e+01 -2.575000000000000000e+01 -2.687500000000000000e+00 1.268750000000000000e+01 2.187500000000000000e+00
5.599999904632568359e+00 -3.950000047683715820e+00 7.000000000000000000e+00 -3.668750000000000000e+01 3.287500000000000000e+01 -2.575000000000000000e+01 3.312500000000000000e+00 1.250000000000000000e+01 -1.937500000000000000e+00
6.090000152587890625e+00 -3.529999971389770508e+00 7.409999847412109375e+00 -3.668750000000000000e+01 3.287500000000000000e+01 -2.575000000000000000e+01 6.687500000000000000e+00 9.625000000000000000e+00 -5.500000000000000000e+00
