5.610000133514404297e+00 -2.769999980926513672e+00 7.539999961853027344e+00 -3.637500000000000000e+01 3.637500000000000000e+01 -2.775000000000000000e+01 -2.500000000000000000e-01 -1.250000000000000000e-01 1.875000000000000000e-01
5.619999885559082031e+00 -2.769999980926513672e+00 7.539999961853027344e+00 -3.637500000000000000e+01 3.637500000000000000e+01 -2.775000000000000000e+01 -2.500000000000000000e-01 -6.250000000000000000e-02 0.000000000000000000e+00
5.599999904632568359e+00 -2.789999961853027344e+00 7.530000209808349609e+00 -3.637500000000000000e+01 3.637500000000000000e+01 -2.775000000000000000e+01 -2.500000000000000000e-01 0.000000000000000000e+00 1.875000000000000000e-01
5.590000152587890625e+00 -2.799999952316284180e+00 7.559999942779541016e+00 -3.637500000000000000e+01 3.637500000000000000e+01 -2.775000000000000000e+01 -1.250000000000000000e-01 -1.875000000000000000e-01 2.500000000000000000e-01
5.599999904632568359e+00 -2.779999971389770508e+00 7.530000209808349609e+00 -3.637500000000000000e+01 3.637500000000000000e+01 -2.775000000000000000e+01 -1.250000000000000000e-01 -1.875000000000000000e-01 2.500000000000000000e-01
5.599999904632568359e+00 -2.789999961853027344e+00 7.550000190734863281e+00 -3.568750000000000000e+01 3.675000000000000000e+01 -2.700000000000000000e+01 -1.250000000000000000e-01 -1.875000000000000000e-01 2.500000000000000000e-01
5.610000133514404297e+00 -2.799999952316284180e+00 7.519999980926513672e+00 -3.568750000000000000e+01 3.675000000000000000e+01 -2.700000000000000000e+01 -1.875000000000000000e-01 0.000000000000000000e+00 1.875000000000000000e-01
5.590000152587890625e+00 -2.799999952316284180e+00 7.530000209808349609e+00 -3.568750000000000000e+01 3.675000000000000000e+01 -2.700000000000000000e+01 -2.500000000000000000e-01 -6.250000000000000000e-02 1.875000000000000000e-01
5.599999904632568359e+00 -2.779999971389770508e+00 7.539999961853027344e+00 -3.568750000000000000e+01 3.675000000000000000e+01 -2.700000000000000000e+01 -1.250000000000000000e-01 -6.250000000000000000e-02 6.250000000000000000e-02
5.610000133514404297e+00 -2.789999961853027344e+00 7.519999980926513672e+00 -3.568750000000000000e+01 3.675000000000000000e+01 -2.700000000000000000e+01 -1.250000000000000000e-01 -6.250000000000000000e-02 6.250000000000000000e-02
5.610000133514404297e+00 -2.789999961853027344e+00 7.550000190734863281e+00 -3.600000000000000000e+01 3.718750000000000000e+01 -2.656250000000000000e+01 -1.875000000000000000e-01 -1.250000000000000000e-01 1.250000000000000000e-01
5.599999904632568359e+00 -2.769999980926513672e+00 7.530000209808349609e+00 -3.600000000000000000e+01 3.718750000000000000e+01 -2.656250000000000000e+01 -1.250000000000000000e-01 0.000000000000000000e+00 1.250000000000000000e-01
5.590000152587890625e+00 -2.779999971389770508e+00 7.519999980926513672e+00 -3.600000000000000000e+01 3.718750000000000000e+01 -2.656250000000000000e+01 -6.250000000000000000e-02 -1.250000000000000000e-01 6.250000000000000000e-02
5.599999904632568359e+00 -2.769999980926513672e+00 7.550000190734863281e+00 -3.600000000000000000e+01 3.718750000000000000e+01 -2.656250000000000000e+01 -1.250000000000000000e-01 -1.250000000000000000e-01 0.000000000000000000e+00
5.610000133514404297e+00 -2.789999961853027344e+00 7.550000190734863281e+00 -3.600000000000000000e+01 3.718750000000000000e+01 -2.656250000000000000e+01 -1.250000000000000000e-01 -1.250000000000000000e-01 0.000000000000000000e+00
5.579999923706054688e+00 -2.769999980926513672e+00 7.559999942779541016e+00 -3.568750000000000000e+01 3.718750000000000000e+01 -2.700000000000000000e+01 6.250000000000000000e-02 -1.875000000000000000e-01 0.000000000000000000e+00
5.599999904632568359e+00 -2.769999980926513672e+00 7.530000209808349609e+00 -3.568750000000000000e+01 3.718750000000000000e+01 -2.700000000000000000e+01 1.250000000000000000e-01 6.250000000000000000e-02 -1.250000000000000000e-01
5.599999904632568359e+00 -2.789999961853027344e+00 7.559999942779541016e+00 -3.568750000000000000e+01 3.718750000000000000e+01 -2.700000000000000000e+01 6.250000000000000000e-02 1.875000000000000000e-01 -1.250000000000000000e-01
5.579999923706054688e+00 -2.769999980926513672e+00 7.539999961853027344e+00 -3.568750000000000000e+01 3.718750000000000000e+01 -2.700000000000000000e+01 -6.250000000000000000e-02 1.250000000000000000e-01 -1.250000000000000000e-01
5.590000152587890625e+00 -2.710000038146972656e+00 7.610000133514404297e+00 -3.568750000000000000e+01 3.718750000000000000e+01 -2.700000000000000000e+01 -1.250000000000000000e-01 -1.250000000000000000e-01 -3.750000000000000000e-01
5.610000133514404297e+00 -2.680000066757202148e+00 7.750000000000000000e+00 -3.525000000000000000e+01 3.600000000000000000e+01 -2.606250000000000000e+01 -6.250000000000000000e-01 -6.875000000000000000e-01 -1.062500000000000000e+00
5.960000038146972656e+00 -2.569999933242797852e+00 7.690000057220458984e+00 -3.525000000000000000e+01 3.600000000000000000e+01 -2.606250000000000000e+01 -2.187500000000000000e+00 -1.500000000000000000e+00 -1.437500000000000000e+00
6.949999809265136719e+00 -2.140000104904174805e+00 7.599999904632568359e+00 -3.525000000000000000e+01 3.600000000000000000e+01 -2.606250000000000000e+01 -5.625000000000000000e+00 -3.125000000000000000e-01 -2.500000000000000000e+00
7.309999942779541016e+00 -7.599999904632568359e-01 7.880000114440917969e+00 -3.525000000000000000e+01 3.600000000000000000e+01 -2.606250000000000000e+01 -1.287500000000000000e+01 4.437500000000000000e+00 -9.562500000000000000e+00
8.029999732971191406e+00 1.279999971389770508e+00 8.319999694824218750e+00 -3.525000000000000000e+01 3.600000000000000000e+01 -2.606250000000000000e+01 -1.287500000000000000e+01 4.437500000000000000e+00 -9.562500000000000000e+00
8.720000267028808594e+00 3.500000000000000000e+00 8.250000000000000000e+00 -3.637500000000000000e+01 3.718750000000000000e+01 -2.737500000000000000e+01 -2.368750000000000000e+01 1.131250000000000000e+01 -2.687500000000000000e+01
9.000000000000000000e+00 5.780000209808349609e+00 8.800000190734863281e+00 -3.637500000000000000e+01 3.718750000000000000e+01 -2.737500000000000000e+01 -5.700000000000000000e+01 4.200000000000000000e+01 -8.906250000000000000e+01
9.920000076293945312e+00 5.130000114440917969e+00 8.420000076293945312e+00 -3.637500000000000000e+01 3.718750000000000000e+01 -2.737500000000000000e+01 -7.706250000000000000e+01 6.237500000000000000e+01 -1.257500000000000000e+02
1.006999969482421875e+01 5.599999904632568359e+00 8.390000343322753906e+00 -3.637500000000000000e+01 3.718750000000000000e+01 -2.737500000000000000e+01 -9.325000000000000000e+01 8.481250000000000000e+01 -1.666250000000000000e+02
9.430000305175781250e+00 4.889999866485595703e+00 8.100000381469726562e+00 -3.637500000000000000e+01 3.718750000000000000e+01 -2.737500000000000000e+01 -9.325000000000000000e+01 8.481250000000000000e+01 -1.666250000000000000e+02
9.399999618530273438e+00 2.920000076293945312e+00 6.679999828338623047e+00 -3.637500000000000000e+01 3.587500000000000000e+01 -2.575000000000000000e+01 -1.099375000000000000e+02 1.011250000000000000e+02 -2.031875000000000000e+02
9.000000000000000000e+00 1.700000047683715820e+00 6.590000152587890625e+00 -3.637500000000000000e+01 3.587500000000000000e+01 -2.575000000000000000e+01 -1.403750000000000000e+02 1.168125000000000000e+02 -2.561250000000000000e+02
9.289999961853027344e+00 8.399999737739562988e-01 6.380000114440917969e+00 -3.637500000000000000e+01 3.587500000000000000e+01 -2.575000000000000000e+01 -1.483125000000000000e+02 1.177500000000000000e+02 -2.769375000000000000e+02
9.960000038146972656e+00 -6.899999976158142090e-01 6.119999885559082031e+00 -3.637500000000000000e+01 3.587500000000000000e+01 -2.575000000000000000e+01 -1.546250000000000000e+02 1.203750000000000000e+02 -2.961250000000000000e+02
1.003999996185302734e+01 -1.460000038146972656e+00 5.510000228881835938e+00 -3.637500000000000000e+01 3.587500000000000000e+01 -2.575000000000000000e+01 -1.546250000000000000e+02 1.203750000000000000e+02 -2.961250000000000000e+02
8.750000000000000000e+00 -2.950000047683715820e+00 5.179999828338623047e+00 -4.006250000000000000e+01 3.218750000000000000e+01 -2.656250000000000000e+01 -1.595000000000000000e+02 1.230000000000000000e+02 -3.036250000000000000e+02
7.690000057220458984e+00 -4.030000209808349609e+00 5.480000019073486328e+00 -4.006250000000000000e+01 3.218750000000000000e+01 -2.656250000000000000e+01 -1.604375000000000000e+02 1.173750000000000000e+02 -2.873125000000000000e+02
6.539999961853027344e+00 -7.570000171661376953e+00 4.880000114440917969e+00 -4.006250000000000000e+01 3.218750000000000000e+01 -2.656250000000000000e+01 -1.518750000000000000e+02 1.083125000000000000e+02 -2.710000000000000000e+02
4.840000152587890625e+00 -9.260000228881835938e+00 5.340000152587890625e+00 -4.006250000000000000e+01 3.218750000000000000e+01 -2.656250000000000000e+01 -1.380625000000000000e+02 9.937500000000000000e+01 -2.503750000000000000e+02
4.230000019073486328e+00 -1.032999992370605469e+01 5.320000171661376953e+00 -4.006250000000000000e+01 3.218750000000000000e+01 -2.656250000000000000e+01 -1.380625000000000000e+02 9.937500000000000000e+01 -2.503750000000000000e+02
3.200000047683715820e+00 -1.075000000000000000e+01 5.489999771118164062e+00 -4.450000000000000000e+01 2.525000000000000000e+01 -2.656250000000000000e+01 -1.191250000000000000e+02 8.587500000000000000e+01 -2.234375000000000000e+02
1.679999947547912598e+00 -1.367000007629394531e+01 5.730000019073486328e+00 -4.450000000000000000e+01 2.525000000000000000e+01 -2.656250000000000000e+01 -7.793750000000000000e+01 5.318750000000000000e+01 -1.445000000000000000e+02
1.230000019073486328e+00 -1.284000015258789062e+01 5.980000019073486328e+00 -4.450000000000000000e+01 2.525000000000000000e+01 -2.656250000000000000e+01 -5.200000000000000000e+01 3.362500000000000000e+01 -1.061875000000000000e+02
6.800000071525573730e-01 -1.250000000000000000e+01 6.000000000000000000e+00 -4.450000000000000000e+01 2.525000000000000000e+01 -2.656250000000000000e+01 -3.162500000000000000e+01 1.381250000000000000e+01 -6.693750000000000000e+01
-9.000000357627868652e-02 -1.060000038146972656e+01 6.179999828338623047e+00 -4.450000000000000000e+01 2.525000000000000000e+01 -2.656250000000000000e+01 -3.162500000000000000e+01 1.381250000000000000e+01 -6.693750000000000000e+01
2.500000000000000000e-01 -9.020000457763671875e+00 6.389999866485595703e+00 -4.687500000000000000e+01 1.968750000000000000e+01 -2.806250000000000000e+01 -1.143750000000000000e+01 -6.875000000000000000e+00 -3.200000000000000000e+01
4.799999892711639404e-01 -6.889999866485595703e+00 6.559999942779541016e+00 -4.687500000000000000e+01 1.968750000000000000e+01 -2.806250000000000000e+01 1.681250000000000000e+01 -4.925000000000000000e+01 2.068750000000000000e+01
1.669999957084655762e+00 -3.369999885559082031e+00 6.900000095367431641e+00 -4.687500000000000000e+01 1.968750000000000000e+01 -2.806250000000000000e+01 1.793750000000000000e+01 -6.493750000000000000e+01 3.256250000000000000e+01
5.659999847412109375e+00 1.000000000000000000e+00 8.380000114440917969e+00 -4.687500000000000000e+01 1.968750000000000000e+01 -2.806250000000000000e+01 8.687500000000000000e+00 -7.375000000000000000e+01 3.775000000000000000e+01
8.010000228881835938e+00 1.470000028610229492e+00 9.199999809265136719e+00 -4.687500000000000000e+01 1.968750000000000000e+01 -2.806250000000000000e+01 8.687500000000000000e+00 -7.375000000000000000e+01 3.775000000000000000e+01
1.047000026702880859e+01 9.399999976158142090e-01 9.439999580383300781e+00 -4.725000000000000000e+01 1.825000000000000000e+01 -2.687500000000000000e+01 -5.562500000000000000e+00 -7.025000000000000000e+01 3.893750000000000000e+01
1.157999992370605469e+01 -5.600000023841857910e-01 9.210000038146972656e+00 -4.725000000000000000e+01 1.825000000000000000e+01 -2.687500000000000000e+01 -2.900000000000000000e+01 -2.731250000000000000e+01 3.793750000000000000e+01
1.072999954223632812e+01 -3.920000076293945312e+00 8.439999580383300781e+00 -4.725000000000000000e+01 1.825000000000000000e+01 -2.687500000000000000e+01 -2.750000000000000000e+01 -5.000000000000000000e+00 3.756250000000000000e+01
9.750000000000000000e+00 -5.199999809265136719e+00 7.789999961853027344e+00 -4.725000000000000000e+01 1.825000000000000000e+01 -2.687500000000000000e+01 -2.043750000000000000e+01 1.406250000000000000e+01 3.906250000000000000e+01
8.130000114440917969e+00 -6.369999885559082031e+00 7.800000190734863281e+00 -4.725000000000000000e+01 1.825000000000000000e+01 -2.687500000000000000e+01 -2.043750000000000000e+01 1.406250000000000000e+01 3.906250000000000000e+01
6.619999885559082031e+00 -6.489999771118164062e+00 7.469999790191650391e+00 -4.825000000000000000e+01 1.925000000000000000e+01 -2.406250000000000000e+01 -1.087500000000000000e+01 2.637500000000000000e+01 4.268750000000000000e+01
6.309999942779541016e+00 -6.840000152587890625e+00 7.400000095367431641e+00 -4.825000000000000000e+01 1.925000000000000000e+01 -2.406250000000000000e+01 1.562500000000000000e+01 3.300000000000000000e+01 6.012500000000000000e+01
5.909999847412109375e+00 -6.960000038146972656e+00 7.289999961853027344e+00 -4.825000000000000000e+01 1.925000000000000000e+01 -2.406250000000000000e+01 2.862500000000000000e+01 3.375000000000000000e+01 7.162500000000000000e+01
5.199999809265136719e+00 -6.719999790191650391e+00 7.130000114440917969e+00 -4.825000000000000000e+01 1.925000000000000000e+01 -2.406250000000000000e+01 3.987500000000000000e+01 3.100000000000000000e+01 8.450000000000000000e+01
4.170000076293945312e+00 -6.010000228881835938e+00 6.650000095367431641e+00 -4.825000000000000000e+01 1.925000000000000000e+01 -2.406250000000000000e+01 3.987500000000000000e+01 3.100000000000000000e+01 8.450000000000000000e+01
3.359999895095825195e+00 -5.800000190734863281e+00 6.579999923706054688e+00 -4.718750000000000000e+01 2.225000000000000000e+01 -2.575000000000000000e+01 4.712500000000000000e+01 2.356250000000000000e+01 1.010625000000000000e+02
3.049999952316284180e+00 -5.179999828338623047e+00 6.590000152587890625e+00 -4.718750000000000000e+01 2.225000000000000000e+01 -2.575000000000000000e+01 5.706250000000000000e+01 -3.375000000000000000e+00 1.395000000000000000e+02
3.150000095367431641e+00 -5.429999828338623047e+00 6.230000019073486328e+00 -4.718750000000000000e+01 2.225000000000000000e+01 -2.575000000000000000e+01 5.975000000000000000e+01 -1.893750000000000000e+01 1.632500000000000000e+02
3.150000095367431641e+00 -6.260000228881835938e+00 5.719999790191650391e+00 -4.718750000000000000e+01 2.225000000000000000e+01 -2.575000000000000000e+01 6.562500000000000000e+01 -3.506250000000000000e+01 1.830625000000000000e+02
3.539999961853027344e+00 -6.360000133514404297e+00 5.550000190734863281e+00 -4.718750000000000000e+01 2.225000000000000000e+01 -2.575000000000000000e+01 6.562500000000000000e+01 -3.506250000000000000e+01 1.830625000000000000e+02
3.930000066757202148e+00 -5.739999771118164062e+00 5.309999942779541016e+00 -4.450000000000000000e+01 2.418750000000000000e+01 -2.775000000000000000e+01 7.262500000000000000e+01 -5.118750000000000000e+01 2.003125000000000000e+02
4.199999809265136719e+00 -5.739999771118164062e+00 5.860000133514404297e+00 -4.450000000000000000e+01 2.418750000000000000e+01 -2.775000000000000000e+01 8.400000000000000000e+01 -7.900000000000000000e+01 2.285625000000000000e+02
4.320000171661376953e+00 -4.579999923706054688e+00 5.929999828338623047e+00 -4.450000000000000000e+01 2.418750000000000000e+01 -2.775000000000000000e+01 9.131250000000000000e+01 -8.956250000000000000e+01 2.333750000000000000e+02
4.219999790191650391e+00 -3.670000076293945312e+00 6.150000095367431641e+00 -4.450000000000000000e+01 2.418750000000000000e+01 -2.775000000000000000e+01 9.475000000000000000e+01 -1.003750000000000000e+02 2.351875000000000000e+02
4.960000038146972656e+00 -3.190000057220458984e+00 6.380000114440917969e+00 -4.450000000000000000e+01 2.418750000000000000e+01 -2.775000000000000000e+01 9.475000000000000000e+01 -1.003750000000000000e+02 2.351875000000000000e+02
4.579999923706054688e+00 -2.069999933242797852e+00 6.349999904632568359e+00 -4.118750000000000000e+01 2.925000000000000000e+01 -2.656250000000000000e+01 9.825000000000000000e+01 -1.077500000000000000e+02 2.293125000000000000e+02
4.099999904632568359e+00 -1.200000047683715820e+00 6.269999980926513672e+00 -4.118750000000000000e+01 2.925000000000000000e+01 -2.656250000000000000e+01 1.086875000000000000e+02 -1.167500000000000000e+02 2.008125000000000000e+02
2.759999990463256836e+00 -2.800000011920928955e-01 6.230000019073486328e+00 -4.118750000000000000e+01 2.925000000000000000e+01 -2.656250000000000000e+01 1.121250000000000000e+02 -1.242500000000000000e+02 1.770000000000000000e+02
2.089999914169311523e+00 7.999999821186065674e-02 6.320000171661376953e+00 -4.118750000000000000e+01 2.925000000000000000e+01 -2.656250000000000000e+01 1.140000000000000000e+02 -1.356875000000000000e+02 1.476875000000000000e+02
9.499999880790710449e-01 1.370000004768371582e+00 6.949999809265136719e+00 -4.118750000000000000e+01 2.925000000000000000e+01 -2.656250000000000000e+01 1.140000000000000000e+02 -1.356875000000000000e+02 1.476875000000000000e+02
9.499999880790710449e-01 3.319999933242797852e+00 7.050000190734863281e+00 -3.637500000000000000e+01 3.450000000000000000e+01 -2.656250000000000000e+01 1.180625000000000000e+02 -1.463125000000000000e+02 1.092500000000000000e+02
9.100000262260437012e-01 3.900000095367431641e+00 7.750000000000000000e+00 -3.637500000000000000e+01 3.450000000000000000e+01 -2.656250000000000000e+01 1.275000000000000000e+02 -1.691875000000000000e+02 1.781250000000000000e+01
1.871999931335449219e+01 1.059999942779541016e+00 1.802000045776367188e+01 -3.637500000000000000e+01 3.450000000000000000e+01 -2.656250000000000000e+01 1.763750000000000000e+02 -1.766250000000000000e+02 -5.337500000000000000e+01
3.945000076293945312e+01 1.744000053405761719e+01 1.555000019073486328e+01 -3.637500000000000000e+01 3.450000000000000000e+01 -2.656250000000000000e+01 9.525000000000000000e+01 -5.781250000000000000e+01 -1.318125000000000000e+02
1.970000076293945312e+01 1.784000015258789062e+01 -1.102000045776367188e+01 -3.637500000000000000e+01 3.450000000000000000e+01 -2.656250000000000000e+01 9.525000000000000000e+01 -5.781250000000000000e+01 -1.318125000000000000e+02
-8.970000267028808594e+00 -8.380000114440917969e+00 1.246000003814697266e+01 -3.718750000000000000e+01 3.600000000000000000e+01 -2.656250000000000000e+01 -5.743750000000000000e+01 1.186875000000000000e+02 -2.568750000000000000e+01
9.750000000000000000e+00 -7.389999866485595703e+00 4.670000076293945312e+00 -3.718750000000000000e+01 3.600000000000000000e+01 -2.656250000000000000e+01 -1.187500000000000000e+00 -1.181250000000000000e+01 1.506250000000000000e+01
3.720000028610229492e+00 -2.650000095367431641e+00 8.829999923706054688e+00 -3.718750000000000000e+01 3.600000000000000000e+01 -2.656250000000000000e+01 6.625000000000000000e+00 1.337500000000000000e+01 -5.437500000000000000e+00
3.750000000000000000e+00 -2.039999961853027344e+00 8.409999847412109375e+00 -3.718750000000000000e+01 3.600000000000000000e+01 -2.656250000000000000e+01 3.875000000000000000e+00 2.062500000000000000e+00 -8.750000000000000000e+00
6.010000228881835938e+00 -1.809999942779541016e+00 7.199999809265136719e+00 -3.718750000000000000e+01 3.600000000000000000e+01 -2.656250000000000000e+01 3.875000000000000000e+00 2.062500000000000000e+00 -8.750000000000000000e+00
5.829999923706054688e+00 -1.470000028610229492e+00 7.639999866485595703e+00 -3.868750000000000000e+01 3.450000000000000000e+01 -2.775000000000000000e+01 3.062500000000000000e+00 -4.375000000000000000e-01 -7.812500000000000000e+00
5.480000019073486328e+00 -1.639999985694885254e+00 7.869999885559082031e+00 -3.868750000000000000e+01 3.450000000000000000e+01 -2.775000000000000000e+01 -1.937500000000000000e+00 3.437500000000000000e+00 -1.062500000000000000e+00
5.739999771118164062e+00 -2.240000009536743164e+00 7.760000228881835938e+00 -3.868750000000000000e+01 3.450000000000000000e+01 -2.775000000000000000e+01 -3.875000000000000000e+00 2.562500000000000000e+00 -1.250000000000000000e-01
5.579999923706054688e+00 -2.609999895095825195e+00 7.539999961853027344e+00 -3.868750000000000000e+01 3.450000000000000000e+01 -2.775000000000000000e+01 -4.062500000000000000e+00 1.687500000000000000e+00 6.250000000000000000e-02
5.690000057220458984e+00 -2.839999914169311523e+00 7.530000209808349609e+00 -3.868750000000000000e+01 3.450000000000000000e+01 -2.775000000000000000e+01 -4.062500000000000000e+00 1.687500000000000000e+00 6.250000000000000000e-02
5.690000057220458984e+00 -2.710000038146972656e+00 7.539999961853027344e+00 -3.868750000000000000e+01 3.525000000000000000e+01 -2.618750000000000000e+01 -3.250000000000000000e+00 6.250000000000000000e-01 5.000000000000000000e-01
5.639999866485595703e+00 -2.619999885559082031e+00 7.579999923706054688e+00 -3.868750000000000000e+01 3.525000000000000000e+01 -2.618750000000000000e+01 -1.625000000000000000e+00 1.875000000000000000e-01 1.875000000000000000e-01
5.769999980926513672e+00 -2.619999885559082031e+00 7.510000228881835938e+00 -3.868750000000000000e+01 3.525000000000000000e+01 -2.618750000000000000e+01 -1.000000000000000000e+00 2.500000000000000000e-01 2.500000000000000000e-01
5.699999809265136719e+00 -2.650000095367431641e+00 7.570000171661376953e+00 -3.868750000000000000e+01 3.525000000000000000e+01 -2.618750000000000000e+01 -9.375000000000000000e-01 5.000000000000000000e-01 5.000000000000000000e-01
5.610000133514404297e+00 -2.690000057220458984e+00 7.590000152587890625e+00 -3.868750000000000000e+01 3.525000000000000000e+01 -2.618750000000000000e+01 -9.375000000000000000e-01 5.000000000000000000e-01 5.000000000000000000e-01
5.639999866485595703e+00 -2.730000019073486328e+00 7.579999923706054688e+00 -3.868750000000000000e+01 3.418750000000000000e+01 -2.656250000000000000e+01 -2.500000000000000000e-01 1.875000000000000000e-01 1.250000000000000000e-01
5.670000076293945312e+00 -2.599999904632568359e+00 7.559999942779541016e+00 -3.868750000000000000e+01 3.418750000000000000e+01 -2.656250000000000000e+01 -6.250000000000000000e-02 1.250000000000000000e-01 -4.375000000000000000e-01
5.670000076293945312e+00 -2.480000019073486328e+00 7.590000152587890625e+00 -3.868750000000000000e+01 3.418750000000000000e+01 -2.656250000000000000e+01 0.000000000000000000e+00 1.875000000000000000e-01 -3.125000000000000000e-01
5.639999866485595703e+00 -2.420000076293945312e+00 7.630000114440917969e+00 -3.868750000000000000e+01 3.418750000000000000e+01 -2.656250000000000000e+01 -3.125000000000000000e-01 2.500000000000000000e-01 -1.875000000000000000e-01
5.639999866485595703e+00 -2.460000038146972656e+00 7.639999866485595703e+00 -3.868750000000000000e+01 3.418750000000000000e+01 -2.656250000000000000e+01 -3.125000000000000000e-01 2.500000000000000000e-01 -1.875000000000000000e-01
