5.690000057220458984e+00 -2.250000000000000000e+00 7.650000095367431641e+00 -3.868750000000000000e+01 3.250000000000000000e+01 -2.718750000000000000e+01 1.875000000000000000e+00 1.250000000000000000e+00 -1.625000000000000000e+00
5.690000057220458984e+00 -2.289999961853027344e+00 7.659999847412109375e+00 -3.868750000000000000e+01 3.250000000000000000e+01 -2.718750000000000000e+01 1.625000000000000000e+00 1.312500000000000000e+00 -1.437500000000000000e+00
5.679999828338623047e+00 -2.279999971389770508e+00 7.659999847412109375e+00 -3.937500000000000000e+01 3.287500000000000000e+01 -2.837500000000000000e+01 1.437500000000000000e+00 8.750000000000000000e-01 -1.250000000000000000e+00
5.679999828338623047e+00 -2.279999971389770508e+00 7.650000095367431641e+00 -3.937500000000000000e+01 3.287500000000000000e+01 -2.837500000000000000e+01 1.312500000000000000e+00 6.875000000000000000e-01 -1.250000000000000000e+00
5.690000057220458984e+00 -2.230000019073486328e+00 7.639999866485595703e+00 -3.937500000000000000e+01 3.287500000000000000e+01 -2.837500000000000000e+01 1.062500000000000000e+00 5.625000000000000000e-01 -1.000000000000000000e+00
5.710000038146972656e+00 -2.200000047683715820e+00 7.670000076293945312e+00 -3.937500000000000000e+01 3.287500000000000000e+01 -2.837500000000000000e+01 1.000000000000000000e+00 3.750000000000000000e-01 -8.750000000000000000e-01
5.679999828338623047e+00 -2.190000057220458984e+00 7.670000076293945312e+00 -3.937500000000000000e+01 3.287500000000000000e+01 -2.837500000000000000e+01 8.750000000000000000e-01 2.500000000000000000e-01 -6.875000000000000000e-01
5.690000057220458984e+00 -2.220000028610229492e+00 7.679999828338623047e+00 -3.906250000000000000e+01 3.175000000000000000e+01 -2.718750000000000000e+01 5.000000000000000000e-01 3.125000000000000000e-01 -1.875000000000000000e-01
5.699999809265136719e+00 -2.299999952316284180e+00 7.630000114440917969e+00 -3.906250000000000000e+01 3.175000000000000000e+01 -2.718750000000000000e+01 2.500000000000000000e-01 6.250000000000000000e-02 -1.250000000000000000e-01
5.699999809265136719e+00 -2.309999942779541016e+00 7.590000152587890625e+00 -3.906250000000000000e+01 3.175000000000000000e+01 -2.718750000000000000e+01 0.000000000000000000e+00 -6.250000000000000000e-02 2.500000000000000000e-01
5.699999809265136719e+00 -2.289999961853027344e+00 7.639999866485595703e+00 -3.906250000000000000e+01 3.175000000000000000e+01 -2.718750000000000000e+01 6.250000000000000000e-02 -2.500000000000000000e-01 1.250000000000000000e-01
5.690000057220458984e+00 -2.259999990463256836e+00 7.659999847412109375e+00 -3.906250000000000000e+01 3.175000000000000000e+01 -2.718750000000000000e+01 0.000000000000000000e+00 -2.500000000000000000e-01 1.875000000000000000e-01
5.690000057220458984e+00 -2.230000019073486328e+00 7.659999847412109375e+00 -3.868750000000000000e+01 3.287500000000000000e+01 -2.718750000000000000e+01 -6.250000000000000000e-02 -1.250000000000000000e-01 2.500000000000000000e-01
5.679999828338623047e+00 -2.250000000000000000e+00 7.630000114440917969e+00 -3.868750000000000000e+01 3.287500000000000000e+01 -2.718750000000000000e+01 -3.125000000000000000e-01 -1.250000000000000000e-01 4.375000000000000000e-01
5.690000057220458984e+00 -2.259999990463256836e+00 7.639999866485595703e+00 -3.868750000000000000e+01 3.287500000000000000e+01 -2.718750000000000000e+01 -4.375000000000000000e-01 -3.125000000000000000e-01 5.625000000000000000e-01
5.710000038146972656e+00 -2.240000009536743164e+00 7.630000114440917969e+00 -3.868750000000000000e+01 3.287500000000000000e+01 -2.718750000000000000e+01 -6.250000000000000000e-01 -3.125000000000000000e-01 5.625000000000000000e-01
5.670000076293945312e+00 -2.309999942779541016e+00 7.650000095367431641e+00 -3.868750000000000000e+01 3.287500000000000000e+01 -2.718750000000000000e+01 -8.125000000000000000e-01 -3.750000000000000000e-01 7.500000000000000000e-01
5.659999847412109375e+00 -2.319999933242797852e+00 7.650000095367431641e+00 -3.906250000000000000e+01 3.325000000000000000e+01 -2.800000000000000000e+01 -9.375000000000000000e-01 -3.125000000000000000e-01 7.500000000000000000e-01
5.670000076293945312e+00 -2.339999914169311523e+00 7.670000076293945312e+00 -3.906250000000000000e+01 3.325000000000000000e+01 -2.800000000000000000e+01 -1.000000000000000000e+00 -3.750000000000000000e-01 6.875000000000000000e-01
5.670000076293945312e+00 -2.319999933242797852e+00 7.619999885559082031e+00 -3.906250000000000000e+01 3.325000000000000000e+01 -2.800000000000000000e+01 -8.750000000000000000e-01 -2.500000000000000000e-01 7.500000000000000000e-01
5.659999847412109375e+00 -2.299999952316284180e+00 7.619999885559082031e+00 -3.906250000000000000e+01 3.325000000000000000e+01 -2.800000000000000000e+01 -8.125000000000000000e-01 -4.375000000000000000e-01 7.500000000000000000e-01
5.670000076293945312e+00 -2.299999952316284180e+00 7.659999847412109375e+00 -3.906250000000000000e+01 3.325000000000000000e+01 -2.800000000000000000e+01 -7.500000000000000000e-01 -7.500000000000000000e-01 6.250000000000000000e-01
5.659999847412109375e+00 -2.319999933242797852e+00 7.650000095367431641e+00 -3.906250000000000000e+01 3.250000000000000000e+01 -2.756250000000000000e+01 -1.000000000000000000e+00 -7.500000000000000000e-01 5.625000000000000000e-01
5.579999923706054688e+00 -2.140000104904174805e+00 7.699999809265136719e+00 -3.906250000000000000e+01 3.250000000000000000e+01 -2.756250000000000000e+01 -1.000000000000000000e+00 -8.125000000000000000e-01 5.000000000000000000e-01
5.590000152587890625e+00 -1.600000023841857910e+00 8.039999961853027344e+00 -3.906250000000000000e+01 3.250000000000000000e+01 -2.756250000000000000e+01 -1.375000000000000000e+00 -1.750000000000000000e+00 1.125000000000000000e+00
5.650000095367431641e+00 -1.190000057220458984e+00 7.980000019073486328e+00 -3.906250000000000000e+01 3.250000000000000000e+01 -2.756250000000000000e+01 -3.187500000000000000e+00 -4.437500000000000000e+00 2.875000000000000000e+00
5.619999885559082031e+00 -1.889999985694885254e+00 7.900000095367431641e+00 -3.906250000000000000e+01 3.250000000000000000e+01 -2.756250000000000000e+01 -7.625000000000000000e+00 -6.937500000000000000e+00 4.750000000000000000e+00
5.860000133514404297e+00 -1.909999966621398926e+00 7.780000209808349609e+00 -3.937500000000000000e+01 3.250000000000000000e+01 -2.800000000000000000e+01 -1.137500000000000000e+01 -8.437500000000000000e+00 6.250000000000000000e+00
6.079999923706054688e+00 -1.779999971389770508e+00 7.579999923706054688e+00 -3.937500000000000000e+01 3.250000000000000000e+01 -2.800000000000000000e+01 -1.306250000000000000e+01 -1.081250000000000000e+01 7.750000000000000000e+00
5.849999904632568359e+00 -2.130000114440917969e+00 7.610000133514404297e+00 -3.937500000000000000e+01 3.250000000000000000e+01 -2.800000000000000000e+01 -1.387500000000000000e+01 -1.137500000000000000e+01 9.812500000000000000e+00
5.719999790191650391e+00 -2.869999885559082031e+00 7.360000133514404297e+00 -3.937500000000000000e+01 3.250000000000000000e+01 -2.800000000000000000e+01 -1.381250000000000000e+01 -1.037500000000000000e+01 1.131250000000000000e+01
5.719999790191650391e+00 -3.079999923706054688e+00 7.320000171661376953e+00 -3.937500000000000000e+01 3.250000000000000000e+01 -2.800000000000000000e+01 -1.300000000000000000e+01 -9.687500000000000000e+00 1.093750000000000000e+01
5.690000057220458984e+00 -3.170000076293945312e+00 7.239999771118164062e+00 -3.975000000000000000e+01 3.400000000000000000e+01 -2.675000000000000000e+01 -1.087500000000000000e+01 -8.625000000000000000e+00 9.500000000000000000e+00
5.670000076293945312e+00 -3.119999885559082031e+00 7.250000000000000000e+00 -3.975000000000000000e+01 3.400000000000000000e+01 -2.675000000000000000e+01 -7.812500000000000000e+00 -7.250000000000000000e+00 7.500000000000000000e+00
5.739999771118164062e+00 -2.920000076293945312e+00 7.280000209808349609e+00 -3.975000000000000000e+01 3.400000000000000000e+01 -2.675000000000000000e+01 -4.937500000000000000e+00 -5.937500000000000000e+00 5.437500000000000000e+00
5.730000019073486328e+00 -2.809999942779541016e+00 7.289999961853027344e+00 -3.975000000000000000e+01 3.400000000000000000e+01 -2.675000000000000000e+01 -2.437500000000000000e+00 -4.812500000000000000e+00 3.687500000000000000e+00
5.730000019073486328e+00 -2.579999923706054688e+00 7.469999790191650391e+00 -3.975000000000000000e+01 3.400000000000000000e+01 -2.675000000000000000e+01 -1.250000000000000000e-01 -4.062500000000000000e+00 2.500000000000000000e+00
5.849999904632568359e+00 -2.349999904632568359e+00 7.489999771118164062e+00 -3.968750000000000000e+01 3.287500000000000000e+01 -2.637500000000000000e+01 1.187500000000000000e+00 -4.062500000000000000e+00 2.187500000000000000e+00
5.730000019073486328e+00 -2.299999952316284180e+00 7.940000057220458984e+00 -3.968750000000000000e+01 3.287500000000000000e+01 -2.637500000000000000e+01 1.562500000000000000e+00 -4.312500000000000000e+00 2.562500000000000000e+00
6.079999923706054688e+00 -1.720000028610229492e+00 7.860000133514404297e+00 -3.968750000000000000e+01 3.287500000000000000e+01 -2.637500000000000000e+01 8.750000000000000000e-01 -6.875000000000000000e+00 3.937500000000000000e+00
6.239999771118164062e+00 -1.669999957084655762e+00 7.559999942779541016e+00 -3.968750000000000000e+01 3.287500000000000000e+01 -2.637500000000000000e+01 -2.187500000000000000e+00 -1.056250000000000000e+01 6.125000000000000000e+00
5.940000057220458984e+00 -2.339999914169311523e+00 7.519999980926513672e+00 -3.968750000000000000e+01 3.287500000000000000e+01 -2.637500000000000000e+01 -5.187500000000000000e+00 -1.062500000000000000e+01 9.187500000000000000e+00
5.869999885559082031e+00 -2.579999923706054688e+00 7.469999790191650391e+00 -3.937500000000000000e+01 3.400000000000000000e+01 -2.675000000000000000e+01 -6.375000000000000000e+00 -1.050000000000000000e+01 1.162500000000000000e+01
5.789999961853027344e+00 -2.809999942779541016e+00 7.429999828338623047e+00 -3.937500000000000000e+01 3.400000000000000000e+01 -2.675000000000000000e+01 -6.687500000000000000e+00 -1.000000000000000000e+01 1.231250000000000000e+01
5.780000209808349609e+00 -2.920000076293945312e+00 7.349999904632568359e+00 -3.937500000000000000e+01 3.400000000000000000e+01 -2.675000000000000000e+01 -6.375000000000000000e+00 -9.437500000000000000e+00 1.187500000000000000e+01
5.769999980926513672e+00 -2.650000095367431641e+00 7.460000038146972656e+00 -3.937500000000000000e+01 3.400000000000000000e+01 -2.675000000000000000e+01 -5.375000000000000000e+00 -9.500000000000000000e+00 1.106250000000000000e+01
5.900000095367431641e+00 -2.309999942779541016e+00 7.489999771118164062e+00 -3.937500000000000000e+01 3.400000000000000000e+01 -2.675000000000000000e+01 -4.062500000000000000e+00 -1.037500000000000000e+01 1.068750000000000000e+01
5.920000076293945312e+00 -2.250000000000000000e+00 7.409999847412109375e+00 -3.825000000000000000e+01 3.325000000000000000e+01 -2.600000000000000000e+01 -4.062500000000000000e+00 -1.112500000000000000e+01 1.087500000000000000e+01
5.739999771118164062e+00 -2.180000066757202148e+00 7.730000019073486328e+00 -3.825000000000000000e+01 3.325000000000000000e+01 -2.600000000000000000e+01 -4.312500000000000000e+00 -1.168750000000000000e+01 1.237500000000000000e+01
6.360000133514404297e+00 -1.570000052452087402e+00 7.590000152587890625e+00 -3.825000000000000000e+01 3.325000000000000000e+01 -2.600000000000000000e+01 -3.812500000000000000e+00 -1.587500000000000000e+01 1.587500000000000000e+01
6.190000057220458984e+00 -1.690000057220458984e+00 7.750000000000000000e+00 -3.825000000000000000e+01 3.325000000000000000e+01 -2.600000000000000000e+01 -6.125000000000000000e+00 -1.787500000000000000e+01 1.925000000000000000e+01
6.079999923706054688e+00 -1.539999961853027344e+00 8.180000305175781250e+00 -3.825000000000000000e+01 3.325000000000000000e+01 -2.600000000000000000e+01 -1.000000000000000000e+01 -1.743750000000000000e+01 2.331250000000000000e+01
7.679999828338623047e+00 -4.000000059604644775e-01 7.980000019073486328e+00 -3.868750000000000000e+01 3.437500000000000000e+01 -2.556250000000000000e+01 -1.600000000000000000e+01 -2.118750000000000000e+01 2.856250000000000000e+01
7.739999771118164062e+00 -3.600000143051147461e-01 7.840000152587890625e+00 -3.868750000000000000e+01 3.437500000000000000e+01 -2.556250000000000000e+01 -2.575000000000000000e+01 -2.518750000000000000e+01 3.750000000000000000e+01
7.159999847412109375e+00 -6.100000143051147461e-01 8.289999961853027344e+00 -3.868750000000000000e+01 3.437500000000000000e+01 -2.556250000000000000e+01 -3.718750000000000000e+01 -2.125000000000000000e+01 4.775000000000000000e+01
7.579999923706054688e+00 -2.000000029802322388e-01 7.800000190734863281e+00 -3.868750000000000000e+01 3.437500000000000000e+01 -2.556250000000000000e+01 -4.987500000000000000e+01 -1.581250000000000000e+01 5.618750000000000000e+01
6.650000095367431641e+00 -9.700000286102294922e-01 7.559999942779541016e+00 -3.868750000000000000e+01 3.437500000000000000e+01 -2.556250000000000000e+01 -6.356250000000000000e+01 -7.375000000000000000e+00 6.350000000000000000e+01
5.670000076293945312e+00 -1.539999961853027344e+00 8.159999847412109375e+00 -3.787500000000000000e+01 3.506250000000000000e+01 -2.387500000000000000e+01 -7.912500000000000000e+01 4.562500000000000000e+00 7.262500000000000000e+01
5.900000095367431641e+00 -1.480000019073486328e+00 8.329999923706054688e+00 -3.787500000000000000e+01 3.506250000000000000e+01 -2.387500000000000000e+01 -9.143750000000000000e+01 1.106250000000000000e+01 7.931250000000000000e+01
6.670000076293945312e+00 -8.600000143051147461e-01 7.570000171661376953e+00 -3.787500000000000000e+01 3.506250000000000000e+01 -2.387500000000000000e+01 -1.041250000000000000e+02 1.262500000000000000e+01 8.612500000000000000e+01
5.780000209808349609e+00 -8.500000238418579102e-01 7.590000152587890625e+00 -3.787500000000000000e+01 3.506250000000000000e+01 -2.387500000000000000e+01 -1.169375000000000000e+02 1.875000000000000000e+01 9.356250000000000000e+01
5.480000019073486328e+00 -1.159999966621398926e+00 7.650000095367431641e+00 -3.787500000000000000e+01 3.506250000000000000e+01 -2.387500000000000000e+01 -1.284375000000000000e+02 2.325000000000000000e+01 1.010625000000000000e+02
5.449999809265136719e+00 -1.179999947547912598e+00 7.429999828338623047e+00 -3.568750000000000000e+01 4.025000000000000000e+01 -2.187500000000000000e+01 -1.405000000000000000e+02 2.443750000000000000e+01 1.091875000000000000e+02
5.539999961853027344e+00 -1.330000042915344238e+00 7.289999961853027344e+00 -3.568750000000000000e+01 4.025000000000000000e+01 -2.187500000000000000e+01 -1.529375000000000000e+02 2.425000000000000000e+01 1.167500000000000000e+02
5.750000000000000000e+00 -1.210000038146972656e+00 7.030000209808349609e+00 -3.568750000000000000e+01 4.025000000000000000e+01 -2.187500000000000000e+01 -1.661250000000000000e+02 2.375000000000000000e+01 1.241250000000000000e+02
5.440000057220458984e+00 -9.700000286102294922e-01 6.869999885559082031e+00 -3.568750000000000000e+01 4.025000000000000000e+01 -2.187500000000000000e+01 -1.815625000000000000e+02 2.331250000000000000e+01 1.324375000000000000e+02
5.099999904632568359e+00 -8.199999928474426270e-01 6.869999885559082031e+00 -3.568750000000000000e+01 4.025000000000000000e+01 -2.187500000000000000e+01 -1.989375000000000000e+02 2.243750000000000000e+01 1.425625000000000000e+02
4.519999980926513672e+00 -4.300000071525573730e-01 5.860000133514404297e+00 -3.200000000000000000e+01 4.475000000000000000e+01 -1.775000000000000000e+01 -2.189375000000000000e+02 1.981250000000000000e+01 1.553750000000000000e+02
3.880000114440917969e+00 -1.500000000000000000e+00 5.800000190734863281e+00 -3.200000000000000000e+01 4.475000000000000000e+01 -1.775000000000000000e+01 -2.393750000000000000e+02 1.568750000000000000e+01 1.722500000000000000e+02
3.029999971389770508e+00 -1.629999995231628418e+00 5.400000095367431641e+00 -3.200000000000000000e+01 4.475000000000000000e+01 -1.775000000000000000e+01 -2.588750000000000000e+02 1.312500000000000000e+01 1.819375000000000000e+02
2.500000000000000000e+00 -2.279999971389770508e+00 4.659999847412109375e+00 -3.200000000000000000e+01 4.475000000000000000e+01 -1.775000000000000000e+01 -2.775000000000000000e+02 6.750000000000000000e+00 1.905625000000000000e+02
8.700000047683715820e-01 -5.329999923706054688e+00 2.309999942779541016e+00 -3.200000000000000000e+01 4.475000000000000000e+01 -1.775000000000000000e+01 -2.926250000000000000e+02 -1.375000000000000000e+00 2.010625000000000000e+02
-1.400000005960464478e-01 -7.369999885559082031e+00 7.200000286102294922e-01 -2.487500000000000000e+01 5.175000000000000000e+01 -1.006250000000000000e+01 -3.021250000000000000e+02 -5.125000000000000000e+00 2.048125000000000000e+02
-1.799999952316284180e+00 -1.242000007629394531e+01 -1.019999980926513672e+00 -2.487500000000000000e+01 5.175000000000000000e+01 -1.006250000000000000e+01 -3.020625000000000000e+02 -4.500000000000000000e+00 1.945000000000000000e+02
-1.679999947547912598e+00 -1.496000003814697266e+01 -3.539999961853027344e+00 -2.487500000000000000e+01 5.175000000000000000e+01 -1.006250000000000000e+01 -2.844375000000000000e+02 -1.687500000000000000e+00 1.637500000000000000e+02
-1.120000004768371582e+00 -2.039999961853027344e+01 -4.800000190734863281e+00 -2.487500000000000000e+01 5.175000000000000000e+01 -1.006250000000000000e+01 -2.458125000000000000e+02 -8.125000000000000000e+00 1.428750000000000000e+02
-1.039999961853027344e+00 -1.823999977111816406e+01 -3.480000019073486328e+00 -2.487500000000000000e+01 5.175000000000000000e+01 -1.006250000000000000e+01 -1.909375000000000000e+02 -1.150000000000000000e+01 1.214375000000000000e+02
6.700000166893005371e-01 -1.684000015258789062e+01 -2.650000095367431641e+00 -1.618750000000000000e+01 5.550000000000000000e+01 1.187500000000000000e+00 -1.361875000000000000e+02 -1.387500000000000000e+01 8.525000000000000000e+01
3.230000019073486328e+00 -1.244999980926513672e+01 3.700000047683715820e-01 -1.618750000000000000e+01 5.550000000000000000e+01 1.187500000000000000e+00 -8.900000000000000000e+01 -1.431250000000000000e+01 6.193750000000000000e+01
3.890000104904174805e+00 -1.039000034332275391e+01 1.409999966621398926e+00 -1.618750000000000000e+01 5.550000000000000000e+01 1.187500000000000000e+00 -5.943750000000000000e+01 -7.562500000000000000e+00 4.881250000000000000e+01
3.660000085830688477e+00 -9.130000114440917969e+00 2.490000009536743164e+00 -1.618750000000000000e+01 5.550000000000000000e+01 1.187500000000000000e+00 -4.768750000000000000e+01 3.937500000000000000e+00 4.212500000000000000e+01
3.200000047683715820e+00 -8.510000228881835938e+00 3.200000047683715820e+00 -1.618750000000000000e+01 5.550000000000000000e+01 1.187500000000000000e+00 -4.706250000000000000e+01 1.093750000000000000e+01 4.262500000000000000e+01
1.759999990463256836e+00 -8.180000305175781250e+00 3.460000038146972656e+00 -1.168750000000000000e+01 5.550000000000000000e+01 9.250000000000000000e+00 -5.368750000000000000e+01 1.375000000000000000e+01 4.550000000000000000e+01
1.230000019073486328e+00 -8.430000305175781250e+00 3.220000028610229492e+00 -1.168750000000000000e+01 5.550000000000000000e+01 9.250000000000000000e+00 -6.337500000000000000e+01 1.281250000000000000e+01 4.756250000000000000e+01
8.999999761581420898e-01 -9.229999542236328125e+00 2.809999942779541016e+00 -1.168750000000000000e+01 5.550000000000000000e+01 9.250000000000000000e+00 -7.112500000000000000e+01 9.750000000000000000e+00 4.737500000000000000e+01
7.699999809265136719e-01 -1.026000022888183594e+01 1.830000042915344238e+00 -1.168750000000000000e+01 5.550000000000000000e+01 9.250000000000000000e+00 -7.462500000000000000e+01 4.812500000000000000e+00 4.593750000000000000e+01
1.190000057220458984e+00 -1.077000045776367188e+01 1.519999980926513672e+00 -1.168750000000000000e+01 5.550000000000000000e+01 9.250000000000000000e+00 -7.468750000000000000e+01 -6.875000000000000000e-01 4.356250000000000000e+01
1.509999990463256836e+00 -1.102000045776367188e+01 9.900000095367431641e-01 -9.375000000000000000e+00 5.650000000000000000e+01 9.875000000000000000e+00 -7.350000000000000000e+01 -2.875000000000000000e+00 3.862500000000000000e+01
1.629999995231628418e+00 -1.152999973297119141e+01 5.699999928474426270e-01 -9.375000000000000000e+00 5.650000000000000000e+01 9.875000000000000000e+00 -6.856250000000000000e+01 -2.500000000000000000e+00 3.450000000000000000e+01
1.399999976158142090e+00 -1.214000034332275391e+01 9.000000357627868652e-02 -9.375000000000000000e+00 5.650000000000000000e+01 9.875000000000000000e+00 -5.887500000000000000e+01 -1.062500000000000000e+00 3.050000000000000000e+01
1.200000047683715820e+00 -1.239999961853027344e+01 7.999999821186065674e-02 -9.375000000000000000e+00 5.650000000000000000e+01 9.875000000000000000e+00 -4.650000000000000000e+01 5.000000000000000000e-01 2.537500000000000000e+01
9.599999785423278809e-01 -1.243999958038330078e+01 1.000000014901161194e-01 -9.375000000000000000e+00 5.650000000000000000e+01 9.875000000000000000e+00 -3.237500000000000000e+01 2.000000000000000000e+00 1.906250000000000000e+01
8.299999833106994629e-01 -1.240999984741210938e+01 2.599999904632568359e-01 -7.562500000000000000e+00 5.406250000000000000e+01 1.350000000000000000e+01 -1.756250000000000000e+01 2.312500000000000000e+00 1.168750000000000000e+01
8.999999761581420898e-01 -1.186999988555908203e+01 5.899999737739562988e-01 -7.562500000000000000e+00 5.406250000000000000e+01 1.350000000000000000e+01 -3.500000000000000000e+00 1.750000000000000000e+00 3.937500000000000000e+00
1.169999957084655762e+00 -1.147000026702880859e+01 6.700000166893005371e-01 -7.562500000000000000e+00 5.406250000000000000e+01 1.350000000000000000e+01 9.375000000000000000e+00 8.750000000000000000e-01 -3.312500000000000000e+00
1.149999976158142090e+00 -1.131999969482421875e+01 7.200000286102294922e-01 -7.562500000000000000e+00 5.406250000000000000e+01 1.350000000000000000e+01 1.975000000000000000e+01 7.500000000000000000e-01 -1.000000000000000000e+01
9.800000190734863281e-01 -1.156999969482421875e+01 7.300000190734863281e-01 -7.562500000000000000e+00 5.406250000000000000e+01 1.350000000000000000e+01 2.937500000000000000e+01 1.312500000000000000e+00 -1.600000000000000000e+01
9.499999880790710449e-01 -1.155000019073486328e+01 7.900000214576721191e-01 -7.562500000000000000e+00 5.437500000000000000e+01 1.275000000000000000e+01 3.900000000000000000e+01 1.437500000000000000e+00 -2.193750000000000000e+01
1.070000052452087402e+00 -1.127000045776367188e+01 9.700000286102294922e-01 -7.562500000000000000e+00 5.437500000000000000e+01 1.275000000000000000e+01 4.950000000000000000e+01 7.500000000000000000e-01 -2.812500000000000000e+01
1.320000052452087402e+00 -1.096000003814697266e+01 1.110000014305114746e+00 -7.562500000000000000e+00 5.437500000000000000e+01 1.275000000000000000e+01 5.968750000000000000e+01 -5.000000000000000000e-01 -3.437500000000000000e+01
