0.000000000000000000e+00 0.000000000000000000e+00 0.000000000000000000e+00 0.000000000000000000e+00 0.000000000000000000e+00 0.000000000000000000e+00 0.000000000000000000e+00 0.000000000000000000e+00 0.000000000000000000e+00
0.000000000000000000e+00 0.000000000000000000e+00 0.000000000000000000e+00 0.000000000000000000e+00 0.000000000000000000e+00 0.000000000000000000e+00 0.000000000000000000e+00 0.000000000000000000e+00 0.000000000000000000e+00
0.000000000000000000e+00 0.000000000000000000e+00 0.000000000000000000e+00 0.000000000000000000e+00 0.000000000000000000e+00 0.000000000000000000e+00 0.000000000000000000e+00 0.000000000000000000e+00 0.000000000000000000e+00
0.000000000000000000e+00 0.000000000000000000e+00 0.000000000000000000e+00 0.000000000000000000e+00 0.000000000000000000e+00 0.000000000000000000e+00 0.000000000000000000e+00 0.000000000000000000e+00 0.000000000000000000e+00
0.000000000000000000e+00 0.000000000000000000e+00 0.000000000000000000e+00 0.000000000000000000e+00 0.000000000000000000e+00 0.000000000000000000e+00 0.000000000000000000e+00 0.000000000000000000e+00 0.000000000000000000e+00
0.000000000000000000e+00 0.000000000000000000e+00 0.000000000000000000e+00 0.000000000000000000e+00 0.000000000000000000e+00 0.000000000000000000e+00 0.000000000000000000e+00 0.000000000000000000e+00 0.000000000000000000e+00
0.000000000000000000e+00 0.000000000000000000e+00 0.000000000000000000e+00 0.000000000000000000e+00 0.000000000000000000e+00 0.000000000000000000e+00 0.000000000000000000e+00 0.000000000000000000e+00 0.000000000000000000e+00
0.000000000000000000e+00 0.000000000000000000e+00 0.000000000000000000e+00 0.000000000000000000e+00 0.000000000000000000e+00 0.000000000000000000e+00 0.000000000000000000e+00 0.000000000000000000e+00 0.000000000000000000e+00
0.000000000000000000e+00 0.000000000000000000e+00 0.000000000000000000e+00 0.000000000000000000e+00 0.000000000000000000e+00 0.000000000000000000e+00 0.000000000000000000e+00 0.000000000000000000e+00 0.000000000000000000e+00
0.000000000000000000e+00 0.000000000000000000e+00 0.000000000000000000e+00 0.000000000000000000e+00 0.000000000000000000e+00 0.000000000000000000e+00 0.000000000000000000e+00 0.000000000000000000e+00 0.000000000000000000e+00
0.000000000000000000e+00 0.000000000000000000e+00 0.000000000000000000e+00 0.000000000000000000e+00 0.000000000000000000e+00 0.000000000000000000e+00 0.000000000000000000e+00 0.000000000000000000e+00 0.000000000000000000e+00
0.000000000000000000e+00 0.000000000000000000e+00 0.000000000000000000e+00 0.000000000000000000e+00 0.000000000000000000e+00 0.000000000000000000e+00 0.000000000000000000e+00 0.000000000000000000e+00 0.000000000000000000e+00
0.000000000000000000e+00 0.000000000000000000e+00 0.000000000000000000e+00 0.000000000000000000e+00 0.000000000000000000e+00 0.000000000000000000e+00 0.000000000000000000e+00 0.000000000000000000e+00 0.000000000000000000e+00
0.000000000000000000e+00 0.000000000000000000e+00 0.000000000000000000e+00 0.000000000000000000e+00 0.000000000000000000e+00 0.000000000000000000e+00 0.000000000000000000e+00 0.000000000000000000e+00 0.000000000000000000e+00
0.000000000000000000e+00 0.000000000000000000e+00 0.000000000000000000e+00 0.000000000000000000e+00 0.000000000000000000e+00 0.000000000000000000e+00 0.000000000000000000e+00 0.000000000000000000e+00 0.000000000000000000e+00
0.000000000000000000e+00 0.000000000000000000e+00 0.000000000000000000e+00 0.000000000000000000e+00 0.000000000000000000e+00 0.000000000000000000e+00 0.000000000000000000e+00 0.000000000000000000e+00 0.000000000000000000e+00
0.000000000000000000e+00 0.000000000000000000e+00 0.000000000000000000e+00 0.000000000000000000e+00 0.000000000000000000e+00 0.000000000000000000e+00 0.000000000000000000e+00 0.000000000000000000e+00 0.000000000000000000e+00
0.000000000000000000e+00 0.000000000000000000e+00 0.000000000000000000e+00 0.000000000000000000e+00 0.000000000000000000e+00 0.000000000000000000e+00 0.000000000000000000e+00 0.000000000000000000e+00 0.000000000000000000e+00
0.000000000000000000e+00 0.000000000000000000e+00 0.000000000000000000e+00 0.000000000000000000e+00 0.000000000000000000e+00 0.000000000000000000e+00 0.000000000000000000e+00 0.000000000000000000e+00 0.000000000000000000e+00
0.000000000000000000e+00 0.000000000000000000e+00 0.000000000000000000e+00 0.000000000000000000e+00 0.000000000000000000e+00 0.000000000000000000e+00 0.000000000000000000e+00 0.000000000000000000e+00 0.000000000000000000e+00
0.000000000000000000e+00 0.000000000000000000e+00 0.000000000000000000e+00 0.000000000000000000e+00 0.000000000000000000e+00 0.000000000000000000e+00 0.000000000000000000e+00 0.000000000000000000e+00 0.000000000000000000e+00
6.260000228881835938e+00 -1.139999985694885254e+00 7.369999885559082031e+00 -4.256250000000000000e+01 1.287500000000000000e+01 -1.575000000000000000e+01 8.750000000000000000e-01 1.000000000000000000e+00 -1.187500000000000000e+00
6.260000228881835938e+00 -1.139999985694885254e+00 7.440000057220458984e+00 -4.256250000000000000e+01 1.287500000000000000e+01 -1.575000000000000000e+01 9.375000000000000000e-01 9.375000000000000000e-01 -1.375000000000000000e+00
6.269999980926513672e+00 -1.059999942779541016e+00 7.440000057220458984e+00 -4.256250000000000000e+01 1.287500000000000000e+01 -1.575000000000000000e+01 1.000000000000000000e+00 1.000000000000000000e+00 -1.437500000000000000e+00
6.239999771118164062e+00 -1.100000023841857910e+00 7.449999809265136719e+00 -4.256250000000000000e+01 1.368750000000000000e+01 -1.750000000000000000e+01 1.000000000000000000e+00 8.750000000000000000e-01 -1.375000000000000000e+00
6.230000019073486328e+00 -1.059999942779541016e+00 7.469999790191650391e+00 -4.256250000000000000e+01 1.368750000000000000e+01 -1.750000000000000000e+01 8.125000000000000000e-01 7.500000000000000000e-01 -1.250000000000000000e+00
6.250000000000000000e+00 -9.900000095367431641e-01 7.409999847412109375e+00 -4.256250000000000000e+01 1.368750000000000000e+01 -1.750000000000000000e+01 6.250000000000000000e-01 5.000000000000000000e-01 -9.375000000000000000e-01
6.250000000000000000e+00 -1.039999961853027344e+00 7.440000057220458984e+00 -4.256250000000000000e+01 1.368750000000000000e+01 -1.750000000000000000e+01 5.625000000000000000e-01 4.375000000000000000e-01 -9.375000000000000000e-01
6.260000228881835938e+00 -1.070000052452087402e+00 7.460000038146972656e+00 -4.225000000000000000e+01 1.275000000000000000e+01 -1.587500000000000000e+01 5.625000000000000000e-01 4.375000000000000000e-01 -1.062500000000000000e+00
6.250000000000000000e+00 -1.100000023841857910e+00 7.440000057220458984e+00 -4.225000000000000000e+01 1.275000000000000000e+01 -1.587500000000000000e+01 5.000000000000000000e-01 3.750000000000000000e-01 -9.375000000000000000e-01
6.250000000000000000e+00 -1.049999952316284180e+00 7.440000057220458984e+00 -4.225000000000000000e+01 1.275000000000000000e+01 -1.587500000000000000e+01 5.000000000000000000e-01 6.250000000000000000e-02 -8.750000000000000000e-01
6.239999771118164062e+00 -1.009999990463256836e+00 7.449999809265136719e+00 -4.225000000000000000e+01 1.275000000000000000e+01 -1.587500000000000000e+01 3.750000000000000000e-01 1.250000000000000000e-01 -7.500000000000000000e-01
6.289999961853027344e+00 -9.800000190734863281e-01 7.440000057220458984e+00 -4.225000000000000000e+01 1.275000000000000000e+01 -1.587500000000000000e+01 2.500000000000000000e-01 -6.250000000000000000e-02 -5.000000000000000000e-01
6.260000228881835938e+00 -9.900000095367431641e-01 7.469999790191650391e+00 -4.225000000000000000e+01 1.206250000000000000e+01 -1.550000000000000000e+01 1.250000000000000000e-01 1.250000000000000000e-01 -4.375000000000000000e-01
6.219999790191650391e+00 -1.110000014305114746e+00 7.440000057220458984e+00 -4.225000000000000000e+01 1.206250000000000000e+01 -1.550000000000000000e+01 2.500000000000000000e-01 1.875000000000000000e-01 -3.750000000000000000e-01
6.219999790191650391e+00 -1.139999985694885254e+00 7.449999809265136719e+00 -4.225000000000000000e+01 1.206250000000000000e+01 -1.550000000000000000e+01 1.875000000000000000e-01 0.000000000000000000e+00 -8.125000000000000000e-01
6.250000000000000000e+00 -1.169999957084655762e+00 7.449999809265136719e+00 -4.225000000000000000e+01 1.206250000000000000e+01 -1.550000000000000000e+01 3.750000000000000000e-01 -1.250000000000000000e-01 -8.750000000000000000e-01
6.250000000000000000e+00 -1.110000014305114746e+00 7.429999828338623047e+00 -4.225000000000000000e+01 1.206250000000000000e+01 -1.550000000000000000e+01 4.375000000000000000e-01 -1.250000000000000000e-01 -9.375000000000000000e-01
6.260000228881835938e+00 -1.039999961853027344e+00 7.460000038146972656e+00 -4.225000000000000000e+01 1.206250000000000000e+01 -1.587500000000000000e+01 2.500000000000000000e-01 -3.125000000000000000e-01 -8.125000000000000000e-01
6.300000190734863281e+00 -1.059999942779541016e+00 7.449999809265136719e+00 -4.225000000000000000e+01 1.206250000000000000e+01 -1.587500000000000000e+01 3.750000000000000000e-01 -2.500000000000000000e-01 -8.125000000000000000e-01
6.250000000000000000e+00 -1.059999942779541016e+00 7.420000076293945312e+00 -4.225000000000000000e+01 1.206250000000000000e+01 -1.587500000000000000e+01 2.500000000000000000e-01 -3.125000000000000000e-01 -8.125000000000000000e-01
6.239999771118164062e+00 -1.049999952316284180e+00 7.460000038146972656e+00 -4.225000000000000000e+01 1.206250000000000000e+01 -1.587500000000000000e+01 1.875000000000000000e-01 -2.500000000000000000e-01 -7.500000000000000000e-01
6.250000000000000000e+00 -1.049999952316284180e+00 7.440000057220458984e+00 -4.225000000000000000e+01 1.206250000000000000e+01 -1.587500000000000000e+01 2.500000000000000000e-01 -2.500000000000000000e-01 -6.875000000000000000e-01
6.260000228881835938e+00 -1.070000052452087402e+00 7.460000038146972656e+00 -4.200000000000000000e+01 1.237500000000000000e+01 -1.637500000000000000e+01 1.875000000000000000e-01 -6.250000000000000000e-02 -6.250000000000000000e-01
6.239999771118164062e+00 -1.039999961853027344e+00 7.449999809265136719e+00 -4.200000000000000000e+01 1.237500000000000000e+01 -1.637500000000000000e+01 2.500000000000000000e-01 -1.250000000000000000e-01 -8.125000000000000000e-01
6.250000000000000000e+00 -1.009999990463256836e+00 7.449999809265136719e+00 -4.200000000000000000e+01 1.237500000000000000e+01 -1.637500000000000000e+01 2.500000000000000000e-01 -1.875000000000000000e-01 -6.875000000000000000e-01
6.269999980926513672e+00 -1.039999961853027344e+00 7.429999828338623047e+00 -4.200000000000000000e+01 1.237500000000000000e+01 -1.637500000000000000e+01 6.250000000000000000e-02 -3.750000000000000000e-01 -5.000000000000000000e-01
6.250000000000000000e+00 -1.019999980926513672e+00 7.449999809265136719e+00 -4.200000000000000000e+01 1.237500000000000000e+01 -1.637500000000000000e+01 0.000000000000000000e+00 -3.125000000000000000e-01 -4.375000000000000000e-01
6.260000228881835938e+00 -1.009999990463256836e+00 7.429999828338623047e+00 -4.225000000000000000e+01 1.275000000000000000e+01 -1.587500000000000000e+01 -6.250000000000000000e-02 -1.875000000000000000e-01 -1.875000000000000000e-01
6.260000228881835938e+00 -1.039999961853027344e+00 7.469999790191650391e+00 -4.225000000000000000e+01 1.275000000000000000e+01 -1.587500000000000000e+01 -6.250000000000000000e-02 -1.250000000000000000e-01 -1.250000000000000000e-01
6.269999980926513672e+00 -1.049999952316284180e+00 7.440000057220458984e+00 -4.225000000000000000e+01 1.275000000000000000e+01 -1.587500000000000000e+01 6.250000000000000000e-02 -1.875000000000000000e-01 -1.250000000000000000e-01
6.260000228881835938e+00 -1.070000052452087402e+00 7.429999828338623047e+00 -4.225000000000000000e+01 1.275000000000000000e+01 -1.587500000000000000e+01 0.000000000000000000e+00 -2.500000000000000000e-01 6.250000000000000000e-02
6.280000209808349609e+00 -1.000000000000000000e+00 7.440000057220458984e+00 -4.225000000000000000e+01 1.275000000000000000e+01 -1.587500000000000000e+01 -1.250000000000000000e-01 -3.750000000000000000e-01 1.250000000000000000e-01
6.250000000000000000e+00 -9.599999785423278809e-01 7.429999828338623047e+00 -4.225000000000000000e+01 1.275000000000000000e+01 -1.587500000000000000e+01 -5.000000000000000000e-01 -5.000000000000000000e-01 5.625000000000000000e-01
6.280000209808349609e+00 -8.999999761581420898e-01 7.469999790191650391e+00 -4.268750000000000000e+01 1.237500000000000000e+01 -1.587500000000000000e+01 -6.250000000000000000e-01 -5.625000000000000000e-01 9.375000000000000000e-01
6.380000114440917969e+00 -9.900000095367431641e-01 7.449999809265136719e+00 -4.268750000000000000e+01 1.237500000000000000e+01 -1.587500000000000000e+01 -1.125000000000000000e+00 -5.625000000000000000e-01 1.437500000000000000e+00
6.320000171661376953e+00 -8.000000119209289551e-01 7.480000019073486328e+00 -4.268750000000000000e+01 1.237500000000000000e+01 -1.587500000000000000e+01 -1.875000000000000000e+00 -1.312500000000000000e+00 2.187500000000000000e+00
6.489999771118164062e+00 -9.499999880790710449e-01 7.460000038146972656e+00 -4.268750000000000000e+01 1.237500000000000000e+01 -1.587500000000000000e+01 -2.250000000000000000e+00 -1.750000000000000000e+00 3.187500000000000000e+00
6.639999866485595703e+00 -9.700000286102294922e-01 7.320000171661376953e+00 -4.268750000000000000e+01 1.237500000000000000e+01 -1.587500000000000000e+01 -2.250000000000000000e+00 -1.750000000000000000e+00 3.187500000000000000e+00
6.409999847412109375e+00 -5.400000214576721191e-01 7.489999771118164062e+00 -4.225000000000000000e+01 1.237500000000000000e+01 -1.550000000000000000e+01 -2.062500000000000000e+00 -1.750000000000000000e+00 4.562500000000000000e+00
6.750000000000000000e+00 -5.099999904632568359e-01 7.400000095367431641e+00 -4.225000000000000000e+01 1.237500000000000000e+01 -1.550000000000000000e+01 -3.687500000000000000e+00 -3.062500000000000000e+00 9.062500000000000000e+00
6.750000000000000000e+00 -6.000000238418579102e-01 7.380000114440917969e+00 -4.225000000000000000e+01 1.237500000000000000e+01 -1.550000000000000000e+01 -4.562500000000000000e+00 -3.312500000000000000e+00 1.087500000000000000e+01
6.659999847412109375e+00 -7.099999785423278809e-01 7.579999923706054688e+00 -4.225000000000000000e+01 1.237500000000000000e+01 -1.550000000000000000e+01 -5.750000000000000000e+00 -3.437500000000000000e+00 1.137500000000000000e+01
6.719999790191650391e+00 -1.399999976158142090e+00 7.409999847412109375e+00 -4.225000000000000000e+01 1.237500000000000000e+01 -1.550000000000000000e+01 -5.750000000000000000e+00 -3.437500000000000000e+00 1.137500000000000000e+01
6.760000228881835938e+00 -1.809999942779541016e+00 7.320000171661376953e+00 -4.256250000000000000e+01 1.250000000000000000e+01 -1.556250000000000000e+01 -6.000000000000000000e+00 -3.437500000000000000e+00 1.062500000000000000e+01
6.849999904632568359e+00 -1.929999947547912598e+00 7.250000000000000000e+00 -4.256250000000000000e+01 1.250000000000000000e+01 -1.556250000000000000e+01 -3.687500000000000000e+00 -2.937500000000000000e+00 8.187500000000000000e+00
7.010000228881835938e+00 -1.850000023841857910e+00 7.280000209808349609e+00 -4.256250000000000000e+01 1.250000000000000000e+01 -1.556250000000000000e+01 -2.125000000000000000e+00 -4.375000000000000000e-01 6.812500000000000000e+00
8.000000000000000000e+00 -1.899999976158142090e+00 7.300000190734863281e+00 -4.256250000000000000e+01 1.250000000000000000e+01 -1.556250000000000000e+01 1.312500000000000000e+00 5.750000000000000000e+00 6.875000000000000000e+00
9.149999618530273438e+00 -2.250000000000000000e+00 7.429999828338623047e+00 -4.256250000000000000e+01 1.250000000000000000e+01 -1.556250000000000000e+01 1.312500000000000000e+00 5.750000000000000000e+00 6.875000000000000000e+00
1.089999961853027344e+01 -2.509999990463256836e+00 7.519999980926513672e+00 -4.300000000000000000e+01 1.300000000000000000e+01 -1.525000000000000000e+01 1.168750000000000000e+01 3.181250000000000000e+01 9.312500000000000000e+00
1.242000007629394531e+01 -2.079999923706054688e+00 6.809999942779541016e+00 -4.300000000000000000e+01 1.300000000000000000e+01 -1.525000000000000000e+01 1.650000000000000000e+01 4.562500000000000000e+01 1.156250000000000000e+01
1.126000022888183594e+01 -1.350000023841857910e+00 3.950000047683715820e+00 -4.300000000000000000e+01 1.300000000000000000e+01 -1.525000000000000000e+01 2.575000000000000000e+01 5.062500000000000000e+01 1.287500000000000000e+01
9.689999580383300781e+00 -8.999999761581420898e-01 2.869999885559082031e+00 -4.300000000000000000e+01 1.300000000000000000e+01 -1.525000000000000000e+01 3.418750000000000000e+01 4.493750000000000000e+01 1.418750000000000000e+01
9.029999732971191406e+00 -4.499999880790710449e-01 2.859999895095825195e+00 -4.300000000000000000e+01 1.300000000000000000e+01 -1.525000000000000000e+01 3.418750000000000000e+01 4.493750000000000000e+01 1.418750000000000000e+01
8.550000190734863281e+00 1.509999990463256836e+00 2.259999990463256836e+00 -4.175000000000000000e+01 1.450000000000000000e+01 -1.606250000000000000e+01 3.993750000000000000e+01 3.293750000000000000e+01 1.812500000000000000e+01
8.720000267028808594e+00 1.210000038146972656e+00 1.559999942779541016e+00 -4.175000000000000000e+01 1.450000000000000000e+01 -1.606250000000000000e+01 3.706250000000000000e+01 2.562500000000000000e+00 3.350000000000000000e+01
8.720000267028808594e+00 6.100000143051147461e-01 1.429999947547912598e+00 -4.175000000000000000e+01 1.450000000000000000e+01 -1.606250000000000000e+01 3.806250000000000000e+01 -1.256250000000000000e+01 4.000000000000000000e+01
8.539999961853027344e+00 1.100000023841857910e+00 1.500000000000000000e+00 -4.175000000000000000e+01 1.450000000000000000e+01 -1.606250000000000000e+01 3.775000000000000000e+01 -2.662500000000000000e+01 4.637500000000000000e+01
8.369999885559082031e+00 8.700000047683715820e-01 2.259999990463256836e+00 -4.175000000000000000e+01 1.450000000000000000e+01 -1.606250000000000000e+01 3.775000000000000000e+01 -2.662500000000000000e+01 4.637500000000000000e+01
8.369999885559082031e+00 7.799999713897705078e-01 2.599999904632568359e+00 -4.256250000000000000e+01 1.287500000000000000e+01 -1.737500000000000000e+01 3.712500000000000000e+01 -3.981250000000000000e+01 4.906250000000000000e+01
8.880000114440917969e+00 6.299999952316284180e-01 3.319999933242797852e+00 -4.256250000000000000e+01 1.287500000000000000e+01 -1.737500000000000000e+01 3.406250000000000000e+01 -5.631250000000000000e+01 4.643750000000000000e+01
9.750000000000000000e+00 2.500000000000000000e-01 4.000000000000000000e+00 -4.256250000000000000e+01 1.287500000000000000e+01 -1.737500000000000000e+01 2.675000000000000000e+01 -5.287500000000000000e+01 4.431250000000000000e+01
1.040999984741210938e+01 3.100000023841857910e-01 7.500000000000000000e+00 -4.256250000000000000e+01 1.287500000000000000e+01 -1.737500000000000000e+01 1.837500000000000000e+01 -3.800000000000000000e+01 4.337500000000000000e+01
1.081999969482421875e+01 -1.340000033378601074e+00 9.720000267028808594e+00 -4.256250000000000000e+01 1.287500000000000000e+01 -1.737500000000000000e+01 1.837500000000000000e+01 -3.800000000000000000e+01 4.337500000000000000e+01
1.075000000000000000e+01 -3.430000066757202148e+00 1.235999965667724609e+01 -4.118750000000000000e+01 1.450000000000000000e+01 -1.725000000000000000e+01 2.100000000000000000e+01 -1.043750000000000000e+01 3.868750000000000000e+01
7.619999885559082031e+00 -2.339999914169311523e+00 1.519999980926513672e+01 -4.118750000000000000e+01 1.450000000000000000e+01 -1.725000000000000000e+01 3.187500000000000000e+01 6.018750000000000000e+01 3.037500000000000000e+01
5.780000209808349609e+00 -2.700000047683715820e+00 1.584000015258789062e+01 -4.118750000000000000e+01 1.450000000000000000e+01 -1.725000000000000000e+01 3.112500000000000000e+01 7.862500000000000000e+01 2.562500000000000000e+01
5.000000000000000000e+00 -2.009999990463256836e+00 1.343000030517578125e+01 -4.118750000000000000e+01 1.450000000000000000e+01 -1.725000000000000000e+01 2.687500000000000000e+01 8.775000000000000000e+01 2.125000000000000000e+01
3.950000047683715820e+00 -1.000000000000000000e+00 1.143000030517578125e+01 -4.118750000000000000e+01 1.450000000000000000e+01 -1.725000000000000000e+01 2.687500000000000000e+01 8.775000000000000000e+01 2.125000000000000000e+01
5.269999980926513672e+00 -9.200000166893005371e-01 5.829999923706054688e+00 -4.150000000000000000e+01 1.475000000000000000e+01 -1.668750000000000000e+01 2.275000000000000000e+01 8.331250000000000000e+01 1.906250000000000000e+01
6.519999980926513672e+00 -1.509999990463256836e+00 3.440000057220458984e+00 -4.150000000000000000e+01 1.475000000000000000e+01 -1.668750000000000000e+01 3.856250000000000000e+01 5.081250000000000000e+01 1.356250000000000000e+01
5.840000152587890625e+00 -2.869999885559082031e+00 9.399999976158142090e-01 -4.150000000000000000e+01 1.475000000000000000e+01 -1.668750000000000000e+01 5.700000000000000000e+01 2.268750000000000000e+01 6.000000000000000000e+00
4.389999866485595703e+00 -2.130000114440917969e+00 1.860000014305114746e+00 -4.150000000000000000e+01 1.475000000000000000e+01 -1.668750000000000000e+01 5.450000000000000000e+01 -1.181250000000000000e+01 3.187500000000000000e+00
5.820000171661376953e+00 3.579999923706054688e+00 3.180000066757202148e+00 -4.150000000000000000e+01 1.475000000000000000e+01 -1.668750000000000000e+01 5.450000000000000000e+01 -1.181250000000000000e+01 3.187500000000000000e+00
5.380000114440917969e+00 4.409999847412109375e+00 3.890000104904174805e+00 -3.900000000000000000e+01 1.456250000000000000e+01 -2.068750000000000000e+01 2.350000000000000000e+01 -4.143750000000000000e+01 8.375000000000000000e+00
5.130000114440917969e+00 3.390000104904174805e+00 4.179999828338623047e+00 -3.900000000000000000e+01 1.456250000000000000e+01 -2.068750000000000000e+01 -4.375000000000000000e+01 -9.031250000000000000e+01 1.062500000000000000e+01
4.789999961853027344e+00 -6.299999952316284180e-01 4.500000000000000000e+00 -3.900000000000000000e+01 1.456250000000000000e+01 -2.068750000000000000e+01 -5.025000000000000000e+01 -1.061875000000000000e+02 -5.000000000000000000e-01
5.250000000000000000e+00 -1.799999952316284180e+00 4.630000114440917969e+00 -3.900000000000000000e+01 1.456250000000000000e+01 -2.068750000000000000e+01 -4.412500000000000000e+01 -1.145000000000000000e+02 -1.506250000000000000e+01
5.010000228881835938e+00 -1.509999990463256836e+00 5.909999847412109375e+00 -3.900000000000000000e+01 1.456250000000000000e+01 -2.068750000000000000e+01 -4.412500000000000000e+01 -1.145000000000000000e+02 -1.506250000000000000e+01
5.949999809265136719e+00 -1.570000052452087402e+00 6.340000152587890625e+00 -3.968750000000000000e+01 1.550000000000000000e+01 -2.100000000000000000e+01 -3.687500000000000000e+01 -1.184375000000000000e+02 -2.156250000000000000e+01
