5.829999923706054688e+00 -2.170000076293945312e+00 7.559999942779541016e+00 -3.950000000000000000e+01 3.250000000000000000e+01 -2.968750000000000000e+01 1.250000000000000000e+00 5.000000000000000000e-01 -1.000000000000000000e+00
5.789999961853027344e+00 -2.130000114440917969e+00 7.599999904632568359e+00 -3.950000000000000000e+01 3.250000000000000000e+01 -2.875000000000000000e+01 1.562500000000000000e+00 5.000000000000000000e-01 -8.750000000000000000e-01
5.800000190734863281e+00 -2.039999961853027344e+00 7.639999866485595703e+00 -3.950000000000000000e+01 3.250000000000000000e+01 -2.875000000000000000e+01 1.437500000000000000e+00 5.000000000000000000e-01 -1.125000000000000000e+00
5.780000209808349609e+00 -2.019999980926513672e+00 7.659999847412109375e+00 -3.950000000000000000e+01 3.250000000000000000e+01 -2.875000000000000000e+01 1.062500000000000000e+00 3.750000000000000000e-01 -1.062500000000000000e+00
5.809999942779541016e+00 -2.029999971389770508e+00 7.630000114440917969e+00 -3.950000000000000000e+01 3.250000000000000000e+01 -2.875000000000000000e+01 1.062500000000000000e+00 1.250000000000000000e-01 -8.750000000000000000e-01
5.789999961853027344e+00 -2.039999961853027344e+00 7.650000095367431641e+00 -3.950000000000000000e+01 3.250000000000000000e+01 -2.875000000000000000e+01 1.062500000000000000e+00 1.250000000000000000e-01 -8.750000000000000000e-01
5.809999942779541016e+00 -2.009999990463256836e+00 7.659999847412109375e+00 -3.950000000000000000e+01 3.356250000000000000e+01 -2.875000000000000000e+01 8.750000000000000000e-01 2.500000000000000000e-01 -5.000000000000000000e-01
5.800000190734863281e+00 -2.019999980926513672e+00 7.610000133514404297e+00 -3.950000000000000000e+01 3.356250000000000000e+01 -2.875000000000000000e+01 8.125000000000000000e-01 -6.250000000000000000e-02 -5.000000000000000000e-01
5.800000190734863281e+00 -2.049999952316284180e+00 7.610000133514404297e+00 -3.950000000000000000e+01 3.356250000000000000e+01 -2.875000000000000000e+01 6.875000000000000000e-01 -6.250000000000000000e-02 -5.000000000000000000e-01
5.809999942779541016e+00 -2.049999952316284180e+00 7.610000133514404297e+00 -3.950000000000000000e+01 3.356250000000000000e+01 -2.875000000000000000e+01 6.875000000000000000e-01 6.250000000000000000e-02 -4.375000000000000000e-01
5.789999961853027344e+00 -2.039999961853027344e+00 7.590000152587890625e+00 -3.950000000000000000e+01 3.356250000000000000e+01 -2.875000000000000000e+01 6.875000000000000000e-01 6.250000000000000000e-02 -4.375000000000000000e-01
5.820000171661376953e+00 -2.059999942779541016e+00 7.619999885559082031e+00 -4.018750000000000000e+01 3.318750000000000000e+01 -2.925000000000000000e+01 5.000000000000000000e-01 -6.250000000000000000e-02 -4.375000000000000000e-01
5.809999942779541016e+00 -2.059999942779541016e+00 7.630000114440917969e+00 -4.018750000000000000e+01 3.318750000000000000e+01 -2.925000000000000000e+01 3.750000000000000000e-01 1.250000000000000000e-01 -5.000000000000000000e-01
5.809999942779541016e+00 -2.029999971389770508e+00 7.610000133514404297e+00 -4.018750000000000000e+01 3.318750000000000000e+01 -2.925000000000000000e+01 3.125000000000000000e-01 1.250000000000000000e-01 -5.000000000000000000e-01
5.809999942779541016e+00 -2.029999971389770508e+00 7.610000133514404297e+00 -4.018750000000000000e+01 3.318750000000000000e+01 -2.925000000000000000e+01 3.125000000000000000e-01 0.000000000000000000e+00 -5.000000000000000000e-01
5.820000171661376953e+00 -2.039999961853027344e+00 7.630000114440917969e+00 -4.018750000000000000e+01 3.318750000000000000e+01 -2.925000000000000000e+01 3.125000000000000000e-01 0.000000000000000000e+00 -5.000000000000000000e-01
5.789999961853027344e+00 -2.049999952316284180e+00 7.610000133514404297e+00 -3.950000000000000000e+01 3.206250000000000000e+01 -3.006250000000000000e+01 1.875000000000000000e-01 6.250000000000000000e-02 -6.250000000000000000e-02
5.780000209808349609e+00 -2.029999971389770508e+00 7.639999866485595703e+00 -3.950000000000000000e+01 3.206250000000000000e+01 -3.006250000000000000e+01 1.875000000000000000e-01 1.875000000000000000e-01 -1.875000000000000000e-01
5.809999942779541016e+00 -2.099999904632568359e+00 7.639999866485595703e+00 -3.950000000000000000e+01 3.206250000000000000e+01 -3.006250000000000000e+01 2.500000000000000000e-01 0.000000000000000000e+00 -1.875000000000000000e-01
5.789999961853027344e+00 -2.029999971389770508e+00 7.630000114440917969e+00 -3.950000000000000000e+01 3.206250000000000000e+01 -3.006250000000000000e+01 6.250000000000000000e-02 -1.250000000000000000e-01 -2.500000000000000000e-01
5.800000190734863281e+00 -2.039999961853027344e+00 7.610000133514404297e+00 -3.950000000000000000e+01 3.206250000000000000e+01 -3.006250000000000000e+01 6.250000000000000000e-02 -1.250000000000000000e-01 -2.500000000000000000e-01
5.800000190734863281e+00 -2.019999980926513672e+00 7.630000114440917969e+00 -3.950000000000000000e+01 3.250000000000000000e+01 -2.875000000000000000e+01 1.250000000000000000e-01 0.000000000000000000e+00 -1.250000000000000000e-01
5.800000190734863281e+00 -2.019999980926513672e+00 7.619999885559082031e+00 -3.950000000000000000e+01 3.250000000000000000e+01 -2.875000000000000000e+01 6.250000000000000000e-02 -1.250000000000000000e-01 -1.250000000000000000e-01
5.800000190734863281e+00 -2.049999952316284180e+00 7.610000133514404297e+00 -3.950000000000000000e+01 3.250000000000000000e+01 -2.875000000000000000e+01 6.250000000000000000e-02 6.250000000000000000e-02 -6.250000000000000000e-02
5.800000190734863281e+00 -2.039999961853027344e+00 7.659999847412109375e+00 -3.950000000000000000e+01 3.250000000000000000e+01 -2.875000000000000000e+01 -1.250000000000000000e-01 -1.875000000000000000e-01 1.250000000000000000e-01
5.789999961853027344e+00 -2.019999980926513672e+00 7.670000076293945312e+00 -3.950000000000000000e+01 3.250000000000000000e+01 -2.875000000000000000e+01 -1.250000000000000000e-01 -1.875000000000000000e-01 1.250000000000000000e-01
5.780000209808349609e+00 -1.990000009536743164e+00 7.650000095367431641e+00 -3.975000000000000000e+01 3.275000000000000000e+01 -2.837500000000000000e+01 -5.000000000000000000e-01 -3.750000000000000000e-01 2.500000000000000000e-01
5.789999961853027344e+00 -2.000000000000000000e+00 7.639999866485595703e+00 -3.975000000000000000e+01 3.275000000000000000e+01 -2.837500000000000000e+01 -6.875000000000000000e-01 -6.875000000000000000e-01 1.875000000000000000e-01
5.769999980926513672e+00 -2.039999961853027344e+00 7.610000133514404297e+00 -3.975000000000000000e+01 3.275000000000000000e+01 -2.837500000000000000e+01 -7.500000000000000000e-01 -5.625000000000000000e-01 6.250000000000000000e-02
5.730000019073486328e+00 -2.109999895095825195e+00 7.619999885559082031e+00 -3.975000000000000000e+01 3.275000000000000000e+01 -2.837500000000000000e+01 -9.375000000000000000e-01 -5.000000000000000000e-01 -1.875000000000000000e-01
5.809999942779541016e+00 -2.019999980926513672e+00 7.610000133514404297e+00 -3.975000000000000000e+01 3.275000000000000000e+01 -2.837500000000000000e+01 -9.375000000000000000e-01 -5.000000000000000000e-01 -1.875000000000000000e-01
5.809999942779541016e+00 -2.079999923706054688e+00 7.590000152587890625e+00 -3.975000000000000000e+01 3.275000000000000000e+01 -3.087500000000000000e+01 -8.125000000000000000e-01 -5.000000000000000000e-01 -3.750000000000000000e-01
5.800000190734863281e+00 -2.059999942779541016e+00 7.599999904632568359e+00 -3.975000000000000000e+01 3.275000000000000000e+01 -3.087500000000000000e+01 -8.750000000000000000e-01 -3.750000000000000000e-01 -3.750000000000000000e-01
5.809999942779541016e+00 -2.039999961853027344e+00 7.530000209808349609e+00 -3.975000000000000000e+01 3.275000000000000000e+01 -3.087500000000000000e+01 -6.250000000000000000e-01 -1.250000000000000000e-01 -2.500000000000000000e-01
5.829999923706054688e+00 -2.140000104904174805e+00 7.590000152587890625e+00 -3.975000000000000000e+01 3.275000000000000000e+01 -3.087500000000000000e+01 -3.750000000000000000e-01 6.250000000000000000e-02 -2.500000000000000000e-01
5.789999961853027344e+00 -2.130000114440917969e+00 7.630000114440917969e+00 -3.975000000000000000e+01 3.275000000000000000e+01 -3.087500000000000000e+01 -3.750000000000000000e-01 6.250000000000000000e-02 -2.500000000000000000e-01
5.789999961853027344e+00 -2.019999980926513672e+00 7.679999828338623047e+00 -4.018750000000000000e+01 3.168750000000000000e+01 -2.875000000000000000e+01 -3.750000000000000000e-01 -3.750000000000000000e-01 -3.125000000000000000e-01
5.800000190734863281e+00 -1.960000038146972656e+00 7.690000057220458984e+00 -4.018750000000000000e+01 3.168750000000000000e+01 -2.875000000000000000e+01 -5.625000000000000000e-01 -7.500000000000000000e-01 -1.875000000000000000e-01
5.769999980926513672e+00 -1.759999990463256836e+00 7.750000000000000000e+00 -4.018750000000000000e+01 3.168750000000000000e+01 -2.875000000000000000e+01 -1.000000000000000000e+00 -1.125000000000000000e+00 1.875000000000000000e-01
5.820000171661376953e+00 -1.789999961853027344e+00 7.780000209808349609e+00 -4.018750000000000000e+01 3.168750000000000000e+01 -2.875000000000000000e+01 -2.187500000000000000e+00 -1.750000000000000000e+00 7.500000000000000000e-01
6.000000000000000000e+00 -2.720000028610229492e+00 7.619999885559082031e+00 -4.018750000000000000e+01 3.168750000000000000e+01 -2.875000000000000000e+01 -2.562500000000000000e+00 -2.500000000000000000e+00 1.375000000000000000e+00
5.699999809265136719e+00 -1.779999971389770508e+00 8.449999809265136719e+00 -4.056250000000000000e+01 3.206250000000000000e+01 -2.925000000000000000e+01 -1.062500000000000000e+00 -3.687500000000000000e+00 1.000000000000000000e+00
5.829999923706054688e+00 -1.259999990463256836e+00 8.569999694824218750e+00 -4.056250000000000000e+01 3.206250000000000000e+01 -2.925000000000000000e+01 -2.562500000000000000e+00 -9.750000000000000000e+00 6.250000000000000000e-01
5.320000171661376953e+00 -2.000000000000000000e+00 8.170000076293945312e+00 -4.056250000000000000e+01 3.206250000000000000e+01 -2.925000000000000000e+01 -6.250000000000000000e+00 -1.600000000000000000e+01 1.187500000000000000e+00
4.900000095367431641e+00 -3.220000028610229492e+00 8.140000343322753906e+00 -4.056250000000000000e+01 3.206250000000000000e+01 -2.925000000000000000e+01 -7.187500000000000000e+00 -1.956250000000000000e+01 -1.000000000000000000e+00
5.000000000000000000e+00 -4.550000190734863281e+00 8.520000457763671875e+00 -4.056250000000000000e+01 3.206250000000000000e+01 -2.925000000000000000e+01 -5.625000000000000000e+00 -2.593750000000000000e+01 -7.437500000000000000e+00
5.019999980926513672e+00 -4.829999923706054688e+00 8.340000152587890625e+00 -4.087500000000000000e+01 3.275000000000000000e+01 -2.850000000000000000e+01 -2.062500000000000000e+00 -3.318750000000000000e+01 -1.718750000000000000e+01
5.280000209808349609e+00 -3.599999904632568359e+00 9.300000190734863281e+00 -4.087500000000000000e+01 3.275000000000000000e+01 -2.850000000000000000e+01 2.687500000000000000e+00 -4.093750000000000000e+01 -2.443750000000000000e+01
5.110000133514404297e+00 -1.110000014305114746e+00 9.869999885559082031e+00 -4.087500000000000000e+01 3.275000000000000000e+01 -2.850000000000000000e+01 -1.687500000000000000e+00 -4.106250000000000000e+01 -2.693750000000000000e+01
3.940000057220458984e+00 -1.080000042915344238e+00 1.042000007629394531e+01 -4.087500000000000000e+01 3.275000000000000000e+01 -2.850000000000000000e+01 -1.000000000000000000e+01 -3.068750000000000000e+01 -2.868750000000000000e+01
3.119999885559082031e+00 -1.129999995231628418e+00 1.096000003814697266e+01 -4.087500000000000000e+01 3.275000000000000000e+01 -2.850000000000000000e+01 -1.787500000000000000e+01 -1.637500000000000000e+01 -3.268750000000000000e+01
2.930000066757202148e+00 -1.429999947547912598e+00 1.147000026702880859e+01 -4.200000000000000000e+01 3.356250000000000000e+01 -2.800000000000000000e+01 -2.518750000000000000e+01 -1.000000000000000000e+00 -3.900000000000000000e+01
3.190000057220458984e+00 -2.509999990463256836e+00 1.231000041961669922e+01 -4.200000000000000000e+01 3.356250000000000000e+01 -2.800000000000000000e+01 -3.037500000000000000e+01 1.775000000000000000e+01 -4.587500000000000000e+01
2.119999885559082031e+00 -2.920000076293945312e+00 1.269999980926513672e+01 -4.200000000000000000e+01 3.356250000000000000e+01 -2.800000000000000000e+01 -3.081250000000000000e+01 3.656250000000000000e+01 -4.968750000000000000e+01
1.139999985694885254e+00 -3.500000000000000000e+00 1.257999992370605469e+01 -4.200000000000000000e+01 3.356250000000000000e+01 -2.800000000000000000e+01 -2.693750000000000000e+01 4.943750000000000000e+01 -4.975000000000000000e+01
3.100000023841857910e-01 -3.630000114440917969e+00 1.255000019073486328e+01 -4.200000000000000000e+01 3.356250000000000000e+01 -2.800000000000000000e+01 -1.893750000000000000e+01 5.581250000000000000e+01 -4.418750000000000000e+01
-1.809999942779541016e+00 -3.700000047683715820e+00 1.215999984741210938e+01 -4.237500000000000000e+01 3.125000000000000000e+01 -2.718750000000000000e+01 -8.750000000000000000e+00 5.393750000000000000e+01 -3.262500000000000000e+01
-2.769999980926513672e+00 -3.809999942779541016e+00 1.193000030517578125e+01 -4.237500000000000000e+01 3.125000000000000000e+01 -2.718750000000000000e+01 5.000000000000000000e-01 4.362500000000000000e+01 -1.825000000000000000e+01
-2.990000009536743164e+00 -3.309999942779541016e+00 1.189000034332275391e+01 -4.237500000000000000e+01 3.125000000000000000e+01 -2.718750000000000000e+01 6.875000000000000000e+00 2.518750000000000000e+01 -2.125000000000000000e+00
-2.640000104904174805e+00 -3.140000104904174805e+00 1.127999973297119141e+01 -4.237500000000000000e+01 3.125000000000000000e+01 -2.718750000000000000e+01 9.875000000000000000e+00 1.875000000000000000e+00 1.387500000000000000e+01
-2.089999914169311523e+00 -2.809999942779541016e+00 1.114000034332275391e+01 -4.237500000000000000e+01 3.125000000000000000e+01 -2.718750000000000000e+01 1.037500000000000000e+01 -2.362500000000000000e+01 2.881250000000000000e+01
-1.389999985694885254e+00 -2.549999952316284180e+00 1.065999984741210938e+01 -4.200000000000000000e+01 2.987500000000000000e+01 -2.800000000000000000e+01 7.125000000000000000e+00 -4.937500000000000000e+01 4.218750000000000000e+01
-1.599999964237213135e-01 -1.970000028610229492e+00 1.050000000000000000e+01 -4.200000000000000000e+01 2.987500000000000000e+01 -2.800000000000000000e+01 3.125000000000000000e-01 -7.081250000000000000e+01 5.381250000000000000e+01
1.929999947547912598e+00 -1.309999942779541016e+00 9.439999580383300781e+00 -4.200000000000000000e+01 2.987500000000000000e+01 -2.800000000000000000e+01 -9.687500000000000000e+00 -8.825000000000000000e+01 6.593750000000000000e+01
2.390000104904174805e+00 -1.179999947547912598e+00 9.409999847412109375e+00 -4.200000000000000000e+01 2.987500000000000000e+01 -2.800000000000000000e+01 -2.206250000000000000e+01 -1.017500000000000000e+02 7.668750000000000000e+01
3.490000009536743164e+00 -1.200000047683715820e+00 9.239999771118164062e+00 -4.200000000000000000e+01 2.987500000000000000e+01 -2.800000000000000000e+01 -3.512500000000000000e+01 -1.145625000000000000e+02 8.450000000000000000e+01
4.460000038146972656e+00 -1.820000052452087402e+00 8.579999923706054688e+00 -4.056250000000000000e+01 3.100000000000000000e+01 -2.675000000000000000e+01 -4.481250000000000000e+01 -1.243750000000000000e+02 8.612500000000000000e+01
6.000000000000000000e+00 -2.119999885559082031e+00 7.820000171661376953e+00 -4.056250000000000000e+01 3.100000000000000000e+01 -2.675000000000000000e+01 -4.956250000000000000e+01 -1.278750000000000000e+02 7.981250000000000000e+01
6.800000190734863281e+00 -2.190000057220458984e+00 7.449999809265136719e+00 -4.056250000000000000e+01 3.100000000000000000e+01 -2.675000000000000000e+01 -5.118750000000000000e+01 -1.264375000000000000e+02 6.837500000000000000e+01
7.900000095367431641e+00 -1.889999985694885254e+00 7.210000038146972656e+00 -4.056250000000000000e+01 3.100000000000000000e+01 -2.675000000000000000e+01 -5.300000000000000000e+01 -1.180000000000000000e+02 5.368750000000000000e+01
1.051000022888183594e+01 -2.079999923706054688e+00 6.500000000000000000e+00 -4.056250000000000000e+01 3.100000000000000000e+01 -2.675000000000000000e+01 -5.500000000000000000e+01 -1.031250000000000000e+02 4.137500000000000000e+01
1.152000045776367188e+01 -2.440000057220458984e+00 6.039999961853027344e+00 -4.087500000000000000e+01 3.356250000000000000e+01 -2.268750000000000000e+01 -5.643750000000000000e+01 -8.137500000000000000e+01 3.143750000000000000e+01
1.221000003814697266e+01 -3.069999933242797852e+00 5.710000038146972656e+00 -4.087500000000000000e+01 3.356250000000000000e+01 -2.268750000000000000e+01 -5.418750000000000000e+01 -5.287500000000000000e+01 2.668750000000000000e+01
1.301000022888183594e+01 -3.619999885559082031e+00 5.469999790191650391e+00 -4.087500000000000000e+01 3.356250000000000000e+01 -2.268750000000000000e+01 -4.543750000000000000e+01 -2.075000000000000000e+01 2.406250000000000000e+01
1.361999988555908203e+01 -4.639999866485595703e+00 4.650000095367431641e+00 -4.087500000000000000e+01 3.356250000000000000e+01 -2.268750000000000000e+01 -3.012500000000000000e+01 1.500000000000000000e+01 2.475000000000000000e+01
1.403999996185302734e+01 -5.119999885559082031e+00 4.219999790191650391e+00 -4.087500000000000000e+01 3.356250000000000000e+01 -2.268750000000000000e+01 -8.875000000000000000e+00 5.206250000000000000e+01 2.581250000000000000e+01
1.396000003814697266e+01 -5.449999809265136719e+00 3.799999952316284180e+00 -4.056250000000000000e+01 3.618750000000000000e+01 -1.737500000000000000e+01 1.775000000000000000e+01 8.812500000000000000e+01 2.768750000000000000e+01
1.397000026702880859e+01 -5.219999790191650391e+00 3.309999942779541016e+00 -4.056250000000000000e+01 3.618750000000000000e+01 -1.737500000000000000e+01 4.712500000000000000e+01 1.194375000000000000e+02 2.743750000000000000e+01
1.343999958038330078e+01 -4.389999866485595703e+00 2.450000047683715820e+00 -4.056250000000000000e+01 3.618750000000000000e+01 -1.737500000000000000e+01 7.412500000000000000e+01 1.438125000000000000e+02 2.643750000000000000e+01
1.339999961853027344e+01 -3.730000019073486328e+00 2.039999961853027344e+00 -4.056250000000000000e+01 3.618750000000000000e+01 -1.737500000000000000e+01 9.581250000000000000e+01 1.604375000000000000e+02 2.518750000000000000e+01
1.356999969482421875e+01 -2.980000019073486328e+00 1.440000057220458984e+00 -4.056250000000000000e+01 3.618750000000000000e+01 -1.737500000000000000e+01 1.102500000000000000e+02 1.697500000000000000e+02 2.331250000000000000e+01
1.393000030517578125e+01 -2.900000095367431641e+00 -1.299999952316284180e-01 -3.675000000000000000e+01 3.656250000000000000e+01 -1.856250000000000000e+01 1.187500000000000000e+02 1.728125000000000000e+02 2.012500000000000000e+01
1.397999954223632812e+01 -2.799999952316284180e+00 -9.200000166893005371e-01 -3.675000000000000000e+01 3.656250000000000000e+01 -1.856250000000000000e+01 1.250625000000000000e+02 1.706250000000000000e+02 1.193750000000000000e+01
1.372999954223632812e+01 -2.400000095367431641e+00 -1.379999995231628418e+00 -3.675000000000000000e+01 3.656250000000000000e+01 -1.856250000000000000e+01 1.288750000000000000e+02 1.611875000000000000e+02 4.375000000000000000e-01
1.332999992370605469e+01 -1.990000009536743164e+00 -1.600000023841857910e+00 -3.675000000000000000e+01 3.656250000000000000e+01 -1.856250000000000000e+01 1.268750000000000000e+02 1.439375000000000000e+02 -1.081250000000000000e+01
1.364999961853027344e+01 -5.699999928474426270e-01 -1.809999942779541016e+00 -3.675000000000000000e+01 3.656250000000000000e+01 -1.856250000000000000e+01 1.161250000000000000e+02 1.215625000000000000e+02 -1.850000000000000000e+01
1.377999973297119141e+01 -3.499999940395355225e-01 -1.590000033378601074e+00 -3.237500000000000000e+01 3.700000000000000000e+01 -2.656250000000000000e+01 9.687500000000000000e+01 9.762500000000000000e+01 -1.862500000000000000e+01
1.410999965667724609e+01 -5.600000023841857910e-01 -1.320000052452087402e+00 -3.237500000000000000e+01 3.700000000000000000e+01 -2.656250000000000000e+01 7.325000000000000000e+01 7.318750000000000000e+01 -1.362500000000000000e+01
1.439999961853027344e+01 -1.259999990463256836e+00 -1.059999942779541016e+00 -3.237500000000000000e+01 3.700000000000000000e+01 -2.656250000000000000e+01 5.118750000000000000e+01 5.206250000000000000e+01 -8.312500000000000000e+00
1.482999992370605469e+01 -2.450000047683715820e+00 -3.199999928474426270e-01 -3.237500000000000000e+01 3.700000000000000000e+01 -2.656250000000000000e+01 3.456250000000000000e+01 3.606250000000000000e+01 -5.687500000000000000e+00
1.481000041961669922e+01 -2.660000085830688477e+00 3.400000035762786865e-01 -3.237500000000000000e+01 3.700000000000000000e+01 -2.656250000000000000e+01 2.300000000000000000e+01 2.575000000000000000e+01 -4.687500000000000000e+00
1.493000030517578125e+01 -2.579999923706054688e+00 9.700000286102294922e-01 -2.975000000000000000e+01 3.300000000000000000e+01 -3.356250000000000000e+01 1.418750000000000000e+01 1.881250000000000000e+01 -3.125000000000000000e+00
1.418999958038330078e+01 -2.930000066757202148e+00 1.940000057220458984e+00 -2.975000000000000000e+01 3.300000000000000000e+01 -3.356250000000000000e+01 5.750000000000000000e+00 1.675000000000000000e+01 7.500000000000000000e-01
1.267000007629394531e+01 -3.240000009536743164e+00 2.529999971389770508e+00 -2.975000000000000000e+01 3.300000000000000000e+01 -3.356250000000000000e+01 1.312500000000000000e+00 1.600000000000000000e+01 4.625000000000000000e+00
1.072000026702880859e+01 -3.259999990463256836e+00 3.150000095367431641e+00 -2.975000000000000000e+01 3.300000000000000000e+01 -3.356250000000000000e+01 1.562500000000000000e+00 1.200000000000000000e+01 5.937500000000000000e+00
8.670000076293945312e+00 -3.170000076293945312e+00 3.890000104904174805e+00 -2.975000000000000000e+01 3.300000000000000000e+01 -3.356250000000000000e+01 4.875000000000000000e+00 2.375000000000000000e+00 4.062500000000000000e+00
5.880000114440917969e+00 -1.769999980926513672e+00 4.739999771118164062e+00 -2.906250000000000000e+01 3.150000000000000000e+01 -3.368750000000000000e+01 8.312500000000000000e+00 -1.256250000000000000e+01 -7.500000000000000000e-01
5.070000171661376953e+00 -8.299999833106994629e-01 5.300000190734863281e+00 -2.906250000000000000e+01 3.150000000000000000e+01 -3.368750000000000000e+01 7.187500000000000000e+00 -2.862500000000000000e+01 -4.875000000000000000e+00
4.670000076293945312e+00 5.000000074505805969e-02 5.800000190734863281e+00 -2.906250000000000000e+01 3.150000000000000000e+01 -3.368750000000000000e+01 -1.500000000000000000e+00 -4.312500000000000000e+01 -5.875000000000000000e+00
4.469999790191650391e+00 5.699999928474426270e-01 6.269999980926513672e+00 -2.906250000000000000e+01 3.150000000000000000e+01 -3.368750000000000000e+01 -1.687500000000000000e+01 -5.300000000000000000e+01 -3.062500000000000000e+00
