5.690000057220458984e+00 -2.740000009536743164e+00 7.519999980926513672e+00 -3.900000000000000000e+01 3.406250000000000000e+01 -2.700000000000000000e+01 1.875000000000000000e-01 1.250000000000000000e-01 -1.875000000000000000e-01
5.670000076293945312e+00 -2.730000019073486328e+00 7.500000000000000000e+00 -3.937500000000000000e+01 3.300000000000000000e+01 -2.525000000000000000e+01 2.500000000000000000e-01 6.250000000000000000e-02 -1.875000000000000000e-01
5.690000057220458984e+00 -2.730000019073486328e+00 7.530000209808349609e+00 -3.937500000000000000e+01 3.300000000000000000e+01 -2.525000000000000000e+01 3.125000000000000000e-01 1.875000000000000000e-01 -2.500000000000000000e-01
5.699999809265136719e+00 -2.710000038146972656e+00 7.489999771118164062e+00 -3.937500000000000000e+01 3.300000000000000000e+01 -2.525000000000000000e+01 6.250000000000000000e-02 -6.250000000000000000e-02 -2.500000000000000000e-01
5.679999828338623047e+00 -2.700000047683715820e+00 7.489999771118164062e+00 -3.937500000000000000e+01 3.300000000000000000e+01 -2.525000000000000000e+01 6.250000000000000000e-02 6.250000000000000000e-02 -3.750000000000000000e-01
5.690000057220458984e+00 -2.710000038146972656e+00 7.530000209808349609e+00 -3.937500000000000000e+01 3.300000000000000000e+01 -2.525000000000000000e+01 1.250000000000000000e-01 0.000000000000000000e+00 -6.250000000000000000e-02
5.699999809265136719e+00 -2.700000047683715820e+00 7.519999980926513672e+00 -3.900000000000000000e+01 3.256250000000000000e+01 -2.687500000000000000e+01 0.000000000000000000e+00 1.250000000000000000e-01 -6.250000000000000000e-02
5.699999809265136719e+00 -2.710000038146972656e+00 7.500000000000000000e+00 -3.900000000000000000e+01 3.256250000000000000e+01 -2.687500000000000000e+01 6.250000000000000000e-02 -6.250000000000000000e-02 -1.875000000000000000e-01
5.690000057220458984e+00 -2.740000009536743164e+00 7.510000228881835938e+00 -3.900000000000000000e+01 3.256250000000000000e+01 -2.687500000000000000e+01 0.000000000000000000e+00 6.250000000000000000e-02 0.000000000000000000e+00
5.670000076293945312e+00 -2.720000028610229492e+00 7.500000000000000000e+00 -3.900000000000000000e+01 3.256250000000000000e+01 -2.687500000000000000e+01 -1.250000000000000000e-01 -6.250000000000000000e-02 0.000000000000000000e+00
5.659999847412109375e+00 -2.710000038146972656e+00 7.530000209808349609e+00 -3.900000000000000000e+01 3.256250000000000000e+01 -2.687500000000000000e+01 -1.250000000000000000e-01 6.250000000000000000e-02 -6.250000000000000000e-02
5.690000057220458984e+00 -2.710000038146972656e+00 7.510000228881835938e+00 -3.937500000000000000e+01 3.300000000000000000e+01 -2.606250000000000000e+01 -1.875000000000000000e-01 0.000000000000000000e+00 -6.250000000000000000e-02
5.670000076293945312e+00 -2.710000038146972656e+00 7.519999980926513672e+00 -3.937500000000000000e+01 3.300000000000000000e+01 -2.606250000000000000e+01 -1.875000000000000000e-01 -6.250000000000000000e-02 6.250000000000000000e-02
5.670000076293945312e+00 -2.700000047683715820e+00 7.519999980926513672e+00 -3.937500000000000000e+01 3.300000000000000000e+01 -2.606250000000000000e+01 -3.125000000000000000e-01 -1.250000000000000000e-01 6.250000000000000000e-02
5.690000057220458984e+00 -2.730000019073486328e+00 7.510000228881835938e+00 -3.937500000000000000e+01 3.300000000000000000e+01 -2.606250000000000000e+01 -2.500000000000000000e-01 -1.875000000000000000e-01 1.250000000000000000e-01
5.699999809265136719e+00 -2.720000028610229492e+00 7.519999980926513672e+00 -3.937500000000000000e+01 3.300000000000000000e+01 -2.606250000000000000e+01 -3.750000000000000000e-01 -1.875000000000000000e-01 1.250000000000000000e-01
5.679999828338623047e+00 -2.740000009536743164e+00 7.510000228881835938e+00 -3.937500000000000000e+01 3.375000000000000000e+01 -2.606250000000000000e+01 -3.125000000000000000e-01 -6.250000000000000000e-02 1.250000000000000000e-01
5.670000076293945312e+00 -2.700000047683715820e+00 7.539999961853027344e+00 -3.937500000000000000e+01 3.375000000000000000e+01 -2.606250000000000000e+01 -5.000000000000000000e-01 -3.125000000000000000e-01 3.125000000000000000e-01
5.670000076293945312e+00 -2.670000076293945312e+00 7.530000209808349609e+00 -3.937500000000000000e+01 3.375000000000000000e+01 -2.606250000000000000e+01 -9.375000000000000000e-01 -3.750000000000000000e-01 2.500000000000000000e-01
6.059999942779541016e+00 -2.369999885559082031e+00 8.039999961853027344e+00 -3.937500000000000000e+01 3.375000000000000000e+01 -2.606250000000000000e+01 -2.375000000000000000e+00 -4.375000000000000000e-01 6.250000000000000000e-01
6.170000076293945312e+00 -2.019999980926513672e+00 8.130000114440917969e+00 -3.937500000000000000e+01 3.375000000000000000e+01 -2.606250000000000000e+01 -6.625000000000000000e+00 -1.812500000000000000e+00 2.562500000000000000e+00
6.579999923706054688e+00 -1.539999961853027344e+00 8.180000305175781250e+00 -3.968750000000000000e+01 3.375000000000000000e+01 -2.606250000000000000e+01 -1.275000000000000000e+01 -3.437500000000000000e+00 4.937500000000000000e+00
8.460000038146972656e+00 -8.799999952316284180e-01 8.000000000000000000e+00 -3.968750000000000000e+01 3.375000000000000000e+01 -2.606250000000000000e+01 -1.981250000000000000e+01 -1.312500000000000000e+00 7.625000000000000000e+00
9.529999732971191406e+00 -3.499999940395355225e-01 7.929999828338623047e+00 -3.968750000000000000e+01 3.375000000000000000e+01 -2.606250000000000000e+01 -2.943750000000000000e+01 8.375000000000000000e+00 6.375000000000000000e+00
1.064999961853027344e+01 1.690000057220458984e+00 7.829999923706054688e+00 -3.968750000000000000e+01 3.375000000000000000e+01 -2.606250000000000000e+01 -3.975000000000000000e+01 2.637500000000000000e+01 -1.162500000000000000e+01
1.164999961853027344e+01 2.769999980926513672e+00 9.020000457763671875e+00 -3.968750000000000000e+01 3.375000000000000000e+01 -2.606250000000000000e+01 -4.531250000000000000e+01 5.718750000000000000e+01 -3.837500000000000000e+01
1.185999965667724609e+01 4.699999988079071045e-01 8.880000114440917969e+00 -3.787500000000000000e+01 3.375000000000000000e+01 -2.487500000000000000e+01 -5.075000000000000000e+01 9.281250000000000000e+01 -5.937500000000000000e+01
1.011999988555908203e+01 -6.299999952316284180e-01 8.369999885559082031e+00 -3.787500000000000000e+01 3.375000000000000000e+01 -2.487500000000000000e+01 -5.275000000000000000e+01 1.193125000000000000e+02 -7.981250000000000000e+01
8.470000267028808594e+00 -6.200000047683715820e-01 7.789999961853027344e+00 -3.787500000000000000e+01 3.375000000000000000e+01 -2.487500000000000000e+01 -5.556250000000000000e+01 1.325625000000000000e+02 -1.080625000000000000e+02
7.369999885559082031e+00 1.070000052452087402e+00 7.690000057220458984e+00 -3.787500000000000000e+01 3.375000000000000000e+01 -2.487500000000000000e+01 -5.962500000000000000e+01 1.375000000000000000e+02 -1.461875000000000000e+02
7.719999790191650391e+00 4.030000209808349609e+00 7.170000076293945312e+00 -3.787500000000000000e+01 3.375000000000000000e+01 -2.487500000000000000e+01 -6.575000000000000000e+01 1.396875000000000000e+02 -1.925625000000000000e+02
7.219999790191650391e+00 5.170000076293945312e+00 6.760000228881835938e+00 -3.818750000000000000e+01 3.406250000000000000e+01 -2.656250000000000000e+01 -7.756250000000000000e+01 1.420000000000000000e+02 -2.419375000000000000e+02
7.480000019073486328e+00 6.019999980926513672e+00 6.510000228881835938e+00 -3.818750000000000000e+01 3.406250000000000000e+01 -2.656250000000000000e+01 -9.350000000000000000e+01 1.425625000000000000e+02 -2.880625000000000000e+02
6.440000057220458984e+00 3.890000104904174805e+00 6.050000190734863281e+00 -3.818750000000000000e+01 3.406250000000000000e+01 -2.656250000000000000e+01 -1.148125000000000000e+02 1.420625000000000000e+02 -3.197500000000000000e+02
6.070000171661376953e+00 9.200000166893005371e-01 5.519999980926513672e+00 -3.818750000000000000e+01 3.406250000000000000e+01 -2.656250000000000000e+01 -1.337500000000000000e+02 1.383125000000000000e+02 -3.323750000000000000e+02
4.900000095367431641e+00 -2.170000076293945312e+00 5.460000038146972656e+00 -3.818750000000000000e+01 3.406250000000000000e+01 -2.656250000000000000e+01 -1.451875000000000000e+02 1.296250000000000000e+02 -3.296250000000000000e+02
4.469999790191650391e+00 -5.320000171661376953e+00 5.159999847412109375e+00 -4.050000000000000000e+01 2.856250000000000000e+01 -2.856250000000000000e+01 -1.478125000000000000e+02 1.176250000000000000e+02 -3.146250000000000000e+02
3.819999933242797852e+00 -1.302000045776367188e+01 5.570000171661376953e+00 -4.050000000000000000e+01 2.856250000000000000e+01 -2.856250000000000000e+01 -1.398125000000000000e+02 1.028125000000000000e+02 -2.851875000000000000e+02
3.970000028610229492e+00 -1.493999958038330078e+01 5.750000000000000000e+00 -4.050000000000000000e+01 2.856250000000000000e+01 -2.856250000000000000e+01 -1.184375000000000000e+02 8.712500000000000000e+01 -2.481250000000000000e+02
3.299999952316284180e+00 -1.654999923706054688e+01 5.630000114440917969e+00 -4.050000000000000000e+01 2.856250000000000000e+01 -2.856250000000000000e+01 -9.175000000000000000e+01 7.200000000000000000e+01 -2.006250000000000000e+02
1.830000042915344238e+00 -1.735000038146972656e+01 5.550000190734863281e+00 -4.050000000000000000e+01 2.856250000000000000e+01 -2.856250000000000000e+01 -6.318750000000000000e+01 5.312500000000000000e+01 -1.449375000000000000e+02
1.999999955296516418e-02 -1.530000019073486328e+01 5.849999904632568359e+00 -4.306250000000000000e+01 1.925000000000000000e+01 -2.975000000000000000e+01 -3.306250000000000000e+01 2.900000000000000000e+01 -8.843750000000000000e+01
-5.999999865889549255e-02 -1.335000038146972656e+01 6.349999904632568359e+00 -4.306250000000000000e+01 1.925000000000000000e+01 -2.975000000000000000e+01 -6.312500000000000000e+00 4.687500000000000000e+00 -3.937500000000000000e+01
3.000000119209289551e-01 -1.007999992370605469e+01 6.570000171661376953e+00 -4.306250000000000000e+01 1.925000000000000000e+01 -2.975000000000000000e+01 1.406250000000000000e+01 -1.568750000000000000e+01 -1.375000000000000000e+00
9.300000071525573730e-01 -3.029999971389770508e+00 7.150000095367431641e+00 -4.306250000000000000e+01 1.925000000000000000e+01 -2.975000000000000000e+01 2.593750000000000000e+01 -3.312500000000000000e+01 2.150000000000000000e+01
1.570000052452087402e+00 5.099999904632568359e-01 7.570000171661376953e+00 -4.306250000000000000e+01 1.925000000000000000e+01 -2.975000000000000000e+01 2.912500000000000000e+01 -4.731250000000000000e+01 2.737500000000000000e+01
2.500000000000000000e+00 2.680000066757202148e+00 8.039999961853027344e+00 -4.468750000000000000e+01 1.637500000000000000e+01 -2.937500000000000000e+01 1.906250000000000000e+01 -5.537500000000000000e+01 2.587500000000000000e+01
3.710000038146972656e+00 3.549999952316284180e+00 8.369999885559082031e+00 -4.468750000000000000e+01 1.637500000000000000e+01 -2.937500000000000000e+01 1.562500000000000000e+00 -5.706250000000000000e+01 2.381250000000000000e+01
4.429999828338623047e+00 1.500000000000000000e+00 8.699999809265136719e+00 -4.468750000000000000e+01 1.637500000000000000e+01 -2.937500000000000000e+01 -1.662500000000000000e+01 -5.812500000000000000e+01 2.225000000000000000e+01
5.590000152587890625e+00 -7.200000286102294922e-01 8.819999694824218750e+00 -4.468750000000000000e+01 1.637500000000000000e+01 -2.937500000000000000e+01 -3.150000000000000000e+01 -5.987500000000000000e+01 2.150000000000000000e+01
6.969999790191650391e+00 -3.160000085830688477e+00 9.029999732971191406e+00 -4.468750000000000000e+01 1.637500000000000000e+01 -2.937500000000000000e+01 -4.162500000000000000e+01 -5.675000000000000000e+01 2.737500000000000000e+01
8.130000114440917969e+00 -5.869999885559082031e+00 8.539999961853027344e+00 -4.575000000000000000e+01 1.637500000000000000e+01 -2.975000000000000000e+01 -4.500000000000000000e+01 -4.731250000000000000e+01 4.337500000000000000e+01
8.319999694824218750e+00 -8.909999847412109375e+00 7.510000228881835938e+00 -4.575000000000000000e+01 1.637500000000000000e+01 -2.975000000000000000e+01 -3.825000000000000000e+01 -3.437500000000000000e+01 6.131250000000000000e+01
8.159999847412109375e+00 -8.890000343322753906e+00 7.530000209808349609e+00 -4.575000000000000000e+01 1.637500000000000000e+01 -2.975000000000000000e+01 -2.062500000000000000e+01 -2.618750000000000000e+01 7.331250000000000000e+01
8.720000267028808594e+00 -7.940000057220458984e+00 7.369999885559082031e+00 -4.575000000000000000e+01 1.637500000000000000e+01 -2.975000000000000000e+01 -2.125000000000000000e+00 -1.850000000000000000e+01 8.131250000000000000e+01
7.929999828338623047e+00 -6.869999885559082031e+00 7.659999847412109375e+00 -4.575000000000000000e+01 1.637500000000000000e+01 -2.975000000000000000e+01 1.400000000000000000e+01 -9.625000000000000000e+00 9.043750000000000000e+01
7.300000190734863281e+00 -6.340000152587890625e+00 7.909999847412109375e+00 -4.650000000000000000e+01 1.825000000000000000e+01 -2.656250000000000000e+01 2.912500000000000000e+01 -6.437500000000000000e+00 1.067500000000000000e+02
6.860000133514404297e+00 -6.429999828338623047e+00 7.570000171661376953e+00 -4.650000000000000000e+01 1.825000000000000000e+01 -2.656250000000000000e+01 4.000000000000000000e+01 -6.562500000000000000e+00 1.286875000000000000e+02
6.679999828338623047e+00 -7.309999942779541016e+00 7.039999961853027344e+00 -4.650000000000000000e+01 1.825000000000000000e+01 -2.656250000000000000e+01 4.943750000000000000e+01 -7.750000000000000000e+00 1.485625000000000000e+02
6.099999904632568359e+00 -6.250000000000000000e+00 6.760000228881835938e+00 -4.650000000000000000e+01 1.825000000000000000e+01 -2.656250000000000000e+01 5.975000000000000000e+01 -8.125000000000000000e+00 1.645000000000000000e+02
5.440000057220458984e+00 -6.309999942779541016e+00 6.559999942779541016e+00 -4.650000000000000000e+01 1.825000000000000000e+01 -2.656250000000000000e+01 6.737500000000000000e+01 -1.025000000000000000e+01 1.827500000000000000e+02
4.670000076293945312e+00 -6.010000228881835938e+00 6.349999904632568359e+00 -4.468750000000000000e+01 2.237500000000000000e+01 -2.656250000000000000e+01 7.356250000000000000e+01 -1.637500000000000000e+01 1.990000000000000000e+02
4.090000152587890625e+00 -5.710000038146972656e+00 6.139999866485595703e+00 -4.468750000000000000e+01 2.237500000000000000e+01 -2.656250000000000000e+01 7.918750000000000000e+01 -2.762500000000000000e+01 2.154375000000000000e+02
3.529999971389770508e+00 -4.949999809265136719e+00 5.840000152587890625e+00 -4.468750000000000000e+01 2.237500000000000000e+01 -2.656250000000000000e+01 8.143750000000000000e+01 -3.962500000000000000e+01 2.301250000000000000e+02
3.299999952316284180e+00 -4.659999847412109375e+00 5.710000038146972656e+00 -4.468750000000000000e+01 2.237500000000000000e+01 -2.656250000000000000e+01 8.412500000000000000e+01 -5.337500000000000000e+01 2.387500000000000000e+02
3.349999904632568359e+00 -3.809999942779541016e+00 6.150000095367431641e+00 -4.468750000000000000e+01 2.237500000000000000e+01 -2.656250000000000000e+01 8.781250000000000000e+01 -6.518750000000000000e+01 2.401250000000000000e+02
3.589999914169311523e+00 -1.970000028610229492e+00 7.030000209808349609e+00 -4.168750000000000000e+01 2.825000000000000000e+01 -2.818750000000000000e+01 8.837500000000000000e+01 -7.443750000000000000e+01 2.361250000000000000e+02
3.950000047683715820e+00 -5.699999928474426270e-01 7.230000019073486328e+00 -4.168750000000000000e+01 2.825000000000000000e+01 -2.818750000000000000e+01 8.650000000000000000e+01 -8.118750000000000000e+01 2.250625000000000000e+02
4.210000038146972656e+00 7.200000286102294922e-01 7.590000152587890625e+00 -4.168750000000000000e+01 2.825000000000000000e+01 -2.818750000000000000e+01 8.306250000000000000e+01 -8.381250000000000000e+01 2.056250000000000000e+02
3.630000114440917969e+00 1.360000014305114746e+00 6.969999790191650391e+00 -4.168750000000000000e+01 2.825000000000000000e+01 -2.818750000000000000e+01 7.987500000000000000e+01 -8.712500000000000000e+01 1.800625000000000000e+02
6.499999761581420898e-01 2.680000066757202148e+00 7.179999828338623047e+00 -4.168750000000000000e+01 2.825000000000000000e+01 -2.818750000000000000e+01 7.862500000000000000e+01 -9.531250000000000000e+01 1.438125000000000000e+02
-1.029999971389770508e+00 3.430000066757202148e+00 7.190000057220458984e+00 -3.687500000000000000e+01 3.418750000000000000e+01 -2.818750000000000000e+01 7.637500000000000000e+01 -1.070625000000000000e+02 1.013125000000000000e+02
-1.940000057220458984e+00 3.609999895095825195e+00 6.699999809265136719e+00 -3.687500000000000000e+01 3.418750000000000000e+01 -2.818750000000000000e+01 7.337500000000000000e+01 -1.236250000000000000e+02 5.775000000000000000e+01
-2.880000114440917969e+00 4.000000000000000000e+00 6.530000209808349609e+00 -3.687500000000000000e+01 3.418750000000000000e+01 -2.818750000000000000e+01 6.887500000000000000e+01 -1.431250000000000000e+02 1.400000000000000000e+01
-3.000000000000000000e+00 4.710000038146972656e+00 6.610000133514404297e+00 -3.687500000000000000e+01 3.418750000000000000e+01 -2.818750000000000000e+01 5.862500000000000000e+01 -1.687500000000000000e+02 -2.475000000000000000e+01
-1.460000038146972656e+00 2.750000000000000000e+00 7.590000152587890625e+00 -3.687500000000000000e+01 3.418750000000000000e+01 -2.818750000000000000e+01 4.375000000000000000e+01 -1.985625000000000000e+02 -5.062500000000000000e+01
5.690000057220458984e+00 -6.320000171661376953e+00 1.788999938964843750e+01 -3.537500000000000000e+01 3.637500000000000000e+01 -2.656250000000000000e+01 8.431250000000000000e+01 -2.265000000000000000e+02 -7.775000000000000000e+01
3.945000076293945312e+01 6.200000047683715820e-01 -9.920000076293945312e+00 -3.537500000000000000e+01 3.637500000000000000e+01 -2.656250000000000000e+01 8.925000000000000000e+01 -1.053125000000000000e+02 -1.048125000000000000e+02
2.990000009536743164e+00 3.440000057220458984e+00 -2.299999952316284180e+00 -3.537500000000000000e+01 3.637500000000000000e+01 -2.656250000000000000e+01 -3.793750000000000000e+01 1.361875000000000000e+02 -4.718750000000000000e+01
-1.301000022888183594e+01 -7.929999828338623047e+00 1.406999969482421875e+01 -3.537500000000000000e+01 3.637500000000000000e+01 -2.656250000000000000e+01 1.562500000000000000e+01 6.075000000000000000e+01 4.312500000000000000e+00
8.300000190734863281e+00 -6.480000019073486328e+00 9.890000343322753906e+00 -3.537500000000000000e+01 3.637500000000000000e+01 -2.656250000000000000e+01 1.343750000000000000e+01 -1.918750000000000000e+01 7.312500000000000000e+00
7.000000029802322388e-02 2.720000028610229492e+00 1.044999980926513672e+01 -3.950000000000000000e+01 3.306250000000000000e+01 -2.487500000000000000e+01 6.750000000000000000e+00 1.281250000000000000e+01 -6.375000000000000000e+00
5.539999961853027344e+00 -1.190000057220458984e+00 7.030000209808349609e+00 -3.950000000000000000e+01 3.306250000000000000e+01 -2.487500000000000000e+01 -4.750000000000000000e+00 -4.187500000000000000e+00 -4.875000000000000000e+00
8.539999961853027344e+00 -3.069999933242797852e+00 6.789999961853027344e+00 -3.950000000000000000e+01 3.306250000000000000e+01 -2.487500000000000000e+01 -5.187500000000000000e+00 -5.187500000000000000e+00 7.500000000000000000e-01
4.789999961853027344e+00 -3.569999933242797852e+00 7.320000171661376953e+00 -3.950000000000000000e+01 3.306250000000000000e+01 -2.487500000000000000e+01 -2.812500000000000000e+00 3.187500000000000000e+00 3.812500000000000000e+00
4.690000057220458984e+00 -3.630000114440917969e+00 7.489999771118164062e+00 -3.950000000000000000e+01 3.306250000000000000e+01 -2.487500000000000000e+01 -1.875000000000000000e-01 1.500000000000000000e+00 2.750000000000000000e+00
5.309999942779541016e+00 -3.480000019073486328e+00 7.300000190734863281e+00 -4.018750000000000000e+01 3.268750000000000000e+01 -2.518750000000000000e+01 2.687500000000000000e+00 -6.250000000000000000e-02 -1.687500000000000000e+00
5.460000038146972656e+00 -3.069999933242797852e+00 7.349999904632568359e+00 -4.018750000000000000e+01 3.268750000000000000e+01 -2.518750000000000000e+01 5.812500000000000000e+00 5.625000000000000000e-01 -5.375000000000000000e+00
6.150000095367431641e+00 -2.130000114440917969e+00 7.670000076293945312e+00 -4.018750000000000000e+01 3.268750000000000000e+01 -2.518750000000000000e+01 6.375000000000000000e+00 6.250000000000000000e-01 -5.250000000000000000e+00
5.760000228881835938e+00 -1.870000004768371582e+00 7.739999771118164062e+00 -4.018750000000000000e+01 3.268750000000000000e+01 -2.518750000000000000e+01 4.312500000000000000e+00 2.312500000000000000e+00 -3.750000000000000000e+00
5.800000190734863281e+00 -2.079999923706054688e+00 7.719999790191650391e+00 -4.018750000000000000e+01 3.268750000000000000e+01 -2.518750000000000000e+01 2.125000000000000000e+00 1.625000000000000000e+00 -1.562500000000000000e+00
5.849999904632568359e+00 -2.480000019073486328e+00 7.630000114440917969e+00 -4.056250000000000000e+01 3.268750000000000000e+01 -2.518750000000000000e+01 1.062500000000000000e+00 7.500000000000000000e-01 0.000000000000000000e+00
5.690000057220458984e+00 -2.829999923706054688e+00 7.539999961853027344e+00 -4.056250000000000000e+01 3.268750000000000000e+01 -2.518750000000000000e+01 1.875000000000000000e-01 5.625000000000000000e-01 7.500000000000000000e-01
5.659999847412109375e+00 -2.920000076293945312e+00 7.449999809265136719e+00 -4.056250000000000000e+01 3.268750000000000000e+01 -2.518750000000000000e+01 6.250000000000000000e-02 4.375000000000000000e-01 5.000000000000000000e-01
5.690000057220458984e+00 -2.930000066757202148e+00 7.429999828338623047e+00 -4.056250000000000000e+01 3.268750000000000000e+01 -2.518750000000000000e+01 9.375000000000000000e-01 3.750000000000000000e-01 -3.750000000000000000e-01
5.719999790191650391e+00 -2.609999895095825195e+00 7.550000190734863281e+00 -4.056250000000000000e+01 3.268750000000000000e+01 -2.518750000000000000e+01 1.625000000000000000e+00 3.750000000000000000e-01 -8.750000000000000000e-01
5.690000057220458984e+00 -2.440000057220458984e+00 7.610000133514404297e+00 -4.056250000000000000e+01 3.350000000000000000e+01 -2.600000000000000000e+01 1.500000000000000000e+00 3.750000000000000000e-01 -8.750000000000000000e-01
5.679999828338623047e+00 -2.369999885559082031e+00 7.650000095367431641e+00 -4.056250000000000000e+01 3.350000000000000000e+01 -2.600000000000000000e+01 8.750000000000000000e-01 1.250000000000000000e-01 -4.375000000000000000e-01
5.750000000000000000e+00 -2.430000066757202148e+00 7.579999923706054688e+00 -4.056250000000000000e+01 3.350000000000000000e+01 -2.600000000000000000e+01 2.500000000000000000e-01 -2.500000000000000000e-01 0.000000000000000000e+00
5.750000000000000000e+00 -2.589999914169311523e+00 7.530000209808349609e+00 -4.056250000000000000e+01 3.350000000000000000e+01 -2.600000000000000000e+01 -3.750000000000000000e-01 -3.750000000000000000e-01 5.000000000000000000e-01
