6.150000095367431641e+00 -1.039999961853027344e+00 7.539999961853027344e+00 -4.437500000000000000e+01 2.537500000000000000e+01 -3.087500000000000000e+01 0.000000000000000000e+00 0.000000000000000000e+00 -2.500000000000000000e-01
6.139999866485595703e+00 -1.039999961853027344e+00 7.530000209808349609e+00 -4.437500000000000000e+01 2.537500000000000000e+01 -3.087500000000000000e+01 1.875000000000000000e-01 0.000000000000000000e+00 -1.875000000000000000e-01
6.159999847412109375e+00 -1.059999942779541016e+00 7.500000000000000000e+00 -4.437500000000000000e+01 2.537500000000000000e+01 -3.087500000000000000e+01 1.250000000000000000e-01 6.250000000000000000e-02 -1.250000000000000000e-01
6.139999866485595703e+00 -1.049999952316284180e+00 7.530000209808349609e+00 -4.437500000000000000e+01 2.537500000000000000e+01 -3.087500000000000000e+01 2.500000000000000000e-01 1.875000000000000000e-01 -4.375000000000000000e-01
6.139999866485595703e+00 -1.029999971389770508e+00 7.510000228881835938e+00 -4.437500000000000000e+01 2.537500000000000000e+01 -3.087500000000000000e+01 5.000000000000000000e-01 3.125000000000000000e-01 -4.375000000000000000e-01
6.139999866485595703e+00 -1.049999952316284180e+00 7.530000209808349609e+00 -4.400000000000000000e+01 2.537500000000000000e+01 -3.050000000000000000e+01 5.625000000000000000e-01 3.750000000000000000e-01 -4.375000000000000000e-01
6.139999866485595703e+00 -1.139999985694885254e+00 7.519999980926513672e+00 -4.400000000000000000e+01 2.537500000000000000e+01 -3.050000000000000000e+01 5.000000000000000000e-01 3.750000000000000000e-01 -5.625000000000000000e-01
6.159999847412109375e+00 -1.070000052452087402e+00 7.469999790191650391e+00 -4.400000000000000000e+01 2.537500000000000000e+01 -3.050000000000000000e+01 7.500000000000000000e-01 5.625000000000000000e-01 -7.500000000000000000e-01
6.099999904632568359e+00 -1.200000047683715820e+00 7.469999790191650391e+00 -4.400000000000000000e+01 2.537500000000000000e+01 -3.050000000000000000e+01 1.000000000000000000e+00 6.875000000000000000e-01 -1.062500000000000000e+00
6.150000095367431641e+00 -8.000000119209289551e-01 7.559999942779541016e+00 -4.400000000000000000e+01 2.537500000000000000e+01 -3.050000000000000000e+01 1.375000000000000000e+00 5.625000000000000000e-01 -1.500000000000000000e+00
6.170000076293945312e+00 -9.499999880790710449e-01 7.550000190734863281e+00 -4.356250000000000000e+01 2.537500000000000000e+01 -2.968750000000000000e+01 1.312500000000000000e+00 1.875000000000000000e-01 -1.375000000000000000e+00
6.139999866485595703e+00 -9.100000262260437012e-01 7.579999923706054688e+00 -4.356250000000000000e+01 2.537500000000000000e+01 -2.968750000000000000e+01 7.500000000000000000e-01 3.750000000000000000e-01 -1.062500000000000000e+00
6.170000076293945312e+00 -8.899999856948852539e-01 7.550000190734863281e+00 -4.356250000000000000e+01 2.537500000000000000e+01 -2.968750000000000000e+01 7.500000000000000000e-01 1.875000000000000000e-01 -8.750000000000000000e-01
6.139999866485595703e+00 -9.599999785423278809e-01 7.550000190734863281e+00 -4.356250000000000000e+01 2.537500000000000000e+01 -2.968750000000000000e+01 4.375000000000000000e-01 2.500000000000000000e-01 -5.625000000000000000e-01
6.150000095367431641e+00 -1.019999980926513672e+00 7.559999942779541016e+00 -4.356250000000000000e+01 2.537500000000000000e+01 -2.968750000000000000e+01 3.750000000000000000e-01 6.250000000000000000e-02 -5.625000000000000000e-01
6.150000095367431641e+00 -9.900000095367431641e-01 7.539999961853027344e+00 -4.325000000000000000e+01 2.568750000000000000e+01 -2.850000000000000000e+01 2.500000000000000000e-01 -6.250000000000000000e-02 -4.375000000000000000e-01
6.119999885559082031e+00 -9.300000071525573730e-01 7.579999923706054688e+00 -4.325000000000000000e+01 2.568750000000000000e+01 -2.850000000000000000e+01 2.500000000000000000e-01 3.750000000000000000e-01 -5.000000000000000000e-01
6.139999866485595703e+00 -9.499999880790710449e-01 7.530000209808349609e+00 -4.325000000000000000e+01 2.568750000000000000e+01 -2.850000000000000000e+01 1.875000000000000000e-01 3.125000000000000000e-01 -3.750000000000000000e-01
6.150000095367431641e+00 -9.800000190734863281e-01 7.570000171661376953e+00 -4.325000000000000000e+01 2.568750000000000000e+01 -2.850000000000000000e+01 3.125000000000000000e-01 2.500000000000000000e-01 -5.000000000000000000e-01
6.150000095367431641e+00 -9.599999785423278809e-01 7.550000190734863281e+00 -4.325000000000000000e+01 2.568750000000000000e+01 -2.850000000000000000e+01 2.500000000000000000e-01 2.500000000000000000e-01 -4.375000000000000000e-01
6.139999866485595703e+00 -9.700000286102294922e-01 7.559999942779541016e+00 -4.356250000000000000e+01 2.456250000000000000e+01 -2.968750000000000000e+01 2.500000000000000000e-01 6.250000000000000000e-02 -3.750000000000000000e-01
6.150000095367431641e+00 -9.700000286102294922e-01 7.550000190734863281e+00 -4.356250000000000000e+01 2.456250000000000000e+01 -2.968750000000000000e+01 1.250000000000000000e-01 1.250000000000000000e-01 -4.375000000000000000e-01
6.139999866485595703e+00 -9.700000286102294922e-01 7.530000209808349609e+00 -4.356250000000000000e+01 2.456250000000000000e+01 -2.968750000000000000e+01 3.125000000000000000e-01 1.875000000000000000e-01 -5.000000000000000000e-01
6.130000114440917969e+00 -9.399999976158142090e-01 7.539999961853027344e+00 -4.356250000000000000e+01 2.456250000000000000e+01 -2.968750000000000000e+01 0.000000000000000000e+00 0.000000000000000000e+00 -2.500000000000000000e-01
6.130000114440917969e+00 -9.800000190734863281e-01 7.539999961853027344e+00 -4.356250000000000000e+01 2.456250000000000000e+01 -2.968750000000000000e+01 6.250000000000000000e-02 -1.250000000000000000e-01 -1.875000000000000000e-01
6.119999885559082031e+00 -1.000000000000000000e+00 7.539999961853027344e+00 -4.437500000000000000e+01 2.500000000000000000e+01 -2.968750000000000000e+01 1.875000000000000000e-01 1.250000000000000000e-01 -2.500000000000000000e-01
6.139999866485595703e+00 -1.000000000000000000e+00 7.559999942779541016e+00 -4.437500000000000000e+01 2.500000000000000000e+01 -2.968750000000000000e+01 1.875000000000000000e-01 6.250000000000000000e-02 -1.250000000000000000e-01
6.130000114440917969e+00 -1.000000000000000000e+00 7.519999980926513672e+00 -4.437500000000000000e+01 2.500000000000000000e+01 -2.968750000000000000e+01 6.250000000000000000e-02 -1.250000000000000000e-01 -2.500000000000000000e-01
6.150000095367431641e+00 -9.700000286102294922e-01 7.539999961853027344e+00 -4.437500000000000000e+01 2.500000000000000000e+01 -2.968750000000000000e+01 1.250000000000000000e-01 0.000000000000000000e+00 -3.125000000000000000e-01
6.130000114440917969e+00 -9.599999785423278809e-01 7.550000190734863281e+00 -4.437500000000000000e+01 2.500000000000000000e+01 -2.968750000000000000e+01 2.500000000000000000e-01 0.000000000000000000e+00 -3.750000000000000000e-01
6.119999885559082031e+00 -9.399999976158142090e-01 7.579999923706054688e+00 -4.437500000000000000e+01 2.500000000000000000e+01 -2.968750000000000000e+01 1.250000000000000000e-01 6.250000000000000000e-02 -3.750000000000000000e-01
6.150000095367431641e+00 -9.399999976158142090e-01 7.510000228881835938e+00 -4.437500000000000000e+01 2.500000000000000000e+01 -2.968750000000000000e+01 1.875000000000000000e-01 1.250000000000000000e-01 -3.750000000000000000e-01
6.179999828338623047e+00 -9.499999880790710449e-01 7.559999942779541016e+00 -4.437500000000000000e+01 2.500000000000000000e+01 -2.968750000000000000e+01 -6.250000000000000000e-02 -1.875000000000000000e-01 -6.250000000000000000e-02
6.329999923706054688e+00 -8.700000047683715820e-01 7.610000133514404297e+00 -4.437500000000000000e+01 2.500000000000000000e+01 -2.968750000000000000e+01 -1.250000000000000000e-01 -6.250000000000000000e-02 -1.875000000000000000e-01
6.420000076293945312e+00 -8.500000238418579102e-01 7.719999790191650391e+00 -4.437500000000000000e+01 2.500000000000000000e+01 -2.968750000000000000e+01 -1.062500000000000000e+00 -6.250000000000000000e-01 3.750000000000000000e-01
6.650000095367431641e+00 -8.299999833106994629e-01 8.000000000000000000e+00 -4.437500000000000000e+01 2.500000000000000000e+01 -3.006250000000000000e+01 -3.250000000000000000e+00 -6.250000000000000000e-01 9.375000000000000000e-01
7.289999961853027344e+00 -1.400000005960464478e-01 7.739999771118164062e+00 -4.437500000000000000e+01 2.500000000000000000e+01 -3.006250000000000000e+01 -5.875000000000000000e+00 -6.875000000000000000e-01 1.375000000000000000e+00
7.139999866485595703e+00 5.999999865889549255e-02 8.159999847412109375e+00 -4.437500000000000000e+01 2.500000000000000000e+01 -3.006250000000000000e+01 -1.206250000000000000e+01 1.000000000000000000e+00 4.375000000000000000e+00
7.440000057220458984e+00 5.400000214576721191e-01 8.600000381469726562e+00 -4.437500000000000000e+01 2.500000000000000000e+01 -3.006250000000000000e+01 -1.912500000000000000e+01 4.187500000000000000e+00 9.250000000000000000e+00
7.710000038146972656e+00 3.899999856948852539e-01 8.489999771118164062e+00 -4.437500000000000000e+01 2.500000000000000000e+01 -3.006250000000000000e+01 -3.100000000000000000e+01 6.500000000000000000e+00 1.575000000000000000e+01
8.020000457763671875e+00 4.799999892711639404e-01 8.520000457763671875e+00 -4.400000000000000000e+01 2.500000000000000000e+01 -2.875000000000000000e+01 -4.250000000000000000e+01 8.750000000000000000e+00 2.331250000000000000e+01
8.520000457763671875e+00 5.699999928474426270e-01 8.210000038146972656e+00 -4.400000000000000000e+01 2.500000000000000000e+01 -2.875000000000000000e+01 -5.018750000000000000e+01 1.081250000000000000e+01 2.937500000000000000e+01
9.109999656677246094e+00 -1.320000052452087402e+00 8.079999923706054688e+00 -4.400000000000000000e+01 2.500000000000000000e+01 -2.875000000000000000e+01 -5.500000000000000000e+01 1.662500000000000000e+01 3.287500000000000000e+01
9.229999542236328125e+00 -2.690000057220458984e+00 7.449999809265136719e+00 -4.400000000000000000e+01 2.500000000000000000e+01 -2.875000000000000000e+01 -5.575000000000000000e+01 2.731250000000000000e+01 3.143750000000000000e+01
8.789999961853027344e+00 -3.359999895095825195e+00 6.869999885559082031e+00 -4.400000000000000000e+01 2.500000000000000000e+01 -2.875000000000000000e+01 -4.900000000000000000e+01 4.100000000000000000e+01 2.593750000000000000e+01
7.750000000000000000e+00 -3.529999971389770508e+00 7.219999790191650391e+00 -4.356250000000000000e+01 2.606250000000000000e+01 -2.875000000000000000e+01 -3.700000000000000000e+01 5.387500000000000000e+01 2.100000000000000000e+01
6.849999904632568359e+00 -3.220000028610229492e+00 7.280000209808349609e+00 -4.356250000000000000e+01 2.606250000000000000e+01 -2.875000000000000000e+01 -2.512500000000000000e+01 6.031250000000000000e+01 1.837500000000000000e+01
6.440000057220458984e+00 -2.970000028610229492e+00 7.420000076293945312e+00 -4.356250000000000000e+01 2.606250000000000000e+01 -2.875000000000000000e+01 -1.556250000000000000e+01 6.256250000000000000e+01 1.762500000000000000e+01
6.119999885559082031e+00 -2.569999933242797852e+00 7.769999980926513672e+00 -4.356250000000000000e+01 2.606250000000000000e+01 -2.875000000000000000e+01 -8.687500000000000000e+00 6.300000000000000000e+01 1.743750000000000000e+01
6.230000019073486328e+00 -1.889999985694885254e+00 7.829999923706054688e+00 -4.356250000000000000e+01 2.606250000000000000e+01 -2.875000000000000000e+01 -3.187500000000000000e+00 6.206250000000000000e+01 1.700000000000000000e+01
6.880000114440917969e+00 -1.299999952316284180e+00 7.079999923706054688e+00 -4.206250000000000000e+01 2.868750000000000000e+01 -3.006250000000000000e+01 -1.687500000000000000e+00 6.075000000000000000e+01 1.787500000000000000e+01
7.500000000000000000e+00 -9.300000071525573730e-01 6.179999828338623047e+00 -4.206250000000000000e+01 2.868750000000000000e+01 -3.006250000000000000e+01 -2.375000000000000000e+00 6.037500000000000000e+01 1.956250000000000000e+01
8.510000228881835938e+00 -1.139999985694885254e+00 3.880000114440917969e+00 -4.206250000000000000e+01 2.868750000000000000e+01 -3.006250000000000000e+01 -1.562500000000000000e+00 5.662500000000000000e+01 2.318750000000000000e+01
6.550000190734863281e+00 -3.119999885559082031e+00 1.500000000000000000e+00 -4.206250000000000000e+01 2.868750000000000000e+01 -3.006250000000000000e+01 5.437500000000000000e+00 4.512500000000000000e+01 2.743750000000000000e+01
7.699999809265136719e+00 -1.800000071525573730e-01 2.480000019073486328e+00 -4.206250000000000000e+01 2.868750000000000000e+01 -3.006250000000000000e+01 3.331250000000000000e+01 2.431250000000000000e+01 2.806250000000000000e+01
9.909999847412109375e+00 3.210000038146972656e+00 2.569999933242797852e+00 -3.837500000000000000e+01 2.975000000000000000e+01 -3.087500000000000000e+01 6.525000000000000000e+01 -6.250000000000000000e+00 2.625000000000000000e+01
1.081000041961669922e+01 5.079999923706054688e+00 3.839999914169311523e+00 -3.837500000000000000e+01 2.975000000000000000e+01 -3.087500000000000000e+01 6.975000000000000000e+01 -3.050000000000000000e+01 3.387500000000000000e+01
1.182999992370605469e+01 3.400000095367431641e+00 4.880000114440917969e+00 -3.837500000000000000e+01 2.975000000000000000e+01 -3.087500000000000000e+01 5.050000000000000000e+01 -4.406250000000000000e+01 4.643750000000000000e+01
1.211999988555908203e+01 1.470000028610229492e+00 5.119999885559082031e+00 -3.837500000000000000e+01 2.975000000000000000e+01 -3.087500000000000000e+01 2.781250000000000000e+01 -4.981250000000000000e+01 5.268750000000000000e+01
1.246000003814697266e+01 -5.000000074505805969e-02 5.119999885559082031e+00 -3.837500000000000000e+01 2.975000000000000000e+01 -3.087500000000000000e+01 1.737500000000000000e+01 -4.843750000000000000e+01 4.618750000000000000e+01
1.164999961853027344e+01 -6.200000047683715820e-01 5.090000152587890625e+00 -3.875000000000000000e+01 2.975000000000000000e+01 -3.218750000000000000e+01 2.262500000000000000e+01 -4.156250000000000000e+01 2.900000000000000000e+01
8.840000152587890625e+00 7.200000286102294922e-01 5.780000209808349609e+00 -3.875000000000000000e+01 2.975000000000000000e+01 -3.218750000000000000e+01 3.556250000000000000e+01 -3.262500000000000000e+01 6.562500000000000000e+00
7.500000000000000000e+00 1.399999976158142090e+00 5.889999866485595703e+00 -3.875000000000000000e+01 2.975000000000000000e+01 -3.218750000000000000e+01 4.262500000000000000e+01 -2.962500000000000000e+01 -1.262500000000000000e+01
6.210000038146972656e+00 1.159999966621398926e+00 6.090000152587890625e+00 -3.875000000000000000e+01 2.975000000000000000e+01 -3.218750000000000000e+01 3.975000000000000000e+01 -3.275000000000000000e+01 -2.600000000000000000e+01
4.980000019073486328e+00 -2.000000029802322388e-01 6.340000152587890625e+00 -3.875000000000000000e+01 2.975000000000000000e+01 -3.218750000000000000e+01 3.162500000000000000e+01 -4.175000000000000000e+01 -3.418750000000000000e+01
4.639999866485595703e+00 -1.230000019073486328e+00 6.679999828338623047e+00 -3.918750000000000000e+01 3.018750000000000000e+01 -3.125000000000000000e+01 2.575000000000000000e+01 -5.325000000000000000e+01 -4.037500000000000000e+01
4.429999828338623047e+00 -1.720000028610229492e+00 7.030000209808349609e+00 -3.918750000000000000e+01 3.018750000000000000e+01 -3.125000000000000000e+01 2.337500000000000000e+01 -6.318750000000000000e+01 -4.468750000000000000e+01
4.429999828338623047e+00 -1.919999957084655762e+00 7.650000095367431641e+00 -3.918750000000000000e+01 3.018750000000000000e+01 -3.125000000000000000e+01 2.525000000000000000e+01 -7.068750000000000000e+01 -4.656250000000000000e+01
3.970000028610229492e+00 -2.160000085830688477e+00 8.590000152587890625e+00 -3.918750000000000000e+01 3.018750000000000000e+01 -3.125000000000000000e+01 2.625000000000000000e+01 -7.368750000000000000e+01 -4.568750000000000000e+01
2.950000047683715820e+00 -2.619999885559082031e+00 9.000000000000000000e+00 -3.918750000000000000e+01 3.018750000000000000e+01 -3.125000000000000000e+01 2.437500000000000000e+01 -7.043750000000000000e+01 -4.281250000000000000e+01
1.000000000000000000e+00 -3.329999923706054688e+00 9.470000267028808594e+00 -4.068750000000000000e+01 2.756250000000000000e+01 -2.968750000000000000e+01 2.143750000000000000e+01 -6.350000000000000000e+01 -4.156250000000000000e+01
3.999999910593032837e-02 -3.609999895095825195e+00 9.229999542236328125e+00 -4.068750000000000000e+01 2.756250000000000000e+01 -2.968750000000000000e+01 1.831250000000000000e+01 -6.018750000000000000e+01 -4.450000000000000000e+01
-1.139999985694885254e+00 -2.450000047683715820e+00 1.005000019073486328e+01 -4.068750000000000000e+01 2.756250000000000000e+01 -2.968750000000000000e+01 1.306250000000000000e+01 -5.531250000000000000e+01 -4.906250000000000000e+01
-1.200000047683715820e+00 -3.470000028610229492e+00 1.093000030517578125e+01 -4.068750000000000000e+01 2.756250000000000000e+01 -2.968750000000000000e+01 1.500000000000000000e+00 -5.356250000000000000e+01 -5.150000000000000000e+01
-1.269999980926513672e+00 -4.659999847412109375e+00 1.138000011444091797e+01 -4.068750000000000000e+01 2.756250000000000000e+01 -2.968750000000000000e+01 -1.081250000000000000e+01 -5.006250000000000000e+01 -5.043750000000000000e+01
-9.700000286102294922e-01 -5.289999961853027344e+00 1.209000015258789062e+01 -4.437500000000000000e+01 2.537500000000000000e+01 -2.718750000000000000e+01 -1.550000000000000000e+01 -4.362500000000000000e+01 -4.825000000000000000e+01
-9.700000286102294922e-01 -4.849999904632568359e+00 1.242000007629394531e+01 -4.437500000000000000e+01 2.537500000000000000e+01 -2.718750000000000000e+01 -1.425000000000000000e+01 -3.193750000000000000e+01 -4.525000000000000000e+01
-7.799999713897705078e-01 -4.489999771118164062e+00 1.339000034332275391e+01 -4.437500000000000000e+01 2.537500000000000000e+01 -2.718750000000000000e+01 -1.131250000000000000e+01 -2.062500000000000000e+01 -3.993750000000000000e+01
1.299999952316284180e-01 -4.329999923706054688e+00 1.346000003814697266e+01 -4.437500000000000000e+01 2.537500000000000000e+01 -2.718750000000000000e+01 -1.262500000000000000e+01 -1.025000000000000000e+01 -3.006250000000000000e+01
1.450000047683715820e+00 -4.449999809265136719e+00 1.372999954223632812e+01 -4.437500000000000000e+01 2.537500000000000000e+01 -2.718750000000000000e+01 -1.518750000000000000e+01 2.500000000000000000e-01 -1.618750000000000000e+01
2.039999961853027344e+00 -3.390000104904174805e+00 1.342000007629394531e+01 -4.625000000000000000e+01 2.350000000000000000e+01 -2.637500000000000000e+01 -1.537500000000000000e+01 1.006250000000000000e+01 -1.937500000000000000e+00
2.789999961853027344e+00 -2.519999980926513672e+00 1.348999977111816406e+01 -4.625000000000000000e+01 2.350000000000000000e+01 -2.637500000000000000e+01 -1.775000000000000000e+01 1.700000000000000000e+01 9.062500000000000000e+00
4.150000095367431641e+00 -2.960000038146972656e+00 1.355000019073486328e+01 -4.625000000000000000e+01 2.350000000000000000e+01 -2.637500000000000000e+01 -2.693750000000000000e+01 2.143750000000000000e+01 1.668750000000000000e+01
5.630000114440917969e+00 -4.230000019073486328e+00 1.330000019073486328e+01 -4.625000000000000000e+01 2.350000000000000000e+01 -2.637500000000000000e+01 -3.593750000000000000e+01 2.756250000000000000e+01 2.250000000000000000e+01
5.840000152587890625e+00 -3.670000076293945312e+00 1.365999984741210938e+01 -4.625000000000000000e+01 2.350000000000000000e+01 -2.637500000000000000e+01 -3.675000000000000000e+01 3.743750000000000000e+01 2.537500000000000000e+01
5.530000209808349609e+00 -3.569999933242797852e+00 1.351000022888183594e+01 -4.656250000000000000e+01 2.387500000000000000e+01 -2.556250000000000000e+01 -3.550000000000000000e+01 4.700000000000000000e+01 2.912500000000000000e+01
4.940000057220458984e+00 -5.159999847412109375e+00 1.286999988555908203e+01 -4.656250000000000000e+01 2.387500000000000000e+01 -2.556250000000000000e+01 -3.625000000000000000e+01 5.506250000000000000e+01 3.437500000000000000e+01
4.280000209808349609e+00 -5.079999923706054688e+00 1.239000034332275391e+01 -4.656250000000000000e+01 2.387500000000000000e+01 -2.556250000000000000e+01 -3.325000000000000000e+01 6.118750000000000000e+01 4.112500000000000000e+01
4.170000076293945312e+00 -3.690000057220458984e+00 1.240999984741210938e+01 -4.656250000000000000e+01 2.387500000000000000e+01 -2.556250000000000000e+01 -2.075000000000000000e+01 6.350000000000000000e+01 3.893750000000000000e+01
3.900000095367431641e+00 -2.329999923706054688e+00 1.230000019073486328e+01 -4.656250000000000000e+01 2.387500000000000000e+01 -2.556250000000000000e+01 -1.018750000000000000e+01 6.206250000000000000e+01 3.468750000000000000e+01
2.779999971389770508e+00 -1.970000028610229492e+00 1.184000015258789062e+01 -4.506250000000000000e+01 2.500000000000000000e+01 -2.850000000000000000e+01 -7.500000000000000000e+00 6.050000000000000000e+01 3.243750000000000000e+01
2.319999933242797852e+00 -2.549999952316284180e+00 1.144999980926513672e+01 -4.506250000000000000e+01 2.500000000000000000e+01 -2.850000000000000000e+01 -7.875000000000000000e+00 5.625000000000000000e+01 3.156250000000000000e+01
1.610000014305114746e+00 -2.960000038146972656e+00 1.100000000000000000e+01 -4.506250000000000000e+01 2.500000000000000000e+01 -2.850000000000000000e+01 -1.562500000000000000e+00 4.987500000000000000e+01 3.031250000000000000e+01
9.399999976158142090e-01 -2.910000085830688477e+00 1.056999969482421875e+01 -4.506250000000000000e+01 2.500000000000000000e+01 -2.850000000000000000e+01 1.287500000000000000e+01 4.087500000000000000e+01 2.781250000000000000e+01
6.600000262260437012e-01 -2.589999914169311523e+00 1.038000011444091797e+01 -4.506250000000000000e+01 2.500000000000000000e+01 -2.850000000000000000e+01 3.212500000000000000e+01 2.850000000000000000e+01 2.531250000000000000e+01
1.049999952316284180e+00 -1.620000004768371582e+00 1.014999961853027344e+01 -4.250000000000000000e+01 2.718750000000000000e+01 -2.850000000000000000e+01 4.912500000000000000e+01 1.450000000000000000e+01 2.343750000000000000e+01
1.870000004768371582e+00 -5.699999928474426270e-01 9.930000305175781250e+00 -4.250000000000000000e+01 2.718750000000000000e+01 -2.850000000000000000e+01 5.912500000000000000e+01 4.750000000000000000e+00 2.381250000000000000e+01
2.210000038146972656e+00 -2.000000029802322388e-01 9.149999618530273438e+00 -4.250000000000000000e+01 2.718750000000000000e+01 -2.850000000000000000e+01 6.050000000000000000e+01 -1.250000000000000000e+00 3.012500000000000000e+01
2.230000019073486328e+00 -3.700000047683715820e-01 8.939999580383300781e+00 -4.250000000000000000e+01 2.718750000000000000e+01 -2.850000000000000000e+01 5.725000000000000000e+01 -5.937500000000000000e+00 3.562500000000000000e+01
2.690000057220458984e+00 -4.699999988079071045e-01 9.069999694824218750e+00 -4.250000000000000000e+01 2.718750000000000000e+01 -2.850000000000000000e+01 5.206250000000000000e+01 -1.062500000000000000e+01 4.037500000000000000e+01
